162	-0.043042	-0.014958	-0.037290	-0.036281
163	-0.043360	0.047265	-0.037367	0.007081
164	-0.043678	-0.011036	-0.037444	-0.053746
165	-0.043996	0.032472	-0.037521	-0.047669
166	-0.044313	0.005503	-0.037598	-0.111592
167	-0.044631	0.049298	-0.037675	-0.116944
168	-0.044949	0.031806	-0.037752	-0.012200
169	-0.045267	0.070934	-0.037829	-0.159552
170	-0.045585	0.095775	-0.037906	-0.016284
171	-0.045903	0.145998	-0.037983	-0.060255
172	-0.046220	0.149887	-0.038060	0.016012
173	-0.046538	0.193967	-0.038137	-0.068577
174	-0.046856	0.159094	-0.038214	-0.017405
175	-0.047174	0.232698	-0.038291	-0.147185
176	-0.047492	0.136540	-0.038368	0.016368
177	-0.047810	0.277477	-0.038445	-0.193745
178	-0.048127	0.183556	-0.038522	0.050474
179	-0.048445	0.299874	-0.038599	-0.158687
180	-0.048763	0.208382	-0.038676	0.022343
181	-0.049081	0.375700	-0.038753	-0.156057
182	-0.049399	0.229923	-0.038830	0.024830
183	-0.049717	0.413288	-0.038907	-0.235379
184	-0.050034	0.262796	-0.038984	0.169174
185	-0.050352	0.451114	-0.039061	-0.197749
186	-0.050670	0.287622	-0.039138	0.150757
187	-0.050988	0.476417	-0.039215	-0.115309
188	-0.051306	0.330973	-0.039292	0.183911
189	-0.051624	0.477910	-0.039369	-0.085298
190	-0.051941	0.345703	-0.039446	0.031970
191	-0.052259	0.509402	-0.039523	-0.043477
192	-0.052577	0.350244	-0.039600	0.056648
193	-0.052895	0.474562	-0.039677	-0.168656
194	-0.053213	0.363165	-0.039754	0.030659
195	-0.053531	0.508626	-0.039831	-0.151121
196	-0.053848	0.389038	-0.039908	0.058765
197	-0.054166	0.495547	-0.039985	-0.096396
198	-0.054484	0.497341	-0.040062	0.054110
199	-0.054802	0.503897	-0.040138	-0.056243
200	-0.055120	0.485596	-0.040215	-0.034404
201	-0.055438	0.538057	-0.040292	-0.113137
202	-0.055756	0.522708	-0.040369	-0.054107
203	-0.056073	0.516216	-0.040446	-0.106221
204	-0.056391	0.575962	-0.040523	-0.060382
205	-0.056709	0.520804	-0.040600	-0.063114
206	-0.057027	0.597122	-0.040677	-0.184085
207	-0.057345	0.491916	-0.040754	-0.078151
208	-0.057663	0.570139	-0.040831	-0.236217
209	-0.057980	0.524837	-0.040908	-0.132425
210	-0.058298	0.598393	-0.040985	-0.185205
211	-0.058616	0.527283	-0.041062	-0.123938
212	-0.058934	0.642410	-0.041139	-0.140194
213	-0.059252	0.532395	-0.041216	-0.121308
214	-0.059570	0.632427	-0.041293	-0.174897
215	-0.059887	0.560649	-0.041370	-0.028725
216	-0.060205	0.629872	-0.041447	-0.182553
217	-0.060523	0.506618	-0.041524	-0.060857
218	-0.060841	0.666079	-0.041601	0.044506
219	-0.061159	0.473207	-0.041678	-0.124608
220	-0.061477	0.596429	-0.041755	-0.024864
221	-0.061794	0.487842	-0.041832	-0.133120
222	-0.062112	0.623588	-0.041909	0.061814
223	-0.062430	0.503192	-0.041986	-0.169871
224	-0.062748	0.599891	-0.042063	0.071444
225	-0.063066	0.491780	-0.042140	-0.179574
226	-0.063384	0.558098	-0.042217	0.040550
227	-0.063701	0.499891	-0.042294	-0.238135
228	-0.064019	0.526067	-0.042371	0.047942
229	-0.064337	0.520623	-0.042448	-0.206790
230	-0.064655	0.536179	-0.042525	0.168954
231	-0.064973	0.516925	-0.042602	-0.077446
232	-0.065291	0.494005	-0.042679	0.179393
233	-0.065608	0.592179	-0.042756	-0.045815
234	-0.065926	0.459545	-0.042833	0.171357
235	-0.066244	0.580815	-0.042910	-0.106090
236	-0.066562	0.461181	-0.042987	0.138130
237	-0.066880	0.543594	-0.043064	-0.274507
238	-0.067198	0.425865	-0.043141	0.044570
239	-0.067515	0.581467	-0.043218	-0.184306
240	-0.067833	0.397071	-0.043295	-0.157467
241	-0.068151	0.691770	-0.043372	-0.067009
242	-0.068469	0.432564	-0.043449	-0.111218
243	-0.068787	0.705168	-0.043526	-0.070474
244	-0.069105	0.387772	-0.043603	-0.183349
245	-0.069423	0.690423	-0.043680	-0.087082
246	-0.069740	0.385835	-0.043757	-0.266814
247	-0.070058	0.744725	-0.043834	-0.072023
248	-0.070376	0.442043	-0.043911	-0.193422
249	-0.070694	0.720932	-0.043988	0.084274
250	-0.071012	0.422298	-0.044065	-0.237602
251	-0.071330	0.719520	-0.044142	0.108999
252	-0.071647	0.496171	-0.044219	-0.248305
253	-0.071965	0.686727	-0.044296	-0.065323
254	-0.072283	0.535616	-0.044373	-0.157627
255	-0.072601	0.689172	-0.044450	-0.051883
256	-0.072919	0.524776	-0.044527	-0.182949
257	-0.073237	0.709618	-0.044604	-0.059586
258	-0.073554	0.528792	-0.044681	-0.204367
259	-0.073872	0.700824	-0.044758	0.023044
260	-0.074190	0.591000	-0.044835	-0.175689
261	-0.074508	0.690222	-0.044912	-0.007231
262	-0.074826	0.609636	-0.044989	-0.117487
263	-0.075144	0.602715	-0.045066	-0.019124
264	-0.075461	0.628937	-0.045143	-0.137714
265	-0.075779	0.569541	-0.045220	-0.050161
266	-0.076097	0.619954	-0.045297	-0.063941
267	-0.076415	0.539225	-0.045374	0.003136
268	-0.076733	0.630304	-0.045451	0.002737
269	-0.077051	0.498575	-0.045528	0.006385
270	-0.077368	0.612606	-0.045605	-0.061824
271	-0.077686	0.483400	-0.045682	-0.152461
272	-0.078004	0.717147	-0.045758	-0.004861
273	-0.078322	0.466179	-0.045835	-0.241308
274	-0.078640	0.653926	-0.045912	-0.141278
275	-0.078958	0.495244	-0.045989	-0.203773
276	-0.079275	0.646561	-0.046066	-0.297220
277	-0.079593	0.424593	-0.046143	-0.335762
278	-0.079911	0.664625	-0.046220	-0.135256
279	-0.080229	0.418991	-0.046297	-0.358703
280	-0.080547	0.674690	-0.046374	-0.048055
281	-0.080865	0.416484	-0.046451	-0.413120
282	-0.081183	0.610516	-0.046528	-0.077186
283	-0.081500	0.389071	-0.046605	-0.459014
284	-0.081818	0.612580	-0.046682	-0.154128
285	-0.082136	0.451612	-0.046759	-0.441622
286	-0.082454	0.606978	-0.046836	-0.111116
287	-0.082772	0.423105	-0.046913	-0.465944
288	-0.083090	0.647042	-0.046990	-0.168915
289	-0.083407	0.406740	-0.047067	-0.552028
290	-0.083725	0.667201	-0.047144	-0.140761
291	-0.084043	0.359424	-0.047221	-0.686065
292	-0.084361	0.639361	-0.047298	-0.203178
293	-0.084679	0.416441	-0.047375	-0.659149
294	-0.084997	0.572187	-0.047452	-0.132262
295	-0.085314	0.413076	-0.047529	-0.715185
296	-0.085632	0.597489	-0.047606	-0.095584
297	-0.085950	0.440379	-0.047683	-0.666746
298	-0.086268	0.552935	-0.047760	-0.002430
299	-0.086586	0.514015	-0.047837	-0.547496
300	-0.086904	0.557475	-0.047914	-0.143181
301	-0.087221	0.489364	-0.047991	-0.422771
302	-0.087539	0.543825	-0.048068	-0.171218
303	-0.087857	0.549524	-0.048145	-0.274093
304	-0.088175	0.599175	-0.048222	-0.094111
305	-0.088493	0.550255	-0.048299	-0.400558
306	-0.088811	0.523859	-0.048376	-0.126338
307	-0.089128	0.500604	-0.048453	-0.486499
308	-0.089446	0.532017	-0.048530	-0.256660
309	-0.089764	0.578097	-0.048607	-0.360393
310	-0.090082	0.537653	-0.048684	-0.229745
311	-0.090400	0.564971	-0.048761	-0.288144
312	-0.090718	0.502099	-0.048838	-0.263829
313	-0.091035	0.593654	-0.048915	-0.170133
314	-0.091353	0.504067	-0.048992	-0.254389
315	-0.091671	0.557100	-0.049069	-0.238598
316	-0.091989	0.513322	-0.049146	-0.275140
317	-0.092307	0.582926	-0.049223	-0.093634
318	-0.092625	0.517720	-0.049300	-0.197176
319	-0.092942	0.579752	-0.049377	-0.133433
320	-0.093260	0.568403	-0.049454	-0.318356
321	-0.093578	0.543959	-0.049531	-0.090231
322	-0.093896	0.557039	-0.049608	-0.188678
323	-0.094214	0.571595	-0.049685	-0.178363
324	-0.094532	0.571342	-0.049762	-0.151000
325	-0.094850	0.565231	-0.049839	-0.286637
326	-0.095167	0.531691	-0.049916	-0.112751
327	-0.095485	0.593723	-0.049993	-0.262531
328	-0.095803	0.612279	-0.050070	-0.092787
329	-0.096121	0.640311	-0.050147	-0.241901
330	-0.096439	0.593963	-0.050224	0.108414
331	-0.096757	0.577662	-0.050301	-0.365604
332	-0.097074	0.617836	-0.050378	0.114235
333	-0.097392	0.619535	-0.050455	-0.331688
334	-0.097710	0.616900	-0.050532	0.126103
335	-0.098028	0.704599	-0.050609	-0.351962
336	-0.098346	0.607775	-0.050686	0.100400
337	-0.098664	0.775426	-0.050763	-0.160189
338	-0.098981	0.618933	-0.050840	0.003364
339	-0.099299	0.779870	-0.050917	-0.146321
340	-0.099617	0.612141	-0.050994	0.013613
341	-0.099935	0.753173	-0.051071	-0.122310
342	-0.100253	0.598824	-0.051148	0.057815
343	-0.100571	0.795190	-0.051225	-0.219061
344	-0.100888	0.579459	-0.051302	0.004350
345	-0.101206	0.799492	-0.051378	-0.145336
346	-0.101524	0.588905	-0.051455	-0.025688
347	-0.101842	0.805175	-0.051532	-0.067325
348	-0.102160	0.597827	-0.051609	-0.063248
349	-0.102478	0.812430	-0.051686	0.126876
350	-0.102795	0.560081	-0.051763	-0.106332
351	-0.103113	0.820875	-0.051840	0.301411
352	-0.103431	0.539431	-0.051917	-0.308321
353	-0.103749	0.821511	-0.051994	0.348232
354	-0.104067	0.509924	-0.052071	-0.361405
355	-0.104385	0.857718	-0.052148	0.326338
356	-0.104702	0.527321	-0.052225	-0.357870
357	-0.105020	0.816353	-0.052302	0.333064
358	-0.105338	0.560576	-0.052379	-0.241050
359	-0.105656	0.727037	-0.052456	0.232837
360	-0.105974	0.565688	-0.052533	-0.152086
361	-0.106292	0.740244	-0.052610	0.207610
362	-0.106610	0.565705	-0.052687	-0.199932
363	-0.106927	0.761022	-0.052764	0.205002
364	-0.107245	0.563626	-0.052841	-0.202254
365	-0.107563	0.747944	-0.052918	0.304347
366	-0.107881	0.580833	-0.052995	-0.239719
367	-0.108199	0.716628	-0.053072	0.281453
368	-0.108517	0.564850	-0.053149	-0.255803
369	-0.108834	0.717548	-0.053226	0.125321
370	-0.109152	0.555771	-0.053303	-0.221268
371	-0.109470	0.764565	-0.053380	0.042332
372	-0.109788	0.609312	-0.053457	-0.161876
373	-0.110106	0.770868	-0.053534	0.025391
374	-0.110424	0.627853	-0.053611	-0.082199
375	-0.110741	0.778884	-0.053688	0.002259
376	-0.111059	0.651583	-0.053765	0.002432
377	-0.111377	0.754948	-0.053842	0.083080
378	-0.111695	0.666552	-0.053919	0.031348
379	-0.112013	0.753013	-0.053996	0.029901
380	-0.112331	0.662093	-0.054073	-0.049975
381	-0.112648	0.776648	-0.054150	-0.023707
382	-0.112966	0.619204	-0.054227	-0.110821
383	-0.113284	0.751284	-0.054304	-0.105696
384	-0.113602	0.662412	-0.054381	-0.109000
385	-0.113920	0.738539	-0.054458	-0.075923
386	-0.114238	0.650190	-0.054535	-0.102751
387	-0.114555	0.697936	-0.054612	-0.097102
388	-0.114873	0.637254	-0.054689	-0.184978
389	-0.115191	0.751001	-0.054766	-0.091710
390	-0.115509	0.646509	-0.054843	-0.203776
391	-0.115827	0.733589	-0.054920	0.043349
392	-0.116145	0.639574	-0.054997	-0.221622
393	-0.116462	0.708605	-0.055074	0.085169
394	-0.116780	0.641399	-0.055151	-0.232801
395	-0.117098	0.675622	-0.055228	-0.045248
396	-0.117416	0.671273	-0.055305	-0.217457
397	-0.117734	0.645258	-0.055382	-0.054808
398	-0.118052	0.713004	-0.055459	-0.160922
399	-0.118369	0.636083	-0.055536	-0.175797
400	-0.118687	0.703258	-0.055613	-0.127149
401	-0.119005	0.585672	-0.055690	-0.100596
402	-0.119323	0.703656	-0.055767	-0.151662
403	-0.119641	0.586117	-0.055844	-0.030346
404	-0.119959	0.708911	-0.055921	-0.108555
405	-0.120277	0.571039	-0.055998	0.031331
406	-0.120594	0.703689	-0.056075	-0.103496
407	-0.120912	0.554817	-0.056152	0.061200
408	-0.121230	0.714754	-0.056229	-0.037342
409	-0.121548	0.554548	-0.056306	-0.021646
410	-0.121866	0.716771	-0.056383	0.049002
411	-0.122184	0.570279	-0.056460	-0.113207
412	-0.122501	0.675739	-0.056537	0.058823
413	-0.122819	0.571533	-0.056614	-0.137862
414	-0.123137	0.680185	-0.056691	0.069215
415	-0.123455	0.554122	-0.056768	-0.099518
416	-0.123773	0.656440	-0.056845	-0.004298
417	-0.124091	0.532424	-0.056921	-0.032555
418	-0.124408	0.600027	-0.056998	0.021665
419	-0.124726	0.577583	-0.057075	-0.041687
420	-0.125044	0.559996	-0.057152	-0.042467
421	-0.125362	0.577981	-0.057229	0.010515
422	-0.125680	0.546156	-0.057306	-0.035742
423	-0.125998	0.641046	-0.057383	-0.029665
424	-0.126315	0.583934	-0.057460	0.043412
425	-0.126633	0.611062	-0.057537	-0.110511
426	-0.126951	0.564665	-0.057614	-0.058291
427	-0.127269	0.630650	-0.057691	0.020929
428	-0.127587	0.490635	-0.057768	-0.107946
429	-0.127905	0.631381	-0.057845	-0.020155
430	-0.128222	0.505174	-0.057922	-0.295745
431	-0.128540	0.618207	-0.057999	0.026237
432	-0.128858	0.566858	-0.058076	-0.246019
433	-0.129176	0.571605	-0.058153	0.109534
434	-0.129494	0.593208	-0.058230	-0.245056
435	-0.129812	0.526860	-0.058307	0.011688
436	-0.130129	0.587129	-0.058384	-0.301854
437	-0.130447	0.530114	-0.058461	-0.063825
438	-0.130765	0.631479	-0.058538	-0.258652
439	-0.131083	0.560988	-0.058615	-0.105195
440	-0.131401	0.647020	-0.058692	-0.277594
441	-0.131719	0.565529	-0.058769	-0.065041
442	-0.132037	0.643608	-0.058846	-0.343011
443	-0.132354	0.600830	-0.058923	-0.036982
444	-0.132672	0.684005	-0.059000	-0.261905
445	-0.132990	0.562942	-0.059077	-0.011685
446	-0.133308	0.662975	-0.059154	-0.258036
447	-0.133626	0.575436	-0.059231	0.102564
448	-0.133944	0.679611	-0.059308	-0.195930
449	-0.134261	0.537642	-0.059385	-0.000901
450	-0.134579	0.712627	-0.059462	-0.204014
451	-0.134897	0.507754	-0.059539	-0.109651
452	-0.135215	0.662025	-0.059616	-0.180146
453	-0.135533	0.542057	-0.059693	-0.107212
454	-0.135851	0.634708	-0.059770	-0.223040
455	-0.136168	0.525597	-0.059847	-0.153963
456	-0.136486	0.626581	-0.059924	-0.139457
457	-0.136804	0.534375	-0.060001	-0.126047
458	-0.137122	0.653170	-0.060078	-0.117398
459	-0.137440	0.547726	-0.060155	-0.089321
460	-0.137758	0.581948	-0.060232	-0.075816
461	-0.138075	0.556551	-0.060309	-0.061691
462	-0.138393	0.574393	-0.060386	-0.109709
463	-0.138711	0.564473	-0.060463	-0.015299
464	-0.139029	0.544077	-0.060540	-0.191222
465	-0.139347	0.558299	-0.060617	-0.066240
466	-0.139665	0.483189	-0.060694	-0.369973
467	-0.139982	0.588696	-0.060771	-0.015181
468	-0.140300	0.448490	-0.060848	-0.374628
469	-0.140618	0.612047	-0.060925	-0.026218
470	-0.140936	0.457412	-0.061002	-0.368188
471	-0.141254	0.624921	-0.061079	0.072984
472	-0.141572	0.400667	-0.061156	-0.328844
473	-0.141889	0.689937	-0.061233	0.209471
474	-0.142207	0.442350	-0.061310	-0.159833
475	-0.142525	0.648573	-0.061387	0.141911
476	-0.142843	0.442653	-0.061464	-0.176488
477	-0.143161	0.705494	-0.061541	0.240541
478	-0.143479	0.480669	-0.061618	-0.172096
479	-0.143796	0.741796	-0.061695	0.305981
480	-0.144114	0.492781	-0.061772	-0.050038
481	-0.144432	0.714527	-0.061849	0.251373
482	-0.144750	0.545655	-0.061926	-0.102026
483	-0.145068	0.717782	-0.062003	0.239336
484	-0.145386	0.565862	-0.062080	-0.107920
485	-0.145704	0.706466	-0.062157	0.169300
486	-0.146021	0.610592	-0.062234	0.034234
487	-0.146339	0.684339	-0.062311	0.174121
488	-0.146657	0.654752	-0.062388	0.062912
489	-0.146975	0.678499	-0.062465	0.121465
490	-0.147293	0.684293	-0.062541	0.099160
491	-0.147611	0.643087	-0.062618	0.126666
492	-0.147928	0.688642	-0.062695	0.088933
493	-0.148246	0.673436	-0.062772	-0.131609
494	-0.148564	0.766183	-0.062849	0.096373
495	-0.148882	0.665406	-0.062926	-0.164979
496	-0.149200	0.732581	-0.063003	0.097336
497	-0.149518	0.656518	-0.063080	-0.060015
498	-0.149835	0.721216	-0.063157	0.079824
499	-0.150153	0.591201	-0.063234	-0.040909
500	-0.150471	0.691709	-0.063311	0.003216
501	-0.150789	0.577741	-0.063388	-0.050279
502	-0.151107	0.692678	-0.063465	-0.097964
503	-0.151425	0.593615	-0.063542	-0.050506
504	-0.151742	0.668552	-0.063619	-0.137571
505	-0.152060	0.571060	-0.063696	-0.068209
506	-0.152378	0.660521	-0.063773	-0.260560
507	-0.152696	0.545744	-0.063850	-0.016388
508	-0.153014	0.591395	-0.063927	-0.245216
509	-0.153332	0.554761	-0.064004	-0.052901
510	-0.153649	0.597601	-0.064081	-0.173109
511	-0.153967	0.528348	-0.064158	-0.107937
512	-0.154285	0.606142	-0.064235	-0.285479
513	-0.154603	0.529889	-0.064312	-0.056640
514	-0.154921	0.667445	-0.064389	-0.280325
515	-0.155239	0.495191	-0.064466	0.125752
516	-0.155556	0.669270	-0.064543	-0.263171
517	-0.155874	0.492493	-0.064620	0.134096
518	-0.156192	0.686668	-0.064697	-0.408160
519	-0.156510	0.502748	-0.064774	0.165631
520	-0.156828	0.672876	-0.064851	-0.504149
521	-0.157146	0.517146	-0.064928	0.160309
522	-0.157464	0.687940	-0.065005	-0.479043
523	-0.157781	0.497781	-0.065082	0.133225
524	-0.158099	0.648004	-0.065159	-0.509889
525	-0.158417	0.511607	-0.065236	0.173141
526	-0.158735	0.654640	-0.065313	-0.458306
527	-0.159053	0.534291	-0.065390	0.235009
528	-0.159371	0.647371	-0.065467	-0.289581
529	-0.159688	0.544688	-0.065544	0.225687
530	-0.160006	0.676577	-0.065621	-0.388189
531	-0.160324	0.554181	-0.065698	0.261460
532	-0.160642	0.696261	-0.065775	-0.335892
533	-0.160960	0.578484	-0.065852	0.453947
534	-0.161278	0.670945	-0.065929	-0.249023
535	-0.161595	0.607119	-0.066006	0.313816
536	-0.161913	0.587342	-0.066083	-0.229393
537	-0.162231	0.651898	-0.066160	0.252922
538	-0.162549	0.583263	-0.066237	-0.321620
539	-0.162867	0.646153	-0.066314	0.220695
540	-0.163185	0.621709	-0.066391	-0.277561
541	-0.163502	0.689169	-0.066468	0.142087
542	-0.163820	0.636296	-0.066545	-0.206074
543	-0.164138	0.678471	-0.066622	0.082622
544	-0.164456	0.611361	-0.066699	-0.177111
545	-0.164774	0.717012	-0.066776	0.087062
546	-0.165092	0.663330	-0.066853	-0.078337
547	-0.165409	0.719933	-0.066930	0.209787
548	-0.165727	0.654584	-0.067007	-0.039279
549	-0.166045	0.687664	-0.067084	0.141274
550	-0.166363	0.647887	-0.067161	-0.028220
551	-0.166681	0.691205	-0.067238	0.116238
552	-0.166999	0.666761	-0.067315	-0.010018
553	-0.167316	0.730649	-0.067392	0.115440
554	-0.167634	0.611396	-0.067469	-0.165436
555	-0.167952	0.725523	-0.067546	-0.017454
556	-0.168270	0.584080	-0.067623	-0.302091
557	-0.168588	0.741731	-0.067700	0.079367
558	-0.168906	0.610239	-0.067777	-0.298318
559	-0.169223	0.720366	-0.067854	-0.001765
560	-0.169541	0.617636	-0.067931	-0.204164
561	-0.169859	0.713002	-0.068008	0.126722
562	-0.170177	0.642034	-0.068085	-0.204201
563	-0.170495	0.677066	-0.068161	0.108256
564	-0.170813	0.600337	-0.068238	-0.190857
565	-0.171131	0.687179	-0.068315	0.050744
566	-0.171448	0.602877	-0.068392	-0.239275
567	-0.171766	0.656623	-0.068469	0.085755
568	-0.172084	0.590655	-0.068546	-0.370930
569	-0.172402	0.617212	-0.068623	-0.062996
570	-0.172720	0.607863	-0.068700	-0.409919
571	-0.173038	0.603943	-0.068777	-0.183747
572	-0.173355	0.612974	-0.068854	-0.403813
573	-0.173673	0.622673	-0.068931	-0.193974
574	-0.173991	0.635181	-0.069008	-0.297468
575	-0.174309	0.551452	-0.069085	-0.121677
576	-0.174627	0.654389	-0.069162	-0.190314
577	-0.174945	0.519326	-0.069239	-0.148475
578	-0.175262	0.663691	-0.069316	-0.097922
579	-0.175580	0.494628	-0.069393	-0.171178
580	-0.175898	0.654850	-0.069470	-0.091244
581	-0.176216	0.430692	-0.069547	-0.151977
582	-0.176534	0.601772	-0.069624	-0.071424
583	-0.176852	0.375376	-0.069701	-0.354823
584	-0.177169	0.491455	-0.069778	-0.012936
585	-0.177487	0.318011	-0.069855	-0.340669
586	-0.177805	0.497329	-0.069932	0.096170
587	-0.178123	0.283409	-0.070009	-0.266086
588	-0.178441	0.431012	-0.070086	0.127896
589	-0.178759	0.233140	-0.070163	-0.271932
590	-0.179076	0.362695	-0.070240	0.206907
591	-0.179394	0.178727	-0.070317	-0.265969
592	-0.179712	0.279379	-0.070394	0.237918
593	-0.180030	0.148601	-0.070471	-0.147100
594	-0.180348	0.237491	-0.070548	0.211024
595	-0.180666	0.068856	-0.070625	-0.100756
596	-0.180983	0.144412	-0.070702	0.133226
597	-0.181301	0.023825	-0.070779	-0.151792
598	-0.181619	0.087143	-0.070856	0.103046
599	-0.181937	0.006889	-0.070933	-0.098638
