0	-0.063000	-0.072000
1	-0.067000	-0.072000
2	-0.069000	-0.072000
3	-0.069000	-0.079000
4	-0.069000	-0.081000
5	-0.067000	-0.088000
6	-0.062000	-0.084000
7	-0.061000	-0.094000
8	-0.028000	-0.094000
9	0.001000	-0.084000
10	0.001000	-0.084000
11	0.001000	-0.039000
12	0.001000	-0.084000
13	0.007000	-0.084000
14	0.007000	-0.077000
15	0.001000	-0.061000
16	0.007000	-0.061000
17	0.001000	-0.006000
18	-0.051000	-0.006000
19	-0.051000	-0.051000
20	-0.051000	-0.051000
21	-0.005000	-0.061000
22	-0.003000	-0.077000
23	-0.003000	-0.077000
24	-0.005000	-0.077000
25	-0.005000	-0.145000
26	-0.005000	-0.145000
27	-0.010000	-0.095000
28	-0.005000	-0.145000
29	-0.005000	-0.147000
30	-0.010000	-0.145000
31	-0.010000	-0.147000
32	-0.067000	-0.147000
33	-0.067000	-0.147000
34	-0.067000	-0.125000
35	-0.018000	-0.095000
36	-0.018000	-0.095000
37	-0.018000	-0.095000
38	-0.018000	-0.093000
39	-0.032000	-0.093000
40	-0.032000	-0.093000
41	-0.018000	-0.125000
42	-0.032000	-0.125000
43	-0.032000	-0.171000
44	-0.057000	-0.150000
45	-0.032000	-0.150000
46	-0.057000	-0.171000
47	-0.057000	-0.150000
48	-0.059000	-0.171000
49	-0.064000	-0.171000
50	-0.059000	-0.150000
51	-0.057000	-0.147000
52	-0.059000	-0.131000
53	-0.057000	-0.096000
54	-0.059000	-0.079000
55	-0.059000	-0.079000
56	-0.066000	-0.096000
57	-0.066000	-0.085000
58	-0.074000	-0.085000
59	-0.009000	-0.077000
60	-0.009000	-0.085000
61	-0.074000	-0.077000
62	-0.074000	-0.077000
63	-0.090000	-0.085000
64	-0.103000	-0.085000
65	-0.103000	-0.126000
66	-0.103000	-0.085000
67	-0.090000	-0.084000
68	-0.090000	-0.036000
69	-0.042000	-0.036000
70	-0.042000	-0.039000
71	-0.042000	-0.003000
72	-0.012000	-0.039000
73	-0.012000	-0.039000
74	-0.012000	-0.039000
75	-0.012000	0.003000
76	-0.012000	0.030000
77	-0.012000	0.003000
78	-0.012000	-0.039000
79	-0.128000	-0.057000
80	-0.130000	-0.080000
81	-0.130000	-0.057000
82	-0.128000	-0.080000
83	-0.128000	-0.080000
84	-0.124000	-0.057000
85	-0.113000	-0.080000
86	-0.113000	-0.113000
87	-0.102000	-0.113000
88	-0.077000	-0.113000
89	-0.077000	-0.113000
90	-0.065000	-0.113000
91	-0.059000	-0.046000
92	-0.016000	-0.046000
93	-0.016000	-0.042000
94	-0.016000	-0.042000
95	-0.014000	-0.046000
96	-0.016000	-0.046000
97	-0.016000	-0.046000
98	-0.017000	-0.046000
99	-0.022000	-0.046000
100	-0.022000	-0.063000
101	-0.017000	-0.063000
102	-0.022000	-0.111000
103	-0.075000	-0.142000
104	-0.022000	-0.143000
105	-0.026000	-0.142000
106	-0.035000	-0.111000
107	-0.035000	-0.136000
108	-0.035000	-0.136000
109	-0.035000	-0.136000
110	-0.035000	-0.087000
111	-0.026000	-0.087000
112	-0.035000	-0.087000
113	-0.026000	-0.059000
114	-0.018000	-0.008000
115	-0.026000	0.029000
116	-0.035000	0.029000
117	-0.064000	-0.008000
118	-0.018000	-0.008000
119	-0.018000	0.002000
120	-0.018000	0.002000
121	-0.018000	-0.025000
122	-0.018000	-0.025000
123	-0.013000	-0.025000
124	-0.013000	-0.045000
125	-0.031000	-0.045000
126	-0.031000	-0.045000
127	-0.031000	-0.045000
128	-0.013000	-0.048000
129	-0.022000	-0.048000
130	-0.013000	-0.048000
131	-0.022000	-0.048000
132	-0.022000	-0.045000
133	-0.031000	-0.048000
134	-0.059000	-0.048000
135	-0.072000	0.012000
136	-0.059000	0.039000
137	-0.059000	0.039000
138	-0.059000	0.039000
139	-0.072000	0.039000
140	-0.077000	0.039000
141	-0.093000	0.039000
142	-0.093000	0.039000
143	-0.077000	0.039000
144	-0.072000	0.039000
145	-0.040000	0.045000
146	-0.040000	0.045000
147	-0.093000	0.045000
148	-0.093000	0.017000
149	-0.089000	0.017000
150	-0.037000	0.045000
151	-0.028000	0.045000
152	-0.012000	0.045000
153	-0.009000	-0.031000
154	-0.028000	-0.031000
155	-0.028000	-0.031000
156	-0.035000	-0.045000
157	-0.035000	-0.056000
158	-0.035000	-0.056000
159	-0.028000	-0.045000
160	-0.028000	-0.045000
161	-0.035000	-0.066000
162	-0.052000	-0.048000
163	-0.052000	-0.066000
164	-0.115000	-0.066000
165	-0.052000	-0.066000
166	-0.057000	-0.066000
167	-0.115000	-0.048000
168	-0.086000	-0.023000
169	-0.086000	-0.023000
170	-0.117000	-0.023000
171	-0.086000	0.020000
172	-0.057000	0.020000
173	-0.051000	0.020000
174	-0.040000	0.020000
175	-0.040000	0.020000
176	0.015000	-0.107000
177	0.107000	-0.313000
178	0.209000	-0.313000
179	0.288000	-0.518000
180	0.290000	-0.313000
181	0.303000	-0.313000
182	0.504000	-0.313000
183	0.547000	-0.244000
184	0.504000	-0.244000
185	0.749000	-0.244000
186	0.749000	-0.238000
187	0.837000	-0.238000
188	0.887000	0.335000
189	0.887000	0.335000
190	0.887000	0.335000
191	0.887000	0.335000
192	0.837000	0.335000
193	0.837000	-0.244000
194	0.886000	0.379000
195	0.887000	0.379000
196	0.887000	0.379000
197	0.887000	0.379000
198	0.912000	0.379000
199	0.886000	-0.076000
200	0.886000	-0.292000
201	0.912000	-0.169000
202	0.912000	-0.076000
203	0.912000	-0.169000
204	0.912000	-0.169000
205	0.938000	-0.169000
206	0.912000	-0.169000
207	0.912000	-0.169000
208	0.938000	-0.169000
209	1.049000	-0.166000
210	1.049000	-0.166000
211	1.049000	-0.166000
212	1.171000	-0.166000
213	1.049000	-0.214000
214	1.171000	-0.166000
215	1.162000	-0.016000
216	1.162000	-0.166000
217	1.162000	-0.324000
218	1.162000	-0.324000
219	1.063000	-0.395000
220	1.162000	-0.395000
221	1.162000	-0.395000
222	1.188000	-0.395000
223	1.162000	-0.324000
224	1.162000	-0.395000
225	1.162000	-0.395000
226	1.104000	-0.395000
227	1.074000	-0.395000
228	1.104000	-0.378000
229	1.104000	-0.378000
230	1.104000	-0.378000
231	1.104000	-0.378000
232	1.214000	-0.198000
233	1.214000	-0.198000
234	1.214000	-0.378000
235	1.214000	-0.378000
236	1.104000	-0.408000
237	1.214000	-0.531000
238	1.214000	-0.531000
239	1.130000	-0.531000
240	1.130000	-0.408000
241	1.130000	-0.198000
242	0.972000	0.260000
243	0.972000	-0.335000
244	0.972000	-0.335000
245	0.972000	-0.335000
246	0.974000	-0.335000
247	0.974000	-0.335000
248	0.972000	-0.335000
249	0.974000	0.260000
250	0.972000	0.353000
251	0.974000	0.353000
252	0.974000	0.090000
253	1.095000	-0.274000
254	0.974000	-0.274000
255	1.030000	-0.274000
256	1.030000	-0.274000
257	1.030000	-0.218000
258	1.173000	0.090000
259	1.173000	0.353000
260	1.030000	0.090000
261	1.087000	0.090000
262	1.087000	0.090000
263	1.087000	-0.218000
264	1.087000	0.509000
265	1.408000	0.509000
266	1.408000	0.509000
267	1.408000	0.509000
268	1.196000	0.509000
269	1.166000	-0.056000
270	1.196000	-0.278000
271	1.196000	-0.056000
272	1.196000	-0.056000
273	1.166000	-0.056000
274	1.196000	-0.056000
275	1.166000	-0.278000
276	1.032000	-0.278000
277	1.032000	-0.278000
278	0.937000	-0.278000
279	0.901000	-0.153000
280	0.937000	-0.153000
281	0.901000	-0.153000
282	0.901000	-0.229000
283	0.827000	-0.338000
284	0.827000	-0.408000
285	0.827000	-0.439000
286	0.827000	-0.408000
287	0.827000	-0.439000
288	0.867000	-0.408000
289	1.065000	-0.408000
290	1.099000	-0.408000
291	1.065000	-0.779000
292	1.065000	-0.779000
293	0.867000	-0.779000
294	1.062000	-0.385000
295	1.065000	-0.272000
296	1.099000	-0.047000
297	1.065000	-0.047000
298	1.065000	-0.047000
299	1.062000	-0.272000
300	1.062000	-0.272000
301	0.886000	-0.563000
302	0.886000	-0.563000
303	1.062000	-0.324000
304	1.062000	-0.324000
305	0.961000	-0.563000
306	0.949000	-0.628000
307	0.949000	-0.628000
308	0.949000	-0.563000
309	0.961000	-0.330000
310	1.181000	-0.330000
311	0.961000	-0.324000
312	1.064000	-0.324000
313	1.181000	0.235000
314	1.181000	0.235000
315	1.181000	-0.330000
316	1.181000	-0.330000
317	1.181000	-0.330000
318	1.181000	-0.373000
319	1.300000	-0.373000
320	1.181000	-0.373000
321	1.064000	-0.373000
322	1.064000	-0.727000
323	0.991000	-0.727000
324	0.556000	-0.736000
325	0.556000	-0.736000
326	0.877000	-0.727000
327	0.991000	-0.496000
328	1.028000	-0.066000
329	1.028000	-0.066000
330	1.028000	-0.496000
331	1.142000	-0.496000
332	1.142000	0.042000
333	1.142000	0.042000
334	1.157000	0.415000
335	1.220000	0.415000
336	1.220000	0.415000
337	1.220000	0.054000
338	1.220000	0.042000
339	1.342000	-0.311000
340	1.220000	0.054000
341	1.146000	0.054000
342	1.146000	0.053000
343	1.146000	-0.027000
344	1.146000	-0.027000
345	1.146000	-0.311000
346	0.935000	-0.311000
347	1.146000	-0.311000
348	1.363000	-0.311000
349	1.363000	-0.027000
350	1.237000	0.053000
351	1.237000	-0.027000
352	1.237000	-0.027000
353	1.237000	-0.055000
354	1.237000	-0.055000
355	1.237000	0.254000
356	1.237000	0.254000
357	1.363000	0.271000
358	1.237000	0.254000
359	1.178000	0.271000
360	1.074000	0.254000
361	1.178000	0.271000
362	1.178000	0.271000
363	1.178000	0.271000
364	1.074000	0.271000
365	1.178000	-0.219000
366	1.074000	-0.419000
367	1.074000	-0.490000
368	1.036000	-0.490000
369	1.036000	-0.419000
370	1.036000	-0.419000
371	1.171000	0.151000
372	1.036000	-0.419000
373	1.171000	-0.161000
374	1.171000	-0.107000
375	1.196000	0.151000
376	1.171000	0.151000
377	1.171000	0.151000
378	1.187000	0.151000
379	1.196000	0.099000
380	1.196000	-0.016000
381	1.196000	-0.099000
382	1.196000	-0.099000
383	1.451000	-0.016000
384	1.451000	-0.016000
385	1.451000	-0.016000
386	1.331000	-0.016000
387	1.331000	-0.016000
388	1.331000	-0.016000
389	1.331000	-0.016000
390	1.117000	-0.016000
391	1.117000	-0.099000
392	1.097000	-0.361000
393	0.955000	-0.531000
394	0.955000	-0.719000
395	0.955000	-0.719000
396	0.955000	-0.361000
397	0.945000	-0.361000
398	0.945000	-0.719000
399	0.945000	-0.719000
400	0.945000	-0.719000
401	0.955000	-0.103000
402	0.955000	-0.103000
403	1.200000	0.021000
404	1.368000	0.021000
405	1.200000	0.021000
406	1.368000	-0.103000
407	1.368000	-0.212000
408	1.445000	-0.212000
409	1.445000	-0.212000
410	1.368000	-0.212000
411	1.200000	-0.212000
412	0.984000	-0.213000
413	0.984000	-0.212000
414	0.941000	-0.212000
415	0.924000	0.084000
416	0.924000	0.084000
417	0.879000	0.090000
418	0.924000	0.345000
419	0.916000	0.090000
420	0.916000	0.179000
421	0.924000	0.090000
422	0.924000	0.090000
423	0.941000	0.090000
424	0.916000	0.084000
425	0.941000	0.090000
426	0.964000	0.083000
427	0.941000	0.179000
428	0.941000	0.179000
429	0.964000	0.083000
430	1.013000	0.179000
431	1.013000	0.083000
432	0.964000	0.330000
433	1.013000	0.330000
434	1.013000	0.330000
435	1.013000	0.330000
436	0.964000	-0.011000
437	1.013000	0.330000
438	1.013000	-0.011000
439	1.013000	-0.011000
440	1.023000	-0.011000
441	0.626000	-0.247000
442	1.023000	-0.011000
443	1.023000	-0.283000
444	1.023000	-0.283000
445	0.933000	-0.598000
446	0.933000	-0.598000
447	1.023000	-0.283000
448	1.033000	-0.598000
449	1.150000	-0.283000
450	1.150000	-0.283000
451	1.095000	-0.283000
452	1.150000	-0.283000
453	1.150000	-0.283000
454	1.186000	-0.071000
455	1.186000	-0.071000
456	1.249000	-0.011000
457	1.249000	0.067000
458	1.249000	0.067000
459	1.150000	0.300000
460	1.095000	0.067000
461	1.095000	0.067000
462	0.742000	0.067000
463	0.742000	0.067000
464	0.742000	0.067000
465	0.574000	-0.550000
466	0.742000	0.067000
467	0.574000	-0.550000
468	0.742000	-0.754000
469	0.849000	-0.550000
470	0.849000	-0.550000
471	0.879000	0.014000
472	0.879000	0.014000
473	1.248000	0.316000
474	0.879000	0.316000
475	0.879000	0.014000
476	0.879000	0.014000
477	1.172000	0.014000
478	1.172000	0.014000
479	1.172000	0.419000
480	1.024000	0.014000
481	1.024000	0.419000
482	0.732000	-0.034000
483	1.024000	0.419000
484	1.019000	0.419000
485	1.019000	0.419000
486	1.019000	0.419000
487	1.024000	0.795000
488	1.024000	0.800000
489	1.180000	0.800000
490	1.180000	0.800000
491	1.180000	0.800000
492	1.274000	0.795000
493	1.289000	0.795000
494	1.289000	0.621000
495	1.289000	-0.021000
496	1.377000	0.433000
497	1.377000	0.433000
498	1.180000	-0.021000
499	1.120000	-0.393000
500	1.114000	-0.393000
501	1.036000	-0.393000
502	1.036000	-0.636000
503	1.036000	-0.636000
504	1.036000	-0.690000
505	1.092000	-0.636000
506	1.092000	0.091000
507	1.036000	0.091000
508	1.037000	0.091000
509	1.037000	0.229000
510	1.037000	0.229000
511	1.001000	0.091000
512	1.037000	-0.221000
513	1.092000	-0.221000
514	1.037000	-0.221000
515	1.001000	0.091000
516	0.950000	-0.221000
517	0.950000	-0.221000
518	0.950000	-0.221000
519	0.903000	-0.221000
520	0.950000	-0.221000
521	0.903000	-0.221000
522	0.950000	-0.401000
523	0.903000	0.115000
524	0.903000	0.115000
525	0.890000	0.246000
526	0.903000	0.115000
527	1.022000	0.263000
528	1.022000	0.263000
529	1.022000	0.263000
530	1.022000	0.263000
531	0.734000	0.263000
532	1.022000	0.263000
533	0.734000	0.263000
534	0.734000	0.015000
535	0.734000	0.263000
536	1.022000	0.015000
537	1.022000	0.263000
538	0.734000	0.041000
539	0.734000	0.041000
540	0.734000	0.015000
541	1.076000	0.015000
542	1.089000	0.015000
543	1.076000	0.041000
544	1.076000	0.182000
545	1.076000	0.182000
546	0.965000	0.041000
547	0.965000	0.041000
548	0.965000	-0.084000
549	0.965000	-0.131000
550	1.078000	-0.326000
551	1.089000	-0.326000
552	1.078000	-0.326000
553	1.027000	-0.326000
554	1.027000	-0.326000
555	1.078000	-0.417000
556	1.260000	-0.326000
557	1.282000	-0.169000
558	1.260000	-0.169000
559	1.260000	-0.019000
560	1.260000	0.100000
561	1.027000	0.100000
562	1.027000	0.100000
563	1.049000	0.100000
564	1.049000	0.100000
565	1.049000	-0.019000
566	0.879000	-0.019000
567	0.879000	-0.019000
568	0.851000	-0.250000
569	0.844000	-0.604000
570	0.851000	-0.604000
571	0.851000	-0.604000
572	1.049000	-0.604000
573	0.851000	-0.604000
574	0.844000	-0.604000
575	0.844000	-0.604000
576	0.820000	-0.468000
577	0.820000	-0.400000
578	0.820000	-0.468000
579	0.807000	-0.468000
580	0.807000	-0.468000
581	0.720000	-0.609000
582	0.671000	-0.609000
583	0.671000	-0.652000
584	0.807000	-0.400000
585	0.807000	-0.119000
586	0.807000	0.029000
587	0.763000	0.029000
588	0.763000	-0.119000
589	0.671000	0.395000
590	0.669000	0.395000
591	0.652000	0.395000
592	0.652000	0.395000
593	0.652000	-0.055000
594	0.395000	0.611000
595	0.330000	-0.055000
596	0.248000	-0.055000
597	0.156000	-0.055000
598	0.092000	0.183000
599	-0.119000	0.183000
600	-0.365000	-0.055000
601	-0.385000	0.003000
602	-0.385000	0.003000
603	-0.385000	0.054000
604	-0.385000	0.054000
605	-0.464000	0.054000
606	-0.464000	0.054000
607	-0.466000	0.003000
608	-0.466000	-0.026000
609	-0.464000	-0.057000
610	-0.453000	-0.057000
611	-0.453000	-0.057000
612	-0.351000	-0.094000
613	-0.304000	-0.057000
614	-0.351000	-0.094000
615	-0.351000	-0.057000
616	-0.304000	-0.094000
617	-0.278000	-0.094000
618	-0.278000	-0.094000
619	-0.247000	-0.094000
620	-0.278000	-0.094000
621	-0.278000	-0.094000
622	-0.278000	-0.119000
623	-0.247000	-0.119000
624	-0.247000	-0.149000
625	-0.247000	-0.149000
626	-0.247000	-0.149000
627	-0.252000	-0.149000
628	-0.301000	-0.115000
629	-0.296000	-0.115000
630	-0.301000	-0.149000
631	-0.301000	-0.149000
632	-0.301000	-0.128000
633	-0.304000	-0.128000
634	-0.306000	-0.115000
635	-0.306000	-0.107000
636	-0.312000	-0.115000
637	-0.312000	-0.094000
638	-0.306000	-0.094000
639	-0.306000	-0.096000
640	-0.306000	-0.096000
641	-0.306000	-0.096000
642	-0.306000	-0.096000
643	-0.306000	-0.096000
644	-0.306000	-0.096000
645	-0.312000	-0.111000
646	-0.324000	-0.162000
647	-0.327000	-0.156000
648	-0.327000	-0.162000
649	-0.327000	-0.162000
650	-0.333000	-0.167000
651	-0.333000	-0.162000
652	-0.333000	-0.162000
653	-0.333000	-0.156000
654	-0.332000	-0.156000
655	-0.329000	-0.156000
656	-0.329000	-0.147000
657	-0.329000	-0.145000
658	-0.327000	-0.144000
659	-0.327000	-0.137000
660	-0.329000	-0.137000
661	-0.329000	-0.134000
662	-0.329000	-0.132000
663	-0.332000	-0.132000
664	-0.338000	-0.132000
665	-0.341000	-0.127000
666	-0.344000	-0.108000
667	-0.342000	-0.108000
668	-0.343000	-0.108000
669	-0.345000	-0.126000
670	-0.347000	-0.126000
671	-0.347000	-0.126000
672	-0.349000	-0.125000
673	-0.349000	-0.126000
674	-0.348000	-0.126000
675	-0.348000	-0.125000
676	-0.349000	-0.126000
677	-0.350000	-0.131000
678	-0.352000	-0.126000
