0	0.007	-0.011	0.772
1	0.006	-0.007	0.774
2	0.006	-0.006	0.772
3	0.005	-0.004	0.777
4	0.003	-0.004	0.770
5	0.004	-0.011	0.775
6	0.005	-0.012	0.773
7	0.005	-0.011	0.772
8	0.005	-0.009	0.772
9	0.003	-0.006	0.775
10	0.005	-0.001	0.775
11	0.004	-0.005	0.774
12	0.002	-0.006	0.777
13	0.002	-0.009	0.772
14	0.002	-0.010	0.772
15	0.001	-0.009	0.775
16	-0.001	-0.005	0.774
17	0.002	-0.005	0.771
18	0.001	-0.006	0.768
19	0.002	-0.005	0.770
20	0.001	-0.005	0.771
21	0.000	-0.007	0.772
22	-0.001	-0.007	0.771
23	0.002	-0.011	0.775
24	-0.002	-0.011	0.773
25	0.000	-0.009	0.773
26	0.001	-0.006	0.777
27	0.002	-0.007	0.776
28	0.003	-0.007	0.777
29	0.000	-0.009	0.773
30	0.002	-0.009	0.771
31	0.000	-0.012	0.771
32	0.003	-0.007	0.770
33	0.005	-0.009	0.769
34	0.007	-0.007	0.770
35	0.005	-0.006	0.770
36	0.005	-0.005	0.772
37	0.006	-0.008	0.774
38	0.006	-0.013	0.776
39	0.005	-0.012	0.775
40	0.007	-0.009	0.776
41	0.005	-0.010	0.775
42	0.007	-0.005	0.776
43	0.005	-0.007	0.774
44	0.005	-0.007	0.769
45	0.009	-0.011	0.773
46	0.007	-0.012	0.768
47	0.005	-0.012	0.772
48	0.005	-0.013	0.772
49	0.006	-0.009	0.771
50	0.004	-0.009	0.772
51	0.005	-0.008	0.774
52	0.005	-0.008	0.775
53	0.005	-0.008	0.777
54	0.005	-0.010	0.775
55	0.003	-0.010	0.773
56	0.003	-0.009	0.778
57	0.005	-0.011	0.773
58	0.002	-0.010	0.775
59	0.001	-0.008	0.771
60	0.004	-0.005	0.772
61	0.003	-0.008	0.773
62	0.006	-0.007	0.772
63	0.005	-0.008	0.774
64	0.005	-0.012	0.774
65	0.003	-0.009	0.774
66	0.002	-0.007	0.772
67	0.005	-0.008	0.773
68	0.003	-0.009	0.769
69	0.007	-0.009	0.773
70	0.004	-0.007	0.769
71	0.007	-0.007	0.771
72	0.005	-0.007	0.771
73	0.005	-0.007	0.771
74	0.005	-0.009	0.777
75	0.003	-0.012	0.778
76	0.003	-0.009	0.776
77	0.005	-0.007	0.774
78	0.004	-0.007	0.778
79	0.004	-0.006	0.771
80	0.007	-0.008	0.772
81	0.004	-0.007	0.768
82	0.001	-0.009	0.770
83	0.002	-0.007	0.768
84	0.003	-0.010	0.769
85	0.002	-0.010	0.769
86	0.003	-0.006	0.772
87	0.003	-0.007	0.777
88	0.004	-0.007	0.775
89	0.004	-0.006	0.776
90	0.003	-0.009	0.776
91	0.002	-0.009	0.776
92	0.003	-0.011	0.776
93	0.000	-0.010	0.772
94	0.001	-0.008	0.772
95	0.002	-0.008	0.768
96	0.001	-0.007	0.768
97	0.000	-0.006	0.771
98	0.002	-0.007	0.772
99	-0.001	-0.009	0.772
100	0.000	-0.007	0.775
101	0.005	-0.011	0.772
102	0.002	-0.011	0.774
103	0.001	-0.010	0.773
104	0.001	-0.008	0.776
105	-0.001	-0.009	0.772
106	0.001	-0.005	0.770
107	0.003	-0.006	0.773
108	0.001	-0.009	0.773
109	0.001	-0.011	0.772
110	0.001	-0.014	0.768
111	0.001	-0.011	0.776
112	0.003	-0.009	0.771
113	0.001	-0.008	0.773
114	0.002	-0.005	0.773
115	0.003	-0.009	0.777
116	0.002	-0.005	0.772
117	0.002	-0.011	0.768
118	0.001	-0.009	0.772
119	0.002	-0.011	0.769
120	0.002	-0.009	0.775
121	0.000	-0.008	0.772
122	0.002	-0.006	0.774
123	0.002	-0.010	0.774
124	0.001	-0.010	0.776
125	0.000	-0.007	0.779
126	-0.002	-0.010	0.776
127	0.001	-0.011	0.773
128	0.001	-0.009	0.772
129	0.001	-0.008	0.775
130	0.001	-0.009	0.768
131	0.000	-0.009	0.771
132	-0.001	-0.009	0.764
133	0.000	-0.010	0.775
134	0.001	-0.009	0.766
135	-0.001	-0.007	0.773
136	0.001	-0.007	0.772
137	0.001	-0.005	0.774
138	0.001	-0.008	0.777
139	0.001	-0.010	0.777
140	-0.001	-0.011	0.778
141	-0.001	-0.013	0.777
142	0.002	-0.009	0.775
143	0.000	-0.010	0.769
144	0.001	-0.006	0.774
145	0.002	-0.005	0.769
146	0.002	-0.009	0.770
147	0.003	-0.009	0.770
148	0.003	-0.010	0.771
149	0.001	-0.011	0.773
150	0.002	-0.011	0.775
151	0.001	-0.010	0.773
152	0.002	-0.008	0.772
153	0.002	-0.005	0.775
154	0.001	-0.005	0.774
155	0.002	-0.006	0.771
156	0.003	-0.009	0.771
157	0.002	-0.015	0.776
158	0.000	-0.013	0.771
159	0.002	-0.010	0.773
160	0.001	-0.007	0.776
161	0.000	-0.006	0.776
162	0.001	-0.007	0.774
163	-0.001	-0.006	0.773
164	0.003	-0.007	0.774
165	0.002	-0.013	0.767
166	0.001	-0.015	0.770
167	0.003	-0.015	0.772
168	0.005	-0.009	0.771
169	0.007	-0.006	0.768
170	0.006	-0.005	0.769
171	0.006	-0.005	0.772
172	0.003	-0.008	0.778
173	0.004	-0.011	0.779
174	0.005	-0.014	0.777
175	0.005	-0.014	0.778
176	0.002	-0.013	0.772
177	0.003	-0.011	0.778
178	0.005	-0.008	0.774
179	0.006	-0.003	0.774
180	0.003	-0.003	0.770
181	0.003	-0.009	0.768
182	0.005	-0.013	0.766
183	0.002	-0.012	0.771
184	0.002	-0.011	0.771
185	0.002	-0.009	0.771
186	0.002	-0.008	0.775
187	0.002	-0.006	0.776
188	0.003	-0.006	0.777
189	0.003	-0.009	0.777
190	0.000	-0.015	0.778
191	0.002	-0.009	0.778
192	0.003	-0.009	0.777
193	0.004	-0.009	0.774
194	0.003	-0.011	0.773
195	0.003	-0.009	0.771
196	0.001	-0.009	0.771
197	0.001	-0.013	0.772
198	0.002	-0.011	0.769
199	0.003	-0.007	0.774
200	0.002	-0.007	0.773
201	0.003	-0.007	0.780
202	0.002	-0.007	0.774
203	0.003	-0.013	0.777
204	0.002	-0.008	0.775
205	0.003	-0.009	0.772
206	0.003	-0.009	0.773
207	0.001	-0.007	0.771
208	0.003	-0.008	0.772
209	0.002	-0.009	0.772
210	0.002	-0.010	0.777
211	0.005	-0.012	0.774
212	0.003	-0.010	0.774
213	0.003	-0.010	0.773
214	0.004	-0.009	0.775
215	0.002	-0.009	0.772
216	0.007	-0.009	0.770
217	0.005	-0.009	0.774
218	0.005	-0.008	0.769
219	0.003	-0.010	0.774
220	0.004	-0.011	0.771
221	0.004	-0.009	0.774
222	0.004	-0.011	0.775
223	0.004	-0.011	0.775
224	0.005	-0.010	0.774
225	0.004	-0.011	0.778
226	0.005	-0.007	0.776
227	0.003	-0.007	0.774
228	0.004	-0.007	0.774
229	0.002	-0.005	0.771
230	0.003	-0.007	0.769
231	0.002	-0.011	0.768
232	0.004	-0.009	0.768
233	0.003	-0.011	0.770
234	0.003	-0.013	0.773
235	0.004	-0.007	0.779
236	0.002	-0.008	0.774
237	0.004	-0.005	0.780
238	0.003	-0.005	0.778
239	0.004	-0.007	0.777
240	0.003	-0.013	0.780
241	0.001	-0.013	0.776
242	0.002	-0.013	0.773
243	0.003	-0.008	0.774
244	0.002	-0.006	0.769
245	0.003	-0.007	0.771
246	0.005	-0.009	0.770
247	0.004	-0.011	0.771
248	0.006	-0.012	0.773
249	0.002	-0.014	0.774
250	0.001	-0.011	0.776
251	0.001	-0.011	0.775
252	0.003	-0.008	0.778
253	0.003	-0.009	0.775
254	0.004	-0.007	0.776
255	0.004	-0.005	0.771
256	0.003	-0.009	0.775
257	0.004	-0.013	0.774
258	0.003	-0.013	0.773
259	0.004	-0.012	0.775
260	0.004	-0.011	0.770
261	0.003	-0.007	0.776
262	0.005	-0.005	0.772
263	0.005	-0.006	0.773
264	0.003	-0.006	0.772
265	0.003	-0.012	0.772
266	0.003	-0.013	0.770
267	0.005	-0.013	0.773
268	0.004	-0.012	0.771
269	0.004	-0.009	0.768
270	0.002	-0.009	0.771
271	0.002	-0.009	0.772
272	0.003	-0.005	0.775
273	0.002	-0.003	0.777
274	0.003	-0.007	0.780
275	0.002	-0.011	0.779
276	0.003	-0.011	0.776
277	0.001	-0.014	0.772
278	0.002	-0.009	0.772
279	0.002	-0.009	0.773
280	0.002	-0.008	0.769
281	0.002	-0.007	0.769
282	0.001	-0.006	0.768
283	0.005	-0.007	0.773
284	0.004	-0.008	0.771
285	0.003	-0.012	0.781
286	0.004	-0.013	0.778
287	0.002	-0.014	0.777
288	0.003	-0.013	0.777
289	0.004	-0.009	0.777
290	0.003	-0.007	0.775
291	0.005	-0.007	0.776
292	0.003	-0.004	0.774
293	0.004	-0.009	0.770
294	0.004	-0.011	0.769
295	0.004	-0.015	0.770
296	0.002	-0.017	0.771
297	0.007	-0.010	0.772
298	0.004	-0.006	0.774
299	0.005	-0.005	0.772
300	0.004	-0.004	0.772
301	0.005	-0.010	0.776
302	0.005	-0.011	0.773
303	0.002	-0.014	0.776
304	0.003	-0.015	0.776
305	0.003	-0.011	0.776
306	0.003	-0.009	0.772
307	0.005	-0.006	0.772
308	0.004	-0.007	0.767
309	0.006	-0.009	0.771
310	0.003	-0.011	0.769
311	0.006	-0.014	0.774
312	0.005	-0.011	0.774
313	0.004	-0.012	0.773
314	0.005	-0.011	0.775
315	0.004	-0.005	0.771
316	0.004	-0.008	0.773
317	0.004	-0.007	0.771
318	0.002	-0.008	0.767
319	0.004	-0.014	0.773
320	0.003	-0.013	0.771
321	0.003	-0.015	0.776
322	0.003	-0.011	0.773
323	0.004	-0.009	0.776
324	0.005	-0.007	0.773
325	0.005	-0.005	0.776
326	0.004	-0.010	0.772
327	0.003	-0.009	0.772
328	0.004	-0.012	0.771
329	0.002	-0.014	0.772
330	0.007	-0.011	0.770
331	0.007	-0.010	0.769
332	0.007	-0.005	0.772
333	0.005	-0.005	0.771
334	0.003	-0.009	0.774
335	0.003	-0.010	0.774
336	0.006	-0.013	0.776
337	0.006	-0.011	0.774
338	0.006	-0.013	0.777
339	0.004	-0.010	0.779
340	0.006	-0.007	0.773
341	0.006	-0.007	0.775
342	0.005	-0.010	0.773
343	0.004	-0.010	0.771
344	0.005	-0.013	0.769
345	0.005	-0.013	0.771
346	0.003	-0.011	0.769
347	0.005	-0.008	0.771
348	0.003	-0.007	0.774
349	0.005	-0.007	0.774
350	0.003	-0.008	0.777
351	0.002	-0.009	0.776
352	0.003	-0.011	0.779
353	0.004	-0.011	0.773
354	0.004	-0.010	0.776
355	0.004	-0.011	0.772
356	0.006	-0.009	0.774
357	0.005	-0.008	0.770
358	0.005	-0.007	0.770
359	0.003	-0.009	0.769
360	0.005	-0.009	0.773
361	0.004	-0.013	0.774
362	0.003	-0.011	0.770
363	0.003	-0.013	0.776
364	0.004	-0.007	0.773
365	0.005	-0.006	0.776
366	0.003	-0.006	0.774
367	0.003	-0.008	0.772
368	0.003	-0.013	0.775
369	0.003	-0.013	0.771
370	0.005	-0.008	0.771
371	0.001	-0.007	0.772
372	0.004	-0.005	0.776
373	0.005	-0.007	0.771
374	0.003	-0.009	0.774
375	0.005	-0.010	0.773
376	0.004	-0.011	0.772
377	0.004	-0.013	0.771
378	-0.001	-0.012	0.773
379	0.002	-0.009	0.771
380	0.003	-0.007	0.772
381	0.001	-0.008	0.771
382	-0.001	-0.009	0.772
383	0.001	-0.013	0.774
384	0.000	-0.011	0.773
385	0.002	-0.013	0.778
386	-0.003	-0.009	0.776
387	0.001	-0.008	0.778
388	0.002	-0.007	0.774
389	0.002	-0.007	0.777
390	0.001	-0.009	0.773
391	0.001	-0.011	0.770
392	0.003	-0.014	0.771
393	0.001	-0.013	0.769
394	0.000	-0.009	0.768
395	0.002	-0.012	0.771
396	0.002	-0.011	0.773
397	0.003	-0.012	0.770
398	0.002	-0.013	0.775
399	0.002	-0.011	0.777
400	0.003	-0.010	0.777
401	0.004	-0.006	0.774
402	0.005	-0.008	0.776
403	0.005	-0.011	0.777
404	0.005	-0.011	0.774
405	0.002	-0.012	0.771
406	0.005	-0.015	0.769
407	0.002	-0.012	0.772
408	0.004	-0.012	0.771
409	0.004	-0.006	0.773
410	0.005	-0.009	0.775
411	0.005	-0.009	0.771
412	0.003	-0.010	0.774
413	0.004	-0.014	0.774
414	0.004	-0.010	0.776
415	0.002	-0.014	0.771
416	0.000	-0.009	0.773
417	0.002	-0.009	0.772
418	0.003	-0.007	0.772
419	0.002	-0.011	0.773
420	0.005	-0.010	0.774
421	0.002	-0.013	0.773
422	0.001	-0.013	0.778
423	0.000	-0.012	0.776
424	0.000	-0.009	0.775
425	0.003	-0.009	0.776
426	0.002	-0.011	0.772
427	0.002	-0.009	0.774
428	0.002	-0.010	0.769
429	0.002	-0.011	0.769
430	0.003	-0.014	0.766
431	0.004	-0.012	0.772
432	0.001	-0.012	0.771
433	0.003	-0.011	0.775
434	0.000	-0.011	0.775
435	0.001	-0.009	0.778
436	0.000	-0.006	0.778
437	0.000	-0.009	0.775
438	0.001	-0.009	0.776
439	0.001	-0.012	0.772
440	0.001	-0.010	0.771
441	0.001	-0.010	0.768
442	0.001	-0.009	0.769
443	0.001	-0.010	0.767
444	0.002	-0.010	0.772
445	0.003	-0.010	0.770
446	0.005	-0.013	0.772
447	0.002	-0.012	0.775
448	0.002	-0.011	0.774
449	-0.001	-0.012	0.780
450	0.002	-0.009	0.778
451	0.001	-0.010	0.777
452	0.005	-0.010	0.774
453	0.007	-0.011	0.773
454	0.004	-0.013	0.772
455	0.007	-0.011	0.772
456	0.004	-0.013	0.773
457	0.006	-0.009	0.771
458	0.005	-0.010	0.773
459	0.005	-0.007	0.772
460	0.004	-0.012	0.776
461	0.005	-0.007	0.772
462	0.005	-0.014	0.778
463	0.004	-0.009	0.771
464	0.005	-0.011	0.773
465	0.004	-0.012	0.771
466	0.005	-0.011	0.774
467	0.006	-0.009	0.774
468	0.007	-0.009	0.774
469	0.005	-0.007	0.775
470	0.004	-0.011	0.774
471	0.004	-0.013	0.777
472	0.007	-0.013	0.774
473	0.006	-0.011	0.776
474	0.006	-0.009	0.770
475	0.004	-0.010	0.774
476	0.004	-0.007	0.771
477	0.004	-0.010	0.769
478	0.005	-0.013	0.768
479	0.004	-0.013	0.771
480	0.004	-0.011	0.776
481	0.003	-0.011	0.774
482	0.002	-0.011	0.776
483	0.003	-0.014	0.772
484	0.006	-0.008	0.775
485	0.004	-0.010	0.778
486	0.004	-0.011	0.776
487	0.006	-0.013	0.774
488	0.005	-0.009	0.772
489	0.007	-0.013	0.773
490	0.005	-0.011	0.770
491	0.005	-0.011	0.770
492	0.008	-0.010	0.768
493	0.005	-0.009	0.770
494	0.005	-0.011	0.769
495	0.006	-0.009	0.770
496	0.007	-0.013	0.774
497	0.005	-0.012	0.778
498	0.006	-0.012	0.777
499	0.003	-0.011	0.776
500	0.006	-0.009	0.778
501	0.005	-0.013	0.774
502	0.004	-0.010	0.772
503	0.005	-0.010	0.768
504	0.005	-0.010	0.773
505	0.005	-0.014	0.770
506	0.003	-0.012	0.770
507	0.004	-0.013	0.771
508	0.003	-0.011	0.772
509	0.003	-0.008	0.771
510	0.003	-0.011	0.771
511	0.004	-0.010	0.774
512	0.004	-0.012	0.772
513	0.004	-0.011	0.777
514	0.003	-0.011	0.773
515	0.002	-0.012	0.774
516	0.002	-0.012	0.774
517	0.108	-0.086	1.036
518	0.154	-0.108	1.049
519	0.151	-0.105	1.047
520	0.150	-0.102	1.039
521	0.148	-0.101	1.038
522	0.145	-0.102	1.035
523	0.144	-0.098	1.040
524	0.144	-0.101	1.034
525	0.146	-0.098	1.026
526	0.145	-0.096	1.030
527	0.143	-0.098	1.024
528	0.142	-0.099	1.025
529	0.143	-0.096	1.023
530	0.141	-0.098	1.023
531	0.143	-0.095	1.022
532	0.142	-0.096	1.031
533	0.139	-0.098	1.032
534	0.142	-0.095	1.024
535	0.140	-0.096	1.027
536	0.140	-0.095	1.027
537	0.139	-0.098	1.026
538	0.141	-0.095	1.018
539	0.142	-0.094	1.027
540	0.140	-0.095	1.016
541	0.140	-0.093	1.010
542	0.139	-0.094	1.021
543	0.139	-0.092	1.026
544	0.138	-0.093	1.014
545	0.138	-0.095	1.026
546	0.138	-0.094	1.020
547	0.137	-0.092	1.026
548	0.139	-0.094	1.021
549	0.138	-0.093	1.018
550	0.138	-0.091	1.020
551	0.137	-0.096	1.027
552	0.138	-0.093	1.013
553	0.139	-0.092	1.011
554	0.138	-0.096	1.022
555	0.138	-0.093	1.025
556	0.138	-0.092	1.004
557	0.137	-0.091	1.026
558	0.137	-0.094	1.016
559	0.140	-0.093	1.018
560	0.138	-0.092	1.013
561	0.138	-0.092	1.015
562	0.138	-0.092	1.014
563	0.137	-0.090	1.021
564	0.137	-0.093	1.007
565	0.136	-0.094	1.019
566	0.137	-0.090	1.014
567	0.137	-0.092	1.018
568	0.136	-0.092	1.022
569	0.137	-0.090	1.019
570	0.136	-0.093	1.014
571	0.137	-0.094	1.018
572	0.136	-0.092	1.015
573	0.136	-0.094	1.015
574	0.136	-0.092	1.013
575	0.137	-0.090	1.008
576	0.134	-0.094	1.014
577	0.134	-0.092	1.011
578	0.138	-0.090	1.008
579	0.136	-0.091	1.018
580	0.134	-0.091	1.025
581	0.136	-0.091	1.018
582	0.137	-0.090	1.013
583	0.137	-0.092	1.023
584	0.135	-0.091	1.015
585	0.137	-0.090	1.014
586	0.137	-0.090	1.012
587	0.133	-0.094	1.015
588	0.136	-0.090	1.009
589	0.135	-0.090	1.014
590	0.135	-0.091	1.014
591	0.136	-0.090	1.011
592	0.137	-0.090	1.014
593	0.136	-0.093	1.022
594	0.134	-0.092	1.015
595	0.135	-0.090	1.010
596	0.136	-0.091	1.015
597	0.135	-0.092	1.016
598	0.135	-0.089	1.023
599	0.136	-0.092	1.018
600	0.135	-0.091	1.004
601	0.138	-0.091	1.015
602	0.137	-0.091	1.027
603	0.134	-0.091	1.012
604	0.134	-0.091	1.011
605	0.135	-0.092	1.020
606	0.134	-0.090	1.014
607	0.136	-0.090	1.011
608	0.135	-0.092	1.007
609	0.134	-0.090	1.015
610	0.134	-0.089	1.008
611	0.137	-0.092	1.010
612	0.134	-0.091	1.013
613	0.135	-0.089	1.014
614	0.136	-0.091	1.014
615	0.134	-0.090	1.017
616	0.135	-0.091	1.016
617	0.134	-0.090	1.018
618	0.135	-0.092	1.010
619	0.134	-0.090	1.008
620	0.135	-0.090	1.018
621	0.137	-0.092	1.013
622	0.136	-0.089	1.001
623	0.138	-0.089	1.016
624	0.135	-0.091	1.004
625	0.133	-0.091	1.001
626	0.137	-0.090	1.006
627	0.132	-0.092	1.018
628	0.132	-0.091	1.011
629	0.134	-0.090	1.015
630	0.135	-0.090	1.004
631	0.134	-0.090	1.015
632	0.135	-0.088	1.015
633	0.132	-0.093	1.012
634	0.134	-0.090	1.000
635	0.134	-0.088	1.016
636	0.134	-0.088	1.006
637	0.134	-0.090	1.008
638	0.135	-0.087	1.015
639	0.133	-0.091	1.014
640	0.135	-0.090	1.008
641	0.134	-0.089	1.017
642	0.134	-0.090	1.010
643	0.135	-0.089	1.005
644	0.133	-0.085	1.010
645	0.132	-0.089	1.002
646	0.135	-0.089	1.008
647	0.134	-0.089	1.008
648	0.132	-0.087	1.002
649	0.133	-0.088	1.017
650	0.134	-0.088	1.016
651	0.133	-0.088	1.010
652	0.134	-0.087	1.010
653	0.135	-0.091	1.022
654	0.133	-0.090	1.010
655	0.134	-0.087	1.012
656	0.135	-0.088	1.014
657	0.133	-0.089	1.013
658	0.134	-0.090	0.999
659	0.133	-0.086	1.002
660	0.133	-0.090	1.017
661	0.132	-0.089	1.006
662	0.134	-0.089	0.997
663	0.134	-0.088	1.013
664	0.133	-0.088	1.019
665	0.134	-0.088	1.005
666	0.133	-0.088	1.008
667	0.132	-0.089	1.010
668	0.133	-0.088	1.014
669	0.132	-0.088	1.010
670	0.133	-0.090	1.002
671	0.134	-0.089	0.996
672	0.133	-0.087	1.012
673	0.133	-0.087	1.011
674	0.132	-0.088	0.999
675	0.134	-0.091	1.014
676	0.130	-0.090	1.007
677	0.132	-0.086	0.997
678	0.134	-0.088	1.014
679	0.130	-0.088	1.019
680	0.131	-0.088	1.004
681	0.132	-0.088	1.004
682	0.133	-0.088	1.010
683	0.134	-0.088	1.008
684	0.131	-0.088	1.009
685	0.131	-0.089	1.010
686	0.133	-0.088	1.014
687	0.133	-0.088	1.006
688	0.133	-0.087	1.012
689	0.132	-0.089	1.002
690	0.133	-0.088	1.014
691	0.133	-0.088	1.009
692	0.133	-0.089	1.006
693	0.133	-0.087	1.006
694	0.134	-0.088	1.010
695	0.132	-0.087	1.001
696	0.135	-0.088	1.002
697	0.132	-0.091	1.012
698	0.133	-0.086	1.010
699	0.134	-0.087	1.007
700	0.134	-0.088	1.013
701	0.133	-0.088	1.012
702	0.134	-0.088	1.003
703	0.132	-0.089	1.005
704	0.133	-0.088	1.011
705	0.131	-0.087	1.004
706	0.132	-0.086	0.995
707	0.131	-0.086	1.002
708	0.133	-0.087	1.009
709	0.132	-0.089	0.996
710	0.132	-0.090	1.007
711	0.132	-0.087	1.012
712	0.132	-0.088	1.010
713	0.132	-0.086	1.005
714	0.132	-0.088	1.006
715	0.132	-0.089	1.017
716	0.131	-0.091	1.010
717	0.134	-0.087	1.006
718	0.134	-0.089	1.007
719	0.133	-0.089	1.001
720	0.133	-0.088	1.012
721	0.132	-0.088	1.006
722	0.134	-0.088	0.995
723	0.134	-0.088	1.015
724	0.132	-0.091	1.008
725	0.133	-0.089	0.997
726	0.133	-0.088	1.010
727	0.131	-0.089	1.007
728	0.133	-0.089	0.998
729	0.132	-0.088	1.001
730	0.132	-0.087	1.008
731	0.132	-0.087	1.002
732	0.133	-0.091	1.012
733	0.132	-0.088	1.002
734	0.133	-0.087	1.009
735	0.130	-0.088	1.011
736	0.133	-0.088	1.008
737	0.131	-0.086	1.014
738	0.132	-0.090	1.004
739	0.133	-0.089	1.002
740	0.133	-0.088	1.006
741	0.132	-0.089	1.000
742	0.133	-0.089	1.001
743	0.132	-0.090	1.002
744	0.133	-0.091	0.991
745	0.131	-0.089	1.007
746	0.131	-0.090	1.004
747	0.133	-0.088	1.000
748	0.132	-0.090	1.006
749	0.131	-0.092	1.012
750	0.132	-0.091	1.004
751	0.133	-0.088	1.002
752	0.131	-0.089	1.010
753	0.132	-0.090	1.009
754	0.132	-0.089	0.997
755	0.131	-0.089	1.002
756	0.132	-0.087	1.008
757	0.132	-0.088	0.996
758	0.131	-0.089	1.004
759	0.131	-0.089	1.002
760	0.130	-0.090	1.007
761	0.131	-0.088	1.006
762	0.131	-0.090	0.994
763	0.131	-0.089	1.000
764	0.131	-0.091	1.008
765	0.130	-0.087	1.001
766	0.134	-0.088	1.002
767	0.133	-0.088	1.003
768	0.131	-0.090	1.001
769	0.131	-0.090	0.999
770	0.130	-0.091	1.002
771	0.132	-0.089	1.008
772	0.131	-0.089	1.010
773	0.130	-0.090	1.002
774	0.133	-0.090	1.004
775	0.134	-0.089	1.008
776	0.132	-0.089	0.999
777	0.130	-0.088	0.997
778	0.132	-0.091	1.004
779	0.131	-0.091	1.001
780	0.133	-0.091	1.003
781	0.132	-0.088	1.002
782	0.132	-0.087	1.006
783	0.132	-0.087	1.002
784	0.130	-0.089	1.012
785	0.133	-0.092	1.006
786	0.133	-0.088	1.013
787	0.130	-0.089	1.004
788	0.130	-0.088	1.002
789	0.132	-0.089	1.003
790	0.130	-0.087	1.007
791	0.133	-0.088	1.004
792	0.130	-0.086	0.990
793	0.130	-0.088	0.997
794	0.130	-0.088	0.999
795	0.129	-0.085	0.993
796	0.132	-0.088	1.003
797	0.130	-0.087	1.003
798	0.129	-0.089	0.996
799	0.132	-0.087	1.004
800	0.129	-0.087	1.007
801	0.131	-0.086	1.000
802	0.132	-0.088	0.998
803	0.130	-0.087	1.005
804	0.129	-0.087	0.997
805	0.130	-0.086	0.996
806	0.129	-0.087	1.009
807	0.129	-0.087	0.993
808	0.130	-0.087	0.996
809	0.131	-0.090	1.002
810	0.131	-0.089	1.010
811	0.130	-0.088	1.008
812	0.131	-0.087	0.991
813	0.132	-0.087	1.002
814	0.128	-0.086	1.005
815	0.132	-0.088	1.007
816	0.128	-0.086	0.993
817	0.133	-0.086	1.001
818	0.129	-0.090	1.010
819	0.131	-0.090	1.004
820	0.130	-0.090	0.999
821	0.129	-0.089	1.002
822	0.129	-0.088	1.002
823	0.129	-0.088	0.998
824	0.128	-0.088	1.000
825	0.130	-0.088	1.002
826	0.132	-0.087	0.999
827	0.129	-0.087	0.996
828	0.129	-0.088	0.994
829	0.131	-0.089	0.991
830	0.129	-0.090	1.000
831	0.129	-0.091	0.999
832	0.129	-0.088	0.992
833	0.131	-0.087	1.008
834	0.129	-0.088	1.008
835	0.129	-0.088	0.998
836	0.129	-0.088	1.008
837	0.129	-0.088	1.010
838	0.127	-0.088	0.996
839	0.129	-0.086	1.006
840	0.129	-0.088	1.000
841	0.130	-0.087	0.995
842	0.129	-0.086	0.992
843	0.129	-0.088	1.000
844	0.129	-0.089	1.004
845	0.129	-0.087	0.994
846	0.129	-0.088	0.994
847	0.128	-0.088	1.004
848	0.129	-0.087	1.003
849	0.129	-0.087	0.999
850	0.128	-0.087	1.008
851	0.129	-0.086	1.005
852	0.127	-0.089	0.995
853	0.128	-0.091	1.002
854	0.129	-0.089	1.011
855	0.128	-0.088	1.003
856	0.128	-0.088	0.989
857	0.128	-0.088	1.005
858	0.126	-0.088	0.998
859	0.129	-0.088	1.002
860	0.128	-0.086	1.006
861	0.127	-0.087	1.000
862	0.127	-0.086	0.989
863	0.127	-0.085	1.007
864	0.127	-0.086	0.998
865	0.127	-0.086	0.993
866	0.126	-0.087	1.001
867	0.128	-0.086	0.999
868	0.127	-0.088	0.995
869	0.126	-0.088	0.999
870	0.126	-0.088	1.002
871	0.129	-0.089	0.997
872	0.130	-0.088	0.997
873	0.127	-0.088	1.004
874	0.127	-0.087	1.002
875	0.129	-0.086	0.990
876	0.126	-0.087	0.998
877	0.128	-0.088	0.996
878	0.126	-0.090	0.994
879	0.126	-0.085	0.990
880	0.128	-0.087	0.990
881	0.125	-0.086	1.000
882	0.126	-0.088	0.996
883	0.126	-0.088	0.994
884	0.126	-0.089	1.005
885	0.125	-0.084	1.010
886	0.128	-0.087	0.992
887	0.125	-0.089	0.996
888	0.127	-0.089	1.010
889	0.127	-0.088	1.000
890	0.126	-0.087	0.989
891	0.125	-0.087	0.995
892	0.127	-0.088	0.999
893	0.125	-0.088	0.987
894	0.129	-0.088	0.989
895	0.127	-0.086	0.994
896	0.127	-0.087	1.000
897	0.125	-0.087	0.987
898	0.126	-0.086	0.992
899	0.127	-0.085	0.996
900	0.127	-0.086	0.997
901	0.126	-0.087	0.990
902	0.125	-0.086	0.996
903	0.124	-0.086	0.992
904	0.126	-0.086	0.995
905	0.124	-0.086	0.991
906	0.125	-0.086	0.999
907	0.124	-0.088	0.997
908	0.125	-0.087	0.998
909	0.127	-0.086	0.985
910	0.126	-0.086	0.999
911	0.123	-0.086	0.994
912	0.124	-0.086	0.989
913	0.126	-0.087	0.990
914	0.125	-0.086	0.992
915	0.123	-0.087	0.988
916	0.123	-0.087	0.990
917	0.124	-0.087	0.999
918	0.126	-0.086	0.994
919	0.124	-0.087	0.991
920	0.127	-0.087	1.001
921	0.128	-0.088	0.995
922	0.125	-0.086	0.998
923	0.123	-0.086	0.998
924	0.126	-0.086	0.996
925	0.126	-0.087	0.996
926	0.125	-0.087	0.996
927	0.123	-0.087	0.991
928	0.127	-0.089	0.988
929	0.125	-0.087	0.990
930	0.125	-0.087	0.996
931	0.125	-0.087	0.989
932	0.124	-0.089	1.001
933	0.125	-0.087	0.998
934	0.125	-0.088	0.998
935	0.124	-0.091	0.996
936	0.126	-0.089	1.000
937	0.127	-0.087	0.998
938	0.128	-0.087	0.999
939	0.126	-0.088	1.000
940	0.126	-0.087	0.990
941	0.126	-0.089	0.994
942	0.127	-0.089	0.997
943	0.127	-0.087	1.004
944	0.124	-0.090	0.996
945	0.126	-0.091	0.994
946	0.125	-0.089	0.986
947	0.125	-0.090	1.003
948	0.122	-0.090	0.999
949	0.124	-0.087	0.987
950	0.125	-0.087	0.992
951	0.124	-0.088	0.994
952	0.126	-0.089	0.992
953	0.125	-0.086	0.989
954	0.127	-0.089	0.997
955	0.123	-0.091	0.997
956	0.124	-0.089	0.996
957	0.123	-0.088	0.993
958	0.124	-0.087	0.997
959	0.123	-0.088	0.997
960	0.122	-0.087	1.000
961	0.125	-0.088	0.984
962	0.126	-0.088	0.985
963	0.123	-0.087	0.994
964	0.124	-0.087	0.988
965	0.125	-0.089	0.996
966	0.124	-0.090	0.985
967	0.124	-0.088	0.983
968	0.125	-0.089	0.987
969	0.123	-0.086	1.001
970	0.123	-0.087	0.989
971	0.124	-0.088	0.998
972	0.124	-0.088	0.988
973	0.124	-0.085	0.998
974	0.123	-0.088	0.990
975	0.124	-0.085	0.985
976	0.122	-0.085	0.982
977	0.122	-0.087	1.000
978	0.124	-0.086	0.987
979	0.123	-0.086	0.985
980	0.123	-0.085	0.991
981	0.122	-0.086	0.987
982	0.122	-0.085	0.993
983	0.123	-0.086	0.988
984	0.122	-0.086	0.994
985	0.122	-0.086	0.992
986	0.123	-0.087	0.987
987	0.124	-0.085	0.983
988	0.124	-0.083	0.995
989	0.123	-0.083	0.984
990	0.122	-0.083	0.985
991	0.122	-0.083	0.997
992	0.124	-0.084	0.989
993	0.122	-0.086	0.984
994	0.124	-0.083	0.989
995	0.121	-0.084	0.991
996	0.126	-0.087	0.988
997	0.122	-0.084	0.993
998	0.123	-0.085	0.982
999	0.123	-0.088	0.985
1000	0.124	-0.086	0.986
1001	0.124	-0.086	0.983
1002	0.125	-0.087	0.980
1003	0.124	-0.085	0.991
1004	0.124	-0.085	0.987
1005	0.124	-0.087	0.990
1006	0.123	-0.085	0.996
1007	0.123	-0.086	0.989
1008	0.124	-0.085	0.991
1009	0.126	-0.088	0.995
1010	0.122	-0.086	0.991
1011	0.123	-0.085	0.996
1012	0.124	-0.086	0.985
1013	0.125	-0.084	0.981
1014	0.128	-0.086	0.994
1015	0.122	-0.086	0.996
1016	0.124	-0.084	0.985
1017	0.125	-0.087	0.988
1018	0.311	-0.212	1.324
1019	0.301	-0.204	1.327
1020	0.297	-0.199	1.296
1021	0.294	-0.195	1.301
1022	0.295	-0.194	1.298
1023	0.292	-0.192	1.292
1024	0.290	-0.194	1.294
1025	0.289	-0.194	1.299
1026	0.288	-0.194	1.294
1027	0.289	-0.188	1.292
1028	0.285	-0.190	1.294
1029	0.286	-0.190	1.292
1030	0.286	-0.190	1.287
1031	0.286	-0.188	1.284
1032	0.281	-0.188	1.288
1033	0.283	-0.189	1.280
1034	0.283	-0.188	1.277
1035	0.284	-0.187	1.274
1036	0.283	-0.189	1.281
1037	0.282	-0.188	1.275
1038	0.281	-0.187	1.279
1039	0.281	-0.187	1.278
1040	0.281	-0.188	1.285
1041	0.280	-0.190	1.281
1042	0.282	-0.185	1.273
1043	0.282	-0.187	1.282
1044	0.281	-0.188	1.286
1045	0.279	-0.189	1.278
1046	0.280	-0.186	1.266
1047	0.281	-0.187	1.275
1048	0.281	-0.187	1.272
1049	0.282	-0.183	1.282
1050	0.281	-0.187	1.264
1051	0.279	-0.188	1.268
1052	0.281	-0.188	1.269
1053	0.278	-0.185	1.275
1054	0.279	-0.185	1.281
1055	0.280	-0.187	1.268
1056	0.280	-0.184	1.274
1057	0.278	-0.182	1.282
1058	0.277	-0.183	1.276
1059	0.280	-0.186	1.274
1060	0.279	-0.184	1.268
1061	0.279	-0.183	1.268
1062	0.281	-0.183	1.277
1063	0.277	-0.183	1.280
1064	0.281	-0.183	1.264
1065	0.280	-0.183	1.269
1066	0.281	-0.181	1.279
1067	0.280	-0.183	1.274
1068	0.280	-0.182	1.258
1069	0.281	-0.183	1.270
1070	0.279	-0.186	1.277
1071	0.281	-0.184	1.268
1072	0.279	-0.182	1.264
1073	0.279	-0.183	1.269
1074	0.282	-0.184	1.260
1075	0.277	-0.182	1.268
1076	0.279	-0.181	1.268
1077	0.282	-0.182	1.271
1078	0.278	-0.180	1.275
1079	0.279	-0.181	1.270
1080	0.280	-0.182	1.276
1081	0.281	-0.183	1.270
1082	0.280	-0.180	1.276
1083	0.281	-0.181	1.269
1084	0.280	-0.184	1.272
1085	0.280	-0.182	1.258
1086	0.280	-0.182	1.259
1087	0.278	-0.180	1.266
1088	0.278	-0.183	1.270
1089	0.279	-0.183	1.265
1090	0.279	-0.179	1.263
1091	0.278	-0.180	1.264
1092	0.276	-0.181	1.280
1093	0.277	-0.180	1.266
1094	0.279	-0.182	1.266
1095	0.278	-0.182	1.271
1096	0.280	-0.181	1.273
1097	0.275	-0.183	1.260
1098	0.277	-0.183	1.265
1099	0.278	-0.181	1.266
1100	0.277	-0.184	1.272
1101	0.274	-0.181	1.264
1102	0.276	-0.183	1.268
1103	0.277	-0.183	1.268
1104	0.277	-0.183	1.259
1105	0.277	-0.183	1.269
1106	0.273	-0.183	1.274
1107	0.275	-0.179	1.266
1108	0.277	-0.182	1.258
1109	0.276	-0.183	1.260
1110	0.275	-0.181	1.262
1111	0.275	-0.180	1.262
1112	0.276	-0.182	1.261
1113	0.278	-0.183	1.263
1114	0.276	-0.181	1.272
1115	0.274	-0.182	1.269
1116	0.274	-0.182	1.264
1117	0.276	-0.182	1.270
1118	0.276	-0.182	1.276
1119	0.274	-0.181	1.262
1120	0.276	-0.182	1.266
1121	0.276	-0.179	1.260
1122	0.274	-0.182	1.266
1123	0.274	-0.182	1.261
1124	0.276	-0.179	1.250
1125	0.274	-0.181	1.265
1126	0.274	-0.182	1.267
1127	0.275	-0.181	1.265
1128	0.275	-0.180	1.266
1129	0.276	-0.180	1.263
1130	0.274	-0.182	1.268
1131	0.276	-0.183	1.276
1132	0.275	-0.181	1.263
1133	0.275	-0.182	1.259
1134	0.275	-0.181	1.262
1135	0.274	-0.181	1.267
1136	0.275	-0.181	1.268
1137	0.274	-0.183	1.262
1138	0.275	-0.184	1.251
1139	0.273	-0.185	1.264
1140	0.276	-0.182	1.264
1141	0.273	-0.181	1.262
1142	0.275	-0.183	1.261
1143	0.275	-0.183	1.264
1144	0.275	-0.183	1.262
1145	0.275	-0.182	1.265
1146	0.277	-0.183	1.264
1147	0.273	-0.182	1.264
1148	0.271	-0.182	1.264
1149	0.275	-0.184	1.269
1150	0.275	-0.181	1.270
1151	0.276	-0.182	1.265
1152	0.275	-0.184	1.260
1153	0.276	-0.183	1.265
1154	0.276	-0.182	1.274
1155	0.275	-0.182	1.262
1156	0.276	-0.182	1.267
1157	0.275	-0.182	1.272
1158	0.275	-0.183	1.268
1159	0.277	-0.182	1.256
1160	0.276	-0.181	1.264
1161	0.278	-0.181	1.264
1162	0.276	-0.181	1.270
1163	0.278	-0.182	1.263
1164	0.276	-0.180	1.262
1165	0.276	-0.178	1.263
1166	0.275	-0.180	1.272
1167	0.276	-0.179	1.270
1168	0.277	-0.181	1.272
1169	0.274	-0.180	1.272
1170	0.275	-0.179	1.270
1171	0.276	-0.177	1.258
1172	0.277	-0.180	1.264
1173	0.275	-0.180	1.263
1174	0.275	-0.180	1.263
1175	0.275	-0.181	1.266
1176	0.277	-0.181	1.265
1177	0.277	-0.182	1.256
1178	0.276	-0.180	1.260
1179	0.275	-0.180	1.264
1180	0.275	-0.180	1.265
1181	0.277	-0.181	1.270
1182	0.276	-0.178	1.268
1183	0.275	-0.179	1.266
1184	0.274	-0.180	1.270
1185	0.275	-0.179	1.259
1186	0.275	-0.178	1.259
1187	0.274	-0.181	1.266
1188	0.275	-0.180	1.275
1189	0.273	-0.180	1.263
1190	0.275	-0.180	1.270
1191	0.274	-0.181	1.276
1192	0.275	-0.180	1.266
1193	0.274	-0.180	1.261
1194	0.274	-0.181	1.266
1195	0.276	-0.179	1.258
1196	0.274	-0.178	1.256
1197	0.271	-0.179	1.261
1198	0.270	-0.178	1.265
1199	0.271	-0.177	1.254
1200	0.274	-0.179	1.265
1201	0.273	-0.178	1.256
1202	0.273	-0.179	1.272
1203	0.273	-0.178	1.259
1204	0.276	-0.177	1.268
1205	0.274	-0.178	1.270
1206	0.272	-0.175	1.265
1207	0.273	-0.180	1.261
1208	0.274	-0.178	1.262
1209	0.273	-0.181	1.265
1210	0.273	-0.179	1.265
1211	0.273	-0.180	1.254
1212	0.273	-0.180	1.261
1213	0.272	-0.179	1.259
1214	0.271	-0.179	1.271
1215	0.274	-0.180	1.258
1216	0.272	-0.179	1.261
1217	0.271	-0.178	1.269
1218	0.272	-0.178	1.259
1219	0.273	-0.176	1.256
1220	0.271	-0.179	1.264
1221	0.268	-0.179	1.267
1222	0.272	-0.177	1.253
1223	0.273	-0.178	1.259
1224	0.270	-0.176	1.264
1225	0.272	-0.177	1.262
1226	0.272	-0.180	1.268
1227	0.272	-0.179	1.262
1228	0.271	-0.179	1.260
1229	0.269	-0.178	1.260
1230	0.269	-0.180	1.259
1231	0.271	-0.176	1.255
1232	0.270	-0.180	1.262
1233	0.270	-0.177	1.250
1234	0.269	-0.179	1.257
1235	0.270	-0.179	1.260
1236	0.270	-0.180	1.261
1237	0.272	-0.176	1.258
1238	0.270	-0.177	1.263
1239	0.269	-0.176	1.272
1240	0.272	-0.177	1.256
1241	0.270	-0.176	1.258
1242	0.268	-0.177	1.266
1243	0.267	-0.180	1.273
1244	0.268	-0.177	1.252
1245	0.272	-0.179	1.250
1246	0.270	-0.178	1.255
1247	0.270	-0.180	1.261
1248	0.270	-0.180	1.252
1249	0.271	-0.178	1.260
1250	0.270	-0.177	1.254
1251	0.269	-0.180	1.261
1252	0.269	-0.176	1.259
1253	0.270	-0.176	1.264
1254	0.270	-0.180	1.257
1255	0.270	-0.179	1.264
1256	0.271	-0.182	1.254
1257	0.269	-0.179	1.260
1258	0.269	-0.178	1.255
1259	0.270	-0.179	1.264
1260	0.271	-0.179	1.257
1261	0.271	-0.178	1.266
1262	0.269	-0.178	1.260
1263	0.271	-0.179	1.260
1264	0.270	-0.180	1.266
1265	0.268	-0.181	1.271
1266	0.269	-0.179	1.246
1267	0.269	-0.179	1.250
1268	0.270	-0.180	1.255
1269	0.268	-0.180	1.256
1270	0.267	-0.179	1.251
1271	0.269	-0.179	1.259
1272	0.269	-0.178	1.260
1273	0.265	-0.177	1.263
1274	0.268	-0.178	1.258
1275	0.268	-0.178	1.257
1276	0.268	-0.179	1.266
1277	0.269	-0.179	1.260
1278	0.270	-0.176	1.256
1279	0.272	-0.178	1.259
1280	0.269	-0.178	1.267
1281	0.269	-0.180	1.257
1282	0.272	-0.177	1.252
1283	0.270	-0.179	1.261
1284	0.270	-0.181	1.265
1285	0.271	-0.181	1.261
1286	0.272	-0.180	1.260
1287	0.270	-0.179	1.262
1288	0.269	-0.177	1.258
1289	0.270	-0.177	1.263
1290	0.268	-0.179	1.260
1291	0.269	-0.180	1.252
1292	0.269	-0.177	1.263
1293	0.269	-0.179	1.258
1294	0.269	-0.179	1.265
1295	0.270	-0.180	1.258
1296	0.270	-0.180	1.255
1297	0.270	-0.181	1.270
1298	0.270	-0.182	1.262
1299	0.269	-0.180	1.258
1300	0.270	-0.180	1.255
1301	0.269	-0.179	1.263
1302	0.268	-0.181	1.270
1303	0.269	-0.180	1.248
1304	0.269	-0.178	1.248
1305	0.269	-0.180	1.252
1306	0.269	-0.180	1.261
1307	0.269	-0.180	1.251
1308	0.270	-0.178	1.264
1309	0.271	-0.181	1.258
1310	0.269	-0.180	1.257
1311	0.270	-0.179	1.265
1312	0.269	-0.180	1.264
1313	0.269	-0.181	1.256
1314	0.268	-0.181	1.256
1315	0.269	-0.182	1.261
1316	0.272	-0.182	1.258
1317	0.270	-0.179	1.264
1318	0.269	-0.181	1.252
1319	0.269	-0.179	1.261
1320	0.269	-0.180	1.266
1321	0.269	-0.178	1.261
1322	0.270	-0.178	1.255
1323	0.268	-0.181	1.264
1324	0.269	-0.179	1.257
1325	0.269	-0.181	1.260
1326	0.269	-0.181	1.263
1327	0.270	-0.181	1.259
1328	0.271	-0.178	1.259
1329	0.269	-0.181	1.258
1330	0.269	-0.180	1.256
1331	0.270	-0.182	1.266
1332	0.268	-0.180	1.261
1333	0.267	-0.179	1.260
1334	0.267	-0.180	1.261
1335	0.266	-0.177	1.264
1336	0.269	-0.177	1.257
1337	0.269	-0.176	1.262
1338	0.265	-0.178	1.250
1339	0.266	-0.178	1.254
1340	0.267	-0.180	1.251
1341	0.267	-0.180	1.248
1342	0.266	-0.179	1.254
1343	0.268	-0.181	1.262
1344	0.268	-0.179	1.251
1345	0.269	-0.179	1.260
1346	0.267	-0.179	1.253
1347	0.268	-0.179	1.262
1348	0.269	-0.177	1.262
1349	0.268	-0.177	1.258
1350	0.268	-0.178	1.249
1351	0.270	-0.179	1.253
1352	0.269	-0.180	1.256
1353	0.268	-0.181	1.257
1354	0.268	-0.181	1.255
1355	0.268	-0.180	1.251
1356	0.268	-0.182	1.253
1357	0.269	-0.180	1.262
1358	0.268	-0.184	1.256
1359	0.268	-0.181	1.253
1360	0.270	-0.182	1.259
1361	0.268	-0.181	1.259
1362	0.268	-0.181	1.250
1363	0.270	-0.181	1.253
1364	0.269	-0.180	1.262
1365	0.268	-0.181	1.252
1366	0.269	-0.180	1.257
1367	0.269	-0.180	1.263
1368	0.269	-0.183	1.260
1369	0.269	-0.183	1.265
1370	0.268	-0.183	1.262
1371	0.268	-0.187	1.270
1372	0.270	-0.184	1.262
1373	0.267	-0.184	1.258
1374	0.269	-0.183	1.256
1375	0.271	-0.183	1.263
1376	0.269	-0.185	1.258
1377	0.270	-0.182	1.256
1378	0.269	-0.185	1.251
1379	0.272	-0.184	1.267
1380	0.270	-0.183	1.264
1381	0.269	-0.180	1.266
1382	0.269	-0.181	1.268
1383	0.270	-0.180	1.261
1384	0.271	-0.182	1.255
1385	0.270	-0.183	1.261
1386	0.273	-0.182	1.262
1387	0.271	-0.182	1.266
1388	0.271	-0.182	1.262
1389	0.272	-0.181	1.259
1390	0.270	-0.179	1.262
1391	0.271	-0.180	1.273
1392	0.272	-0.178	1.263
1393	0.272	-0.180	1.261
1394	0.271	-0.182	1.268
1395	0.270	-0.181	1.256
1396	0.272	-0.180	1.254
1397	0.271	-0.182	1.264
1398	0.269	-0.181	1.260
1399	0.271	-0.183	1.250
1400	0.273	-0.180	1.266
1401	0.271	-0.179	1.265
1402	0.270	-0.181	1.262
1403	0.270	-0.180	1.260
1404	0.272	-0.181	1.273
1405	0.271	-0.180	1.268
1406	0.270	-0.182	1.262
1407	0.271	-0.181	1.260
1408	0.271	-0.183	1.268
1409	0.271	-0.183	1.258
1410	0.270	-0.181	1.256
1411	0.269	-0.181	1.258
1412	0.269	-0.183	1.262
1413	0.271	-0.184	1.254
1414	0.270	-0.184	1.256
1415	0.272	-0.181	1.259
1416	0.270	-0.182	1.265
1417	0.271	-0.182	1.252
1418	0.270	-0.185	1.261
1419	0.272	-0.185	1.264
1420	0.270	-0.184	1.257
1421	0.271	-0.183	1.253
1422	0.271	-0.185	1.269
1423	0.270	-0.185	1.262
1424	0.272	-0.185	1.262
1425	0.271	-0.184	1.265
1426	0.271	-0.184	1.265
1427	0.271	-0.185	1.269
1428	0.268	-0.184	1.265
1429	0.270	-0.185	1.255
1430	0.270	-0.184	1.270
1431	0.271	-0.186	1.255
1432	0.269	-0.185	1.255
1433	0.271	-0.183	1.254
1434	0.271	-0.183	1.267
1435	0.270	-0.185	1.247
1436	0.270	-0.185	1.260
1437	0.270	-0.185	1.257
1438	0.271	-0.187	1.264
1439	0.271	-0.187	1.259
1440	0.272	-0.186	1.264
1441	0.272	-0.185	1.268
1442	0.270	-0.186	1.263
1443	0.271	-0.183	1.253
1444	0.273	-0.183	1.268
1445	0.270	-0.185	1.268
1446	0.272	-0.187	1.263
1447	0.272	-0.186	1.264
1448	0.273	-0.187	1.260
1449	0.273	-0.184	1.270
1450	0.274	-0.182	1.262
1451	0.275	-0.183	1.260
1452	0.272	-0.184	1.269
1453	0.272	-0.186	1.262
1454	0.274	-0.186	1.257
1455	0.275	-0.183	1.259
1456	0.274	-0.184	1.260
1457	0.273	-0.183	1.260
1458	0.273	-0.183	1.266
1459	0.272	-0.184	1.268
1460	0.274	-0.183	1.260
1461	0.273	-0.183	1.270
1462	0.272	-0.186	1.265
1463	0.273	-0.183	1.265
1464	0.274	-0.184	1.266
1465	0.273	-0.184	1.264
1466	0.272	-0.185	1.270
1467	0.272	-0.184	1.254
1468	0.271	-0.183	1.260
1469	0.271	-0.183	1.264
1470	0.272	-0.182	1.259
1471	0.271	-0.181	1.272
1472	0.271	-0.182	1.256
1473	0.273	-0.184	1.256
1474	0.273	-0.183	1.260
1475	0.271	-0.182	1.269
1476	0.269	-0.183	1.260
1477	0.272	-0.183	1.256
1478	0.272	-0.183	1.263
1479	0.273	-0.183	1.262
1480	0.271	-0.184	1.256
1481	0.269	-0.185	1.263
1482	0.271	-0.183	1.272
1483	0.272	-0.181	1.265
1484	0.269	-0.183	1.270
1485	0.271	-0.185	1.266
1486	0.273	-0.185	1.265
1487	0.273	-0.183	1.259
1488	0.271	-0.182	1.266
1489	0.272	-0.183	1.266
1490	0.271	-0.183	1.259
1491	0.273	-0.183	1.256
1492	0.272	-0.181	1.266
1493	0.272	-0.182	1.260
1494	0.272	-0.182	1.263
1495	0.271	-0.182	1.267
1496	0.272	-0.183	1.264
1497	0.273	-0.182	1.265
1498	0.272	-0.180	1.266
1499	0.271	-0.181	1.263
1500	0.270	-0.182	1.268
1501	0.271	-0.184	1.262
1502	0.272	-0.184	1.268
1503	0.273	-0.184	1.267
1504	0.270	-0.181	1.271
1505	0.271	-0.183	1.262
1506	0.271	-0.185	1.267
1507	0.272	-0.186	1.264
1508	0.269	-0.186	1.272
1509	0.270	-0.182	1.260
1510	0.271	-0.184	1.267
1511	0.270	-0.184	1.267
1512	0.271	-0.186	1.263
1513	0.271	-0.181	1.263
1514	0.271	-0.182	1.274
1515	0.272	-0.186	1.266
1516	0.272	-0.187	1.271
1517	0.272	-0.186	1.272
1518	0.274	-0.186	1.372
1519	0.488	-0.328	1.697
1520	0.490	-0.325	1.663
1521	0.485	-0.321	1.669
1522	0.482	-0.319	1.659
1523	0.482	-0.316	1.657
1524	0.480	-0.317	1.651
1525	0.477	-0.315	1.645
1526	0.477	-0.314	1.649
1527	0.475	-0.315	1.646
1528	0.475	-0.314	1.635
1529	0.472	-0.312	1.639
1530	0.473	-0.313	1.629
1531	0.471	-0.313	1.631
1532	0.470	-0.308	1.636
1533	0.472	-0.308	1.633
1534	0.470	-0.308	1.625
1535	0.467	-0.310	1.637
1536	0.471	-0.309	1.638
1537	0.467	-0.308	1.629
1538	0.468	-0.308	1.623
1539	0.468	-0.306	1.639
1540	0.466	-0.308	1.631
1541	0.466	-0.308	1.625
1542	0.468	-0.304	1.620
1543	0.465	-0.306	1.624
1544	0.465	-0.303	1.631
1545	0.465	-0.306	1.614
1546	0.464	-0.304	1.616
1547	0.466	-0.303	1.631
1548	0.464	-0.301	1.623
1549	0.465	-0.303	1.617
1550	0.464	-0.304	1.618
1551	0.463	-0.303	1.619
1552	0.464	-0.303	1.621
1553	0.465	-0.301	1.612
1554	0.466	-0.301	1.611
1555	0.464	-0.300	1.621
1556	0.464	-0.302	1.620
1557	0.465	-0.300	1.621
1558	0.462	-0.302	1.628
1559	0.463	-0.301	1.621
1560	0.464	-0.303	1.617
1561	0.460	-0.303	1.618
1562	0.461	-0.303	1.618
1563	0.461	-0.304	1.615
1564	0.463	-0.302	1.614
1565	0.463	-0.302	1.612
1566	0.461	-0.302	1.614
1567	0.461	-0.303	1.609
1568	0.461	-0.301	1.607
1569	0.459	-0.301	1.614
1570	0.461	-0.301	1.616
1571	0.463	-0.301	1.611
1572	0.461	-0.299	1.613
1573	0.460	-0.300	1.614
1574	0.461	-0.298	1.605
1575	0.460	-0.299	1.609
1576	0.462	-0.301	1.608
1577	0.461	-0.299	1.614
1578	0.461	-0.297	1.621
1579	0.460	-0.298	1.616
1580	0.461	-0.299	1.616
1581	0.462	-0.299	1.618
1582	0.462	-0.297	1.605
1583	0.461	-0.296	1.613
1584	0.461	-0.298	1.617
1585	0.462	-0.298	1.611
1586	0.460	-0.298	1.603
1587	0.463	-0.297	1.607
1588	0.463	-0.299	1.612
1589	0.460	-0.297	1.609
1590	0.464	-0.297	1.614
1591	0.463	-0.297	1.603
1592	0.462	-0.295	1.610
1593	0.463	-0.295	1.606
1594	0.462	-0.298	1.611
1595	0.461	-0.299	1.608
1596	0.461	-0.298	1.612
1597	0.461	-0.299	1.603
1598	0.463	-0.295	1.611
1599	0.460	-0.298	1.608
1600	0.461	-0.297	1.610
1601	0.462	-0.297	1.607
1602	0.462	-0.296	1.608
1603	0.461	-0.296	1.610
1604	0.461	-0.296	1.601
1605	0.463	-0.297	1.605
1606	0.461	-0.296	1.610
1607	0.461	-0.296	1.607
1608	0.461	-0.296	1.598
1609	0.461	-0.294	1.600
1610	0.462	-0.296	1.605
1611	0.461	-0.295	1.609
1612	0.462	-0.297	1.606
1613	0.461	-0.296	1.611
1614	0.463	-0.295	1.615
1615	0.459	-0.297	1.606
1616	0.461	-0.295	1.606
1617	0.463	-0.295	1.615
1618	0.463	-0.295	1.610
1619	0.461	-0.295	1.610
1620	0.461	-0.297	1.605
1621	0.462	-0.295	1.605
1622	0.462	-0.295	1.605
1623	0.462	-0.295	1.611
1624	0.462	-0.295	1.609
1625	0.459	-0.294	1.606
1626	0.461	-0.294	1.604
1627	0.462	-0.293	1.600
1628	0.461	-0.293	1.604
1629	0.460	-0.294	1.612
1630	0.460	-0.295	1.601
1631	0.463	-0.295	1.599
1632	0.463	-0.293	1.615
1633	0.460	-0.294	1.608
1634	0.462	-0.294	1.617
1635	0.463	-0.294	1.604
1636	0.462	-0.293	1.610
1637	0.463	-0.291	1.613
1638	0.459	-0.295	1.607
1639	0.458	-0.297	1.610
1640	0.458	-0.297	1.610
1641	0.459	-0.296	1.603
1642	0.459	-0.295	1.596
1643	0.458	-0.297	1.615
1644	0.458	-0.297	1.603
1645	0.460	-0.297	1.604
1646	0.460	-0.297	1.605
1647	0.459	-0.296	1.608
1648	0.458	-0.293	1.610
1649	0.457	-0.297	1.603
1650	0.459	-0.296	1.596
1651	0.458	-0.295	1.608
1652	0.459	-0.297	1.607
1653	0.457	-0.299	1.600
1654	0.459	-0.299	1.604
1655	0.460	-0.299	1.612
1656	0.460	-0.300	1.608
1657	0.459	-0.303	1.610
1658	0.460	-0.300	1.611
1659	0.461	-0.303	1.615
1660	0.461	-0.303	1.605
1661	0.458	-0.301	1.609
1662	0.460	-0.300	1.606
1663	0.458	-0.300	1.602
1664	0.461	-0.301	1.597
1665	0.457	-0.299	1.600
1666	0.461	-0.300	1.602
1667	0.457	-0.299	1.612
1668	0.461	-0.299	1.600
1669	0.461	-0.299	1.606
1670	0.461	-0.299	1.609
1671	0.459	-0.299	1.613
1672	0.461	-0.299	1.608
1673	0.459	-0.300	1.608
1674	0.461	-0.300	1.608
1675	0.460	-0.301	1.604
1676	0.460	-0.299	1.607
1677	0.460	-0.298	1.613
1678	0.459	-0.298	1.617
1679	0.461	-0.299	1.605
1680	0.460	-0.295	1.609
1681	0.462	-0.297	1.614
1682	0.460	-0.298	1.603
1683	0.462	-0.300	1.601
1684	0.460	-0.296	1.606
1685	0.461	-0.299	1.605
1686	0.459	-0.295	1.600
1687	0.461	-0.295	1.603
1688	0.460	-0.296	1.605
1689	0.460	-0.296	1.607
1690	0.463	-0.297	1.608
1691	0.460	-0.297	1.613
1692	0.460	-0.297	1.612
1693	0.461	-0.298	1.604
1694	0.461	-0.297	1.598
1695	0.461	-0.296	1.611
1696	0.462	-0.295	1.609
1697	0.461	-0.295	1.603
1698	0.460	-0.295	1.601
1699	0.461	-0.295	1.608
1700	0.461	-0.296	1.606
1701	0.459	-0.297	1.607
1702	0.460	-0.296	1.613
1703	0.459	-0.295	1.608
1704	0.459	-0.295	1.603
1705	0.461	-0.295	1.600
1706	0.462	-0.295	1.602
1707	0.459	-0.296	1.610
1708	0.458	-0.297	1.601
1709	0.459	-0.296	1.601
1710	0.458	-0.295	1.602
1711	0.460	-0.295	1.613
1712	0.460	-0.294	1.606
1713	0.458	-0.296	1.607
1714	0.457	-0.295	1.604
1715	0.459	-0.297	1.613
1716	0.457	-0.298	1.613
1717	0.457	-0.298	1.597
1718	0.457	-0.298	1.600
1719	0.458	-0.297	1.601
1720	0.458	-0.296	1.606
1721	0.458	-0.297	1.605
1722	0.459	-0.297	1.611
1723	0.458	-0.297	1.605
1724	0.455	-0.299	1.610
1725	0.458	-0.294	1.594
1726	0.456	-0.296	1.619
1727	0.457	-0.294	1.600
1728	0.456	-0.294	1.597
1729	0.457	-0.295	1.594
1730	0.455	-0.298	1.607
1731	0.459	-0.296	1.602
1732	0.458	-0.296	1.606
1733	0.458	-0.295	1.603
1734	0.456	-0.295	1.617
1735	0.454	-0.296	1.610
1736	0.460	-0.296	1.601
1737	0.457	-0.293	1.611
1738	0.458	-0.296	1.614
1739	0.457	-0.296	1.601
1740	0.457	-0.295	1.599
1741	0.458	-0.295	1.606
1742	0.457	-0.296	1.617
1743	0.456	-0.295	1.604
1744	0.461	-0.296	1.600
1745	0.460	-0.297	1.608
1746	0.458	-0.297	1.607
1747	0.460	-0.299	1.601
1748	0.457	-0.296	1.607
1749	0.456	-0.299	1.615
1750	0.459	-0.298	1.603
1751	0.457	-0.294	1.594
1752	0.459	-0.298	1.603
1753	0.459	-0.296	1.605
1754	0.460	-0.297	1.606
1755	0.457	-0.297	1.619
1756	0.457	-0.296	1.613
1757	0.458	-0.297	1.607
1758	0.457	-0.297	1.606
1759	0.457	-0.297	1.607
1760	0.457	-0.295	1.613
1761	0.457	-0.296	1.612
1762	0.458	-0.295	1.603
1763	0.456	-0.295	1.598
1764	0.457	-0.296	1.607
1765	0.456	-0.296	1.602
1766	0.454	-0.297	1.597
1767	0.456	-0.298	1.611
1768	0.454	-0.296	1.611
1769	0.456	-0.297	1.605
1770	0.455	-0.295	1.604
1771	0.455	-0.296	1.601
1772	0.455	-0.298	1.607
1773	0.455	-0.298	1.603
1774	0.455	-0.297	1.607
1775	0.456	-0.298	1.607
1776	0.455	-0.298	1.596
1777	0.455	-0.300	1.603
1778	0.456	-0.299	1.610
1779	0.454	-0.300	1.600
1780	0.454	-0.296	1.606
1781	0.455	-0.300	1.611
1782	0.456	-0.297	1.605
1783	0.455	-0.296	1.600
1784	0.455	-0.298	1.605
1785	0.458	-0.300	1.599
1786	0.455	-0.298	1.598
1787	0.455	-0.299	1.607
1788	0.457	-0.298	1.598
1789	0.459	-0.299	1.609
1790	0.456	-0.298	1.613
1791	0.455	-0.300	1.605
1792	0.457	-0.299	1.601
1793	0.456	-0.296	1.609
1794	0.456	-0.298	1.611
1795	0.458	-0.296	1.597
1796	0.458	-0.297	1.603
1797	0.456	-0.297	1.612
1798	0.455	-0.297	1.612
1799	0.458	-0.296	1.604
1800	0.455	-0.299	1.603
1801	0.456	-0.299	1.614
1802	0.458	-0.298	1.614
1803	0.458	-0.298	1.606
1804	0.456	-0.296	1.598
1805	0.459	-0.298	1.602
1806	0.459	-0.297	1.609
1807	0.457	-0.297	1.597
1808	0.459	-0.295	1.600
1809	0.458	-0.296	1.607
1810	0.458	-0.296	1.603
1811	0.462	-0.294	1.598
1812	0.458	-0.297	1.607
1813	0.459	-0.295	1.615
1814	0.459	-0.296	1.609
1815	0.457	-0.295	1.605
1816	0.459	-0.293	1.610
1817	0.457	-0.295	1.609
1818	0.457	-0.298	1.600
1819	0.456	-0.298	1.595
1820	0.457	-0.296	1.607
1821	0.458	-0.296	1.611
1822	0.457	-0.296	1.609
1823	0.456	-0.295	1.601
1824	0.457	-0.294	1.616
1825	0.458	-0.294	1.600
1826	0.458	-0.296	1.607
1827	0.455	-0.295	1.608
1828	0.455	-0.296	1.607
1829	0.455	-0.296	1.595
1830	0.456	-0.295	1.605
1831	0.454	-0.294	1.599
1832	0.457	-0.294	1.609
1833	0.457	-0.296	1.610
1834	0.454	-0.293	1.607
1835	0.455	-0.294	1.614
1836	0.456	-0.294	1.607
1837	0.456	-0.295	1.611
1838	0.456	-0.295	1.612
1839	0.456	-0.293	1.608
1840	0.457	-0.293	1.599
1841	0.458	-0.292	1.601
1842	0.458	-0.293	1.613
1843	0.457	-0.292	1.607
1844	0.456	-0.293	1.599
1845	0.457	-0.295	1.606
1846	0.457	-0.295	1.607
1847	0.459	-0.293	1.609
1848	0.457	-0.292	1.598
1849	0.458	-0.295	1.609
1850	0.457	-0.293	1.604
1851	0.458	-0.293	1.600
1852	0.457	-0.292	1.594
1853	0.459	-0.293	1.605
1854	0.456	-0.294	1.603
1855	0.457	-0.294	1.610
1856	0.456	-0.293	1.603
1857	0.458	-0.293	1.605
1858	0.456	-0.292	1.612
1859	0.458	-0.295	1.605
1860	0.457	-0.295	1.611
1861	0.457	-0.296	1.606
1862	0.458	-0.294	1.608
1863	0.457	-0.293	1.595
1864	0.459	-0.293	1.596
1865	0.457	-0.295	1.604
1866	0.457	-0.294	1.605
1867	0.457	-0.295	1.603
1868	0.458	-0.295	1.608
1869	0.460	-0.294	1.607
1870	0.457	-0.297	1.603
1871	0.458	-0.293	1.597
1872	0.459	-0.295	1.607
1873	0.458	-0.295	1.608
1874	0.456	-0.296	1.604
1875	0.458	-0.295	1.602
1876	0.458	-0.295	1.608
1877	0.456	-0.296	1.603
1878	0.458	-0.297	1.607
1879	0.458	-0.292	1.599
1880	0.456	-0.293	1.617
1881	0.457	-0.295	1.605
1882	0.457	-0.295	1.597
1883	0.458	-0.292	1.604
1884	0.456	-0.292	1.613
1885	0.456	-0.295	1.597
1886	0.456	-0.295	1.593
1887	0.455	-0.296	1.597
1888	0.457	-0.296	1.602
1889	0.458	-0.295	1.592
1890	0.454	-0.295	1.603
1891	0.456	-0.294	1.600
1892	0.457	-0.294	1.605
1893	0.456	-0.293	1.601
1894	0.458	-0.292	1.596
1895	0.457	-0.294	1.603
1896	0.456	-0.296	1.610
1897	0.458	-0.294	1.601
1898	0.457	-0.292	1.596
1899	0.457	-0.290	1.596
1900	0.456	-0.292	1.601
1901	0.458	-0.293	1.600
1902	0.457	-0.292	1.611
1903	0.455	-0.293	1.608
1904	0.456	-0.294	1.597
1905	0.457	-0.295	1.601
1906	0.456	-0.293	1.607
1907	0.456	-0.294	1.600
1908	0.457	-0.293	1.597
1909	0.456	-0.290	1.605
1910	0.457	-0.294	1.603
1911	0.456	-0.294	1.598
1912	0.454	-0.294	1.598
1913	0.457	-0.294	1.603
1914	0.456	-0.295	1.607
1915	0.458	-0.296	1.604
1916	0.455	-0.297	1.610
1917	0.456	-0.294	1.603
1918	0.459	-0.295	1.613
1919	0.456	-0.295	1.603
1920	0.457	-0.295	1.598
1921	0.457	-0.296	1.601
1922	0.457	-0.296	1.606
1923	0.457	-0.295	1.593
1924	0.457	-0.297	1.607
1925	0.459	-0.297	1.604
1926	0.458	-0.297	1.607
1927	0.457	-0.297	1.600
1928	0.458	-0.296	1.608
1929	0.457	-0.294	1.593
1930	0.457	-0.295	1.598
1931	0.459	-0.296	1.598
1932	0.457	-0.296	1.603
1933	0.460	-0.296	1.596
1934	0.457	-0.295	1.592
1935	0.459	-0.295	1.601
1936	0.458	-0.295	1.621
1937	0.461	-0.294	1.607
1938	0.461	-0.297	1.609
1939	0.459	-0.295	1.604
1940	0.459	-0.294	1.615
1941	0.459	-0.294	1.599
1942	0.460	-0.292	1.601
1943	0.458	-0.292	1.603
1944	0.458	-0.295	1.610
1945	0.458	-0.296	1.589
1946	0.456	-0.295	1.598
1947	0.458	-0.292	1.605
1948	0.458	-0.295	1.607
1949	0.458	-0.293	1.598
1950	0.457	-0.293	1.602
1951	0.457	-0.294	1.603
1952	0.459	-0.293	1.602
1953	0.456	-0.292	1.595
1954	0.457	-0.296	1.601
1955	0.456	-0.294	1.604
1956	0.458	-0.293	1.602
1957	0.458	-0.294	1.603
1958	0.458	-0.295	1.597
1959	0.460	-0.295	1.603
1960	0.456	-0.294	1.604
1961	0.458	-0.296	1.605
1962	0.457	-0.293	1.601
1963	0.457	-0.293	1.607
1964	0.457	-0.295	1.600
1965	0.457	-0.295	1.600
1966	0.458	-0.295	1.592
1967	0.458	-0.293	1.597
1968	0.456	-0.294	1.598
1969	0.457	-0.292	1.600
1970	0.457	-0.292	1.599
1971	0.458	-0.295	1.595
1972	0.458	-0.293	1.600
1973	0.457	-0.292	1.598
1974	0.458	-0.296	1.611
1975	0.458	-0.293	1.598
1976	0.459	-0.294	1.597
1977	0.459	-0.291	1.599
1978	0.458	-0.291	1.607
1979	0.457	-0.292	1.605
1980	0.458	-0.292	1.595
1981	0.457	-0.292	1.603
1982	0.457	-0.293	1.603
1983	0.457	-0.294	1.601
1984	0.457	-0.296	1.600
1985	0.456	-0.296	1.603
1986	0.456	-0.297	1.603
1987	0.458	-0.296	1.599
1988	0.457	-0.295	1.595
1989	0.456	-0.297	1.601
1990	0.457	-0.297	1.608
1991	0.457	-0.296	1.595
1992	0.458	-0.295	1.601
1993	0.458	-0.295	1.598
1994	0.458	-0.297	1.601
1995	0.457	-0.296	1.611
1996	0.457	-0.298	1.608
1997	0.457	-0.297	1.604
1998	0.457	-0.296	1.604
1999	0.457	-0.297	1.607
2000	0.458	-0.297	1.608
2001	0.460	-0.297	1.605
2002	0.457	-0.295	1.599
2003	0.457	-0.296	1.601
2004	0.458	-0.293	1.608
2005	0.459	-0.294	1.600
2006	0.456	-0.296	1.613
2007	0.458	-0.294	1.604
2008	0.460	-0.295	1.603
2009	0.457	-0.294	1.615
2010	0.458	-0.295	1.601
2011	0.456	-0.296	1.606
2012	0.457	-0.295	1.605
2013	0.459	-0.295	1.596
2014	0.457	-0.296	1.609
2015	0.459	-0.298	1.607
2016	0.455	-0.297	1.609
2017	0.457	-0.295	1.605
2018	0.458	-0.296	1.609
2019	0.529	-0.345	1.832
2020	0.677	-0.449	2.028
2021	0.670	-0.444	2.008
2022	0.667	-0.435	1.991
2023	0.664	-0.436	1.992
2024	0.662	-0.435	1.989
2025	0.662	-0.433	1.979
2026	0.660	-0.431	1.988
2027	0.660	-0.430	1.979
2028	0.658	-0.429	1.966
2029	0.655	-0.428	1.970
2030	0.658	-0.427	1.980
2031	0.656	-0.425	1.970
2032	0.656	-0.426	1.964
2033	0.658	-0.424	1.967
2034	0.654	-0.427	1.978
2035	0.654	-0.424	1.969
2036	0.654	-0.423	1.963
2037	0.653	-0.424	1.974
2038	0.654	-0.426	1.971
2039	0.652	-0.424	1.966
2040	0.652	-0.424	1.959
2041	0.653	-0.424	1.956
2042	0.654	-0.426	1.958
2043	0.651	-0.425	1.955
2044	0.654	-0.423	1.944
2045	0.653	-0.421	1.963
2046	0.651	-0.421	1.962
2047	0.652	-0.422	1.947
2048	0.651	-0.422	1.950
2049	0.650	-0.421	1.952
2050	0.649	-0.419	1.957
2051	0.651	-0.420	1.947
2052	0.649	-0.421	1.944
2053	0.650	-0.420	1.949
2054	0.649	-0.419	1.950
2055	0.650	-0.421	1.954
2056	0.648	-0.420	1.947
2057	0.649	-0.420	1.953
2058	0.647	-0.419	1.949
2059	0.648	-0.419	1.956
2060	0.647	-0.419	1.956
2061	0.649	-0.419	1.952
2062	0.647	-0.416	1.943
2063	0.647	-0.418	1.961
2064	0.648	-0.417	1.942
2065	0.649	-0.417	1.942
2066	0.647	-0.416	1.939
2067	0.645	-0.417	1.953
2068	0.646	-0.418	1.944
2069	0.646	-0.419	1.944
2070	0.647	-0.414	1.944
2071	0.647	-0.419	1.948
2072	0.647	-0.416	1.945
2073	0.644	-0.420	1.946
2074	0.644	-0.416	1.941
2075	0.646	-0.416	1.945
2076	0.645	-0.416	1.942
2077	0.643	-0.417	1.941
2078	0.645	-0.412	1.939
2079	0.644	-0.415	1.941
2080	0.645	-0.414	1.949
2081	0.646	-0.413	1.943
2082	0.644	-0.412	1.943
2083	0.645	-0.413	1.949
2084	0.642	-0.411	1.945
2085	0.642	-0.412	1.938
2086	0.642	-0.411	1.939
2087	0.645	-0.413	1.939
2088	0.643	-0.413	1.939
2089	0.642	-0.412	1.928
2090	0.643	-0.411	1.935
2091	0.644	-0.412	1.938
2092	0.645	-0.412	1.945
2093	0.644	-0.412	1.930
2094	0.644	-0.413	1.942
2095	0.644	-0.413	1.935
2096	0.643	-0.412	1.945
2097	0.643	-0.412	1.933
2098	0.642	-0.413	1.941
2099	0.642	-0.412	1.931
2100	0.643	-0.412	1.926
2101	0.642	-0.412	1.939
2102	0.642	-0.412	1.944
2103	0.640	-0.413	1.933
2104	0.641	-0.412	1.930
2105	0.640	-0.412	1.942
2106	0.641	-0.412	1.952
2107	0.641	-0.414	1.929
2108	0.642	-0.411	1.934
2109	0.640	-0.413	1.932
2110	0.644	-0.411	1.943
2111	0.639	-0.414	1.929
2112	0.641	-0.412	1.925
2113	0.642	-0.412	1.935
2114	0.642	-0.412	1.935
2115	0.641	-0.412	1.927
2116	0.642	-0.412	1.941
2117	0.641	-0.411	1.939
2118	0.641	-0.413	1.931
2119	0.643	-0.414	1.939
2120	0.643	-0.412	1.937
2121	0.642	-0.413	1.938
2122	0.642	-0.415	1.933
2123	0.643	-0.415	1.932
2124	0.643	-0.414	1.935
2125	0.643	-0.416	1.938
2126	0.641	-0.415	1.931
2127	0.642	-0.414	1.938
2128	0.640	-0.414	1.942
2129	0.640	-0.411	1.931
2130	0.641	-0.414	1.927
2131	0.642	-0.413	1.937
2132	0.642	-0.413	1.939
2133	0.641	-0.415	1.927
2134	0.641	-0.411	1.925
2135	0.641	-0.411	1.941
2136	0.641	-0.412	1.935
2137	0.640	-0.412	1.925
2138	0.640	-0.409	1.931
2139	0.642	-0.410	1.943
2140	0.643	-0.411	1.944
2141	0.641	-0.413	1.942
2142	0.641	-0.412	1.937
2143	0.643	-0.412	1.933
2144	0.640	-0.412	1.939
2145	0.642	-0.411	1.937
2146	0.640	-0.411	1.933
2147	0.642	-0.411	1.930
2148	0.640	-0.412	1.948
2149	0.639	-0.412	1.931
2150	0.642	-0.410	1.939
2151	0.638	-0.412	1.933
2152	0.640	-0.412	1.936
2153	0.639	-0.412	1.937
2154	0.640	-0.413	1.933
2155	0.640	-0.414	1.930
2156	0.639	-0.414	1.935
2157	0.640	-0.413	1.934
2158	0.640	-0.412	1.938
2159	0.639	-0.410	1.929
2160	0.640	-0.411	1.937
2161	0.637	-0.411	1.939
2162	0.638	-0.412	1.936
2163	0.638	-0.411	1.943
2164	0.638	-0.410	1.945
2165	0.638	-0.409	1.939
2166	0.637	-0.413	1.935
2167	0.638	-0.412	1.934
2168	0.640	-0.409	1.933
2169	0.637	-0.413	1.942
2170	0.638	-0.410	1.935
2171	0.640	-0.412	1.926
2172	0.638	-0.412	1.935
2173	0.639	-0.410	1.940
2174	0.637	-0.409	1.929
2175	0.638	-0.409	1.932
2176	0.636	-0.410	1.937
2177	0.638	-0.408	1.932
2178	0.636	-0.408	1.929
2179	0.637	-0.408	1.927
2180	0.636	-0.407	1.929
2181	0.637	-0.407	1.936
2182	0.635	-0.409	1.929
2183	0.637	-0.408	1.940
2184	0.637	-0.407	1.935
2185	0.635	-0.406	1.941
2186	0.634	-0.407	1.933
2187	0.633	-0.409	1.938
2188	0.634	-0.409	1.934
2189	0.634	-0.409	1.937
2190	0.634	-0.409	1.924
2191	0.634	-0.408	1.932
2192	0.632	-0.410	1.924
2193	0.633	-0.409	1.935
2194	0.633	-0.408	1.928
2195	0.632	-0.410	1.941
2196	0.633	-0.411	1.926
2197	0.634	-0.410	1.930
2198	0.633	-0.408	1.929
2199	0.632	-0.410	1.937
2200	0.634	-0.411	1.923
2201	0.634	-0.410	1.923
2202	0.635	-0.408	1.919
2203	0.633	-0.410	1.939
2204	0.630	-0.411	1.938
2205	0.635	-0.411	1.920
2206	0.634	-0.413	1.933
2207	0.633	-0.413	1.933
2208	0.634	-0.413	1.939
2209	0.633	-0.414	1.935
2210	0.634	-0.411	1.934
2211	0.632	-0.414	1.933
2212	0.636	-0.411	1.925
2213	0.636	-0.412	1.927
2214	0.637	-0.410	1.932
2215	0.635	-0.410	1.926
2216	0.632	-0.410	1.927
2217	0.634	-0.409	1.928
2218	0.635	-0.408	1.938
2219	0.636	-0.409	1.923
2220	0.635	-0.411	1.929
2221	0.636	-0.411	1.922
2222	0.636	-0.410	1.936
2223	0.635	-0.410	1.919
2224	0.635	-0.410	1.927
2225	0.636	-0.412	1.922
2226	0.635	-0.411	1.927
2227	0.637	-0.410	1.923
2228	0.636	-0.411	1.932
2229	0.636	-0.411	1.932
2230	0.639	-0.410	1.921
2231	0.638	-0.409	1.932
2232	0.637	-0.409	1.934
2233	0.637	-0.411	1.922
2234	0.638	-0.410	1.935
2235	0.638	-0.410	1.922
2236	0.640	-0.409	1.921
2237	0.641	-0.409	1.931
2238	0.638	-0.409	1.933
2239	0.642	-0.408	1.928
2240	0.640	-0.409	1.931
2241	0.640	-0.411	1.932
2242	0.641	-0.409	1.933
2243	0.642	-0.407	1.928
2244	0.640	-0.408	1.932
2245	0.643	-0.410	1.933
2246	0.641	-0.406	1.928
2247	0.641	-0.406	1.935
2248	0.642	-0.406	1.929
2249	0.642	-0.405	1.926
2250	0.641	-0.409	1.931
2251	0.642	-0.406	1.940
2252	0.642	-0.407	1.934
2253	0.640	-0.404	1.941
2254	0.642	-0.406	1.929
2255	0.642	-0.407	1.932
2256	0.640	-0.406	1.935
2257	0.641	-0.408	1.927
2258	0.643	-0.407	1.927
2259	0.643	-0.406	1.935
2260	0.642	-0.407	1.931
2261	0.643	-0.408	1.927
2262	0.643	-0.410	1.928
2263	0.643	-0.409	1.932
2264	0.642	-0.410	1.934
2265	0.644	-0.409	1.938
2266	0.643	-0.409	1.926
2267	0.641	-0.409	1.928
2268	0.643	-0.409	1.932
2269	0.642	-0.410	1.926
2270	0.641	-0.408	1.929
2271	0.642	-0.409	1.936
2272	0.642	-0.409	1.939
2273	0.641	-0.409	1.935
2274	0.640	-0.409	1.929
2275	0.640	-0.412	1.942
2276	0.640	-0.411	1.923
2277	0.642	-0.412	1.942
2278	0.638	-0.411	1.927
2279	0.639	-0.410	1.925
2280	0.641	-0.410	1.927
2281	0.641	-0.410	1.928
2282	0.641	-0.410	1.929
2283	0.640	-0.410	1.928
2284	0.643	-0.412	1.923
2285	0.640	-0.412	1.935
2286	0.639	-0.411	1.941
2287	0.638	-0.411	1.931
2288	0.640	-0.410	1.920
2289	0.640	-0.414	1.931
2290	0.638	-0.411	1.947
2291	0.638	-0.412	1.919
2292	0.638	-0.412	1.925
2293	0.641	-0.411	1.927
2294	0.640	-0.410	1.943
2295	0.636	-0.412	1.942
2296	0.637	-0.412	1.928
2297	0.641	-0.413	1.926
2298	0.641	-0.412	1.940
2299	0.638	-0.410	1.932
2300	0.639	-0.412	1.929
2301	0.641	-0.409	1.924
2302	0.640	-0.410	1.927
2303	0.640	-0.410	1.930
2304	0.640	-0.408	1.936
2305	0.639	-0.409	1.925
2306	0.638	-0.411	1.940
2307	0.640	-0.410	1.926
2308	0.640	-0.409	1.934
2309	0.638	-0.413	1.933
2310	0.637	-0.410	1.940
2311	0.639	-0.411	1.926
2312	0.641	-0.409	1.936
2313	0.640	-0.408	1.931
2314	0.638	-0.407	1.929
2315	0.639	-0.410	1.924
2316	0.640	-0.408	1.940
2317	0.639	-0.407	1.936
2318	0.639	-0.409	1.930
2319	0.639	-0.408	1.933
2320	0.640	-0.409	1.935
2321	0.639	-0.407	1.927
2322	0.638	-0.407	1.929
2323	0.639	-0.407	1.921
2324	0.637	-0.406	1.923
2325	0.638	-0.409	1.929
2326	0.638	-0.408	1.918
2327	0.637	-0.410	1.917
2328	0.637	-0.409	1.927
2329	0.637	-0.409	1.929
2330	0.637	-0.408	1.923
2331	0.633	-0.408	1.925
2332	0.634	-0.406	1.928
2333	0.634	-0.409	1.932
2334	0.637	-0.406	1.919
2335	0.636	-0.405	1.927
2336	0.633	-0.406	1.926
2337	0.635	-0.407	1.929
2338	0.633	-0.407	1.917
2339	0.636	-0.407	1.931
2340	0.635	-0.408	1.918
2341	0.634	-0.406	1.941
2342	0.633	-0.408	1.918
2343	0.636	-0.408	1.921
2344	0.634	-0.409	1.921
2345	0.636	-0.407	1.922
2346	0.637	-0.407	1.915
2347	0.635	-0.406	1.925
2348	0.634	-0.409	1.923
2349	0.636	-0.405	1.918
2350	0.635	-0.408	1.927
2351	0.636	-0.407	1.930
2352	0.634	-0.407	1.922
2353	0.634	-0.408	1.925
2354	0.635	-0.406	1.928
2355	0.635	-0.407	1.925
2356	0.639	-0.406	1.919
2357	0.636	-0.406	1.923
2358	0.637	-0.408	1.918
2359	0.635	-0.407	1.925
2360	0.634	-0.410	1.927
2361	0.637	-0.406	1.917
2362	0.635	-0.405	1.928
2363	0.633	-0.404	1.924
2364	0.637	-0.406	1.918
2365	0.635	-0.407	1.924
2366	0.635	-0.406	1.912
2367	0.635	-0.405	1.921
2368	0.636	-0.406	1.907
2369	0.635	-0.407	1.925
2370	0.633	-0.406	1.923
2371	0.634	-0.406	1.917
2372	0.635	-0.406	1.917
2373	0.636	-0.405	1.920
2374	0.635	-0.406	1.931
2375	0.634	-0.403	1.926
2376	0.637	-0.406	1.922
2377	0.635	-0.404	1.915
2378	0.635	-0.406	1.919
2379	0.636	-0.406	1.928
2380	0.636	-0.406	1.927
2381	0.636	-0.405	1.914
2382	0.634	-0.405	1.913
2383	0.633	-0.404	1.926
2384	0.634	-0.409	1.930
2385	0.638	-0.406	1.928
2386	0.635	-0.407	1.923
2387	0.634	-0.409	1.913
2388	0.634	-0.409	1.913
2389	0.634	-0.407	1.926
2390	0.635	-0.406	1.927
2391	0.631	-0.411	1.914
2392	0.634	-0.409	1.911
2393	0.634	-0.407	1.936
2394	0.632	-0.407	1.927
2395	0.634	-0.409	1.921
2396	0.633	-0.407	1.925
2397	0.634	-0.409	1.929
2398	0.632	-0.407	1.925
2399	0.631	-0.407	1.915
2400	0.632	-0.405	1.919
2401	0.632	-0.405	1.937
2402	0.632	-0.408	1.925
2403	0.629	-0.409	1.917
2404	0.633	-0.410	1.919
2405	0.633	-0.407	1.928
2406	0.631	-0.410	1.929
2407	0.630	-0.409	1.922
2408	0.632	-0.408	1.916
2409	0.629	-0.408	1.917
2410	0.633	-0.410	1.915
2411	0.631	-0.408	1.914
2412	0.629	-0.408	1.927
2413	0.631	-0.407	1.902
2414	0.631	-0.408	1.920
2415	0.630	-0.409	1.920
2416	0.631	-0.409	1.921
2417	0.632	-0.411	1.927
2418	0.632	-0.408	1.921
2419	0.631	-0.407	1.918
2420	0.632	-0.407	1.924
2421	0.634	-0.404	1.923
2422	0.631	-0.405	1.909
2423	0.631	-0.407	1.925
2424	0.632	-0.407	1.927
2425	0.634	-0.407	1.915
2426	0.633	-0.408	1.912
2427	0.631	-0.408	1.923
2428	0.633	-0.406	1.926
2429	0.632	-0.405	1.921
2430	0.635	-0.404	1.913
2431	0.633	-0.404	1.911
2432	0.631	-0.406	1.927
2433	0.630	-0.406	1.921
2434	0.634	-0.406	1.915
2435	0.634	-0.405	1.913
2436	0.632	-0.406	1.917
2437	0.634	-0.405	1.913
2438	0.633	-0.403	1.916
2439	0.634	-0.402	1.920
2440	0.633	-0.402	1.926
2441	0.634	-0.402	1.915
2442	0.631	-0.403	1.915
2443	0.632	-0.404	1.919
2444	0.630	-0.404	1.911
2445	0.635	-0.403	1.913
2446	0.632	-0.402	1.908
2447	0.632	-0.401	1.913
2448	0.631	-0.403	1.923
2449	0.632	-0.404	1.917
2450	0.633	-0.402	1.905
2451	0.632	-0.402	1.923
2452	0.633	-0.404	1.923
2453	0.633	-0.403	1.901
2454	0.630	-0.401	1.908
2455	0.630	-0.400	1.921
2456	0.631	-0.400	1.904
2457	0.631	-0.400	1.910
2458	0.632	-0.403	1.922
2459	0.631	-0.401	1.915
2460	0.633	-0.400	1.921
2461	0.632	-0.403	1.923
2462	0.633	-0.401	1.919
2463	0.632	-0.398	1.913
2464	0.632	-0.399	1.914
2465	0.634	-0.400	1.920
2466	0.634	-0.401	1.923
2467	0.632	-0.402	1.922
2468	0.635	-0.403	1.911
2469	0.633	-0.403	1.913
2470	0.636	-0.402	1.928
2471	0.632	-0.405	1.908
2472	0.633	-0.403	1.901
2473	0.634	-0.402	1.928
2474	0.633	-0.402	1.936
2475	0.634	-0.404	1.913
2476	0.634	-0.404	1.905
2477	0.634	-0.404	1.924
2478	0.637	-0.404	1.921
2479	0.632	-0.407	1.930
2480	0.633	-0.407	1.926
2481	0.634	-0.407	1.917
2482	0.636	-0.406	1.939
2483	0.637	-0.404	1.925
2484	0.634	-0.408	1.931
2485	0.635	-0.408	1.923
2486	0.634	-0.406	1.921
2487	0.637	-0.409	1.933
2488	0.635	-0.410	1.931
2489	0.637	-0.408	1.915
2490	0.636	-0.407	1.930
2491	0.636	-0.406	1.920
2492	0.639	-0.405	1.917
2493	0.636	-0.404	1.930
2494	0.635	-0.405	1.936
2495	0.637	-0.405	1.926
2496	0.636	-0.405	1.925
2497	0.636	-0.404	1.921
2498	0.636	-0.407	1.930
2499	0.635	-0.405	1.920
2500	0.638	-0.404	1.925
2501	0.635	-0.402	1.941
2502	0.635	-0.404	1.925
2503	0.636	-0.401	1.935
2504	0.636	-0.403	1.938
2505	0.635	-0.404	1.929
2506	0.636	-0.402	1.934
2507	0.634	-0.404	1.941
2508	0.636	-0.406	1.940
2509	0.636	-0.403	1.928
2510	0.635	-0.406	1.931
2511	0.634	-0.405	1.936
2512	0.634	-0.407	1.929
2513	0.635	-0.407	1.938
2514	0.633	-0.407	1.948
2515	0.635	-0.406	1.919
2516	0.634	-0.406	1.943
2517	0.634	-0.405	1.942
2518	0.634	-0.405	1.925
2519	0.636	-0.406	1.924
2520	0.420	-0.253	1.402
2521	0.142	-0.087	0.942
2522	0.006	-0.015	0.780
2523	0.004	-0.018	0.774
2524	0.004	-0.015	0.767
2525	0.004	-0.021	0.767
2526	0.001	-0.021	0.774
2527	0.004	-0.021	0.778
2528	0.002	-0.022	0.774
2529	0.001	-0.018	0.769
2530	0.001	-0.013	0.776
2531	0.002	-0.016	0.777
2532	-0.001	-0.015	0.763
2533	-0.002	-0.019	0.775
2534	-0.002	-0.018	0.776
2535	0.001	-0.015	0.766
2536	0.001	-0.017	0.775
2537	-0.001	-0.016	0.778
2538	0.001	-0.015	0.769
2539	0.001	-0.012	0.768
2540	0.001	-0.013	0.775
2541	0.003	-0.014	0.771
2542	0.003	-0.015	0.777
2543	0.000	-0.011	0.781
2544	0.004	-0.013	0.755
2545	0.003	-0.013	0.769
2546	0.003	-0.015	0.775
2547	0.004	-0.014	0.777
2548	0.003	-0.013	0.779
2549	0.003	-0.012	0.775
2550	0.004	-0.011	0.775
2551	0.006	-0.013	0.770
2552	0.005	-0.014	0.773
2553	0.004	-0.015	0.770
2554	0.003	-0.015	0.773
2555	0.003	-0.013	0.772
2556	0.004	-0.014	0.772
2557	0.005	-0.012	0.774
2558	0.007	-0.013	0.775
2559	0.005	-0.013	0.773
2560	0.005	-0.014	0.776
2561	0.005	-0.014	0.771
2562	0.003	-0.013	0.772
2563	0.003	-0.014	0.774
2564	0.005	-0.015	0.771
2565	0.007	-0.017	0.772
2566	0.006	-0.013	0.774
2567	0.006	-0.011	0.777
2568	0.005	-0.013	0.780
2569	0.005	-0.013	0.778
2570	0.007	-0.016	0.779
2571	0.005	-0.017	0.776
2572	0.005	-0.014	0.772
2573	0.005	-0.014	0.775
2574	0.004	-0.018	0.773
2575	0.004	-0.017	0.772
2576	0.006	-0.014	0.770
2577	0.006	-0.011	0.773
2578	0.005	-0.011	0.772
2579	0.005	-0.016	0.774
2580	0.005	-0.018	0.776
2581	0.006	-0.018	0.776
2582	0.004	-0.015	0.774
2583	0.005	-0.011	0.775
2584	0.005	-0.012	0.771
2585	0.003	-0.016	0.773
2586	0.003	-0.020	0.774
2587	0.003	-0.020	0.774
2588	0.005	-0.016	0.775
2589	0.003	-0.017	0.776
2590	0.003	-0.014	0.774
2591	0.002	-0.016	0.779
2592	0.005	-0.014	0.774
2593	0.003	-0.014	0.776
2594	0.002	-0.018	0.771
2595	0.001	-0.020	0.772
2596	0.002	-0.019	0.768
2597	0.003	-0.019	0.769
2598	0.005	-0.016	0.772
2599	0.003	-0.015	0.772
2600	0.001	-0.017	0.775
2601	0.004	-0.017	0.774
2602	0.002	-0.018	0.777
2603	0.003	-0.017	0.771
2604	0.003	-0.020	0.774
2605	0.003	-0.021	0.770
2606	0.005	-0.021	0.773
2607	0.004	-0.018	0.771
2608	0.005	-0.016	0.774
2609	0.003	-0.013	0.772
2610	0.004	-0.017	0.774
2611	0.005	-0.019	0.773
2612	0.007	-0.018	0.776
2613	0.005	-0.017	0.773
2614	0.007	-0.014	0.778
2615	0.007	-0.015	0.773
2616	0.006	-0.015	0.772
2617	0.007	-0.012	0.771
2618	0.009	-0.015	0.768
2619	0.006	-0.016	0.767
2620	0.007	-0.017	0.768
2621	0.005	-0.011	0.770
2622	0.007	-0.011	0.774
2623	0.007	-0.014	0.773
2624	0.007	-0.017	0.777
2625	0.006	-0.021	0.776
2626	0.008	-0.020	0.774
2627	0.009	-0.019	0.772
2628	0.007	-0.018	0.773
2629	0.011	-0.021	0.774
2630	0.007	-0.022	0.774
2631	0.009	-0.023	0.775
2632	0.007	-0.021	0.772
2633	0.007	-0.019	0.775
2634	0.009	-0.017	0.776
2635	0.006	-0.021	0.776
2636	0.011	-0.019	0.772
2637	0.009	-0.016	0.775
2638	0.008	-0.015	0.770
2639	0.009	-0.018	0.772
2640	0.009	-0.015	0.766
2641	0.009	-0.017	0.767
2642	0.007	-0.013	0.770
2643	0.008	-0.014	0.773
2644	0.009	-0.015	0.774
2645	0.008	-0.015	0.774
2646	0.010	-0.011	0.776
2647	0.009	-0.015	0.774
2648	0.010	-0.013	0.775
2649	0.009	-0.013	0.772
2650	0.011	-0.014	0.770
2651	0.013	-0.013	0.772
2652	0.010	-0.011	0.772
2653	0.011	-0.012	0.774
2654	0.011	-0.012	0.774
2655	0.011	-0.011	0.776
2656	0.011	-0.010	0.775
2657	0.011	-0.011	0.774
2658	0.011	-0.015	0.775
2659	0.011	-0.017	0.769
2660	0.010	-0.014	0.769
2661	0.013	-0.011	0.769
2662	0.013	-0.011	0.769
2663	0.011	-0.012	0.767
2664	0.011	-0.012	0.773
2665	0.014	-0.014	0.770
2666	0.011	-0.014	0.779
2667	0.012	-0.015	0.775
2668	0.013	-0.016	0.779
2669	0.014	-0.015	0.774
2670	0.014	-0.017	0.776
2671	0.014	-0.015	0.775
2672	0.017	-0.015	0.775
2673	0.015	-0.018	0.773
2674	0.015	-0.018	0.772
2675	0.014	-0.016	0.771
2676	0.014	-0.015	0.777
2677	0.013	-0.015	0.773
2678	0.013	-0.017	0.772
2679	0.013	-0.016	0.771
2680	0.012	-0.014	0.770
2681	0.013	-0.013	0.769
2682	0.011	-0.012	0.769
2683	0.012	-0.014	0.769
2684	0.012	-0.016	0.770
2685	0.012	-0.017	0.771
2686	0.017	-0.017	0.770
2687	0.015	-0.017	0.775
2688	0.017	-0.017	0.775
2689	0.016	-0.015	0.776
2690	0.016	-0.011	0.776
2691	0.018	-0.011	0.777
2692	0.020	-0.014	0.775
2693	0.020	-0.013	0.773
2694	0.015	-0.014	0.770
2695	0.017	-0.014	0.773
2696	0.016	-0.011	0.770
2697	0.018	-0.014	0.771
2698	0.018	-0.013	0.772
2699	0.019	-0.013	0.775
2700	0.019	-0.015	0.773
2701	0.018	-0.017	0.773
2702	0.018	-0.016	0.769
2703	0.018	-0.017	0.770
2704	0.019	-0.018	0.770
2705	0.017	-0.016	0.766
2706	0.014	-0.019	0.771
2707	0.016	-0.016	0.773
2708	0.015	-0.014	0.774
2709	0.016	-0.017	0.772
2710	0.019	-0.017	0.775
2711	0.017	-0.017	0.777
2712	0.016	-0.020	0.777
2713	0.018	-0.018	0.776
2714	0.016	-0.015	0.777
2715	0.017	-0.011	0.772
2716	0.018	-0.011	0.773
2717	0.019	-0.012	0.770
2718	0.019	-0.015	0.772
2719	0.016	-0.016	0.771
2720	0.018	-0.018	0.773
2721	0.016	-0.014	0.772
2722	0.017	-0.014	0.773
2723	0.017	-0.012	0.770
2724	0.017	-0.013	0.775
2725	0.017	-0.016	0.772
2726	0.017	-0.018	0.775
2727	0.015	-0.023	0.770
2728	0.018	-0.022	0.771
2729	0.018	-0.018	0.772
2730	0.018	-0.013	0.769
2731	0.018	-0.011	0.775
2732	0.018	-0.012	0.779
2733	0.018	-0.017	0.776
2734	0.023	-0.019	0.778
2735	0.022	-0.017	0.775
2736	0.021	-0.018	0.771
2737	0.020	-0.013	0.772
2738	0.021	-0.013	0.771
2739	0.023	-0.014	0.768
2740	0.022	-0.017	0.770
2741	0.021	-0.015	0.773
2742	0.022	-0.017	0.770
2743	0.023	-0.018	0.772
2744	0.020	-0.015	0.772
2745	0.024	-0.015	0.772
2746	0.022	-0.010	0.772
2747	0.022	-0.014	0.775
2748	0.022	-0.017	0.772
2749	0.024	-0.017	0.770
2750	0.023	-0.017	0.771
2751	0.022	-0.018	0.773
2752	0.021	-0.018	0.772
2753	0.022	-0.018	0.774
2754	0.022	-0.013	0.773
2755	0.021	-0.012	0.778
2756	0.020	-0.013	0.777
2757	0.021	-0.016	0.777
2758	0.019	-0.019	0.773
2759	0.020	-0.016	0.770
2760	0.019	-0.017	0.772
2761	0.019	-0.014	0.770
2762	0.020	-0.014	0.769
2763	0.018	-0.015	0.770
2764	0.018	-0.017	0.770
2765	0.019	-0.018	0.774
2766	0.021	-0.018	0.773
2767	0.019	-0.018	0.771
2768	0.021	-0.018	0.778
2769	0.020	-0.015	0.773
2770	0.022	-0.017	0.779
2771	0.019	-0.016	0.772
2772	0.021	-0.015	0.774
2773	0.022	-0.018	0.770
2774	0.022	-0.015	0.772
2775	0.020	-0.015	0.774
2776	0.022	-0.017	0.775
2777	0.021	-0.018	0.773
2778	0.021	-0.015	0.778
2779	0.022	-0.015	0.775
2780	0.022	-0.014	0.776
2781	0.020	-0.015	0.769
2782	0.020	-0.018	0.771
2783	0.020	-0.018	0.768
2784	0.018	-0.017	0.768
2785	0.021	-0.015	0.767
2786	0.018	-0.014	0.770
2787	0.019	-0.016	0.772
2788	0.019	-0.016	0.772
2789	0.020	-0.015	0.774
2790	0.019	-0.013	0.775
2791	0.022	-0.014	0.776
2792	0.020	-0.013	0.779
2793	0.019	-0.014	0.775
2794	0.020	-0.014	0.771
2795	0.023	-0.013	0.773
2796	0.020	-0.014	0.773
2797	0.020	-0.015	0.775
2798	0.019	-0.014	0.773
2799	0.020	-0.013	0.775
2800	0.023	-0.009	0.771
2801	0.021	-0.010	0.776
2802	0.018	-0.010	0.769
2803	0.019	-0.015	0.773
2804	0.019	-0.015	0.771
2805	0.019	-0.014	0.768
2806	0.018	-0.010	0.767
2807	0.020	-0.009	0.770
2808	0.019	-0.010	0.773
2809	0.020	-0.013	0.769
2810	0.015	-0.015	0.773
2811	0.016	-0.016	0.774
2812	0.017	-0.014	0.779
2813	0.018	-0.012	0.776
2814	0.017	-0.007	0.776
2815	0.016	-0.008	0.778
2816	0.015	-0.011	0.772
2817	0.018	-0.015	0.771
2818	0.016	-0.015	0.778
2819	0.018	-0.012	0.767
2820	0.018	-0.011	0.774
2821	0.018	-0.009	0.772
2822	0.017	-0.012	0.774
2823	0.018	-0.011	0.774
2824	0.019	-0.012	0.775
2825	0.017	-0.011	0.774
2826	0.019	-0.010	0.771
2827	0.015	-0.009	0.769
2828	0.016	-0.007	0.772
2829	0.019	-0.007	0.770
2830	0.015	-0.011	0.771
2831	0.018	-0.010	0.774
2832	0.017	-0.010	0.774
2833	0.018	-0.008	0.771
2834	0.019	-0.009	0.776
2835	0.018	-0.009	0.775
2836	0.018	-0.013	0.776
2837	0.018	-0.011	0.776
2838	0.019	-0.011	0.772
2839	0.018	-0.013	0.771
2840	0.020	-0.015	0.770
2841	0.020	-0.017	0.770
2842	0.022	-0.015	0.768
2843	0.017	-0.012	0.769
2844	0.020	-0.010	0.774
2845	0.021	-0.015	0.767
2846	0.019	-0.012	0.770
2847	0.019	-0.015	0.775
2848	0.022	-0.017	0.770
2849	0.020	-0.015	0.774
2850	0.018	-0.014	0.770
2851	0.022	-0.013	0.772
2852	0.019	-0.013	0.771
2853	0.022	-0.014	0.772
2854	0.020	-0.014	0.772
2855	0.021	-0.015	0.772
2856	0.021	-0.015	0.773
2857	0.022	-0.016	0.771
2858	0.022	-0.017	0.772
2859	0.020	-0.014	0.776
2860	0.020	-0.015	0.774
2861	0.020	-0.015	0.772
2862	0.020	-0.017	0.772
2863	0.021	-0.015	0.770
2864	0.021	-0.013	0.768
2865	0.020	-0.015	0.770
2866	0.019	-0.016	0.770
2867	0.023	-0.016	0.771
2868	0.021	-0.015	0.775
2869	0.020	-0.013	0.772
2870	0.022	-0.013	0.779
2871	0.020	-0.016	0.770
2872	0.021	-0.017	0.775
2873	0.020	-0.017	0.774
2874	0.022	-0.015	0.776
2875	0.024	-0.017	0.772
2876	0.023	-0.016	0.773
2877	0.022	-0.017	0.772
2878	0.022	-0.018	0.773
2879	0.025	-0.022	0.772
2880	0.023	-0.024	0.774
2881	0.025	-0.021	0.774
2882	0.022	-0.020	0.772
2883	0.023	-0.021	0.775
2884	0.022	-0.023	0.774
2885	0.022	-0.023	0.773
2886	0.024	-0.023	0.774
2887	0.024	-0.022	0.768
2888	0.022	-0.023	0.769
2889	0.024	-0.022	0.771
2890	0.024	-0.021	0.769
2891	0.025	-0.022	0.775
2892	0.023	-0.021	0.772
2893	0.023	-0.022	0.776
2894	0.026	-0.023	0.774
2895	0.023	-0.019	0.778
2896	0.025	-0.021	0.774
2897	0.026	-0.020	0.776
2898	0.023	-0.021	0.771
2899	0.024	-0.024	0.776
2900	0.024	-0.024	0.773
2901	0.023	-0.024	0.773
2902	0.026	-0.022	0.772
2903	0.025	-0.020	0.774
2904	0.025	-0.020	0.774
2905	0.025	-0.019	0.774
2906	0.025	-0.018	0.774
2907	0.026	-0.020	0.772
2908	0.025	-0.021	0.771
2909	0.026	-0.021	0.771
2910	0.025	-0.021	0.770
2911	0.025	-0.019	0.770
2912	0.024	-0.019	0.773
2913	0.026	-0.020	0.774
2914	0.027	-0.020	0.775
2915	0.025	-0.018	0.771
2916	0.026	-0.018	0.779
2917	0.024	-0.019	0.775
2918	0.025	-0.020	0.774
2919	0.023	-0.019	0.775
2920	0.024	-0.018	0.776
2921	0.026	-0.018	0.770
2922	0.024	-0.017	0.769
2923	0.025	-0.021	0.770
2924	0.025	-0.020	0.771
2925	0.022	-0.022	0.769
2926	0.022	-0.019	0.770
2927	0.024	-0.020	0.769
2928	0.023	-0.019	0.773
2929	0.022	-0.020	0.774
2930	0.023	-0.019	0.774
2931	0.024	-0.019	0.776
2932	0.025	-0.019	0.777
2933	0.022	-0.018	0.773
2934	0.020	-0.018	0.771
2935	0.021	-0.017	0.774
2936	0.024	-0.015	0.775
2937	0.022	-0.017	0.772
2938	0.022	-0.017	0.770
2939	0.022	-0.017	0.773
2940	0.021	-0.018	0.774
2941	0.021	-0.015	0.775
2942	0.021	-0.018	0.772
2943	0.022	-0.018	0.771
2944	0.022	-0.020	0.769
2945	0.024	-0.019	0.770
2946	0.021	-0.018	0.768
2947	0.022	-0.017	0.767
2948	0.023	-0.018	0.769
2949	0.022	-0.021	0.768
2950	0.022	-0.022	0.772
2951	0.022	-0.018	0.769
2952	0.022	-0.018	0.778
2953	0.023	-0.019	0.772
2954	0.022	-0.018	0.775
2955	0.024	-0.018	0.776
2956	0.023	-0.019	0.772
2957	0.022	-0.019	0.773
2958	0.022	-0.020	0.772
2959	0.021	-0.019	0.769
2960	0.021	-0.018	0.773
2961	0.024	-0.016	0.768
2962	0.024	-0.018	0.772
2963	0.023	-0.015	0.772
2964	0.023	-0.017	0.772
2965	0.024	-0.020	0.772
2966	0.022	-0.018	0.774
2967	0.022	-0.017	0.773
2968	0.022	-0.016	0.772
2969	0.022	-0.018	0.769
2970	0.024	-0.018	0.767
2971	0.022	-0.019	0.771
2972	0.022	-0.016	0.768
2973	0.020	-0.015	0.774
2974	0.022	-0.015	0.775
2975	0.022	-0.015	0.773
2976	0.021	-0.016	0.779
2977	0.021	-0.017	0.778
2978	0.019	-0.017	0.777
2979	0.019	-0.017	0.779
2980	0.020	-0.018	0.772
2981	0.019	-0.015	0.774
2982	0.020	-0.018	0.768
2983	0.022	-0.018	0.771
2984	0.018	-0.018	0.768
2985	0.020	-0.018	0.768
2986	0.019	-0.018	0.768
2987	0.018	-0.019	0.772
2988	0.019	-0.018	0.773
2989	0.017	-0.018	0.775
2990	0.019	-0.018	0.777
2991	0.018	-0.021	0.773
2992	0.019	-0.018	0.777
2993	0.022	-0.019	0.775
2994	0.022	-0.017	0.774
2995	0.019	-0.019	0.771
2996	0.021	-0.019	0.773
2997	0.023	-0.019	0.774
2998	0.021	-0.019	0.774
2999	0.019	-0.021	0.772
3000	0.020	-0.018	0.776
3001	0.019	-0.019	0.775
3002	0.019	-0.018	0.776
3003	0.020	-0.021	0.772
3004	0.018	-0.019	0.774
3005	0.019	-0.017	0.770
3006	0.020	-0.019	0.770
3007	0.020	-0.015	0.768
3008	0.020	-0.017	0.768
3009	0.019	-0.019	0.772
3010	0.019	-0.021	0.769
3011	0.019	-0.021	0.776
3012	0.018	-0.019	0.776
