0	-0.004	-0.008	0.767
1	-0.005	-0.005	0.759
2	-0.006	-0.005	0.762
3	-0.007	-0.002	0.766
4	-0.005	-0.007	0.758
5	-0.005	-0.008	0.774
6	-0.006	-0.005	0.758
7	-0.008	-0.004	0.772
8	-0.009	-0.005	0.773
9	-0.008	-0.003	0.768
10	-0.006	-0.006	0.772
11	-0.008	-0.009	0.761
12	-0.006	-0.007	0.762
13	-0.008	-0.005	0.764
14	-0.008	-0.006	0.766
15	-0.009	-0.006	0.765
16	-0.006	-0.005	0.766
17	-0.005	-0.007	0.761
18	-0.009	-0.007	0.763
19	-0.007	-0.007	0.768
20	-0.005	-0.007	0.763
21	-0.005	-0.006	0.770
22	-0.006	-0.005	0.770
23	-0.008	-0.007	0.773
24	-0.005	-0.007	0.763
25	-0.006	-0.008	0.765
26	-0.005	-0.005	0.759
27	-0.006	-0.003	0.761
28	-0.007	-0.004	0.762
29	-0.004	-0.009	0.763
30	-0.007	-0.007	0.765
31	-0.007	-0.006	0.763
32	-0.009	-0.005	0.770
33	-0.008	-0.003	0.771
34	-0.008	-0.005	0.766
35	-0.009	-0.005	0.770
36	-0.007	-0.005	0.764
37	-0.010	-0.007	0.771
38	-0.009	-0.008	0.768
39	-0.010	-0.006	0.770
40	-0.010	-0.003	0.767
41	-0.009	-0.004	0.768
42	-0.008	-0.005	0.762
43	-0.009	-0.004	0.765
44	-0.007	-0.007	0.758
45	-0.008	-0.006	0.757
46	-0.007	-0.004	0.769
47	-0.009	-0.007	0.768
48	-0.007	-0.007	0.769
49	-0.008	-0.007	0.755
50	-0.007	-0.003	0.760
51	-0.007	-0.001	0.757
52	-0.007	-0.004	0.763
53	-0.004	-0.008	0.765
54	-0.005	-0.006	0.764
55	-0.006	-0.006	0.767
56	-0.006	-0.003	0.769
57	-0.005	-0.003	0.764
58	-0.006	-0.008	0.768
59	-0.007	-0.009	0.768
60	-0.009	-0.007	0.769
61	-0.006	-0.005	0.768
62	-0.006	-0.005	0.762
63	-0.006	-0.001	0.763
64	-0.007	-0.006	0.767
65	-0.009	-0.006	0.758
66	-0.011	-0.006	0.758
67	-0.007	-0.009	0.763
68	-0.006	-0.005	0.757
69	-0.008	-0.004	0.759
70	-0.009	-0.003	0.768
71	-0.009	-0.007	0.765
72	-0.007	-0.009	0.767
73	-0.007	-0.011	0.772
74	-0.007	-0.005	0.759
75	-0.006	-0.003	0.772
76	-0.005	0.001	0.769
77	-0.007	-0.002	0.761
78	-0.007	-0.007	0.769
79	-0.007	-0.010	0.763
80	-0.006	-0.008	0.765
81	-0.006	-0.008	0.766
82	-0.005	-0.007	0.758
83	-0.005	-0.006	0.770
84	-0.007	-0.001	0.763
85	-0.006	-0.004	0.759
86	-0.007	-0.005	0.760
87	-0.009	-0.009	0.763
88	-0.007	-0.008	0.768
89	-0.008	-0.007	0.755
90	-0.007	-0.003	0.763
91	-0.008	-0.007	0.753
92	-0.007	-0.006	0.765
93	-0.008	-0.004	0.764
94	-0.007	-0.003	0.771
95	-0.009	-0.003	0.765
96	-0.007	-0.008	0.763
97	-0.005	-0.007	0.765
98	-0.007	-0.007	0.767
99	-0.007	-0.004	0.768
100	-0.008	-0.005	0.763
101	-0.007	-0.004	0.764
102	-0.006	-0.003	0.764
103	-0.007	-0.005	0.759
104	-0.007	-0.007	0.760
105	-0.008	-0.008	0.758
106	-0.006	-0.009	0.767
107	-0.008	-0.007	0.760
108	-0.009	-0.001	0.763
109	-0.006	-0.002	0.767
110	-0.007	-0.005	0.779
111	-0.007	-0.005	0.765
112	-0.006	-0.009	0.764
113	-0.007	-0.006	0.774
114	-0.007	-0.003	0.763
115	-0.007	-0.001	0.765
116	-0.009	-0.005	0.771
117	-0.007	-0.009	0.762
118	-0.006	-0.005	0.770
119	-0.007	-0.008	0.759
120	-0.007	-0.010	0.757
121	-0.005	-0.008	0.770
122	-0.004	-0.006	0.771
123	-0.007	-0.006	0.761
124	-0.005	-0.007	0.766
125	-0.005	-0.010	0.761
126	-0.004	-0.007	0.778
127	-0.005	-0.005	0.766
128	-0.006	-0.006	0.770
129	-0.005	-0.005	0.772
130	-0.007	-0.005	0.773
131	-0.003	-0.007	0.775
132	-0.006	-0.003	0.772
133	-0.005	-0.003	0.756
134	-0.004	-0.005	0.763
135	-0.006	-0.007	0.771
136	-0.005	-0.011	0.761
137	-0.005	-0.007	0.762
138	-0.005	-0.003	0.759
139	-0.003	-0.001	0.760
140	-0.006	0.000	0.761
141	-0.005	-0.003	0.765
142	-0.003	-0.008	0.761
143	-0.005	-0.010	0.765
144	-0.003	-0.007	0.770
145	-0.004	-0.004	0.766
146	-0.002	-0.001	0.759
147	-0.003	0.001	0.766
148	-0.005	-0.002	0.760
149	-0.006	-0.006	0.769
150	-0.005	-0.009	0.773
151	-0.005	-0.006	0.774
152	-0.005	-0.005	0.763
153	-0.004	-0.003	0.758
154	-0.005	-0.005	0.768
155	-0.005	-0.005	0.763
156	-0.005	-0.006	0.760
157	-0.007	-0.004	0.764
158	-0.005	-0.005	0.764
159	-0.006	-0.006	0.753
160	-0.005	-0.008	0.764
161	-0.003	-0.007	0.770
162	-0.005	-0.004	0.773
163	-0.006	-0.005	0.767
164	-0.007	-0.005	0.768
165	-0.007	-0.005	0.771
166	-0.007	-0.005	0.766
167	-0.006	-0.005	0.759
168	-0.009	-0.004	0.768
169	-0.007	-0.006	0.777
170	-0.006	-0.005	0.760
171	-0.006	-0.009	0.766
172	-0.009	-0.008	0.758
173	-0.005	-0.008	0.758
174	-0.005	-0.004	0.761
175	-0.005	-0.003	0.770
176	-0.005	-0.003	0.763
177	-0.005	-0.007	0.763
178	-0.005	-0.007	0.763
179	-0.005	-0.006	0.771
180	-0.005	-0.004	0.756
181	-0.005	-0.003	0.765
182	-0.008	-0.003	0.766
183	-0.007	-0.009	0.761
184	-0.006	-0.006	0.767
185	-0.006	-0.005	0.758
186	-0.006	-0.002	0.763
187	-0.007	-0.002	0.767
188	-0.007	-0.005	0.772
189	-0.005	-0.007	0.760
190	-0.007	-0.004	0.763
191	-0.007	-0.003	0.764
192	-0.006	-0.003	0.759
193	-0.008	-0.009	0.761
194	-0.009	-0.006	0.762
195	-0.007	-0.006	0.771
196	-0.006	0.000	0.771
197	-0.008	-0.001	0.764
198	-0.008	-0.004	0.761
199	-0.005	-0.005	0.770
200	-0.005	-0.005	0.762
201	-0.005	-0.006	0.770
202	-0.006	-0.002	0.776
203	-0.007	-0.006	0.773
204	-0.007	-0.008	0.770
205	-0.006	-0.007	0.769
206	-0.007	-0.005	0.766
207	-0.006	-0.005	0.768
208	-0.005	-0.003	0.763
209	-0.005	-0.006	0.759
210	-0.006	-0.005	0.761
211	-0.004	-0.010	0.766
212	-0.005	-0.009	0.753
213	-0.005	-0.007	0.762
214	-0.007	-0.008	0.768
215	-0.005	-0.005	0.768
216	-0.005	-0.005	0.771
217	-0.005	-0.004	0.758
218	-0.005	-0.007	0.771
219	-0.004	-0.007	0.767
220	-0.004	-0.007	0.769
221	-0.002	-0.005	0.760
222	-0.002	-0.007	0.759
223	-0.001	-0.005	0.763
224	-0.003	-0.006	0.761
225	-0.003	-0.007	0.766
226	-0.002	-0.008	0.761
227	-0.002	-0.007	0.768
228	-0.002	-0.007	0.765
229	-0.003	-0.008	0.765
230	0.000	-0.005	0.765
231	-0.001	-0.005	0.754
232	-0.002	-0.008	0.770
233	-0.003	-0.009	0.772
234	-0.002	-0.005	0.768
235	-0.003	-0.005	0.768
236	-0.004	-0.004	0.768
237	-0.005	-0.005	0.777
238	-0.001	-0.007	0.766
239	-0.003	-0.003	0.767
240	-0.005	-0.003	0.764
241	-0.003	-0.004	0.770
242	-0.003	-0.006	0.774
243	-0.005	-0.005	0.762
244	-0.004	-0.009	0.760
245	-0.005	-0.007	0.764
246	-0.003	-0.010	0.759
247	-0.004	-0.006	0.757
248	-0.004	-0.006	0.764
249	-0.004	-0.005	0.761
250	-0.002	-0.005	0.765
251	-0.003	-0.006	0.755
252	-0.003	-0.008	0.763
253	-0.002	-0.007	0.768
254	-0.004	-0.010	0.774
255	-0.004	-0.009	0.772
256	-0.001	-0.007	0.768
257	-0.001	-0.005	0.769
258	-0.001	0.001	0.764
259	-0.002	-0.001	0.762
260	-0.003	-0.009	0.759
261	-0.005	-0.013	0.753
262	0.000	-0.013	0.761
263	-0.001	-0.006	0.761
264	-0.002	-0.004	0.766
265	-0.002	-0.005	0.767
266	-0.002	-0.004	0.762
267	-0.003	-0.004	0.762
268	-0.003	-0.003	0.764
269	-0.004	-0.006	0.771
270	-0.003	-0.010	0.768
271	-0.002	-0.010	0.774
272	-0.002	-0.005	0.763
273	-0.004	-0.002	0.760
274	-0.003	-0.001	0.765
275	-0.001	-0.001	0.765
276	-0.001	-0.005	0.774
277	-0.005	-0.009	0.770
278	-0.004	-0.007	0.758
279	-0.003	-0.007	0.769
280	-0.002	-0.005	0.767
281	-0.001	-0.005	0.766
282	-0.002	-0.003	0.759
283	-0.004	-0.002	0.761
284	-0.002	-0.005	0.762
285	-0.004	-0.006	0.770
286	-0.002	-0.006	0.766
287	-0.004	-0.005	0.772
288	-0.003	-0.007	0.772
289	-0.002	-0.007	0.774
290	-0.002	-0.005	0.766
291	-0.003	-0.003	0.768
292	-0.003	-0.004	0.780
293	-0.003	-0.006	0.773
294	-0.004	-0.008	0.764
295	-0.003	-0.004	0.771
296	-0.005	-0.005	0.765
297	-0.006	-0.004	0.763
298	-0.003	-0.003	0.754
299	-0.005	-0.005	0.758
300	-0.005	-0.007	0.757
301	-0.005	-0.003	0.773
302	-0.006	-0.004	0.765
303	-0.004	-0.004	0.763
304	-0.006	-0.007	0.762
305	-0.005	-0.006	0.772
306	-0.005	-0.003	0.769
307	-0.006	-0.003	0.771
308	-0.005	-0.005	0.765
309	-0.006	-0.005	0.763
310	-0.003	-0.009	0.764
311	-0.007	-0.007	0.762
312	-0.005	-0.005	0.759
313	-0.006	-0.005	0.764
314	-0.006	-0.004	0.758
315	-0.006	-0.004	0.763
316	-0.005	-0.005	0.759
317	-0.006	-0.002	0.758
318	-0.007	-0.008	0.766
319	-0.004	-0.010	0.765
320	-0.002	-0.008	0.765
321	-0.003	-0.003	0.767
322	-0.005	-0.005	0.771
323	-0.005	-0.004	0.768
324	-0.004	-0.002	0.760
325	-0.004	-0.005	0.764
326	-0.005	-0.005	0.760
327	-0.006	-0.010	0.763
328	-0.006	-0.011	0.760
329	-0.005	-0.008	0.767
330	-0.005	-0.003	0.761
331	-0.005	0.001	0.766
332	-0.005	-0.002	0.763
333	-0.005	-0.007	0.773
334	-0.003	-0.007	0.756
335	-0.003	-0.007	0.762
336	-0.003	-0.005	0.760
337	0.000	-0.005	0.759
338	-0.004	-0.006	0.756
339	-0.003	-0.008	0.761
340	-0.001	-0.002	0.761
341	-0.003	-0.004	0.766
342	0.001	-0.004	0.764
343	0.000	-0.005	0.779
344	-0.004	-0.009	0.768
345	-0.001	-0.009	0.767
346	-0.002	-0.009	0.766
347	-0.003	-0.005	0.773
348	0.001	-0.005	0.776
349	0.002	0.000	0.765
350	-0.001	-0.004	0.761
351	-0.001	-0.008	0.752
352	-0.001	-0.008	0.760
353	0.002	-0.009	0.763
354	0.001	-0.006	0.762
355	0.002	-0.003	0.761
356	0.002	-0.004	0.768
357	0.002	-0.007	0.769
358	0.002	-0.007	0.772
359	0.004	-0.006	0.759
360	0.001	-0.004	0.768
361	0.005	-0.007	0.762
362	0.004	-0.010	0.778
363	0.003	-0.010	0.763
364	0.002	-0.004	0.765
365	0.002	-0.003	0.769
366	0.003	-0.002	0.756
367	0.002	-0.007	0.763
368	0.004	-0.010	0.767
369	0.005	-0.007	0.767
370	0.002	-0.005	0.758
371	0.003	-0.006	0.767
372	0.003	-0.007	0.763
373	0.002	-0.008	0.763
374	0.001	-0.006	0.764
375	0.005	-0.007	0.759
376	0.004	-0.007	0.758
377	0.004	-0.007	0.764
378	0.005	-0.005	0.765
379	0.003	-0.008	0.767
380	0.005	-0.004	0.754
381	0.004	-0.010	0.769
382	0.003	-0.008	0.775
383	0.003	-0.007	0.765
384	0.003	-0.005	0.772
385	0.004	-0.009	0.766
386	0.002	-0.007	0.766
387	0.003	-0.006	0.768
388	0.002	-0.002	0.765
389	0.002	-0.002	0.764
390	0.003	-0.005	0.755
391	0.003	-0.009	0.756
392	0.000	-0.007	0.759
393	0.002	-0.005	0.760
394	-0.001	0.000	0.768
395	0.001	-0.003	0.778
396	0.002	-0.003	0.764
397	0.002	-0.006	0.765
398	0.001	-0.006	0.764
399	0.001	-0.003	0.764
400	-0.001	-0.005	0.766
401	-0.001	-0.004	0.767
402	-0.001	-0.001	0.757
403	-0.001	-0.001	0.760
404	-0.003	0.000	0.764
405	-0.001	-0.003	0.759
406	-0.001	-0.003	0.763
407	-0.002	-0.002	0.759
408	0.002	-0.002	0.763
409	0.000	-0.003	0.768
410	-0.001	-0.003	0.766
411	-0.001	-0.003	0.758
412	0.001	-0.004	0.776
413	-0.001	-0.003	0.768
414	0.001	-0.002	0.767
415	0.004	-0.005	0.769
416	0.005	-0.007	0.758
417	0.004	-0.004	0.758
418	0.005	0.001	0.767
419	0.004	0.000	0.759
420	0.004	-0.002	0.760
421	0.005	-0.007	0.762
422	0.003	-0.003	0.758
423	0.007	-0.006	0.761
424	0.005	-0.002	0.763
425	0.004	0.001	0.761
426	0.004	-0.002	0.767
427	0.004	-0.003	0.767
428	0.005	-0.004	0.758
429	0.005	-0.002	0.768
430	0.003	-0.002	0.776
431	0.006	-0.006	0.769
432	0.004	-0.005	0.760
433	0.003	-0.008	0.770
434	0.002	-0.005	0.766
435	0.005	-0.002	0.768
436	0.004	-0.001	0.767
437	0.005	-0.001	0.768
438	0.002	-0.004	0.766
439	0.005	-0.008	0.762
440	0.005	-0.006	0.767
441	0.004	-0.006	0.767
442	0.003	-0.002	0.764
443	0.005	-0.001	0.762
444	0.005	-0.003	0.758
445	0.004	-0.004	0.767
446	0.006	-0.009	0.759
447	0.003	-0.006	0.760
448	0.003	-0.002	0.777
449	0.004	-0.007	0.767
450	0.006	-0.006	0.762
451	0.003	-0.004	0.774
452	0.005	-0.002	0.765
453	0.005	0.001	0.771
454	0.004	-0.004	0.773
455	0.003	-0.004	0.769
456	0.004	-0.007	0.759
457	0.001	-0.007	0.764
458	0.004	-0.003	0.759
459	0.005	-0.004	0.758
460	0.004	-0.005	0.772
461	0.003	-0.003	0.768
462	0.002	-0.005	0.759
463	0.004	-0.005	0.760
464	0.003	-0.005	0.769
465	0.001	-0.002	0.763
466	0.004	-0.002	0.765
467	0.003	-0.001	0.763
468	0.000	-0.004	0.759
469	0.002	-0.005	0.761
470	0.000	-0.007	0.758
471	0.001	-0.003	0.766
472	0.000	-0.003	0.764
473	0.004	-0.002	0.769
474	0.004	-0.005	0.758
475	0.001	-0.003	0.767
476	0.002	-0.003	0.769
477	0.001	0.000	0.767
478	0.002	-0.005	0.763
479	0.001	-0.005	0.761
480	0.003	-0.007	0.762
481	0.001	-0.003	0.770
482	0.003	-0.003	0.760
483	0.003	0.001	0.758
484	0.002	-0.005	0.758
485	0.005	-0.005	0.768
486	0.001	-0.005	0.762
487	0.002	-0.005	0.759
488	0.003	-0.004	0.766
489	0.003	-0.003	0.761
490	0.002	-0.005	0.772
491	0.001	-0.004	0.775
492	0.001	-0.003	0.774
493	0.001	-0.005	0.766
494	0.002	-0.007	0.764
495	0.002	-0.002	0.757
496	0.002	-0.002	0.760
497	0.004	-0.004	0.766
498	0.000	-0.004	0.758
499	0.003	-0.005	0.762
500	0.005	-0.006	0.766
501	0.002	-0.002	0.763
502	0.005	-0.004	0.758
503	0.005	-0.003	0.770
504	0.004	-0.004	0.771
505	0.004	-0.003	0.764
506	0.003	-0.002	0.767
507	0.005	-0.004	0.767
508	0.004	-0.005	0.767
509	0.005	-0.006	0.763
510	0.004	-0.003	0.763
511	0.004	-0.004	0.767
512	0.004	-0.002	0.761
513	0.006	-0.003	0.769
514	0.003	-0.005	0.761
515	0.002	-0.005	0.766
516	0.028	-0.013	0.875
517	0.243	-0.082	1.175
518	0.241	-0.084	1.132
519	0.238	-0.079	1.157
520	0.235	-0.078	1.147
521	0.233	-0.074	1.137
522	0.233	-0.075	1.142
523	0.234	-0.075	1.129
524	0.230	-0.075	1.142
525	0.228	-0.072	1.137
526	0.230	-0.072	1.132
527	0.229	-0.074	1.128
528	0.230	-0.073	1.133
529	0.228	-0.070	1.129
530	0.226	-0.071	1.124
531	0.228	-0.072	1.125
532	0.224	-0.075	1.125
533	0.224	-0.074	1.131
534	0.224	-0.072	1.127
535	0.225	-0.070	1.117
536	0.225	-0.072	1.119
537	0.223	-0.073	1.131
538	0.223	-0.073	1.133
539	0.223	-0.070	1.120
540	0.221	-0.072	1.119
541	0.226	-0.072	1.125
542	0.223	-0.073	1.113
543	0.225	-0.074	1.131
544	0.224	-0.072	1.120
545	0.221	-0.070	1.135
546	0.220	-0.073	1.125
547	0.221	-0.072	1.115
548	0.222	-0.072	1.111
549	0.223	-0.071	1.113
550	0.221	-0.072	1.122
551	0.219	-0.072	1.126
552	0.220	-0.072	1.119
553	0.220	-0.074	1.118
554	0.221	-0.073	1.122
555	0.221	-0.072	1.133
556	0.218	-0.073	1.130
557	0.218	-0.075	1.115
558	0.220	-0.072	1.116
559	0.220	-0.072	1.136
560	0.221	-0.072	1.127
561	0.218	-0.074	1.117
562	0.221	-0.073	1.120
563	0.220	-0.073	1.129
564	0.218	-0.072	1.127
565	0.220	-0.071	1.119
566	0.219	-0.073	1.119
567	0.221	-0.073	1.120
568	0.222	-0.072	1.127
569	0.218	-0.072	1.116
570	0.218	-0.069	1.127
571	0.220	-0.072	1.128
572	0.220	-0.072	1.137
573	0.218	-0.071	1.129
574	0.219	-0.070	1.127
575	0.218	-0.070	1.121
576	0.220	-0.070	1.129
577	0.221	-0.072	1.129
578	0.222	-0.074	1.131
579	0.221	-0.071	1.110
580	0.222	-0.071	1.115
581	0.221	-0.073	1.136
582	0.221	-0.073	1.121
583	0.221	-0.070	1.111
584	0.221	-0.070	1.125
585	0.221	-0.071	1.124
586	0.220	-0.072	1.122
587	0.222	-0.073	1.113
588	0.222	-0.072	1.102
589	0.223	-0.067	1.114
590	0.221	-0.070	1.119
591	0.218	-0.073	1.115
592	0.221	-0.073	1.111
593	0.220	-0.069	1.119
594	0.221	-0.070	1.119
595	0.219	-0.072	1.124
596	0.221	-0.071	1.124
597	0.221	-0.071	1.116
598	0.222	-0.070	1.133
599	0.220	-0.068	1.132
600	0.218	-0.075	1.127
601	0.219	-0.073	1.115
602	0.221	-0.074	1.127
603	0.221	-0.070	1.114
604	0.219	-0.072	1.115
605	0.221	-0.068	1.112
606	0.220	-0.072	1.123
607	0.222	-0.072	1.133
608	0.220	-0.071	1.123
609	0.218	-0.069	1.113
610	0.221	-0.071	1.125
611	0.221	-0.070	1.127
612	0.220	-0.071	1.125
613	0.220	-0.070	1.119
614	0.220	-0.070	1.105
615	0.221	-0.072	1.114
616	0.221	-0.071	1.130
617	0.221	-0.072	1.110
618	0.217	-0.072	1.115
619	0.220	-0.072	1.110
620	0.221	-0.070	1.118
621	0.221	-0.071	1.118
622	0.222	-0.070	1.110
623	0.220	-0.068	1.113
624	0.220	-0.072	1.121
625	0.221	-0.071	1.111
626	0.221	-0.070	1.117
627	0.219	-0.071	1.122
628	0.219	-0.068	1.116
629	0.221	-0.069	1.119
630	0.220	-0.070	1.122
631	0.221	-0.068	1.111
632	0.221	-0.068	1.117
633	0.221	-0.067	1.109
634	0.219	-0.072	1.109
635	0.221	-0.069	1.102
636	0.221	-0.067	1.116
637	0.217	-0.070	1.123
638	0.219	-0.069	1.116
639	0.221	-0.070	1.103
640	0.219	-0.069	1.107
641	0.221	-0.069	1.114
642	0.222	-0.068	1.118
643	0.220	-0.069	1.104
644	0.220	-0.071	1.102
645	0.224	-0.070	1.119
646	0.222	-0.070	1.109
647	0.222	-0.068	1.116
648	0.221	-0.069	1.107
649	0.222	-0.070	1.109
650	0.221	-0.069	1.116
651	0.221	-0.067	1.109
652	0.222	-0.065	1.115
653	0.221	-0.068	1.104
654	0.221	-0.071	1.116
655	0.222	-0.071	1.115
656	0.221	-0.070	1.115
657	0.220	-0.068	1.104
658	0.222	-0.069	1.105
659	0.223	-0.069	1.122
660	0.222	-0.070	1.122
661	0.223	-0.069	1.103
662	0.221	-0.067	1.110
663	0.221	-0.068	1.121
664	0.222	-0.071	1.118
665	0.223	-0.071	1.111
666	0.222	-0.067	1.118
667	0.224	-0.070	1.116
668	0.223	-0.070	1.117
669	0.223	-0.070	1.122
670	0.222	-0.070	1.106
671	0.222	-0.067	1.109
672	0.222	-0.068	1.125
673	0.224	-0.067	1.113
674	0.226	-0.066	1.123
675	0.222	-0.068	1.116
676	0.219	-0.068	1.121
677	0.224	-0.068	1.121
678	0.224	-0.070	1.129
679	0.222	-0.072	1.121
680	0.225	-0.071	1.114
681	0.223	-0.066	1.121
682	0.223	-0.069	1.106
683	0.225	-0.068	1.122
684	0.223	-0.070	1.115
685	0.223	-0.068	1.097
686	0.224	-0.067	1.115
687	0.223	-0.069	1.108
688	0.224	-0.072	1.109
689	0.223	-0.072	1.119
690	0.223	-0.070	1.119
691	0.223	-0.070	1.119
692	0.224	-0.071	1.109
693	0.225	-0.071	1.121
694	0.224	-0.070	1.129
695	0.223	-0.067	1.112
696	0.223	-0.067	1.116
697	0.223	-0.070	1.116
698	0.226	-0.069	1.107
699	0.228	-0.067	1.123
700	0.224	-0.068	1.118
701	0.222	-0.070	1.115
702	0.225	-0.071	1.118
703	0.224	-0.069	1.122
704	0.224	-0.069	1.122
705	0.223	-0.069	1.111
706	0.223	-0.068	1.132
707	0.224	-0.070	1.123
708	0.224	-0.069	1.113
709	0.225	-0.070	1.122
710	0.224	-0.070	1.124
711	0.223	-0.070	1.128
712	0.224	-0.072	1.126
713	0.224	-0.073	1.113
714	0.225	-0.069	1.111
715	0.225	-0.070	1.127
716	0.224	-0.072	1.125
717	0.226	-0.072	1.113
718	0.225	-0.072	1.107
719	0.223	-0.072	1.113
720	0.224	-0.069	1.127
721	0.226	-0.070	1.118
722	0.224	-0.071	1.116
723	0.224	-0.070	1.114
724	0.225	-0.067	1.113
725	0.225	-0.068	1.125
726	0.223	-0.068	1.128
727	0.225	-0.073	1.113
728	0.224	-0.069	1.119
729	0.225	-0.069	1.117
730	0.225	-0.072	1.120
731	0.226	-0.071	1.123
732	0.224	-0.070	1.125
733	0.224	-0.069	1.113
734	0.223	-0.069	1.103
735	0.222	-0.067	1.111
736	0.221	-0.068	1.103
737	0.225	-0.069	1.116
738	0.222	-0.067	1.110
739	0.224	-0.068	1.105
740	0.222	-0.070	1.123
741	0.224	-0.070	1.127
742	0.223	-0.068	1.116
743	0.224	-0.067	1.116
744	0.224	-0.066	1.113
745	0.221	-0.068	1.115
746	0.224	-0.069	1.132
747	0.226	-0.067	1.111
748	0.223	-0.067	1.097
749	0.226	-0.067	1.110
750	0.224	-0.068	1.121
751	0.224	-0.068	1.122
752	0.223	-0.069	1.114
753	0.220	-0.069	1.115
754	0.224	-0.068	1.115
755	0.224	-0.067	1.116
756	0.224	-0.070	1.103
757	0.222	-0.068	1.105
758	0.223	-0.066	1.114
759	0.224	-0.066	1.125
760	0.222	-0.069	1.121
761	0.225	-0.071	1.111
762	0.223	-0.068	1.118
763	0.225	-0.069	1.119
764	0.222	-0.071	1.107
765	0.225	-0.071	1.106
766	0.223	-0.072	1.110
767	0.225	-0.070	1.105
768	0.224	-0.068	1.111
769	0.225	-0.070	1.117
770	0.223	-0.071	1.108
771	0.225	-0.071	1.108
772	0.223	-0.070	1.131
773	0.223	-0.069	1.127
774	0.225	-0.069	1.107
775	0.224	-0.072	1.107
776	0.223	-0.070	1.112
777	0.223	-0.067	1.119
778	0.223	-0.067	1.110
779	0.223	-0.069	1.119
780	0.224	-0.071	1.111
781	0.224	-0.069	1.109
782	0.225	-0.066	1.108
783	0.224	-0.067	1.108
784	0.224	-0.070	1.104
785	0.223	-0.068	1.116
786	0.223	-0.067	1.122
787	0.223	-0.067	1.107
788	0.224	-0.070	1.113
789	0.223	-0.067	1.119
790	0.224	-0.069	1.115
791	0.222	-0.070	1.109
792	0.225	-0.065	1.111
793	0.224	-0.067	1.115
794	0.224	-0.069	1.115
795	0.224	-0.072	1.111
796	0.222	-0.067	1.118
797	0.222	-0.066	1.119
798	0.224	-0.070	1.134
799	0.221	-0.071	1.122
800	0.222	-0.071	1.104
801	0.222	-0.069	1.103
802	0.222	-0.066	1.113
803	0.223	-0.068	1.121
804	0.224	-0.070	1.122
805	0.222	-0.070	1.113
806	0.222	-0.067	1.116
807	0.223	-0.064	1.115
808	0.222	-0.069	1.121
809	0.222	-0.069	1.136
810	0.221	-0.068	1.120
811	0.222	-0.065	1.110
812	0.222	-0.067	1.111
813	0.221	-0.066	1.111
814	0.224	-0.068	1.107
815	0.220	-0.064	1.108
816	0.220	-0.066	1.106
817	0.221	-0.067	1.110
818	0.224	-0.068	1.109
819	0.221	-0.066	1.111
820	0.222	-0.066	1.120
821	0.221	-0.065	1.121
822	0.221	-0.066	1.113
823	0.221	-0.066	1.115
824	0.221	-0.068	1.108
825	0.219	-0.064	1.111
826	0.220	-0.068	1.114
827	0.221	-0.065	1.105
828	0.220	-0.068	1.111
829	0.220	-0.066	1.128
830	0.220	-0.065	1.115
831	0.218	-0.066	1.115
832	0.221	-0.069	1.103
833	0.223	-0.067	1.123
834	0.220	-0.066	1.121
835	0.221	-0.063	1.108
836	0.221	-0.064	1.108
837	0.219	-0.066	1.119
838	0.222	-0.067	1.114
839	0.220	-0.067	1.118
840	0.222	-0.062	1.121
841	0.222	-0.065	1.113
842	0.222	-0.068	1.119
843	0.221	-0.069	1.118
844	0.221	-0.064	1.119
845	0.222	-0.065	1.105
846	0.222	-0.063	1.113
847	0.223	-0.066	1.109
848	0.221	-0.064	1.120
849	0.222	-0.066	1.125
850	0.222	-0.063	1.117
851	0.221	-0.064	1.113
852	0.223	-0.063	1.109
853	0.223	-0.065	1.113
854	0.223	-0.063	1.100
855	0.220	-0.064	1.107
856	0.221	-0.063	1.115
857	0.222	-0.064	1.121
858	0.222	-0.063	1.099
859	0.220	-0.065	1.116
860	0.223	-0.061	1.117
861	0.222	-0.064	1.112
862	0.224	-0.065	1.107
863	0.222	-0.066	1.106
864	0.222	-0.064	1.118
865	0.220	-0.064	1.116
866	0.222	-0.064	1.107
867	0.222	-0.065	1.109
868	0.223	-0.063	1.119
869	0.219	-0.063	1.125
870	0.223	-0.064	1.102
871	0.223	-0.064	1.109
872	0.222	-0.068	1.105
873	0.225	-0.064	1.112
874	0.224	-0.065	1.131
875	0.221	-0.066	1.109
876	0.223	-0.064	1.114
877	0.224	-0.067	1.120
878	0.224	-0.066	1.120
879	0.222	-0.065	1.109
880	0.222	-0.067	1.122
881	0.223	-0.067	1.110
882	0.221	-0.066	1.118
883	0.225	-0.065	1.119
884	0.221	-0.064	1.110
885	0.221	-0.066	1.110
886	0.222	-0.067	1.121
887	0.222	-0.064	1.111
888	0.223	-0.064	1.117
889	0.222	-0.064	1.120
890	0.221	-0.065	1.111
891	0.223	-0.065	1.110
892	0.221	-0.063	1.116
893	0.221	-0.060	1.113
894	0.222	-0.065	1.116
895	0.223	-0.066	1.125
896	0.222	-0.064	1.127
897	0.224	-0.064	1.105
898	0.222	-0.062	1.116
899	0.221	-0.062	1.115
900	0.223	-0.064	1.123
901	0.222	-0.066	1.122
902	0.225	-0.065	1.127
903	0.223	-0.064	1.117
904	0.224	-0.062	1.129
905	0.220	-0.066	1.125
906	0.225	-0.067	1.117
907	0.222	-0.063	1.111
908	0.222	-0.064	1.119
909	0.223	-0.065	1.113
910	0.223	-0.065	1.117
911	0.222	-0.066	1.109
912	0.225	-0.063	1.105
913	0.224	-0.062	1.126
914	0.224	-0.064	1.125
915	0.223	-0.065	1.115
916	0.224	-0.065	1.125
917	0.223	-0.062	1.131
918	0.223	-0.060	1.116
919	0.221	-0.062	1.116
920	0.223	-0.064	1.104
921	0.225	-0.063	1.113
922	0.223	-0.060	1.113
923	0.223	-0.063	1.117
924	0.223	-0.062	1.110
925	0.224	-0.063	1.112
926	0.224	-0.064	1.114
927	0.223	-0.062	1.121
928	0.222	-0.063	1.105
929	0.223	-0.064	1.119
930	0.224	-0.064	1.123
931	0.224	-0.060	1.111
932	0.225	-0.063	1.131
933	0.224	-0.063	1.114
934	0.224	-0.064	1.102
935	0.224	-0.064	1.114
936	0.224	-0.063	1.116
937	0.223	-0.063	1.111
938	0.223	-0.062	1.098
939	0.224	-0.064	1.117
940	0.225	-0.061	1.127
941	0.225	-0.061	1.120
942	0.224	-0.061	1.119
943	0.225	-0.060	1.123
944	0.226	-0.065	1.126
945	0.226	-0.062	1.122
946	0.225	-0.061	1.111
947	0.222	-0.062	1.118
948	0.224	-0.063	1.123
949	0.225	-0.064	1.122
950	0.224	-0.061	1.117
951	0.224	-0.061	1.111
952	0.223	-0.061	1.123
953	0.223	-0.061	1.121
954	0.224	-0.061	1.117
955	0.225	-0.060	1.125
956	0.225	-0.059	1.116
957	0.224	-0.059	1.120
958	0.222	-0.064	1.113
959	0.224	-0.064	1.110
960	0.225	-0.063	1.124
961	0.224	-0.061	1.126
962	0.223	-0.062	1.123
963	0.224	-0.065	1.109
964	0.225	-0.060	1.119
965	0.225	-0.059	1.123
966	0.225	-0.061	1.120
967	0.224	-0.061	1.123
968	0.224	-0.062	1.115
969	0.224	-0.062	1.119
970	0.223	-0.062	1.125
971	0.225	-0.061	1.109
972	0.225	-0.062	1.110
973	0.224	-0.061	1.135
974	0.223	-0.063	1.134
975	0.224	-0.064	1.121
976	0.224	-0.064	1.115
977	0.225	-0.064	1.128
978	0.224	-0.064	1.130
979	0.226	-0.060	1.136
980	0.225	-0.061	1.129
981	0.223	-0.061	1.124
982	0.225	-0.065	1.131
983	0.226	-0.063	1.127
984	0.223	-0.063	1.121
985	0.224	-0.063	1.113
986	0.225	-0.062	1.123
987	0.224	-0.065	1.127
988	0.224	-0.065	1.127
989	0.225	-0.062	1.107
990	0.224	-0.062	1.123
991	0.225	-0.062	1.132
992	0.223	-0.066	1.119
993	0.224	-0.064	1.120
994	0.224	-0.060	1.129
995	0.224	-0.062	1.129
996	0.224	-0.066	1.126
997	0.224	-0.066	1.133
998	0.221	-0.066	1.128
999	0.222	-0.066	1.124
1000	0.223	-0.067	1.131
1001	0.225	-0.066	1.125
1002	0.224	-0.066	1.121
1003	0.224	-0.062	1.121
1004	0.222	-0.065	1.114
1005	0.222	-0.067	1.121
1006	0.223	-0.066	1.121
1007	0.224	-0.067	1.115
1008	0.224	-0.064	1.125
1009	0.226	-0.065	1.137
1010	0.222	-0.065	1.130
1011	0.224	-0.066	1.135
1012	0.222	-0.069	1.124
1013	0.224	-0.066	1.125
1014	0.224	-0.066	1.128
1015	0.224	-0.066	1.132
1016	0.224	-0.067	1.114
1017	0.352	-0.116	1.511
1018	0.478	-0.146	1.494
1019	0.470	-0.139	1.524
1020	0.464	-0.138	1.520
1021	0.462	-0.142	1.524
1022	0.459	-0.139	1.510
1023	0.459	-0.137	1.500
1024	0.458	-0.137	1.508
1025	0.457	-0.138	1.502
1026	0.457	-0.138	1.504
1027	0.455	-0.138	1.499
1028	0.455	-0.134	1.483
1029	0.453	-0.136	1.492
1030	0.452	-0.137	1.496
1031	0.451	-0.136	1.500
1032	0.452	-0.133	1.491
1033	0.450	-0.132	1.486
1034	0.451	-0.133	1.481
1035	0.450	-0.134	1.493
1036	0.450	-0.135	1.485
1037	0.450	-0.132	1.485
1038	0.448	-0.131	1.478
1039	0.447	-0.130	1.483
1040	0.447	-0.132	1.488
1041	0.447	-0.129	1.484
1042	0.447	-0.132	1.477
1043	0.446	-0.130	1.485
1044	0.444	-0.132	1.470
1045	0.445	-0.130	1.483
1046	0.444	-0.130	1.485
1047	0.446	-0.129	1.477
1048	0.446	-0.129	1.475
1049	0.444	-0.131	1.482
1050	0.444	-0.130	1.484
1051	0.444	-0.129	1.471
1052	0.444	-0.127	1.471
1053	0.442	-0.125	1.471
1054	0.443	-0.127	1.472
1055	0.444	-0.128	1.468
1056	0.443	-0.128	1.472
1057	0.444	-0.126	1.469
1058	0.441	-0.122	1.477
1059	0.440	-0.130	1.479
1060	0.440	-0.128	1.467
1061	0.440	-0.127	1.484
1062	0.440	-0.124	1.478
1063	0.439	-0.124	1.467
1064	0.440	-0.127	1.463
1065	0.439	-0.126	1.471
1066	0.439	-0.125	1.459
1067	0.437	-0.126	1.472
1068	0.438	-0.126	1.469
1069	0.439	-0.126	1.462
1070	0.436	-0.127	1.475
1071	0.436	-0.125	1.472
1072	0.438	-0.126	1.474
1073	0.439	-0.125	1.459
1074	0.437	-0.126	1.467
1075	0.437	-0.124	1.477
1076	0.435	-0.122	1.469
1077	0.440	-0.124	1.461
1078	0.437	-0.129	1.462
1079	0.437	-0.127	1.467
1080	0.434	-0.126	1.471
1081	0.435	-0.125	1.462
1082	0.436	-0.127	1.460
1083	0.437	-0.127	1.476
1084	0.434	-0.126	1.466
1085	0.434	-0.125	1.467
1086	0.434	-0.124	1.463
1087	0.434	-0.123	1.468
1088	0.434	-0.125	1.476
1089	0.434	-0.126	1.457
1090	0.432	-0.122	1.451
1091	0.435	-0.124	1.461
1092	0.432	-0.126	1.462
1093	0.434	-0.126	1.454
1094	0.435	-0.127	1.449
1095	0.435	-0.124	1.457
1096	0.434	-0.122	1.469
1097	0.434	-0.127	1.459
1098	0.433	-0.124	1.452
1099	0.432	-0.124	1.458
1100	0.430	-0.123	1.462
1101	0.432	-0.124	1.457
1102	0.431	-0.124	1.454
1103	0.433	-0.126	1.455
1104	0.431	-0.125	1.457
1105	0.430	-0.125	1.455
1106	0.430	-0.125	1.460
1107	0.431	-0.126	1.450
1108	0.433	-0.126	1.453
1109	0.430	-0.124	1.465
1110	0.428	-0.124	1.465
1111	0.428	-0.126	1.453
1112	0.430	-0.123	1.451
1113	0.429	-0.124	1.453
1114	0.430	-0.121	1.455
1115	0.430	-0.122	1.454
1116	0.427	-0.124	1.455
1117	0.430	-0.123	1.446
1118	0.429	-0.123	1.464
1119	0.429	-0.124	1.463
1120	0.427	-0.123	1.451
1121	0.428	-0.124	1.445
1122	0.430	-0.125	1.467
1123	0.431	-0.126	1.447
1124	0.429	-0.127	1.451
1125	0.428	-0.129	1.459
1126	0.430	-0.128	1.447
1127	0.428	-0.126	1.451
1128	0.429	-0.126	1.444
1129	0.427	-0.127	1.446
1130	0.428	-0.127	1.448
1131	0.428	-0.128	1.441
1132	0.426	-0.127	1.465
1133	0.428	-0.125	1.442
1134	0.427	-0.127	1.459
1135	0.427	-0.127	1.465
1136	0.426	-0.128	1.454
1137	0.430	-0.124	1.458
1138	0.429	-0.123	1.466
1139	0.427	-0.122	1.458
1140	0.427	-0.126	1.449
1141	0.429	-0.127	1.456
1142	0.428	-0.125	1.443
1143	0.426	-0.126	1.460
1144	0.425	-0.126	1.450
1145	0.427	-0.125	1.446
1146	0.427	-0.126	1.453
1147	0.425	-0.126	1.458
1148	0.425	-0.127	1.447
1149	0.425	-0.125	1.458
1150	0.429	-0.124	1.441
1151	0.426	-0.126	1.460
1152	0.425	-0.127	1.459
1153	0.425	-0.127	1.446
1154	0.425	-0.124	1.440
1155	0.425	-0.126	1.443
1156	0.426	-0.127	1.450
1157	0.424	-0.126	1.443
1158	0.424	-0.127	1.435
1159	0.424	-0.127	1.431
1160	0.425	-0.125	1.442
1161	0.425	-0.127	1.463
1162	0.426	-0.125	1.455
1163	0.424	-0.125	1.439
1164	0.425	-0.126	1.446
1165	0.425	-0.128	1.453
1166	0.425	-0.126	1.442
1167	0.424	-0.127	1.444
1168	0.424	-0.126	1.443
1169	0.426	-0.126	1.445
1170	0.428	-0.124	1.456
1171	0.429	-0.125	1.440
1172	0.426	-0.127	1.448
1173	0.426	-0.125	1.445
1174	0.425	-0.128	1.452
1175	0.427	-0.129	1.447
1176	0.426	-0.125	1.438
1177	0.427	-0.123	1.438
1178	0.427	-0.123	1.450
1179	0.423	-0.125	1.443
1180	0.426	-0.124	1.447
1181	0.425	-0.125	1.434
1182	0.426	-0.126	1.446
1183	0.424	-0.124	1.437
1184	0.425	-0.126	1.435
1185	0.425	-0.123	1.434
1186	0.426	-0.123	1.439
1187	0.424	-0.124	1.446
1188	0.424	-0.125	1.443
1189	0.424	-0.129	1.438
1190	0.424	-0.126	1.433
1191	0.426	-0.124	1.432
1192	0.424	-0.122	1.443
1193	0.425	-0.122	1.436
1194	0.424	-0.124	1.431
1195	0.426	-0.125	1.433
1196	0.425	-0.126	1.437
1197	0.423	-0.124	1.437
1198	0.426	-0.127	1.435
1199	0.424	-0.128	1.443
1200	0.426	-0.127	1.452
1201	0.423	-0.125	1.441
1202	0.423	-0.124	1.442
1203	0.423	-0.123	1.438
1204	0.423	-0.125	1.451
1205	0.422	-0.125	1.435
1206	0.423	-0.123	1.437
1207	0.424	-0.124	1.433
1208	0.422	-0.126	1.435
1209	0.423	-0.126	1.441
1210	0.423	-0.125	1.440
1211	0.422	-0.121	1.444
1212	0.424	-0.123	1.433
1213	0.422	-0.125	1.447
1214	0.424	-0.123	1.456
1215	0.421	-0.121	1.437
1216	0.423	-0.123	1.437
1217	0.425	-0.124	1.444
1218	0.425	-0.126	1.441
1219	0.422	-0.126	1.441
1220	0.422	-0.125	1.449
1221	0.423	-0.122	1.441
1222	0.425	-0.124	1.443
1223	0.422	-0.121	1.442
1224	0.423	-0.124	1.435
1225	0.425	-0.122	1.446
1226	0.422	-0.125	1.442
1227	0.423	-0.124	1.449
1228	0.423	-0.125	1.444
1229	0.424	-0.125	1.436
1230	0.422	-0.125	1.444
1231	0.425	-0.123	1.441
1232	0.422	-0.125	1.430
1233	0.423	-0.126	1.433
1234	0.421	-0.127	1.447
1235	0.422	-0.122	1.444
1236	0.423	-0.124	1.438
1237	0.423	-0.123	1.442
1238	0.422	-0.126	1.442
1239	0.422	-0.125	1.441
1240	0.421	-0.128	1.438
1241	0.420	-0.126	1.428
1242	0.421	-0.128	1.429
1243	0.420	-0.127	1.446
1244	0.421	-0.127	1.445
1245	0.420	-0.129	1.428
1246	0.419	-0.126	1.441
1247	0.422	-0.128	1.435
1248	0.421	-0.127	1.443
1249	0.423	-0.125	1.441
1250	0.421	-0.126	1.437
1251	0.419	-0.125	1.439
1252	0.418	-0.128	1.441
1253	0.420	-0.126	1.434
1254	0.420	-0.126	1.439
1255	0.419	-0.125	1.431
1256	0.418	-0.124	1.440
1257	0.416	-0.127	1.437
1258	0.416	-0.127	1.432
1259	0.416	-0.126	1.450
1260	0.417	-0.126	1.444
1261	0.419	-0.128	1.438
1262	0.417	-0.125	1.443
1263	0.416	-0.126	1.446
1264	0.416	-0.124	1.443
1265	0.416	-0.126	1.450
1266	0.414	-0.126	1.434
1267	0.416	-0.129	1.439
1268	0.416	-0.128	1.429
1269	0.417	-0.128	1.444
1270	0.417	-0.126	1.446
1271	0.414	-0.128	1.431
1272	0.417	-0.128	1.443
1273	0.419	-0.126	1.436
1274	0.419	-0.126	1.431
1275	0.416	-0.125	1.433
1276	0.416	-0.126	1.442
1277	0.418	-0.123	1.428
1278	0.416	-0.124	1.432
1279	0.417	-0.123	1.427
1280	0.417	-0.127	1.437
1281	0.418	-0.127	1.429
1282	0.419	-0.128	1.438
1283	0.416	-0.125	1.435
1284	0.416	-0.124	1.436
1285	0.419	-0.125	1.441
1286	0.417	-0.125	1.433
1287	0.418	-0.122	1.433
1288	0.418	-0.124	1.437
1289	0.416	-0.125	1.450
1290	0.417	-0.127	1.435
1291	0.418	-0.129	1.447
1292	0.417	-0.126	1.432
1293	0.417	-0.124	1.435
1294	0.418	-0.126	1.431
1295	0.418	-0.126	1.427
1296	0.420	-0.125	1.437
1297	0.418	-0.128	1.450
1298	0.416	-0.126	1.437
1299	0.416	-0.126	1.446
1300	0.417	-0.125	1.447
1301	0.419	-0.126	1.441
1302	0.416	-0.123	1.445
1303	0.417	-0.123	1.443
1304	0.417	-0.123	1.437
1305	0.418	-0.123	1.434
1306	0.418	-0.127	1.443
1307	0.417	-0.126	1.435
1308	0.416	-0.127	1.435
1309	0.416	-0.125	1.445
1310	0.417	-0.125	1.451
1311	0.417	-0.126	1.435
1312	0.416	-0.128	1.443
1313	0.415	-0.126	1.440
1314	0.417	-0.127	1.434
1315	0.417	-0.127	1.442
1316	0.415	-0.127	1.439
1317	0.416	-0.125	1.434
1318	0.416	-0.127	1.432
1319	0.415	-0.130	1.431
1320	0.416	-0.129	1.431
1321	0.418	-0.124	1.426
1322	0.415	-0.122	1.435
1323	0.413	-0.128	1.439
1324	0.409	-0.133	1.444
1325	0.417	-0.127	1.438
1326	0.419	-0.122	1.417
1327	0.417	-0.123	1.446
1328	0.414	-0.129	1.450
1329	0.416	-0.131	1.431
1330	0.419	-0.124	1.424
1331	0.418	-0.123	1.427
1332	0.414	-0.127	1.450
1333	0.413	-0.131	1.437
1334	0.418	-0.126	1.426
1335	0.421	-0.120	1.418
1336	0.415	-0.123	1.437
1337	0.412	-0.129	1.464
1338	0.415	-0.128	1.457
1339	0.419	-0.122	1.423
1340	0.418	-0.123	1.418
1341	0.416	-0.125	1.452
1342	0.413	-0.132	1.455
1343	0.413	-0.126	1.426
1344	0.418	-0.126	1.415
1345	0.416	-0.123	1.430
1346	0.413	-0.130	1.450
1347	0.412	-0.129	1.459
1348	0.417	-0.123	1.420
1349	0.416	-0.126	1.431
1350	0.414	-0.130	1.452
1351	0.411	-0.131	1.446
1352	0.412	-0.126	1.444
1353	0.416	-0.124	1.425
1354	0.416	-0.126	1.431
1355	0.411	-0.126	1.442
1356	0.412	-0.131	1.446
1357	0.416	-0.125	1.435
1358	0.415	-0.125	1.427
1359	0.411	-0.129	1.445
1360	0.412	-0.129	1.442
1361	0.415	-0.125	1.423
1362	0.416	-0.124	1.438
1363	0.413	-0.129	1.443
1364	0.412	-0.133	1.434
1365	0.414	-0.126	1.443
1366	0.416	-0.123	1.439
1367	0.415	-0.127	1.435
1368	0.412	-0.130	1.447
1369	0.413	-0.129	1.437
1370	0.414	-0.126	1.439
1371	0.415	-0.123	1.421
1372	0.415	-0.126	1.448
1373	0.413	-0.132	1.445
1374	0.413	-0.129	1.433
1375	0.413	-0.124	1.424
1376	0.416	-0.125	1.443
1377	0.413	-0.129	1.448
1378	0.413	-0.131	1.437
1379	0.414	-0.125	1.426
1380	0.414	-0.124	1.429
1381	0.412	-0.128	1.447
1382	0.410	-0.130	1.453
1383	0.411	-0.129	1.432
1384	0.413	-0.124	1.420
1385	0.412	-0.125	1.441
1386	0.413	-0.128	1.458
1387	0.411	-0.129	1.453
1388	0.412	-0.125	1.436
1389	0.415	-0.124	1.435
1390	0.414	-0.127	1.450
1391	0.411	-0.128	1.455
1392	0.412	-0.127	1.440
1393	0.412	-0.125	1.427
1394	0.413	-0.124	1.425
1395	0.411	-0.128	1.433
1396	0.411	-0.129	1.445
1397	0.411	-0.128	1.435
1398	0.412	-0.126	1.432
1399	0.412	-0.127	1.437
1400	0.411	-0.129	1.440
1401	0.413	-0.128	1.442
1402	0.414	-0.128	1.435
1403	0.411	-0.126	1.446
1404	0.409	-0.129	1.436
1405	0.410	-0.128	1.431
1406	0.413	-0.128	1.443
1407	0.411	-0.127	1.426
1408	0.413	-0.127	1.440
1409	0.410	-0.128	1.433
1410	0.411	-0.126	1.435
1411	0.411	-0.127	1.431
1412	0.410	-0.128	1.435
1413	0.409	-0.130	1.441
1414	0.409	-0.127	1.437
1415	0.410	-0.127	1.435
1416	0.410	-0.130	1.431
1417	0.412	-0.128	1.435
1418	0.410	-0.128	1.435
1419	0.408	-0.128	1.438
1420	0.410	-0.130	1.434
1421	0.412	-0.130	1.446
1422	0.410	-0.128	1.426
1423	0.410	-0.129	1.438
1424	0.410	-0.129	1.441
1425	0.411	-0.130	1.434
1426	0.412	-0.130	1.427
1427	0.410	-0.129	1.435
1428	0.408	-0.127	1.428
1429	0.410	-0.128	1.433
1430	0.412	-0.127	1.435
1431	0.409	-0.130	1.430
1432	0.410	-0.131	1.425
1433	0.409	-0.126	1.435
1434	0.409	-0.126	1.433
1435	0.411	-0.131	1.437
1436	0.409	-0.132	1.430
1437	0.410	-0.128	1.433
1438	0.408	-0.127	1.432
1439	0.411	-0.129	1.435
1440	0.412	-0.132	1.443
1441	0.409	-0.128	1.446
1442	0.411	-0.129	1.429
1443	0.410	-0.128	1.427
1444	0.411	-0.130	1.427
1445	0.408	-0.129	1.438
1446	0.410	-0.130	1.441
1447	0.408	-0.128	1.424
1448	0.411	-0.128	1.418
1449	0.410	-0.128	1.429
1450	0.410	-0.130	1.444
1451	0.410	-0.129	1.438
1452	0.408	-0.126	1.437
1453	0.407	-0.128	1.434
1454	0.407	-0.133	1.418
1455	0.410	-0.131	1.429
1456	0.408	-0.128	1.434
1457	0.411	-0.129	1.423
1458	0.407	-0.128	1.429
1459	0.408	-0.128	1.430
1460	0.408	-0.128	1.431
1461	0.409	-0.128	1.437
1462	0.411	-0.126	1.433
1463	0.407	-0.130	1.426
1464	0.408	-0.130	1.433
1465	0.406	-0.130	1.434
1466	0.408	-0.126	1.433
1467	0.408	-0.129	1.434
1468	0.409	-0.129	1.438
1469	0.408	-0.130	1.416
1470	0.408	-0.131	1.415
1471	0.409	-0.128	1.435
1472	0.407	-0.126	1.441
1473	0.405	-0.131	1.438
1474	0.406	-0.131	1.423
1475	0.411	-0.125	1.423
1476	0.409	-0.129	1.431
1477	0.408	-0.128	1.434
1478	0.407	-0.132	1.431
1479	0.407	-0.131	1.431
1480	0.406	-0.131	1.433
1481	0.407	-0.129	1.427
1482	0.406	-0.130	1.425
1483	0.409	-0.130	1.434
1484	0.407	-0.131	1.441
1485	0.406	-0.131	1.437
1486	0.406	-0.129	1.417
1487	0.406	-0.130	1.426
1488	0.406	-0.132	1.423
1489	0.405	-0.133	1.441
1490	0.404	-0.129	1.430
1491	0.404	-0.127	1.430
1492	0.408	-0.131	1.419
1493	0.407	-0.129	1.436
1494	0.407	-0.131	1.431
1495	0.407	-0.130	1.436
1496	0.405	-0.129	1.425
1497	0.406	-0.131	1.441
1498	0.406	-0.132	1.434
1499	0.405	-0.131	1.438
1500	0.406	-0.128	1.425
1501	0.406	-0.130	1.426
1502	0.406	-0.130	1.426
1503	0.406	-0.131	1.424
1504	0.406	-0.129	1.416
1505	0.406	-0.131	1.439
1506	0.404	-0.128	1.441
1507	0.405	-0.132	1.437
1508	0.406	-0.133	1.429
1509	0.406	-0.132	1.426
1510	0.405	-0.129	1.433
1511	0.405	-0.131	1.431
1512	0.406	-0.131	1.426
1513	0.405	-0.131	1.419
1514	0.407	-0.132	1.436
1515	0.406	-0.130	1.431
1516	0.405	-0.130	1.422
1517	0.406	-0.130	1.421
1518	0.618	-0.199	1.804
1519	0.654	-0.201	1.826
1520	0.644	-0.196	1.821
1521	0.643	-0.198	1.823
1522	0.640	-0.198	1.800
1523	0.638	-0.194	1.802
1524	0.637	-0.195	1.798
1525	0.636	-0.194	1.812
1526	0.637	-0.193	1.808
1527	0.634	-0.195	1.786
1528	0.634	-0.191	1.786
1529	0.632	-0.188	1.787
1530	0.631	-0.191	1.802
1531	0.632	-0.189	1.798
1532	0.628	-0.192	1.783
1533	0.626	-0.188	1.767
1534	0.623	-0.183	1.787
1535	0.619	-0.185	1.788
1536	0.618	-0.187	1.791
1537	0.615	-0.185	1.778
1538	0.615	-0.186	1.760
1539	0.614	-0.184	1.765
1540	0.616	-0.185	1.758
1541	0.612	-0.185	1.765
1542	0.612	-0.187	1.762
1543	0.611	-0.185	1.758
1544	0.612	-0.184	1.742
1545	0.611	-0.184	1.766
1546	0.608	-0.185	1.764
1547	0.612	-0.187	1.753
1548	0.610	-0.186	1.745
1549	0.608	-0.186	1.747
1550	0.608	-0.186	1.774
1551	0.608	-0.186	1.768
1552	0.609	-0.187	1.751
1553	0.609	-0.185	1.747
1554	0.609	-0.183	1.751
1555	0.607	-0.185	1.760
1556	0.608	-0.188	1.752
1557	0.608	-0.185	1.753
1558	0.610	-0.183	1.754
1559	0.606	-0.186	1.754
1560	0.605	-0.186	1.751
1561	0.606	-0.186	1.759
1562	0.606	-0.187	1.764
1563	0.606	-0.186	1.762
1564	0.605	-0.185	1.757
1565	0.603	-0.189	1.750
1566	0.605	-0.188	1.755
1567	0.603	-0.185	1.752
1568	0.602	-0.188	1.759
1569	0.602	-0.187	1.746
1570	0.601	-0.187	1.747
1571	0.600	-0.189	1.759
1572	0.603	-0.186	1.760
1573	0.600	-0.184	1.762
1574	0.599	-0.186	1.756
1575	0.598	-0.189	1.763
1576	0.599	-0.187	1.755
1577	0.597	-0.186	1.754
1578	0.598	-0.185	1.744
1579	0.598	-0.186	1.752
1580	0.600	-0.186	1.747
1581	0.597	-0.185	1.758
1582	0.598	-0.184	1.738
1583	0.596	-0.185	1.742
1584	0.596	-0.182	1.741
1585	0.595	-0.187	1.751
1586	0.597	-0.187	1.756
1587	0.597	-0.185	1.756
1588	0.595	-0.186	1.758
1589	0.596	-0.187	1.739
1590	0.595	-0.190	1.742
1591	0.597	-0.187	1.749
1592	0.596	-0.187	1.746
1593	0.596	-0.186	1.755
1594	0.596	-0.189	1.750
1595	0.598	-0.190	1.745
1596	0.598	-0.187	1.749
1597	0.597	-0.188	1.750
1598	0.596	-0.190	1.747
1599	0.596	-0.188	1.753
1600	0.597	-0.190	1.734
1601	0.597	-0.189	1.739
1602	0.594	-0.190	1.744
1603	0.595	-0.189	1.744
1604	0.595	-0.188	1.754
1605	0.595	-0.191	1.743
1606	0.596	-0.188	1.747
1607	0.594	-0.187	1.747
1608	0.594	-0.190	1.745
1609	0.595	-0.192	1.734
1610	0.594	-0.191	1.750
1611	0.595	-0.187	1.755
1612	0.594	-0.189	1.757
1613	0.593	-0.193	1.746
1614	0.594	-0.191	1.734
1615	0.594	-0.189	1.750
1616	0.594	-0.191	1.738
1617	0.591	-0.189	1.740
1618	0.592	-0.190	1.746
1619	0.594	-0.190	1.743
1620	0.593	-0.190	1.747
1621	0.590	-0.186	1.734
1622	0.592	-0.191	1.746
1623	0.592	-0.191	1.744
1624	0.591	-0.193	1.754
1625	0.590	-0.190	1.740
1626	0.590	-0.190	1.740
1627	0.591	-0.191	1.734
1628	0.591	-0.191	1.748
1629	0.591	-0.191	1.742
1630	0.590	-0.191	1.733
1631	0.589	-0.189	1.742
1632	0.590	-0.190	1.738
1633	0.590	-0.193	1.748
1634	0.590	-0.191	1.738
1635	0.590	-0.188	1.734
1636	0.590	-0.189	1.731
1637	0.589	-0.190	1.740
1638	0.589	-0.189	1.739
1639	0.587	-0.191	1.744
1640	0.590	-0.190	1.736
1641	0.590	-0.190	1.742
1642	0.590	-0.189	1.735
1643	0.589	-0.191	1.741
1644	0.588	-0.191	1.736
1645	0.591	-0.186	1.734
1646	0.587	-0.189	1.744
1647	0.588	-0.191	1.736
1648	0.591	-0.190	1.742
1649	0.589	-0.190	1.732
1650	0.589	-0.190	1.742
1651	0.589	-0.190	1.738
1652	0.589	-0.189	1.731
1653	0.590	-0.191	1.737
1654	0.591	-0.189	1.738
1655	0.588	-0.189	1.737
1656	0.587	-0.189	1.740
1657	0.588	-0.190	1.737
1658	0.590	-0.191	1.723
1659	0.588	-0.189	1.756
1660	0.588	-0.189	1.741
1661	0.587	-0.190	1.742
1662	0.588	-0.189	1.727
1663	0.588	-0.187	1.736
1664	0.586	-0.189	1.742
1665	0.586	-0.188	1.737
1666	0.586	-0.190	1.748
1667	0.588	-0.190	1.738
1668	0.586	-0.192	1.734
1669	0.586	-0.189	1.741
1670	0.587	-0.188	1.737
1671	0.586	-0.193	1.750
1672	0.586	-0.193	1.739
1673	0.587	-0.192	1.739
1674	0.585	-0.192	1.734
1675	0.584	-0.192	1.749
1676	0.585	-0.192	1.749
1677	0.583	-0.191	1.734
1678	0.582	-0.193	1.732
1679	0.584	-0.190	1.728
1680	0.583	-0.190	1.758
1681	0.583	-0.191	1.744
1682	0.583	-0.194	1.732
1683	0.584	-0.190	1.734
1684	0.581	-0.191	1.733
1685	0.581	-0.193	1.752
1686	0.581	-0.192	1.743
1687	0.581	-0.191	1.725
1688	0.582	-0.192	1.722
1689	0.582	-0.191	1.734
1690	0.579	-0.193	1.738
1691	0.581	-0.194	1.725
1692	0.581	-0.192	1.724
1693	0.583	-0.191	1.728
1694	0.581	-0.192	1.742
1695	0.581	-0.192	1.739
1696	0.580	-0.192	1.743
1697	0.580	-0.192	1.730
1698	0.579	-0.189	1.735
1699	0.582	-0.189	1.730
1700	0.580	-0.194	1.741
1701	0.580	-0.193	1.735
1702	0.583	-0.192	1.737
1703	0.579	-0.190	1.723
1704	0.580	-0.190	1.732
1705	0.581	-0.192	1.721
1706	0.583	-0.191	1.735
1707	0.582	-0.190	1.737
1708	0.580	-0.190	1.738
1709	0.578	-0.192	1.738
1710	0.580	-0.191	1.722
1711	0.580	-0.192	1.729
1712	0.579	-0.191	1.726
1713	0.578	-0.189	1.734
1714	0.579	-0.193	1.734
1715	0.579	-0.193	1.738
1716	0.579	-0.192	1.736
1717	0.580	-0.191	1.729
1718	0.579	-0.190	1.728
1719	0.580	-0.188	1.736
1720	0.580	-0.192	1.725
1721	0.579	-0.190	1.729
1722	0.578	-0.190	1.721
1723	0.579	-0.190	1.728
1724	0.579	-0.192	1.725
1725	0.579	-0.191	1.734
1726	0.581	-0.191	1.725
1727	0.579	-0.187	1.706
1728	0.580	-0.186	1.732
1729	0.581	-0.190	1.739
1730	0.582	-0.192	1.728
1731	0.580	-0.188	1.727
1732	0.579	-0.188	1.737
1733	0.579	-0.189	1.736
1734	0.580	-0.192	1.736
1735	0.579	-0.191	1.738
1736	0.580	-0.189	1.728
1737	0.581	-0.189	1.726
1738	0.581	-0.187	1.719
1739	0.581	-0.190	1.724
1740	0.579	-0.190	1.725
1741	0.580	-0.187	1.725
1742	0.578	-0.188	1.732
1743	0.580	-0.189	1.725
1744	0.581	-0.191	1.720
1745	0.580	-0.190	1.731
1746	0.579	-0.187	1.732
1747	0.582	-0.188	1.730
1748	0.581	-0.191	1.726
1749	0.581	-0.190	1.730
1750	0.579	-0.190	1.726
1751	0.579	-0.187	1.727
1752	0.581	-0.187	1.719
1753	0.580	-0.189	1.727
1754	0.582	-0.189	1.730
1755	0.581	-0.190	1.738
1756	0.579	-0.192	1.715
1757	0.580	-0.186	1.712
1758	0.582	-0.191	1.730
1759	0.581	-0.193	1.721
1760	0.578	-0.191	1.724
1761	0.580	-0.189	1.737
1762	0.581	-0.188	1.708
1763	0.580	-0.190	1.720
1764	0.581	-0.192	1.740
1765	0.581	-0.191	1.725
1766	0.580	-0.188	1.730
1767	0.579	-0.190	1.740
1768	0.579	-0.191	1.732
1769	0.581	-0.189	1.732
1770	0.580	-0.192	1.739
1771	0.580	-0.190	1.724
1772	0.578	-0.191	1.737
1773	0.581	-0.195	1.724
1774	0.580	-0.192	1.722
1775	0.579	-0.192	1.718
1776	0.580	-0.193	1.721
1777	0.579	-0.190	1.728
1778	0.578	-0.192	1.725
1779	0.577	-0.192	1.720
1780	0.579	-0.191	1.727
1781	0.580	-0.192	1.730
1782	0.581	-0.190	1.725
1783	0.579	-0.192	1.722
1784	0.580	-0.193	1.723
1785	0.577	-0.190	1.724
1786	0.580	-0.191	1.708
1787	0.580	-0.192	1.725
1788	0.579	-0.193	1.722
1789	0.578	-0.194	1.722
1790	0.580	-0.194	1.724
1791	0.579	-0.191	1.716
1792	0.577	-0.193	1.711
1793	0.579	-0.196	1.725
1794	0.578	-0.196	1.722
1795	0.577	-0.192	1.713
1796	0.578	-0.192	1.716
1797	0.578	-0.191	1.714
1798	0.579	-0.194	1.731
1799	0.575	-0.192	1.726
1800	0.580	-0.192	1.713
1801	0.579	-0.193	1.726
1802	0.578	-0.191	1.732
1803	0.579	-0.192	1.730
1804	0.578	-0.191	1.724
1805	0.579	-0.191	1.724
1806	0.577	-0.191	1.736
1807	0.577	-0.192	1.728
1808	0.578	-0.193	1.713
1809	0.579	-0.189	1.717
1810	0.577	-0.193	1.719
1811	0.575	-0.188	1.724
1812	0.577	-0.192	1.718
1813	0.577	-0.192	1.717
1814	0.574	-0.190	1.715
1815	0.575	-0.192	1.725
1816	0.575	-0.191	1.729
1817	0.577	-0.190	1.718
1818	0.576	-0.194	1.725
1819	0.576	-0.189	1.717
1820	0.575	-0.192	1.722
1821	0.576	-0.192	1.722
1822	0.576	-0.191	1.723
1823	0.575	-0.191	1.720
1824	0.576	-0.190	1.712
1825	0.575	-0.191	1.711
1826	0.574	-0.191	1.716
1827	0.576	-0.193	1.726
1828	0.575	-0.189	1.725
1829	0.574	-0.192	1.719
1830	0.574	-0.190	1.720
1831	0.576	-0.192	1.725
1832	0.574	-0.192	1.721
1833	0.572	-0.189	1.726
1834	0.572	-0.190	1.718
1835	0.574	-0.191	1.721
1836	0.575	-0.194	1.715
1837	0.573	-0.193	1.717
1838	0.573	-0.190	1.703
1839	0.573	-0.191	1.722
1840	0.571	-0.193	1.715
1841	0.574	-0.194	1.724
1842	0.571	-0.191	1.718
1843	0.573	-0.192	1.722
1844	0.574	-0.191	1.727
1845	0.572	-0.194	1.722
1846	0.572	-0.193	1.726
1847	0.571	-0.195	1.717
1848	0.571	-0.195	1.722
1849	0.573	-0.192	1.709
1850	0.571	-0.192	1.721
1851	0.575	-0.194	1.711
1852	0.572	-0.196	1.718
1853	0.572	-0.193	1.723
1854	0.571	-0.194	1.727
1855	0.572	-0.193	1.717
1856	0.573	-0.196	1.711
1857	0.571	-0.191	1.722
1858	0.570	-0.191	1.722
1859	0.571	-0.191	1.720
1860	0.571	-0.192	1.705
1861	0.570	-0.192	1.707
1862	0.569	-0.192	1.714
1863	0.571	-0.191	1.732
1864	0.568	-0.191	1.714
1865	0.569	-0.193	1.701
1866	0.570	-0.192	1.711
1867	0.570	-0.191	1.734
1868	0.570	-0.189	1.724
1869	0.571	-0.192	1.721
1870	0.570	-0.190	1.718
1871	0.571	-0.192	1.720
1872	0.570	-0.190	1.713
1873	0.570	-0.189	1.722
1874	0.570	-0.191	1.702
1875	0.572	-0.190	1.714
1876	0.570	-0.189	1.710
1877	0.569	-0.191	1.718
1878	0.569	-0.190	1.720
1879	0.572	-0.190	1.711
1880	0.571	-0.192	1.721
1881	0.572	-0.192	1.719
1882	0.570	-0.190	1.716
1883	0.570	-0.191	1.713
1884	0.571	-0.193	1.725
1885	0.570	-0.190	1.711
1886	0.570	-0.192	1.719
1887	0.571	-0.191	1.716
1888	0.572	-0.191	1.715
1889	0.571	-0.190	1.720
1890	0.570	-0.195	1.723
1891	0.571	-0.193	1.713
1892	0.572	-0.189	1.708
1893	0.571	-0.191	1.727
1894	0.571	-0.191	1.722
1895	0.571	-0.192	1.715
1896	0.570	-0.192	1.713
1897	0.572	-0.186	1.714
1898	0.570	-0.191	1.720
1899	0.570	-0.193	1.713
1900	0.569	-0.195	1.723
1901	0.568	-0.191	1.716
1902	0.570	-0.190	1.720
1903	0.569	-0.192	1.712
1904	0.569	-0.195	1.722
1905	0.569	-0.190	1.716
1906	0.571	-0.191	1.711
1907	0.571	-0.190	1.709
1908	0.569	-0.197	1.709
1909	0.570	-0.195	1.717
1910	0.569	-0.195	1.704
1911	0.567	-0.192	1.712
1912	0.568	-0.195	1.720
1913	0.568	-0.196	1.713
1914	0.570	-0.197	1.706
1915	0.569	-0.196	1.713
1916	0.568	-0.193	1.722
1917	0.568	-0.197	1.706
1918	0.567	-0.196	1.718
1919	0.569	-0.197	1.711
1920	0.567	-0.195	1.708
1921	0.567	-0.195	1.702
1922	0.569	-0.194	1.719
1923	0.568	-0.197	1.711
1924	0.569	-0.196	1.715
1925	0.568	-0.194	1.708
1926	0.569	-0.194	1.718
1927	0.566	-0.195	1.706
1928	0.568	-0.196	1.721
1929	0.567	-0.194	1.711
1930	0.568	-0.195	1.724
1931	0.565	-0.193	1.720
1932	0.568	-0.194	1.723
1933	0.567	-0.194	1.709
1934	0.567	-0.195	1.712
1935	0.568	-0.194	1.710
1936	0.567	-0.192	1.714
1937	0.566	-0.192	1.701
1938	0.568	-0.194	1.711
1939	0.568	-0.195	1.719
1940	0.568	-0.193	1.705
1941	0.566	-0.192	1.706
1942	0.569	-0.192	1.700
1943	0.567	-0.195	1.717
1944	0.568	-0.194	1.714
1945	0.566	-0.190	1.707
1946	0.569	-0.191	1.701
1947	0.569	-0.192	1.706
1948	0.568	-0.194	1.718
1949	0.568	-0.194	1.709
1950	0.568	-0.189	1.699
1951	0.571	-0.192	1.705
1952	0.567	-0.193	1.702
1953	0.569	-0.192	1.714
1954	0.566	-0.193	1.711
1955	0.567	-0.189	1.716
1956	0.567	-0.190	1.711
1957	0.568	-0.194	1.724
1958	0.567	-0.193	1.714
1959	0.567	-0.190	1.726
1960	0.568	-0.190	1.718
1961	0.568	-0.193	1.707
1962	0.567	-0.193	1.710
1963	0.567	-0.192	1.711
1964	0.569	-0.190	1.709
1965	0.568	-0.189	1.702
1966	0.566	-0.192	1.715
1967	0.567	-0.191	1.718
1968	0.567	-0.191	1.701
1969	0.568	-0.189	1.711
1970	0.565	-0.189	1.712
1971	0.565	-0.190	1.713
1972	0.568	-0.190	1.706
1973	0.570	-0.191	1.700
1974	0.568	-0.186	1.718
1975	0.566	-0.191	1.721
1976	0.567	-0.191	1.695
1977	0.568	-0.194	1.712
1978	0.565	-0.188	1.709
1979	0.564	-0.190	1.711
1980	0.565	-0.191	1.705
1981	0.567	-0.190	1.702
1982	0.565	-0.192	1.700
1983	0.564	-0.188	1.711
1984	0.564	-0.189	1.712
1985	0.566	-0.189	1.708
1986	0.565	-0.192	1.701
1987	0.565	-0.191	1.698
1988	0.565	-0.190	1.714
1989	0.564	-0.191	1.719
1990	0.565	-0.192	1.711
1991	0.562	-0.192	1.708
1992	0.561	-0.195	1.716
1993	0.561	-0.190	1.722
1994	0.561	-0.188	1.708
1995	0.561	-0.193	1.702
1996	0.564	-0.193	1.720
1997	0.560	-0.193	1.715
1998	0.560	-0.190	1.710
1999	0.562	-0.190	1.703
2000	0.561	-0.195	1.709
2001	0.560	-0.193	1.707
2002	0.562	-0.192	1.694
2003	0.561	-0.190	1.706
2004	0.561	-0.191	1.721
2005	0.562	-0.195	1.721
2006	0.558	-0.193	1.709
2007	0.560	-0.193	1.713
2008	0.559	-0.190	1.722
2009	0.559	-0.192	1.718
2010	0.560	-0.194	1.718
2011	0.561	-0.192	1.711
2012	0.559	-0.191	1.707
2013	0.559	-0.190	1.713
2014	0.558	-0.194	1.720
2015	0.561	-0.192	1.715
2016	0.559	-0.194	1.702
2017	0.559	-0.190	1.716
2018	0.559	-0.192	1.712
2019	0.825	-0.275	2.134
2020	0.822	-0.272	2.123
2021	0.818	-0.270	2.148
2022	0.813	-0.269	2.141
2023	0.814	-0.267	2.123
2024	0.811	-0.266	2.116
2025	0.812	-0.267	2.122
2026	0.809	-0.267	2.133
2027	0.808	-0.265	2.114
2028	0.808	-0.263	2.110
2029	0.806	-0.266	2.112
2030	0.806	-0.267	2.111
2031	0.803	-0.265	2.117
2032	0.801	-0.264	2.117
2033	0.801	-0.263	2.102
2034	0.803	-0.263	2.098
2035	0.801	-0.263	2.102
2036	0.801	-0.263	2.099
2037	0.801	-0.262	2.097
2038	0.800	-0.263	2.100
2039	0.800	-0.264	2.109
2040	0.800	-0.264	2.101
2041	0.798	-0.263	2.101
2042	0.798	-0.261	2.106
2043	0.797	-0.262	2.098
2044	0.799	-0.261	2.105
2045	0.797	-0.264	2.102
2046	0.796	-0.260	2.100
2047	0.793	-0.260	2.088
2048	0.797	-0.261	2.081
2049	0.794	-0.260	2.093
2050	0.794	-0.263	2.088
2051	0.795	-0.260	2.084
2052	0.795	-0.258	2.081
2053	0.794	-0.261	2.090
2054	0.793	-0.259	2.090
2055	0.793	-0.261	2.093
2056	0.794	-0.260	2.088
2057	0.793	-0.259	2.091
2058	0.791	-0.261	2.093
2059	0.794	-0.260	2.075
2060	0.793	-0.260	2.083
2061	0.795	-0.259	2.085
2062	0.792	-0.259	2.089
2063	0.791	-0.260	2.082
2064	0.790	-0.260	2.085
2065	0.791	-0.258	2.087
2066	0.790	-0.257	2.082
2067	0.789	-0.259	2.088
2068	0.790	-0.260	2.084
2069	0.790	-0.259	2.085
2070	0.789	-0.256	2.093
2071	0.788	-0.258	2.091
2072	0.789	-0.259	2.089
2073	0.790	-0.259	2.089
2074	0.788	-0.260	2.077
2075	0.790	-0.257	2.074
2076	0.787	-0.257	2.085
2077	0.787	-0.258	2.073
2078	0.788	-0.259	2.077
2079	0.786	-0.258	2.070
2080	0.790	-0.256	2.079
2081	0.789	-0.255	2.083
2082	0.786	-0.255	2.076
2083	0.789	-0.257	2.074
2084	0.787	-0.257	2.081
2085	0.787	-0.254	2.078
2086	0.787	-0.257	2.079
2087	0.788	-0.255	2.082
2088	0.788	-0.255	2.079
2089	0.788	-0.256	2.079
2090	0.786	-0.256	2.079
2091	0.786	-0.256	2.078
2092	0.788	-0.254	2.071
2093	0.787	-0.256	2.068
2094	0.789	-0.256	2.075
2095	0.785	-0.254	2.067
2096	0.786	-0.253	2.082
2097	0.784	-0.257	2.079
2098	0.786	-0.255	2.060
2099	0.786	-0.254	2.084
2100	0.785	-0.253	2.073
2101	0.787	-0.253	2.070
2102	0.785	-0.256	2.083
2103	0.785	-0.256	2.077
2104	0.786	-0.252	2.082
2105	0.784	-0.254	2.075
2106	0.784	-0.255	2.067
2107	0.786	-0.253	2.082
2108	0.785	-0.255	2.066
2109	0.784	-0.254	2.069
2110	0.786	-0.252	2.069
2111	0.786	-0.255	2.075
2112	0.783	-0.253	2.067
2113	0.784	-0.254	2.074
2114	0.783	-0.255	2.071
2115	0.785	-0.253	2.062
2116	0.784	-0.252	2.062
2117	0.782	-0.256	2.089
2118	0.783	-0.252	2.072
2119	0.782	-0.253	2.061
2120	0.782	-0.252	2.059
2121	0.782	-0.249	2.070
2122	0.783	-0.253	2.082
2123	0.782	-0.254	2.059
2124	0.782	-0.251	2.065
2125	0.782	-0.252	2.061
2126	0.782	-0.253	2.054
2127	0.781	-0.255	2.071
2128	0.781	-0.253	2.060
2129	0.783	-0.252	2.066
2130	0.781	-0.251	2.083
2131	0.780	-0.253	2.075
2132	0.779	-0.253	2.061
2133	0.780	-0.254	2.064
2134	0.781	-0.250	2.056
2135	0.779	-0.254	2.065
2136	0.779	-0.255	2.071
2137	0.780	-0.254	2.071
2138	0.780	-0.252	2.058
2139	0.778	-0.251	2.059
2140	0.779	-0.252	2.057
2141	0.778	-0.254	2.055
2142	0.779	-0.252	2.062
2143	0.778	-0.249	2.065
2144	0.777	-0.251	2.074
2145	0.778	-0.253	2.063
2146	0.778	-0.255	2.068
2147	0.777	-0.252	2.069
2148	0.775	-0.252	2.067
2149	0.776	-0.250	2.058
2150	0.776	-0.253	2.066
2151	0.776	-0.253	2.068
2152	0.775	-0.252	2.069
2153	0.773	-0.251	2.059
2154	0.774	-0.252	2.065
2155	0.773	-0.254	2.061
2156	0.775	-0.254	2.064
2157	0.771	-0.251	2.063
2158	0.774	-0.253	2.058
2159	0.773	-0.253	2.071
2160	0.773	-0.255	2.059
2161	0.774	-0.251	2.073
2162	0.771	-0.252	2.063
2163	0.772	-0.255	2.069
2164	0.772	-0.255	2.069
2165	0.773	-0.251	2.065
2166	0.771	-0.250	2.058
2167	0.772	-0.254	2.062
2168	0.771	-0.251	2.057
2169	0.771	-0.255	2.067
2170	0.770	-0.254	2.056
2171	0.770	-0.252	2.062
2172	0.771	-0.253	2.069
2173	0.769	-0.255	2.071
2174	0.770	-0.255	2.077
2175	0.771	-0.253	2.061
2176	0.769	-0.251	2.055
2177	0.769	-0.255	2.073
2178	0.770	-0.253	2.061
2179	0.769	-0.255	2.058
2180	0.771	-0.253	2.048
2181	0.770	-0.252	2.071
2182	0.772	-0.252	2.058
2183	0.769	-0.255	2.072
2184	0.771	-0.252	2.058
2185	0.769	-0.251	2.051
2186	0.769	-0.251	2.059
2187	0.769	-0.253	2.052
2188	0.771	-0.253	2.054
2189	0.771	-0.252	2.055
2190	0.770	-0.248	2.053
2191	0.766	-0.252	2.070
2192	0.771	-0.251	2.055
2193	0.770	-0.252	2.058
2194	0.770	-0.249	2.062
2195	0.769	-0.247	2.058
2196	0.769	-0.248	2.057
2197	0.769	-0.251	2.061
2198	0.767	-0.249	2.055
2199	0.768	-0.250	2.043
2200	0.768	-0.250	2.055
2201	0.768	-0.250	2.046
2202	0.769	-0.251	2.045
2203	0.771	-0.249	2.058
2204	0.768	-0.245	2.059
2205	0.769	-0.249	2.065
2206	0.769	-0.248	2.055
2207	0.769	-0.248	2.055
2208	0.769	-0.249	2.060
2209	0.770	-0.248	2.051
2210	0.769	-0.248	2.049
2211	0.770	-0.249	2.045
2212	0.770	-0.247	2.054
2213	0.770	-0.248	2.064
2214	0.771	-0.248	2.043
2215	0.770	-0.246	2.042
2216	0.770	-0.248	2.055
2217	0.770	-0.248	2.047
2218	0.772	-0.248	2.044
2219	0.771	-0.248	2.051
2220	0.771	-0.246	2.067
2221	0.772	-0.249	2.058
2222	0.770	-0.248	2.046
2223	0.771	-0.246	2.042
2224	0.770	-0.250	2.065
2225	0.773	-0.249	2.054
2226	0.770	-0.250	2.054
2227	0.771	-0.248	2.057
2228	0.769	-0.248	2.035
2229	0.771	-0.250	2.042
2230	0.770	-0.249	2.046
2231	0.770	-0.250	2.056
2232	0.768	-0.247	2.038
2233	0.770	-0.247	2.045
2234	0.769	-0.250	2.046
2235	0.769	-0.248	2.059
2236	0.770	-0.248	2.042
2237	0.767	-0.248	2.050
2238	0.768	-0.249	2.051
2239	0.768	-0.250	2.043
2240	0.767	-0.248	2.037
2241	0.767	-0.248	2.045
2242	0.765	-0.248	2.049
2243	0.767	-0.248	2.045
2244	0.765	-0.251	2.049
2245	0.763	-0.252	2.042
2246	0.765	-0.247	2.043
2247	0.767	-0.249	2.051
2248	0.768	-0.252	2.033
2249	0.764	-0.248	2.045
2250	0.764	-0.248	2.037
2251	0.764	-0.247	2.048
2252	0.763	-0.248	2.045
2253	0.764	-0.249	2.033
2254	0.766	-0.246	2.049
2255	0.764	-0.245	2.052
2256	0.763	-0.250	2.045
2257	0.764	-0.248	2.040
2258	0.765	-0.249	2.034
2259	0.765	-0.247	2.055
2260	0.761	-0.246	2.044
2261	0.763	-0.244	2.042
2262	0.763	-0.250	2.048
2263	0.764	-0.246	2.035
2264	0.765	-0.243	2.035
2265	0.765	-0.247	2.049
2266	0.763	-0.247	2.030
2267	0.767	-0.248	2.050
2268	0.766	-0.247	2.047
2269	0.763	-0.244	2.034
2270	0.765	-0.246	2.037
2271	0.767	-0.248	2.043
2272	0.766	-0.248	2.056
2273	0.763	-0.248	2.038
2274	0.764	-0.247	2.046
2275	0.766	-0.246	2.052
2276	0.764	-0.248	2.040
2277	0.764	-0.248	2.031
2278	0.763	-0.245	2.042
2279	0.765	-0.246	2.045
2280	0.765	-0.248	2.043
2281	0.765	-0.247	2.041
2282	0.762	-0.247	2.031
2283	0.763	-0.244	2.043
2284	0.764	-0.246	2.043
2285	0.763	-0.248	2.047
2286	0.763	-0.247	2.045
2287	0.764	-0.247	2.039
2288	0.763	-0.247	2.048
2289	0.764	-0.244	2.033
2290	0.762	-0.243	2.046
2291	0.763	-0.247	2.034
2292	0.765	-0.245	2.050
2293	0.762	-0.245	2.029
2294	0.764	-0.245	2.034
2295	0.764	-0.245	2.023
2296	0.762	-0.247	2.034
2297	0.762	-0.246	2.037
2298	0.762	-0.244	2.045
2299	0.764	-0.248	2.043
2300	0.762	-0.246	2.038
2301	0.759	-0.249	2.036
2302	0.762	-0.247	2.045
2303	0.761	-0.245	2.032
2304	0.763	-0.248	2.038
2305	0.763	-0.250	2.043
2306	0.761	-0.245	2.030
2307	0.763	-0.247	2.031
2308	0.760	-0.251	2.031
2309	0.761	-0.249	2.019
2310	0.761	-0.249	2.042
2311	0.761	-0.247	2.025
2312	0.761	-0.249	2.037
2313	0.760	-0.252	2.035
2314	0.757	-0.252	2.031
2315	0.760	-0.250	2.042
2316	0.758	-0.249	2.031
2317	0.758	-0.251	2.028
2318	0.758	-0.251	2.029
2319	0.761	-0.254	2.031
2320	0.757	-0.249	2.042
2321	0.759	-0.250	2.039
2322	0.760	-0.251	2.030
2323	0.760	-0.253	2.031
2324	0.761	-0.254	2.023
2325	0.760	-0.250	2.029
2326	0.760	-0.252	2.025
2327	0.761	-0.248	2.029
2328	0.760	-0.252	2.029
2329	0.760	-0.252	2.018
2330	0.761	-0.249	2.029
2331	0.761	-0.247	2.029
2332	0.760	-0.252	2.024
2333	0.761	-0.252	2.028
2334	0.762	-0.249	2.034
2335	0.760	-0.247	2.023
2336	0.761	-0.249	2.024
2337	0.762	-0.251	2.024
2338	0.760	-0.251	2.029
2339	0.759	-0.248	2.020
2340	0.760	-0.248	2.014
2341	0.760	-0.249	2.030
2342	0.760	-0.251	2.037
2343	0.760	-0.246	2.020
2344	0.760	-0.246	2.021
2345	0.759	-0.247	2.025
2346	0.761	-0.245	2.016
2347	0.759	-0.247	2.024
2348	0.761	-0.247	2.030
2349	0.760	-0.245	2.020
2350	0.759	-0.248	2.034
2351	0.759	-0.250	2.036
2352	0.759	-0.246	2.023
2353	0.761	-0.245	2.024
2354	0.760	-0.246	2.029
2355	0.759	-0.249	2.035
2356	0.759	-0.248	2.033
2357	0.760	-0.249	2.020
2358	0.759	-0.246	2.010
2359	0.758	-0.245	2.022
2360	0.759	-0.249	2.030
2361	0.759	-0.250	2.012
2362	0.759	-0.246	2.019
2363	0.760	-0.247	2.022
2364	0.759	-0.250	2.029
2365	0.760	-0.248	2.029
2366	0.760	-0.249	2.028
2367	0.760	-0.245	2.022
2368	0.759	-0.247	2.035
2369	0.758	-0.252	2.038
2370	0.757	-0.249	2.021
2371	0.760	-0.251	2.026
2372	0.755	-0.250	2.025
2373	0.757	-0.247	2.021
2374	0.756	-0.250	2.026
2375	0.756	-0.249	2.027
2376	0.758	-0.249	2.024
2377	0.753	-0.249	2.032
2378	0.757	-0.252	2.026
2379	0.757	-0.248	2.021
2380	0.754	-0.248	2.017
2381	0.755	-0.250	2.019
2382	0.754	-0.247	2.032
2383	0.754	-0.252	2.031
2384	0.754	-0.250	2.027
2385	0.755	-0.246	2.024
2386	0.752	-0.246	2.030
2387	0.752	-0.247	2.020
2388	0.753	-0.246	2.020
2389	0.752	-0.247	2.017
2390	0.750	-0.249	2.026
2391	0.751	-0.248	2.026
2392	0.753	-0.247	2.026
2393	0.750	-0.249	2.023
2394	0.750	-0.247	2.019
2395	0.751	-0.247	2.031
2396	0.751	-0.243	2.023
2397	0.750	-0.245	2.018
2398	0.752	-0.245	2.018
2399	0.751	-0.246	2.018
2400	0.751	-0.241	2.026
2401	0.749	-0.244	2.023
2402	0.750	-0.246	2.023
2403	0.748	-0.243	2.028
2404	0.751	-0.246	2.030
2405	0.749	-0.243	2.020
2406	0.749	-0.243	2.031
2407	0.750	-0.243	2.017
2408	0.749	-0.244	2.018
2409	0.750	-0.246	2.025
2410	0.749	-0.244	2.023
2411	0.749	-0.245	2.021
2412	0.751	-0.245	2.012
2413	0.750	-0.246	2.018
2414	0.748	-0.243	2.023
2415	0.747	-0.246	2.026
2416	0.749	-0.244	2.028
2417	0.751	-0.245	2.010
2418	0.751	-0.242	2.011
2419	0.748	-0.244	2.028
2420	0.749	-0.244	2.033
2421	0.749	-0.246	2.020
2422	0.749	-0.246	2.007
2423	0.747	-0.243	2.009
2424	0.747	-0.246	2.014
2425	0.748	-0.245	2.019
2426	0.747	-0.243	2.021
2427	0.746	-0.245	2.012
2428	0.749	-0.245	2.017
2429	0.746	-0.244	2.028
2430	0.747	-0.246	2.021
2431	0.750	-0.242	2.017
2432	0.748	-0.245	2.026
2433	0.747	-0.246	2.015
2434	0.744	-0.244	2.024
2435	0.746	-0.244	2.021
2436	0.749	-0.246	2.001
2437	0.746	-0.246	2.008
2438	0.746	-0.245	2.025
2439	0.746	-0.245	2.019
2440	0.746	-0.247	2.000
2441	0.747	-0.243	2.011
2442	0.747	-0.242	2.023
2443	0.746	-0.245	2.016
2444	0.748	-0.246	2.018
2445	0.746	-0.246	2.025
2446	0.745	-0.246	2.029
2447	0.747	-0.245	2.026
2448	0.747	-0.242	2.015
2449	0.746	-0.244	2.009
2450	0.745	-0.247	2.015
2451	0.747	-0.243	2.023
2452	0.744	-0.245	2.014
2453	0.743	-0.242	1.999
2454	0.744	-0.243	2.017
2455	0.743	-0.245	2.036
2456	0.741	-0.243	2.037
2457	0.741	-0.244	2.010
2458	0.742	-0.242	2.005
2459	0.740	-0.243	2.025
2460	0.742	-0.247	2.035
2461	0.741	-0.243	2.023
2462	0.741	-0.241	2.012
2463	0.740	-0.243	2.020
2464	0.739	-0.244	2.028
2465	0.741	-0.246	2.020
2466	0.738	-0.245	2.011
2467	0.739	-0.243	2.017
2468	0.739	-0.245	2.026
2469	0.739	-0.245	2.021
2470	0.739	-0.242	2.020
2471	0.738	-0.244	2.009
2472	0.741	-0.245	2.015
2473	0.740	-0.247	2.024
2474	0.739	-0.246	2.008
2475	0.739	-0.242	2.013
2476	0.740	-0.244	2.014
2477	0.741	-0.248	2.010
2478	0.741	-0.247	2.012
2479	0.742	-0.244	2.015
2480	0.741	-0.242	2.014
2481	0.741	-0.242	2.024
2482	0.741	-0.244	2.023
2483	0.741	-0.246	2.015
2484	0.743	-0.244	2.008
2485	0.741	-0.243	2.011
2486	0.741	-0.243	2.018
2487	0.742	-0.245	2.015
2488	0.741	-0.244	2.014
2489	0.740	-0.243	2.024
2490	0.741	-0.240	2.017
2491	0.743	-0.243	1.998
2492	0.742	-0.244	2.010
2493	0.740	-0.245	2.004
2494	0.740	-0.243	2.022
2495	0.741	-0.241	2.028
2496	0.740	-0.243	2.006
2497	0.743	-0.245	2.000
2498	0.743	-0.247	2.013
2499	0.743	-0.245	2.014
2500	0.742	-0.244	2.015
2501	0.742	-0.242	2.011
2502	0.743	-0.244	2.012
2503	0.743	-0.244	2.021
2504	0.739	-0.242	2.007
2505	0.741	-0.243	2.004
2506	0.740	-0.242	2.003
2507	0.739	-0.246	2.004
2508	0.740	-0.245	2.008
2509	0.740	-0.243	2.010
2510	0.739	-0.244	2.017
2511	0.740	-0.242	2.017
2512	0.739	-0.246	2.005
2513	0.740	-0.243	2.015
2514	0.739	-0.243	2.009
2515	0.739	-0.242	2.015
2516	0.739	-0.244	2.024
2517	0.739	-0.242	2.012
2518	0.737	-0.241	2.010
2519	0.647	-0.213	1.756
2520	0.292	-0.108	1.157
2521	-0.009	-0.030	0.778
2522	-0.024	-0.020	0.780
2523	-0.024	-0.017	0.768
2524	-0.024	-0.018	0.762
2525	-0.024	-0.021	0.779
2526	-0.026	-0.018	0.766
2527	-0.026	-0.018	0.771
2528	-0.026	-0.019	0.771
2529	-0.025	-0.020	0.768
2530	-0.025	-0.022	0.757
2531	-0.025	-0.020	0.750
2532	-0.027	-0.018	0.758
2533	-0.028	-0.019	0.761
2534	-0.028	-0.019	0.774
2535	-0.027	-0.016	0.759
2536	-0.027	-0.018	0.763
2537	-0.027	-0.017	0.775
2538	-0.028	-0.019	0.761
2539	-0.028	-0.018	0.749
2540	-0.028	-0.017	0.778
2541	-0.027	-0.015	0.774
2542	-0.026	-0.013	0.760
2543	-0.028	-0.017	0.772
2544	-0.028	-0.016	0.758
2545	-0.027	-0.015	0.755
2546	-0.027	-0.015	0.758
2547	-0.028	-0.016	0.773
2548	-0.028	-0.017	0.765
2549	-0.027	-0.015	0.770
2550	-0.028	-0.011	0.771
2551	-0.026	-0.015	0.760
2552	-0.026	-0.014	0.775
2553	-0.027	-0.019	0.766
2554	-0.028	-0.017	0.766
2555	-0.026	-0.017	0.768
2556	-0.024	-0.016	0.765
2557	-0.025	-0.016	0.764
2558	-0.026	-0.015	0.768
2559	-0.027	-0.015	0.760
2560	-0.026	-0.012	0.762
2561	-0.026	-0.014	0.760
2562	-0.026	-0.018	0.766
2563	-0.025	-0.018	0.760
2564	-0.025	-0.018	0.769
2565	-0.022	-0.013	0.766
2566	-0.025	-0.013	0.772
2567	-0.025	-0.015	0.769
2568	-0.024	-0.015	0.771
2569	-0.024	-0.016	0.770
2570	-0.022	-0.016	0.768
2571	-0.026	-0.015	0.763
2572	-0.021	-0.017	0.765
2573	-0.022	-0.013	0.762
2574	-0.023	-0.015	0.764
2575	-0.023	-0.015	0.768
2576	-0.021	-0.017	0.758
2577	-0.022	-0.018	0.768
2578	-0.020	-0.019	0.772
2579	-0.023	-0.015	0.762
2580	-0.019	-0.017	0.774
2581	-0.020	-0.019	0.771
2582	-0.021	-0.019	0.767
2583	-0.021	-0.017	0.759
2584	-0.020	-0.015	0.763
2585	-0.019	-0.016	0.770
2586	-0.020	-0.017	0.773
2587	-0.022	-0.018	0.767
2588	-0.023	-0.018	0.766
2589	-0.022	-0.017	0.759
2590	-0.021	-0.020	0.774
2591	-0.022	-0.022	0.770
2592	-0.022	-0.022	0.770
2593	-0.024	-0.019	0.768
2594	-0.025	-0.018	0.765
2595	-0.024	-0.018	0.763
2596	-0.023	-0.018	0.758
2597	-0.023	-0.018	0.754
2598	-0.023	-0.019	0.764
2599	-0.024	-0.022	0.768
2600	-0.023	-0.023	0.764
2601	-0.022	-0.020	0.765
2602	-0.024	-0.019	0.756
2603	-0.024	-0.017	0.768
2604	-0.023	-0.018	0.763
2605	-0.022	-0.020	0.765
2606	-0.027	-0.023	0.765
2607	-0.027	-0.023	0.760
2608	-0.025	-0.022	0.772
2609	-0.027	-0.021	0.769
2610	-0.024	-0.019	0.771
2611	-0.027	-0.018	0.761
2612	-0.028	-0.018	0.762
2613	-0.026	-0.019	0.761
2614	-0.029	-0.024	0.768
2615	-0.028	-0.025	0.766
2616	-0.029	-0.025	0.756
2617	-0.028	-0.020	0.762
2618	-0.028	-0.019	0.765
2619	-0.028	-0.018	0.774
2620	-0.027	-0.016	0.774
2621	-0.030	-0.019	0.767
2622	-0.030	-0.021	0.766
2623	-0.028	-0.025	0.768
2624	-0.028	-0.025	0.762
2625	-0.031	-0.022	0.765
2626	-0.028	-0.019	0.770
2627	-0.029	-0.019	0.773
2628	-0.029	-0.019	0.770
2629	-0.030	-0.022	0.774
2630	-0.029	-0.025	0.769
2631	-0.032	-0.022	0.777
2632	-0.032	-0.023	0.778
2633	-0.032	-0.024	0.769
2634	-0.030	-0.023	0.772
2635	-0.029	-0.021	0.775
2636	-0.030	-0.019	0.776
2637	-0.029	-0.022	0.776
2638	-0.029	-0.023	0.763
2639	-0.029	-0.024	0.765
2640	-0.029	-0.025	0.764
2641	-0.031	-0.024	0.758
2642	-0.029	-0.023	0.757
2643	-0.027	-0.022	0.765
2644	-0.028	-0.022	0.771
2645	-0.028	-0.018	0.773
2646	-0.028	-0.021	0.763
2647	-0.027	-0.023	0.766
2648	-0.030	-0.021	0.770
2649	-0.028	-0.022	0.763
2650	-0.025	-0.021	0.768
2651	-0.028	-0.019	0.760
2652	-0.026	-0.018	0.770
2653	-0.025	-0.017	0.765
2654	-0.026	-0.019	0.762
2655	-0.027	-0.019	0.757
2656	-0.026	-0.023	0.757
2657	-0.026	-0.025	0.761
2658	-0.025	-0.019	0.764
2659	-0.025	-0.017	0.760
2660	-0.022	-0.014	0.760
2661	-0.023	-0.017	0.767
2662	-0.022	-0.021	0.770
2663	-0.026	-0.020	0.777
2664	-0.023	-0.021	0.770
2665	-0.026	-0.022	0.764
2666	-0.025	-0.024	0.763
2667	-0.026	-0.023	0.773
2668	-0.026	-0.018	0.763
2669	-0.027	-0.015	0.760
2670	-0.029	-0.018	0.768
2671	-0.030	-0.019	0.765
2672	-0.032	-0.024	0.762
2673	-0.030	-0.021	0.757
2674	-0.034	-0.024	0.759
2675	-0.034	-0.022	0.767
2676	-0.034	-0.021	0.772
2677	-0.034	-0.019	0.772
2678	-0.034	-0.017	0.763
2679	-0.036	-0.018	0.760
2680	-0.034	-0.021	0.764
2681	-0.035	-0.019	0.761
2682	-0.035	-0.022	0.770
2683	-0.035	-0.021	0.760
2684	-0.036	-0.022	0.759
2685	-0.035	-0.022	0.768
2686	-0.034	-0.020	0.768
2687	-0.031	-0.019	0.752
2688	-0.032	-0.017	0.762
2689	-0.033	-0.019	0.774
2690	-0.032	-0.020	0.761
2691	-0.032	-0.021	0.765
2692	-0.031	-0.020	0.766
2693	-0.033	-0.020	0.765
2694	-0.032	-0.020	0.766
2695	-0.031	-0.019	0.771
2696	-0.033	-0.017	0.757
2697	-0.033	-0.017	0.759
2698	-0.030	-0.022	0.763
2699	-0.033	-0.024	0.757
2700	-0.034	-0.024	0.766
2701	-0.035	-0.023	0.756
2702	-0.032	-0.018	0.767
2703	-0.033	-0.022	0.765
2704	-0.032	-0.021	0.762
2705	-0.034	-0.022	0.774
2706	-0.035	-0.021	0.758
2707	-0.034	-0.019	0.771
2708	-0.034	-0.016	0.766
2709	-0.033	-0.017	0.762
2710	-0.034	-0.018	0.757
2711	-0.034	-0.020	0.768
2712	-0.034	-0.021	0.760
2713	-0.037	-0.024	0.767
2714	-0.034	-0.021	0.753
2715	-0.032	-0.021	0.767
2716	-0.034	-0.017	0.754
2717	-0.034	-0.017	0.766
2718	-0.033	-0.018	0.763
2719	-0.031	-0.019	0.765
2720	-0.034	-0.022	0.768
2721	-0.033	-0.022	0.765
2722	-0.034	-0.021	0.765
2723	-0.033	-0.021	0.763
2724	-0.031	-0.015	0.765
2725	-0.031	-0.015	0.780
2726	-0.033	-0.016	0.769
2727	-0.030	-0.019	0.764
2728	-0.032	-0.022	0.756
2729	-0.031	-0.022	0.755
2730	-0.030	-0.021	0.771
2731	-0.030	-0.019	0.762
2732	-0.029	-0.016	0.765
2733	-0.030	-0.017	0.769
2734	-0.029	-0.018	0.767
2735	-0.030	-0.019	0.774
2736	-0.029	-0.022	0.757
2737	-0.029	-0.024	0.764
2738	-0.026	-0.020	0.767
2739	-0.028	-0.015	0.763
2740	-0.028	-0.016	0.766
2741	-0.029	-0.017	0.761
2742	-0.026	-0.020	0.768
2743	-0.027	-0.020	0.760
2744	-0.032	-0.019	0.766
2745	-0.029	-0.019	0.770
2746	-0.030	-0.022	0.769
2747	-0.029	-0.019	0.761
2748	-0.029	-0.015	0.768
2749	-0.028	-0.015	0.770
2750	-0.032	-0.018	0.756
2751	-0.033	-0.022	0.764
2752	-0.031	-0.019	0.778
2753	-0.032	-0.019	0.759
2754	-0.035	-0.018	0.773
2755	-0.031	-0.018	0.770
2756	-0.033	-0.017	0.755
2757	-0.032	-0.018	0.762
2758	-0.034	-0.018	0.774
2759	-0.036	-0.018	0.768
2760	-0.036	-0.021	0.763
2761	-0.035	-0.023	0.770
2762	-0.036	-0.021	0.763
2763	-0.037	-0.018	0.760
2764	-0.034	-0.021	0.760
2765	-0.036	-0.018	0.764
2766	-0.036	-0.018	0.763
2767	-0.037	-0.018	0.762
2768	-0.037	-0.021	0.770
2769	-0.036	-0.022	0.758
2770	-0.033	-0.023	0.770
2771	-0.033	-0.018	0.768
2772	-0.034	-0.017	0.770
2773	-0.032	-0.021	0.768
2774	-0.030	-0.018	0.767
2775	-0.033	-0.017	0.767
2776	-0.033	-0.021	0.759
2777	-0.033	-0.021	0.764
2778	-0.033	-0.026	0.760
2779	-0.033	-0.024	0.772
2780	-0.036	-0.019	0.758
2781	-0.032	-0.012	0.771
2782	-0.032	-0.010	0.764
2783	-0.033	-0.012	0.765
2784	-0.032	-0.018	0.764
2785	-0.030	-0.022	0.771
2786	-0.031	-0.019	0.769
2787	-0.031	-0.021	0.766
2788	-0.031	-0.019	0.764
2789	-0.026	-0.017	0.777
2790	-0.026	-0.012	0.767
2791	-0.028	-0.015	0.765
2792	-0.024	-0.021	0.765
2793	-0.027	-0.026	0.762
2794	-0.025	-0.024	0.772
2795	-0.026	-0.022	0.757
2796	-0.024	-0.021	0.765
2797	-0.025	-0.020	0.761
2798	-0.022	-0.013	0.756
2799	-0.022	-0.014	0.762
2800	-0.024	-0.017	0.760
2801	-0.022	-0.019	0.765
2802	-0.023	-0.023	0.766
2803	-0.024	-0.024	0.762
2804	-0.022	-0.019	0.771
2805	-0.026	-0.018	0.759
2806	-0.021	-0.013	0.770
2807	-0.022	-0.017	0.769
2808	-0.023	-0.019	0.775
2809	-0.022	-0.020	0.759
2810	-0.021	-0.021	0.766
2811	-0.022	-0.021	0.754
2812	-0.020	-0.021	0.758
2813	-0.021	-0.018	0.757
2814	-0.020	-0.016	0.765
2815	-0.020	-0.015	0.762
2816	-0.021	-0.020	0.767
2817	-0.020	-0.023	0.780
2818	-0.022	-0.022	0.768
2819	-0.019	-0.022	0.763
2820	-0.020	-0.022	0.770
2821	-0.019	-0.022	0.767
2822	-0.019	-0.020	0.777
2823	-0.022	-0.018	0.765
2824	-0.021	-0.021	0.754
2825	-0.022	-0.022	0.759
2826	-0.020	-0.021	0.769
2827	-0.022	-0.021	0.769
2828	-0.022	-0.020	0.769
2829	-0.023	-0.019	0.760
2830	-0.025	-0.023	0.760
2831	-0.023	-0.019	0.771
2832	-0.024	-0.019	0.771
2833	-0.026	-0.018	0.765
2834	-0.025	-0.019	0.777
2835	-0.025	-0.019	0.773
2836	-0.025	-0.021	0.771
2837	-0.024	-0.019	0.766
2838	-0.026	-0.020	0.766
2839	-0.027	-0.019	0.767
2840	-0.025	-0.020	0.772
2841	-0.024	-0.017	0.760
2842	-0.023	-0.018	0.753
2843	-0.020	-0.018	0.760
2844	-0.022	-0.020	0.758
2845	-0.024	-0.021	0.761
2846	-0.022	-0.020	0.766
2847	-0.021	-0.019	0.771
2848	-0.020	-0.019	0.774
2849	-0.021	-0.018	0.768
2850	-0.018	-0.019	0.773
2851	-0.022	-0.018	0.762
2852	-0.019	-0.016	0.775
2853	-0.019	-0.018	0.769
2854	-0.019	-0.021	0.767
2855	-0.017	-0.022	0.765
2856	-0.017	-0.018	0.764
2857	-0.019	-0.015	0.755
2858	-0.018	-0.017	0.766
2859	-0.017	-0.020	0.763
2860	-0.019	-0.020	0.762
2861	-0.016	-0.019	0.768
2862	-0.018	-0.017	0.766
2863	-0.018	-0.017	0.779
2864	-0.017	-0.019	0.771
2865	-0.021	-0.016	0.760
2866	-0.017	-0.016	0.766
2867	-0.016	-0.014	0.762
2868	-0.016	-0.018	0.767
2869	-0.015	-0.019	0.770
2870	-0.015	-0.017	0.766
2871	-0.017	-0.017	0.767
2872	-0.017	-0.017	0.758
2873	-0.017	-0.018	0.773
2874	-0.016	-0.018	0.766
2875	-0.016	-0.017	0.763
2876	-0.016	-0.017	0.777
2877	-0.018	-0.021	0.763
2878	-0.016	-0.021	0.772
2879	-0.016	-0.019	0.761
2880	-0.016	-0.018	0.761
2881	-0.015	-0.018	0.765
2882	-0.015	-0.018	0.770
2883	-0.017	-0.017	0.764
2884	-0.015	-0.018	0.763
2885	-0.015	-0.019	0.767
2886	-0.015	-0.015	0.762
2887	-0.017	-0.020	0.762
2888	-0.015	-0.017	0.762
2889	-0.019	-0.019	0.763
2890	-0.017	-0.017	0.764
2891	-0.020	-0.016	0.762
2892	-0.019	-0.019	0.764
2893	-0.020	-0.021	0.759
2894	-0.021	-0.020	0.767
2895	-0.022	-0.018	0.766
2896	-0.021	-0.017	0.767
2897	-0.021	-0.021	0.770
2898	-0.022	-0.017	0.760
2899	-0.025	-0.019	0.754
2900	-0.021	-0.016	0.758
2901	-0.023	-0.019	0.772
2902	-0.021	-0.019	0.759
2903	-0.026	-0.022	0.751
2904	-0.025	-0.016	0.763
2905	-0.028	-0.019	0.772
2906	-0.029	-0.021	0.762
2907	-0.027	-0.022	0.767
2908	-0.028	-0.018	0.773
2909	-0.030	-0.018	0.768
2910	-0.030	-0.019	0.767
2911	-0.030	-0.022	0.768
2912	-0.031	-0.022	0.763
2913	-0.030	-0.021	0.765
2914	-0.032	-0.022	0.764
2915	-0.033	-0.021	0.766
2916	-0.031	-0.021	0.765
2917	-0.031	-0.021	0.762
2918	-0.032	-0.018	0.767
2919	-0.033	-0.018	0.764
2920	-0.032	-0.018	0.759
2921	-0.033	-0.022	0.766
2922	-0.032	-0.021	0.763
2923	-0.034	-0.019	0.775
2924	-0.033	-0.021	0.766
2925	-0.032	-0.022	0.761
2926	-0.029	-0.018	0.766
2927	-0.033	-0.018	0.759
2928	-0.033	-0.017	0.775
2929	-0.030	-0.023	0.769
2930	-0.032	-0.022	0.762
2931	-0.032	-0.023	0.757
2932	-0.031	-0.017	0.756
2933	-0.030	-0.018	0.764
2934	-0.029	-0.017	0.768
2935	-0.028	-0.017	0.771
2936	-0.027	-0.018	0.765
2937	-0.030	-0.018	0.767
2938	-0.028	-0.019	0.765
2939	-0.027	-0.019	0.765
2940	-0.026	-0.019	0.775
2941	-0.026	-0.013	0.770
2942	-0.026	-0.016	0.764
2943	-0.024	-0.017	0.756
2944	-0.025	-0.019	0.765
2945	-0.025	-0.016	0.768
2946	-0.026	-0.017	0.764
2947	-0.025	-0.018	0.761
2948	-0.025	-0.018	0.767
2949	-0.023	-0.017	0.762
2950	-0.024	-0.018	0.763
2951	-0.021	-0.017	0.770
2952	-0.024	-0.015	0.768
2953	-0.020	-0.017	0.772
2954	-0.019	-0.018	0.771
2955	-0.022	-0.018	0.768
2956	-0.022	-0.015	0.766
2957	-0.019	-0.016	0.764
2958	-0.019	-0.013	0.770
2959	-0.018	-0.019	0.760
2960	-0.019	-0.014	0.768
2961	-0.019	-0.017	0.769
2962	-0.019	-0.016	0.764
2963	-0.016	-0.018	0.761
2964	-0.018	-0.016	0.770
2965	-0.019	-0.013	0.760
2966	-0.018	-0.012	0.765
2967	-0.015	-0.014	0.768
2968	-0.016	-0.015	0.775
2969	-0.016	-0.013	0.765
2970	-0.016	-0.014	0.768
2971	-0.013	-0.013	0.769
2972	-0.015	-0.015	0.760
2973	-0.012	-0.014	0.772
2974	-0.015	-0.010	0.770
2975	-0.015	-0.009	0.763
2976	-0.012	-0.014	0.768
2977	-0.011	-0.018	0.760
2978	-0.013	-0.017	0.765
2979	-0.012	-0.014	0.762
2980	-0.011	-0.013	0.762
2981	-0.011	-0.014	0.761
2982	-0.012	-0.013	0.765
2983	-0.015	-0.009	0.775
2984	-0.011	-0.007	0.773
2985	-0.014	-0.011	0.771
2986	-0.014	-0.017	0.772
2987	-0.013	-0.019	0.770
2988	-0.013	-0.017	0.760
2989	-0.012	-0.011	0.769
2990	-0.013	-0.007	0.764
2991	-0.012	-0.008	0.768
2992	-0.011	-0.007	0.759
2993	-0.012	-0.008	0.766
2994	-0.012	-0.012	0.766
2995	-0.013	-0.016	0.771
2996	-0.013	-0.015	0.771
2997	-0.014	-0.011	0.763
2998	-0.011	-0.009	0.765
2999	-0.014	-0.010	0.771
3000	-0.012	-0.009	0.766
3001	-0.012	-0.011	0.769
3002	-0.013	-0.011	0.757
3003	-0.011	-0.014	0.758
3004	-0.012	-0.015	0.771
3005	-0.010	-0.014	0.769
3006	-0.010	-0.009	0.763
3007	-0.010	-0.004	0.759
3008	-0.010	-0.005	0.767
3009	-0.011	-0.011	0.764
3010	-0.009	-0.016	0.767
3011	-0.011	-0.017	0.775
3012	-0.010	-0.017	0.755
