0	0.009	-0.003	0.757
1	0.005	-0.002	0.768
2	0.005	-0.002	0.759
3	0.005	-0.002	0.763
4	0.004	-0.003	0.771
5	0.005	-0.003	0.767
6	0.003	-0.003	0.770
7	0.002	-0.002	0.772
8	-0.001	-0.001	0.758
9	-0.001	-0.005	0.765
10	-0.001	-0.007	0.777
11	-0.001	-0.004	0.770
12	-0.001	-0.002	0.758
13	0.001	-0.006	0.765
14	-0.004	-0.003	0.769
15	-0.002	-0.001	0.771
16	0.001	-0.002	0.765
17	-0.002	-0.001	0.767
18	-0.001	-0.005	0.769
19	-0.002	-0.006	0.774
20	-0.001	-0.003	0.769
21	-0.003	-0.001	0.766
22	0.000	0.001	0.767
23	0.000	-0.002	0.774
24	0.003	-0.003	0.768
25	0.003	-0.002	0.768
26	0.001	-0.003	0.766
27	0.001	-0.002	0.766
28	0.000	-0.003	0.772
29	0.004	-0.004	0.765
30	0.005	-0.002	0.766
31	0.002	-0.003	0.767
32	0.003	0.001	0.771
33	0.005	-0.002	0.763
34	0.004	-0.004	0.768
35	0.008	-0.004	0.771
36	0.007	-0.003	0.777
37	0.007	-0.003	0.772
38	0.007	-0.001	0.767
39	0.005	-0.003	0.767
40	0.005	0.002	0.766
41	0.005	-0.002	0.774
42	0.008	0.001	0.778
43	0.006	-0.004	0.771
44	0.010	-0.004	0.763
45	0.007	-0.002	0.774
46	0.005	0.001	0.771
47	0.005	-0.001	0.763
48	0.006	-0.004	0.765
49	0.006	-0.003	0.770
50	0.005	-0.003	0.772
51	0.004	-0.005	0.765
52	0.008	-0.002	0.761
53	0.005	-0.006	0.768
54	0.007	-0.002	0.771
55	0.005	0.000	0.765
56	0.006	0.001	0.773
57	0.003	-0.003	0.761
58	0.004	-0.002	0.760
59	0.004	-0.003	0.766
60	0.005	-0.001	0.772
61	0.002	-0.002	0.773
62	0.001	-0.002	0.769
63	0.004	-0.004	0.761
64	0.003	0.001	0.768
65	0.002	-0.002	0.770
66	0.004	-0.002	0.764
67	0.004	-0.004	0.767
68	0.004	-0.005	0.761
69	0.001	-0.004	0.767
70	0.003	-0.003	0.766
71	0.004	0.000	0.765
72	0.002	-0.001	0.765
73	0.003	-0.002	0.759
74	0.006	-0.002	0.772
75	0.004	0.000	0.773
76	0.005	-0.005	0.762
77	0.007	-0.004	0.767
78	0.006	-0.006	0.758
79	0.008	-0.005	0.767
80	0.010	-0.001	0.764
81	0.006	-0.003	0.767
82	0.006	-0.004	0.763
83	0.009	-0.004	0.767
84	0.009	-0.004	0.766
85	0.009	-0.007	0.774
86	0.009	-0.003	0.769
87	0.009	-0.005	0.772
88	0.010	-0.002	0.766
89	0.010	-0.002	0.767
90	0.009	-0.002	0.762
91	0.007	-0.007	0.769
92	0.009	-0.009	0.760
93	0.008	-0.009	0.771
94	0.007	-0.005	0.766
95	0.007	-0.005	0.761
96	0.007	-0.004	0.775
97	0.007	-0.005	0.773
98	0.006	-0.008	0.762
99	0.005	-0.003	0.763
100	0.005	-0.005	0.774
101	0.002	-0.009	0.761
102	0.002	-0.006	0.770
103	0.003	-0.005	0.763
104	0.002	-0.006	0.762
105	0.003	-0.001	0.777
106	0.001	-0.005	0.771
107	0.000	-0.005	0.759
108	-0.001	-0.005	0.762
109	0.001	-0.005	0.775
110	-0.001	-0.006	0.773
111	0.002	-0.003	0.760
112	0.002	-0.004	0.758
113	0.001	-0.001	0.758
114	0.001	-0.001	0.771
115	0.000	-0.004	0.762
116	0.001	-0.006	0.766
117	0.001	-0.005	0.762
118	0.002	-0.005	0.768
119	0.001	-0.005	0.771
120	0.003	-0.005	0.772
121	0.003	-0.005	0.772
122	0.000	-0.003	0.771
123	-0.001	-0.006	0.762
124	0.001	-0.002	0.765
125	0.001	-0.005	0.768
126	0.001	-0.007	0.766
127	0.001	-0.005	0.761
128	0.002	-0.001	0.764
129	0.000	-0.001	0.770
130	0.001	-0.001	0.771
131	0.002	-0.003	0.767
132	0.001	-0.003	0.770
133	0.001	-0.004	0.761
134	-0.003	-0.003	0.767
135	-0.005	-0.003	0.770
136	-0.005	-0.001	0.766
137	-0.005	-0.001	0.771
138	-0.004	0.001	0.764
139	-0.005	-0.002	0.762
140	-0.006	-0.003	0.760
141	-0.005	-0.004	0.776
142	-0.004	-0.002	0.775
143	-0.003	0.001	0.762
144	-0.003	0.000	0.763
145	-0.002	0.000	0.768
146	0.000	0.001	0.776
147	-0.002	-0.001	0.765
148	0.001	-0.001	0.762
149	0.000	0.001	0.766
150	0.002	-0.002	0.760
151	0.001	-0.002	0.769
152	0.003	0.000	0.769
153	0.002	0.002	0.769
154	0.005	-0.001	0.762
155	0.003	-0.001	0.771
156	0.004	0.001	0.770
157	0.003	0.000	0.771
158	0.005	-0.001	0.768
159	0.004	-0.004	0.773
160	0.002	-0.004	0.773
161	0.004	-0.001	0.766
162	0.004	0.001	0.772
163	0.006	0.001	0.765
164	0.006	-0.002	0.766
165	0.004	-0.005	0.768
166	0.003	-0.006	0.759
167	0.003	-0.005	0.765
168	0.002	-0.003	0.762
169	0.004	-0.002	0.780
170	0.004	-0.001	0.763
171	0.002	-0.002	0.766
172	-0.001	0.000	0.758
173	-0.002	-0.005	0.768
174	0.002	-0.006	0.771
175	0.001	-0.007	0.758
176	0.001	-0.004	0.767
177	0.000	-0.003	0.763
178	0.003	-0.001	0.777
179	0.003	-0.001	0.762
180	0.003	-0.003	0.768
181	0.003	-0.002	0.760
182	0.005	-0.001	0.765
183	0.004	-0.004	0.773
184	0.004	-0.006	0.757
185	0.005	-0.003	0.762
186	0.006	-0.001	0.767
187	0.009	0.003	0.770
188	0.007	0.000	0.772
189	0.005	-0.003	0.761
190	0.007	-0.003	0.768
191	0.008	-0.006	0.768
192	0.004	-0.005	0.769
193	0.005	-0.005	0.765
194	0.007	-0.002	0.761
195	0.003	0.000	0.763
196	0.003	0.003	0.762
197	0.004	-0.002	0.766
198	0.005	-0.004	0.760
199	0.003	-0.008	0.757
200	0.003	-0.008	0.767
201	0.002	-0.005	0.780
202	0.001	-0.002	0.767
203	0.003	0.000	0.766
204	0.004	0.002	0.763
205	0.005	0.001	0.765
206	0.003	-0.002	0.771
207	0.001	-0.006	0.763
208	0.001	-0.007	0.762
209	0.003	-0.005	0.768
210	0.002	-0.002	0.771
211	0.003	0.001	0.768
212	0.005	0.002	0.771
213	0.003	0.001	0.772
214	0.004	-0.004	0.763
215	0.004	-0.002	0.767
216	0.004	-0.002	0.767
217	0.003	-0.002	0.760
218	0.002	-0.002	0.767
219	0.002	-0.001	0.761
220	0.002	0.001	0.759
221	0.000	-0.001	0.759
222	0.002	-0.003	0.766
223	0.001	-0.008	0.760
224	-0.001	-0.007	0.764
225	0.002	-0.003	0.763
226	0.004	-0.003	0.765
227	0.004	-0.003	0.761
228	0.002	-0.002	0.768
229	0.006	-0.002	0.772
230	0.005	-0.004	0.760
231	0.007	-0.003	0.766
232	0.006	-0.005	0.767
233	0.007	-0.007	0.761
234	0.005	0.000	0.763
235	0.007	0.001	0.757
236	0.007	-0.001	0.758
237	0.006	-0.001	0.772
238	0.006	0.003	0.762
239	0.005	-0.002	0.767
240	0.006	-0.005	0.763
241	0.005	-0.005	0.762
242	0.005	-0.005	0.768
243	0.005	-0.001	0.774
244	0.002	0.001	0.762
245	0.000	0.001	0.766
246	-0.001	-0.002	0.772
247	-0.002	-0.004	0.765
248	-0.001	-0.005	0.772
249	0.001	-0.002	0.766
250	-0.001	0.000	0.770
251	0.001	0.000	0.773
252	0.002	-0.002	0.764
253	0.005	-0.002	0.766
254	0.005	-0.001	0.766
255	0.006	-0.003	0.772
256	0.005	-0.007	0.775
257	0.007	-0.006	0.771
258	0.009	-0.005	0.762
259	0.009	-0.004	0.763
260	0.010	-0.001	0.781
261	0.011	-0.002	0.767
262	0.010	0.000	0.769
263	0.008	-0.003	0.763
264	0.006	-0.007	0.766
265	0.005	-0.007	0.761
266	0.006	-0.007	0.770
267	0.006	-0.004	0.761
268	0.003	-0.001	0.770
269	0.003	-0.001	0.769
270	0.002	-0.001	0.780
271	0.001	-0.005	0.759
272	-0.002	-0.006	0.763
273	0.000	-0.004	0.764
274	-0.001	-0.005	0.770
275	-0.003	-0.005	0.763
276	-0.003	-0.004	0.772
277	-0.002	-0.002	0.776
278	-0.003	-0.001	0.764
279	-0.002	-0.005	0.776
280	-0.002	-0.007	0.765
281	-0.001	-0.008	0.773
282	-0.001	-0.009	0.770
283	-0.001	-0.004	0.766
284	0.000	-0.002	0.772
285	0.001	-0.003	0.767
286	0.002	-0.006	0.768
287	0.002	-0.007	0.767
288	0.004	-0.006	0.768
289	0.004	-0.007	0.766
290	0.003	-0.007	0.763
291	0.006	-0.009	0.768
292	0.005	-0.005	0.778
293	0.004	-0.002	0.765
294	0.002	-0.002	0.767
295	0.001	-0.005	0.768
296	0.001	-0.008	0.768
297	0.002	-0.008	0.768
298	0.000	-0.004	0.767
299	-0.001	-0.003	0.760
300	-0.002	-0.006	0.762
301	-0.003	-0.002	0.769
302	-0.003	0.000	0.770
303	-0.003	-0.001	0.772
304	-0.003	0.000	0.763
305	-0.002	-0.004	0.767
306	-0.002	-0.007	0.769
307	0.000	-0.006	0.767
308	0.001	0.000	0.756
309	0.002	-0.003	0.764
310	0.003	-0.002	0.773
311	0.001	-0.003	0.774
312	0.003	-0.004	0.766
313	0.005	-0.005	0.768
314	0.004	-0.006	0.768
315	0.004	-0.006	0.773
316	0.006	-0.007	0.768
317	0.007	-0.001	0.768
318	0.007	0.001	0.768
319	0.008	-0.005	0.764
320	0.007	-0.003	0.776
321	0.006	-0.005	0.763
322	0.004	-0.006	0.765
323	0.003	-0.004	0.762
324	0.002	-0.004	0.776
325	0.002	-0.001	0.759
326	0.003	-0.004	0.769
327	0.001	-0.001	0.770
328	0.001	-0.002	0.770
329	0.001	-0.005	0.763
330	-0.003	-0.007	0.767
331	-0.002	-0.007	0.768
332	0.000	-0.004	0.767
333	-0.001	-0.001	0.762
334	-0.001	-0.004	0.767
335	0.002	-0.006	0.760
336	0.000	-0.006	0.766
337	0.000	-0.004	0.769
338	0.001	-0.004	0.769
339	0.001	-0.006	0.770
340	0.003	-0.006	0.763
341	0.005	-0.004	0.769
342	0.003	-0.003	0.764
343	0.002	-0.002	0.771
344	0.003	-0.004	0.768
345	0.004	-0.005	0.765
346	0.003	-0.004	0.766
347	0.002	-0.005	0.760
348	0.003	-0.005	0.774
349	0.001	-0.004	0.768
350	0.003	-0.005	0.758
351	0.004	-0.004	0.768
352	0.005	-0.002	0.770
353	0.004	-0.005	0.762
354	0.003	-0.003	0.768
355	0.005	-0.004	0.768
356	0.004	-0.003	0.761
357	0.004	-0.001	0.764
358	0.004	-0.002	0.766
359	0.002	-0.004	0.758
360	0.002	-0.002	0.772
361	0.002	-0.003	0.769
362	-0.002	-0.002	0.759
363	-0.001	-0.002	0.769
364	-0.001	-0.007	0.758
365	-0.003	-0.001	0.762
366	-0.003	-0.003	0.772
367	-0.002	-0.002	0.766
368	-0.001	-0.002	0.766
369	-0.001	-0.005	0.758
370	0.001	-0.006	0.777
371	-0.003	-0.005	0.755
372	0.000	-0.003	0.772
373	0.000	-0.003	0.766
374	0.001	-0.002	0.762
375	0.001	-0.002	0.766
376	0.003	-0.001	0.766
377	-0.001	-0.005	0.768
378	-0.002	-0.006	0.762
379	0.001	-0.005	0.765
380	0.000	-0.006	0.765
381	0.001	-0.002	0.764
382	-0.001	-0.002	0.768
383	0.001	-0.004	0.768
384	-0.003	-0.002	0.770
385	-0.003	-0.004	0.773
386	-0.003	-0.002	0.761
387	-0.003	-0.005	0.759
388	-0.001	-0.004	0.765
389	-0.002	-0.004	0.773
390	-0.003	-0.003	0.753
391	-0.003	-0.001	0.767
392	-0.003	-0.003	0.770
393	0.002	-0.003	0.776
394	0.002	-0.005	0.758
395	0.003	-0.003	0.768
396	0.003	-0.005	0.770
397	0.001	-0.005	0.767
398	0.005	-0.003	0.781
399	0.004	-0.005	0.759
400	0.002	0.001	0.764
401	0.001	-0.004	0.771
402	-0.001	-0.002	0.759
403	-0.002	-0.007	0.766
404	-0.004	-0.004	0.768
405	-0.004	-0.002	0.765
406	-0.005	-0.004	0.764
407	-0.006	-0.002	0.766
408	-0.006	-0.004	0.762
409	-0.007	-0.002	0.758
410	-0.006	-0.003	0.764
411	-0.007	-0.003	0.768
412	-0.007	-0.007	0.766
413	-0.004	-0.004	0.762
414	-0.003	-0.005	0.758
415	-0.004	-0.001	0.772
416	-0.001	-0.004	0.764
417	-0.003	-0.005	0.770
418	0.001	-0.003	0.766
419	-0.002	-0.001	0.766
420	-0.001	-0.004	0.774
421	-0.001	-0.002	0.760
422	0.002	-0.006	0.766
423	0.001	-0.002	0.767
424	0.001	-0.004	0.758
425	-0.001	-0.001	0.766
426	-0.001	-0.003	0.762
427	-0.001	-0.001	0.768
428	0.001	-0.002	0.768
429	-0.001	-0.002	0.774
430	-0.001	-0.003	0.770
431	-0.005	-0.003	0.765
432	-0.003	-0.004	0.769
433	-0.003	-0.005	0.763
434	-0.001	-0.003	0.765
435	-0.002	-0.001	0.762
436	-0.004	-0.002	0.759
437	-0.001	-0.001	0.765
438	-0.001	-0.001	0.767
439	-0.003	-0.002	0.770
440	-0.003	-0.003	0.770
441	-0.004	-0.007	0.760
442	-0.004	-0.002	0.767
443	-0.003	-0.001	0.769
444	-0.003	0.000	0.763
445	-0.002	-0.005	0.768
446	-0.002	-0.002	0.758
447	0.001	-0.007	0.774
448	-0.001	-0.004	0.772
449	-0.001	-0.005	0.768
450	-0.004	-0.002	0.767
451	-0.001	-0.005	0.765
452	0.001	-0.006	0.772
453	-0.001	-0.003	0.766
454	-0.001	-0.002	0.763
455	-0.003	-0.003	0.764
456	0.001	-0.008	0.759
457	-0.007	-0.010	0.774
458	-0.006	-0.013	0.774
459	-0.005	-0.013	0.768
460	-0.007	-0.014	0.771
461	-0.008	-0.018	0.768
462	-0.006	-0.021	0.774
463	-0.006	-0.019	0.768
464	-0.006	-0.019	0.768
465	-0.005	-0.023	0.768
466	-0.005	-0.025	0.758
467	-0.006	-0.026	0.760
468	-0.005	-0.022	0.763
469	-0.005	-0.017	0.760
470	0.000	-0.015	0.773
471	-0.001	-0.019	0.764
472	-0.001	-0.017	0.765
473	0.001	-0.016	0.771
474	-0.002	-0.015	0.764
475	0.000	-0.013	0.770
476	0.002	-0.015	0.766
477	0.002	-0.011	0.774
478	0.000	-0.014	0.762
479	-0.001	-0.016	0.768
480	0.001	-0.013	0.773
481	0.001	-0.015	0.762
482	-0.001	-0.011	0.772
483	0.001	-0.010	0.767
484	-0.001	-0.007	0.761
485	0.001	-0.010	0.775
486	-0.001	-0.012	0.773
487	0.002	-0.015	0.767
488	-0.002	-0.010	0.772
489	-0.004	-0.009	0.771
490	-0.003	-0.010	0.766
491	-0.003	-0.006	0.775
492	-0.005	-0.008	0.762
493	-0.004	-0.009	0.757
494	-0.008	-0.009	0.771
495	-0.007	-0.013	0.777
496	-0.002	-0.011	0.760
497	-0.005	-0.011	0.759
498	-0.003	-0.007	0.766
499	-0.003	-0.005	0.761
500	0.000	-0.006	0.771
501	0.004	-0.005	0.761
502	0.005	-0.008	0.765
503	0.006	-0.007	0.766
504	0.005	-0.010	0.763
505	0.006	-0.010	0.767
506	0.010	-0.009	0.768
507	0.010	-0.005	0.760
508	0.007	-0.005	0.771
509	0.007	-0.005	0.766
510	0.007	-0.009	0.767
511	0.005	-0.007	0.764
512	0.003	-0.008	0.775
513	0.001	-0.008	0.765
514	-0.002	-0.007	0.773
515	-0.003	-0.007	0.765
516	-0.001	-0.005	0.771
517	-0.028	-0.184	1.058
518	-0.032	-0.211	1.097
519	-0.035	-0.205	1.096
520	-0.033	-0.204	1.086
521	-0.034	-0.205	1.082
522	-0.033	-0.199	1.072
523	-0.035	-0.198	1.085
524	-0.037	-0.199	1.068
525	-0.034	-0.200	1.071
526	-0.035	-0.197	1.084
527	-0.035	-0.197	1.082
528	-0.035	-0.197	1.056
529	-0.036	-0.195	1.062
530	-0.031	-0.197	1.073
531	-0.035	-0.197	1.069
532	-0.036	-0.194	1.067
533	-0.035	-0.195	1.067
534	-0.035	-0.192	1.079
535	-0.033	-0.195	1.083
536	-0.035	-0.194	1.062
537	-0.035	-0.194	1.070
538	-0.035	-0.190	1.083
539	-0.035	-0.194	1.060
540	-0.034	-0.194	1.060
541	-0.033	-0.193	1.080
542	-0.033	-0.189	1.070
543	-0.035	-0.191	1.044
544	-0.033	-0.194	1.054
545	-0.034	-0.192	1.075
546	-0.032	-0.190	1.068
547	-0.033	-0.191	1.044
548	-0.033	-0.192	1.046
549	-0.031	-0.191	1.076
550	-0.033	-0.190	1.073
551	-0.032	-0.191	1.047
552	-0.033	-0.191	1.040
553	-0.033	-0.189	1.072
554	-0.032	-0.191	1.070
555	-0.032	-0.190	1.041
556	-0.032	-0.190	1.066
557	-0.032	-0.185	1.072
558	-0.029	-0.187	1.074
559	-0.030	-0.191	1.046
560	-0.028	-0.187	1.067
561	-0.030	-0.187	1.061
562	-0.033	-0.186	1.058
563	-0.030	-0.187	1.058
564	-0.031	-0.189	1.060
565	-0.033	-0.187	1.060
566	-0.033	-0.190	1.049
567	-0.030	-0.185	1.054
568	-0.029	-0.186	1.067
569	-0.032	-0.190	1.053
570	-0.030	-0.186	1.056
571	-0.032	-0.184	1.069
572	-0.032	-0.186	1.065
573	-0.033	-0.185	1.049
574	-0.032	-0.188	1.055
575	-0.031	-0.187	1.055
576	-0.033	-0.183	1.056
577	-0.034	-0.187	1.054
578	-0.033	-0.186	1.054
579	-0.033	-0.185	1.054
580	-0.032	-0.186	1.051
581	-0.033	-0.187	1.062
582	-0.030	-0.184	1.050
583	-0.034	-0.185	1.059
584	-0.030	-0.185	1.061
585	-0.032	-0.185	1.057
586	-0.032	-0.184	1.051
587	-0.034	-0.185	1.060
588	-0.031	-0.184	1.060
589	-0.034	-0.187	1.054
590	-0.032	-0.185	1.044
591	-0.034	-0.185	1.054
592	-0.032	-0.184	1.058
593	-0.032	-0.184	1.050
594	-0.031	-0.188	1.057
595	-0.031	-0.184	1.054
596	-0.033	-0.181	1.056
597	-0.030	-0.185	1.048
598	-0.031	-0.186	1.051
599	-0.032	-0.184	1.056
600	-0.032	-0.183	1.061
601	-0.034	-0.183	1.054
602	-0.035	-0.181	1.052
603	-0.032	-0.185	1.062
604	-0.032	-0.185	1.060
605	-0.033	-0.182	1.052
606	-0.036	-0.184	1.051
607	-0.032	-0.182	1.053
608	-0.033	-0.184	1.050
609	-0.034	-0.184	1.053
610	-0.033	-0.179	1.049
611	-0.034	-0.180	1.060
612	-0.033	-0.183	1.048
613	-0.033	-0.185	1.053
614	-0.033	-0.181	1.053
615	-0.033	-0.181	1.052
616	-0.034	-0.184	1.054
617	-0.031	-0.183	1.046
618	-0.034	-0.183	1.054
619	-0.033	-0.183	1.049
620	-0.033	-0.185	1.055
621	-0.032	-0.182	1.041
622	-0.034	-0.183	1.044
623	-0.034	-0.187	1.047
624	-0.032	-0.182	1.048
625	-0.034	-0.181	1.053
626	-0.034	-0.184	1.054
627	-0.032	-0.185	1.060
628	-0.035	-0.183	1.062
629	-0.034	-0.185	1.055
630	-0.033	-0.184	1.050
631	-0.034	-0.184	1.046
632	-0.033	-0.185	1.060
633	-0.034	-0.185	1.055
634	-0.033	-0.183	1.048
635	-0.035	-0.182	1.039
636	-0.036	-0.186	1.045
637	-0.033	-0.185	1.053
638	-0.036	-0.183	1.035
639	-0.033	-0.183	1.044
640	-0.036	-0.183	1.054
641	-0.035	-0.184	1.052
642	-0.036	-0.183	1.045
643	-0.036	-0.183	1.039
644	-0.035	-0.183	1.036
645	-0.036	-0.182	1.055
646	-0.035	-0.183	1.056
647	-0.036	-0.186	1.057
648	-0.034	-0.185	1.054
649	-0.036	-0.183	1.044
650	-0.036	-0.184	1.042
651	-0.037	-0.182	1.046
652	-0.036	-0.185	1.049
653	-0.034	-0.183	1.044
654	-0.034	-0.184	1.042
655	-0.035	-0.184	1.052
656	-0.034	-0.184	1.056
657	-0.034	-0.185	1.060
658	-0.034	-0.184	1.040
659	-0.034	-0.184	1.042
660	-0.035	-0.182	1.046
661	-0.034	-0.182	1.048
662	-0.034	-0.185	1.037
663	-0.032	-0.183	1.056
664	-0.034	-0.183	1.043
665	-0.035	-0.183	1.049
666	-0.036	-0.184	1.044
667	-0.033	-0.184	1.050
668	-0.034	-0.184	1.047
669	-0.033	-0.181	1.050
670	-0.034	-0.183	1.058
671	-0.035	-0.183	1.048
672	-0.034	-0.181	1.044
673	-0.034	-0.182	1.046
674	-0.035	-0.183	1.053
675	-0.036	-0.185	1.054
676	-0.034	-0.184	1.050
677	-0.032	-0.185	1.052
678	-0.034	-0.181	1.045
679	-0.033	-0.182	1.059
680	-0.034	-0.180	1.048
681	-0.033	-0.185	1.050
682	-0.036	-0.184	1.043
683	-0.035	-0.182	1.049
684	-0.035	-0.184	1.045
685	-0.034	-0.184	1.053
686	-0.034	-0.184	1.050
687	-0.033	-0.183	1.042
688	-0.036	-0.185	1.047
689	-0.036	-0.185	1.049
690	-0.036	-0.185	1.042
691	-0.035	-0.185	1.046
692	-0.035	-0.186	1.054
693	-0.035	-0.185	1.053
694	-0.035	-0.184	1.048
695	-0.034	-0.183	1.044
696	-0.033	-0.184	1.045
697	-0.036	-0.185	1.052
698	-0.035	-0.183	1.048
699	-0.035	-0.182	1.038
700	-0.037	-0.184	1.032
701	-0.035	-0.186	1.050
702	-0.034	-0.183	1.049
703	-0.035	-0.183	1.044
704	-0.036	-0.185	1.051
705	-0.035	-0.184	1.039
706	-0.035	-0.184	1.032
707	-0.036	-0.183	1.049
708	-0.036	-0.184	1.049
709	-0.035	-0.183	1.040
710	-0.035	-0.186	1.044
711	-0.036	-0.182	1.044
712	-0.036	-0.187	1.038
713	-0.038	-0.184	1.047
714	-0.035	-0.183	1.036
715	-0.036	-0.183	1.046
716	-0.037	-0.182	1.048
717	-0.036	-0.182	1.047
718	-0.036	-0.181	1.031
719	-0.036	-0.183	1.042
720	-0.036	-0.185	1.046
721	-0.036	-0.181	1.052
722	-0.037	-0.179	1.043
723	-0.035	-0.180	1.038
724	-0.035	-0.183	1.041
725	-0.036	-0.184	1.050
726	-0.038	-0.182	1.056
727	-0.037	-0.180	1.041
728	-0.033	-0.180	1.042
729	-0.036	-0.180	1.040
730	-0.034	-0.181	1.042
731	-0.036	-0.181	1.041
732	-0.036	-0.178	1.047
733	-0.036	-0.180	1.050
734	-0.034	-0.181	1.032
735	-0.034	-0.177	1.046
736	-0.037	-0.181	1.050
737	-0.037	-0.180	1.043
738	-0.036	-0.180	1.041
739	-0.034	-0.180	1.041
740	-0.037	-0.181	1.046
741	-0.037	-0.179	1.049
742	-0.038	-0.178	1.040
743	-0.036	-0.178	1.037
744	-0.036	-0.180	1.046
745	-0.037	-0.178	1.054
746	-0.036	-0.178	1.042
747	-0.035	-0.177	1.052
748	-0.037	-0.179	1.039
749	-0.035	-0.181	1.037
750	-0.034	-0.178	1.042
751	-0.035	-0.179	1.044
752	-0.037	-0.178	1.034
753	-0.035	-0.179	1.044
754	-0.035	-0.178	1.048
755	-0.034	-0.180	1.040
756	-0.035	-0.179	1.032
757	-0.036	-0.178	1.047
758	-0.033	-0.179	1.050
759	-0.035	-0.179	1.046
760	-0.036	-0.178	1.036
761	-0.036	-0.177	1.053
762	-0.036	-0.176	1.052
763	-0.035	-0.180	1.036
764	-0.035	-0.178	1.040
765	-0.035	-0.177	1.049
766	-0.035	-0.175	1.042
767	-0.038	-0.176	1.044
768	-0.037	-0.177	1.042
769	-0.036	-0.177	1.043
770	-0.037	-0.176	1.038
771	-0.036	-0.176	1.045
772	-0.039	-0.176	1.049
773	-0.039	-0.177	1.049
774	-0.038	-0.178	1.031
775	-0.040	-0.175	1.042
776	-0.038	-0.171	1.043
777	-0.041	-0.176	1.039
778	-0.040	-0.178	1.040
779	-0.038	-0.174	1.034
780	-0.040	-0.176	1.048
781	-0.040	-0.172	1.036
782	-0.040	-0.173	1.046
783	-0.037	-0.175	1.030
784	-0.041	-0.176	1.041
785	-0.039	-0.175	1.043
786	-0.040	-0.174	1.044
787	-0.040	-0.175	1.035
788	-0.037	-0.176	1.046
789	-0.039	-0.176	1.040
790	-0.040	-0.175	1.040
791	-0.037	-0.172	1.038
792	-0.037	-0.178	1.044
793	-0.038	-0.179	1.042
794	-0.039	-0.176	1.036
795	-0.037	-0.176	1.043
796	-0.037	-0.175	1.049
797	-0.040	-0.177	1.037
798	-0.037	-0.177	1.041
799	-0.038	-0.175	1.046
800	-0.040	-0.175	1.042
801	-0.038	-0.176	1.036
802	-0.038	-0.178	1.054
803	-0.038	-0.179	1.042
804	-0.040	-0.180	1.045
805	-0.037	-0.176	1.047
806	-0.040	-0.177	1.036
807	-0.037	-0.178	1.048
808	-0.040	-0.178	1.042
809	-0.036	-0.178	1.044
810	-0.038	-0.176	1.048
811	-0.040	-0.177	1.042
812	-0.038	-0.176	1.037
813	-0.038	-0.175	1.053
814	-0.039	-0.174	1.039
815	-0.040	-0.174	1.038
816	-0.038	-0.178	1.035
817	-0.039	-0.178	1.051
818	-0.037	-0.177	1.050
819	-0.034	-0.175	1.042
820	-0.038	-0.176	1.038
821	-0.039	-0.177	1.042
822	-0.036	-0.180	1.047
823	-0.037	-0.180	1.045
824	-0.037	-0.177	1.052
825	-0.038	-0.177	1.042
826	-0.037	-0.176	1.031
827	-0.039	-0.178	1.046
828	-0.038	-0.181	1.042
829	-0.038	-0.177	1.034
830	-0.038	-0.179	1.045
831	-0.040	-0.180	1.048
832	-0.036	-0.181	1.043
833	-0.037	-0.178	1.050
834	-0.037	-0.177	1.032
835	-0.037	-0.179	1.039
836	-0.035	-0.180	1.049
837	-0.040	-0.181	1.055
838	-0.040	-0.180	1.044
839	-0.038	-0.179	1.038
840	-0.041	-0.178	1.044
841	-0.036	-0.177	1.039
842	-0.037	-0.180	1.041
843	-0.038	-0.178	1.040
844	-0.038	-0.177	1.042
845	-0.039	-0.179	1.038
846	-0.036	-0.180	1.046
847	-0.039	-0.179	1.046
848	-0.038	-0.177	1.046
849	-0.038	-0.178	1.042
850	-0.041	-0.178	1.034
851	-0.037	-0.178	1.053
852	-0.038	-0.179	1.037
853	-0.040	-0.180	1.030
854	-0.038	-0.177	1.046
855	-0.040	-0.173	1.039
856	-0.038	-0.180	1.048
857	-0.038	-0.179	1.038
858	-0.040	-0.178	1.037
859	-0.039	-0.176	1.038
860	-0.038	-0.179	1.047
861	-0.038	-0.182	1.031
862	-0.038	-0.179	1.052
863	-0.037	-0.175	1.039
864	-0.037	-0.179	1.044
865	-0.036	-0.179	1.050
866	-0.038	-0.180	1.045
867	-0.036	-0.179	1.044
868	-0.038	-0.179	1.036
869	-0.037	-0.175	1.040
870	-0.037	-0.178	1.041
871	-0.038	-0.177	1.050
872	-0.036	-0.181	1.034
873	-0.039	-0.179	1.034
874	-0.037	-0.176	1.042
875	-0.038	-0.177	1.051
876	-0.036	-0.179	1.039
877	-0.035	-0.179	1.038
878	-0.037	-0.176	1.041
879	-0.034	-0.176	1.037
880	-0.037	-0.177	1.047
881	-0.033	-0.179	1.036
882	-0.036	-0.178	1.038
883	-0.036	-0.177	1.035
884	-0.037	-0.177	1.042
885	-0.036	-0.177	1.045
886	-0.034	-0.179	1.038
887	-0.036	-0.176	1.034
888	-0.036	-0.175	1.044
889	-0.035	-0.177	1.047
890	-0.032	-0.180	1.034
891	-0.036	-0.181	1.041
892	-0.034	-0.180	1.046
893	-0.036	-0.177	1.045
894	-0.034	-0.178	1.038
895	-0.035	-0.177	1.037
896	-0.033	-0.179	1.037
897	-0.034	-0.179	1.046
898	-0.036	-0.178	1.036
899	-0.036	-0.176	1.031
900	-0.037	-0.178	1.050
901	-0.035	-0.180	1.029
902	-0.036	-0.180	1.042
903	-0.035	-0.178	1.035
904	-0.037	-0.178	1.044
905	-0.034	-0.181	1.044
906	-0.037	-0.181	1.035
907	-0.037	-0.181	1.034
908	-0.038	-0.181	1.049
909	-0.037	-0.180	1.036
910	-0.036	-0.183	1.028
911	-0.035	-0.181	1.046
912	-0.036	-0.179	1.043
913	-0.036	-0.179	1.045
914	-0.037	-0.180	1.045
915	-0.037	-0.181	1.038
916	-0.036	-0.180	1.036
917	-0.037	-0.181	1.050
918	-0.038	-0.177	1.038
919	-0.038	-0.181	1.035
920	-0.035	-0.178	1.041
921	-0.035	-0.179	1.031
922	-0.037	-0.177	1.039
923	-0.037	-0.177	1.037
924	-0.036	-0.178	1.040
925	-0.037	-0.180	1.035
926	-0.035	-0.177	1.045
927	-0.036	-0.177	1.048
928	-0.037	-0.175	1.041
929	-0.035	-0.179	1.047
930	-0.037	-0.180	1.036
931	-0.036	-0.179	1.046
932	-0.037	-0.177	1.042
933	-0.036	-0.176	1.046
934	-0.037	-0.179	1.034
935	-0.036	-0.178	1.048
936	-0.035	-0.177	1.048
937	-0.037	-0.176	1.042
938	-0.038	-0.177	1.047
939	-0.038	-0.177	1.040
940	-0.036	-0.180	1.043
941	-0.037	-0.178	1.037
942	-0.036	-0.176	1.036
943	-0.036	-0.176	1.037
944	-0.038	-0.179	1.045
945	-0.036	-0.177	1.042
946	-0.034	-0.178	1.047
947	-0.037	-0.179	1.044
948	-0.037	-0.179	1.041
949	-0.036	-0.180	1.046
950	-0.036	-0.181	1.032
951	-0.037	-0.178	1.046
952	-0.037	-0.178	1.026
953	-0.036	-0.177	1.041
954	-0.036	-0.179	1.041
955	-0.036	-0.180	1.042
956	-0.037	-0.177	1.042
957	-0.039	-0.177	1.042
958	-0.036	-0.177	1.045
959	-0.034	-0.181	1.043
960	-0.037	-0.180	1.043
961	-0.036	-0.178	1.024
962	-0.037	-0.179	1.046
963	-0.038	-0.181	1.030
964	-0.038	-0.181	1.030
965	-0.037	-0.182	1.026
966	-0.037	-0.180	1.042
967	-0.038	-0.180	1.036
968	-0.036	-0.182	1.031
969	-0.039	-0.182	1.040
970	-0.036	-0.180	1.029
971	-0.038	-0.179	1.042
972	-0.037	-0.180	1.025
973	-0.038	-0.180	1.042
974	-0.037	-0.181	1.038
975	-0.038	-0.180	1.040
976	-0.037	-0.180	1.042
977	-0.040	-0.179	1.040
978	-0.040	-0.181	1.045
979	-0.037	-0.178	1.043
980	-0.035	-0.179	1.034
981	-0.038	-0.179	1.038
982	-0.034	-0.177	1.034
983	-0.036	-0.179	1.050
984	-0.040	-0.178	1.041
985	-0.037	-0.179	1.036
986	-0.036	-0.174	1.050
987	-0.036	-0.177	1.038
988	-0.036	-0.179	1.041
989	-0.033	-0.179	1.044
990	-0.037	-0.178	1.048
991	-0.034	-0.176	1.044
992	-0.036	-0.179	1.038
993	-0.033	-0.178	1.046
994	-0.033	-0.179	1.037
995	-0.035	-0.178	1.046
996	-0.034	-0.178	1.041
997	-0.034	-0.178	1.051
998	-0.035	-0.179	1.042
999	-0.035	-0.181	1.033
1000	-0.032	-0.179	1.037
1001	-0.033	-0.175	1.050
1002	-0.034	-0.176	1.037
1003	-0.032	-0.179	1.039
1004	-0.035	-0.177	1.041
1005	-0.036	-0.177	1.046
1006	-0.036	-0.177	1.035
1007	-0.034	-0.177	1.036
1008	-0.036	-0.180	1.038
1009	-0.033	-0.178	1.042
1010	-0.036	-0.177	1.036
1011	-0.038	-0.179	1.032
1012	-0.036	-0.179	1.046
1013	-0.036	-0.177	1.044
1014	-0.034	-0.179	1.033
1015	-0.037	-0.179	1.036
1016	-0.037	-0.179	1.050
1017	-0.036	-0.180	1.044
1018	-0.055	-0.379	1.355
1019	-0.055	-0.366	1.345
1020	-0.056	-0.362	1.329
1021	-0.056	-0.357	1.319
1022	-0.055	-0.359	1.312
1023	-0.054	-0.357	1.315
1024	-0.051	-0.355	1.321
1025	-0.057	-0.355	1.317
1026	-0.056	-0.353	1.319
1027	-0.052	-0.354	1.310
1028	-0.053	-0.353	1.302
1029	-0.054	-0.348	1.316
1030	-0.053	-0.348	1.311
1031	-0.055	-0.347	1.315
1032	-0.052	-0.349	1.306
1033	-0.053	-0.349	1.314
1034	-0.052	-0.349	1.309
1035	-0.054	-0.345	1.306
1036	-0.056	-0.346	1.298
1037	-0.052	-0.345	1.306
1038	-0.052	-0.344	1.308
1039	-0.055	-0.344	1.312
1040	-0.055	-0.342	1.302
1041	-0.055	-0.343	1.296
1042	-0.053	-0.345	1.294
1043	-0.057	-0.342	1.302
1044	-0.054	-0.338	1.310
1045	-0.055	-0.340	1.296
1046	-0.056	-0.339	1.301
1047	-0.054	-0.339	1.296
1048	-0.054	-0.342	1.302
1049	-0.056	-0.341	1.301
1050	-0.054	-0.341	1.310
1051	-0.056	-0.342	1.294
1052	-0.056	-0.343	1.288
1053	-0.054	-0.341	1.306
1054	-0.056	-0.342	1.299
1055	-0.057	-0.340	1.294
1056	-0.056	-0.342	1.284
1057	-0.057	-0.344	1.306
1058	-0.056	-0.342	1.294
1059	-0.057	-0.340	1.296
1060	-0.056	-0.341	1.290
1061	-0.058	-0.340	1.294
1062	-0.057	-0.341	1.300
1063	-0.055	-0.342	1.293
1064	-0.057	-0.340	1.297
1065	-0.058	-0.340	1.288
1066	-0.056	-0.339	1.300
1067	-0.056	-0.343	1.295
1068	-0.057	-0.343	1.296
1069	-0.055	-0.341	1.294
1070	-0.054	-0.340	1.296
1071	-0.056	-0.340	1.284
1072	-0.054	-0.343	1.296
1073	-0.055	-0.341	1.296
1074	-0.055	-0.339	1.280
1075	-0.056	-0.340	1.284
1076	-0.055	-0.339	1.292
1077	-0.055	-0.340	1.289
1078	-0.053	-0.336	1.277
1079	-0.053	-0.337	1.284
1080	-0.053	-0.337	1.290
1081	-0.053	-0.340	1.285
1082	-0.054	-0.337	1.283
1083	-0.056	-0.338	1.292
1084	-0.056	-0.338	1.291
1085	-0.056	-0.339	1.290
1086	-0.054	-0.339	1.288
1087	-0.055	-0.339	1.281
1088	-0.056	-0.337	1.283
1089	-0.056	-0.336	1.283
1090	-0.056	-0.338	1.282
1091	-0.055	-0.338	1.285
1092	-0.056	-0.338	1.286
1093	-0.055	-0.336	1.289
1094	-0.054	-0.333	1.293
1095	-0.056	-0.333	1.296
1096	-0.055	-0.337	1.289
1097	-0.055	-0.335	1.284
1098	-0.054	-0.335	1.296
1099	-0.054	-0.333	1.279
1100	-0.053	-0.335	1.280
1101	-0.051	-0.334	1.280
1102	-0.054	-0.335	1.292
1103	-0.054	-0.334	1.282
1104	-0.053	-0.333	1.282
1105	-0.051	-0.333	1.292
1106	-0.051	-0.335	1.279
1107	-0.052	-0.334	1.278
1108	-0.052	-0.329	1.278
1109	-0.053	-0.330	1.294
1110	-0.052	-0.329	1.284
1111	-0.051	-0.331	1.274
1112	-0.052	-0.327	1.286
1113	-0.053	-0.326	1.275
1114	-0.052	-0.328	1.290
1115	-0.052	-0.328	1.284
1116	-0.051	-0.329	1.294
1117	-0.051	-0.327	1.271
1118	-0.052	-0.327	1.277
1119	-0.050	-0.327	1.293
1120	-0.050	-0.327	1.276
1121	-0.052	-0.329	1.288
1122	-0.051	-0.325	1.276
1123	-0.052	-0.321	1.280
1124	-0.051	-0.321	1.288
1125	-0.050	-0.324	1.282
1126	-0.053	-0.324	1.280
1127	-0.051	-0.323	1.286
1128	-0.054	-0.322	1.283
1129	-0.053	-0.326	1.284
1130	-0.052	-0.326	1.278
1131	-0.052	-0.328	1.278
1132	-0.052	-0.328	1.276
1133	-0.051	-0.325	1.281
1134	-0.052	-0.325	1.274
1135	-0.053	-0.325	1.290
1136	-0.051	-0.327	1.284
1137	-0.054	-0.323	1.282
1138	-0.055	-0.324	1.269
1139	-0.054	-0.324	1.285
1140	-0.053	-0.326	1.285
1141	-0.055	-0.325	1.266
1142	-0.055	-0.324	1.277
1143	-0.055	-0.323	1.289
1144	-0.055	-0.326	1.279
1145	-0.054	-0.328	1.273
1146	-0.053	-0.328	1.273
1147	-0.055	-0.322	1.289
1148	-0.056	-0.324	1.275
1149	-0.057	-0.322	1.277
1150	-0.056	-0.326	1.275
1151	-0.054	-0.325	1.288
1152	-0.055	-0.324	1.282
1153	-0.056	-0.324	1.274
1154	-0.054	-0.323	1.268
1155	-0.053	-0.327	1.280
1156	-0.054	-0.325	1.282
1157	-0.055	-0.321	1.274
1158	-0.054	-0.322	1.286
1159	-0.054	-0.323	1.280
1160	-0.052	-0.323	1.279
1161	-0.055	-0.324	1.269
1162	-0.057	-0.321	1.278
1163	-0.054	-0.322	1.276
1164	-0.054	-0.324	1.266
1165	-0.055	-0.323	1.278
1166	-0.053	-0.320	1.284
1167	-0.056	-0.319	1.285
1168	-0.054	-0.322	1.272
1169	-0.054	-0.322	1.277
1170	-0.056	-0.324	1.271
1171	-0.054	-0.325	1.278
1172	-0.053	-0.323	1.278
1173	-0.056	-0.323	1.278
1174	-0.054	-0.326	1.281
1175	-0.054	-0.327	1.272
1176	-0.053	-0.324	1.270
1177	-0.055	-0.322	1.291
1178	-0.054	-0.323	1.271
1179	-0.054	-0.324	1.278
1180	-0.052	-0.323	1.284
1181	-0.052	-0.324	1.277
1182	-0.052	-0.325	1.277
1183	-0.054	-0.324	1.276
1184	-0.054	-0.328	1.275
1185	-0.051	-0.325	1.282
1186	-0.054	-0.325	1.283
1187	-0.052	-0.327	1.262
1188	-0.050	-0.327	1.261
1189	-0.052	-0.327	1.275
1190	-0.051	-0.326	1.271
1191	-0.052	-0.326	1.272
1192	-0.052	-0.325	1.270
1193	-0.053	-0.326	1.262
1194	-0.053	-0.328	1.270
1195	-0.050	-0.326	1.278
1196	-0.052	-0.326	1.273
1197	-0.051	-0.325	1.272
1198	-0.052	-0.327	1.272
1199	-0.051	-0.330	1.271
1200	-0.049	-0.327	1.272
1201	-0.052	-0.326	1.277
1202	-0.053	-0.325	1.272
1203	-0.053	-0.326	1.265
1204	-0.052	-0.327	1.270
1205	-0.051	-0.330	1.270
1206	-0.051	-0.324	1.275
1207	-0.052	-0.323	1.266
1208	-0.053	-0.328	1.268
1209	-0.052	-0.326	1.267
1210	-0.054	-0.326	1.274
1211	-0.052	-0.325	1.278
1212	-0.052	-0.325	1.270
1213	-0.056	-0.327	1.268
1214	-0.054	-0.327	1.268
1215	-0.055	-0.323	1.276
1216	-0.054	-0.325	1.270
1217	-0.053	-0.325	1.262
1218	-0.054	-0.327	1.262
1219	-0.052	-0.326	1.272
1220	-0.052	-0.323	1.261
1221	-0.055	-0.322	1.257
1222	-0.052	-0.323	1.260
1223	-0.054	-0.324	1.269
1224	-0.051	-0.326	1.269
1225	-0.052	-0.325	1.272
1226	-0.053	-0.323	1.258
1227	-0.051	-0.323	1.264
1228	-0.052	-0.321	1.259
1229	-0.051	-0.322	1.264
1230	-0.052	-0.323	1.268
1231	-0.052	-0.322	1.252
1232	-0.051	-0.321	1.270
1233	-0.052	-0.325	1.266
1234	-0.052	-0.323	1.272
1235	-0.051	-0.321	1.258
1236	-0.050	-0.321	1.272
1237	-0.052	-0.321	1.269
1238	-0.052	-0.322	1.266
1239	-0.052	-0.322	1.268
1240	-0.051	-0.323	1.270
1241	-0.053	-0.321	1.262
1242	-0.052	-0.324	1.276
1243	-0.053	-0.325	1.275
1244	-0.051	-0.324	1.267
1245	-0.051	-0.319	1.268
1246	-0.053	-0.320	1.268
1247	-0.048	-0.319	1.278
1248	-0.050	-0.323	1.269
1249	-0.051	-0.323	1.259
1250	-0.051	-0.321	1.266
1251	-0.051	-0.321	1.264
1252	-0.051	-0.320	1.265
1253	-0.048	-0.322	1.269
1254	-0.049	-0.321	1.284
1255	-0.050	-0.320	1.266
1256	-0.049	-0.319	1.268
1257	-0.051	-0.321	1.268
1258	-0.051	-0.319	1.284
1259	-0.050	-0.321	1.266
1260	-0.049	-0.322	1.272
1261	-0.050	-0.321	1.271
1262	-0.051	-0.321	1.272
1263	-0.048	-0.324	1.270
1264	-0.049	-0.321	1.268
1265	-0.051	-0.317	1.270
1266	-0.049	-0.320	1.267
1267	-0.049	-0.322	1.266
1268	-0.050	-0.322	1.253
1269	-0.049	-0.320	1.266
1270	-0.051	-0.317	1.263
1271	-0.049	-0.320	1.261
1272	-0.049	-0.320	1.260
1273	-0.048	-0.321	1.274
1274	-0.049	-0.321	1.268
1275	-0.049	-0.320	1.262
1276	-0.047	-0.318	1.272
1277	-0.046	-0.321	1.273
1278	-0.048	-0.321	1.266
1279	-0.046	-0.323	1.262
1280	-0.047	-0.320	1.270
1281	-0.049	-0.319	1.266
1282	-0.047	-0.320	1.267
1283	-0.045	-0.320	1.269
1284	-0.048	-0.319	1.270
1285	-0.047	-0.320	1.260
1286	-0.047	-0.321	1.265
1287	-0.046	-0.322	1.264
1288	-0.047	-0.324	1.272
1289	-0.045	-0.320	1.264
1290	-0.048	-0.320	1.269
1291	-0.047	-0.321	1.262
1292	-0.046	-0.322	1.268
1293	-0.047	-0.323	1.269
1294	-0.045	-0.321	1.265
1295	-0.047	-0.319	1.258
1296	-0.049	-0.319	1.262
1297	-0.046	-0.322	1.269
1298	-0.045	-0.323	1.262
1299	-0.045	-0.318	1.267
1300	-0.049	-0.317	1.268
1301	-0.049	-0.322	1.270
1302	-0.048	-0.321	1.269
1303	-0.049	-0.318	1.270
1304	-0.048	-0.317	1.271
1305	-0.049	-0.319	1.261
1306	-0.049	-0.319	1.264
1307	-0.049	-0.320	1.268
1308	-0.050	-0.318	1.265
1309	-0.050	-0.317	1.276
1310	-0.048	-0.317	1.265
1311	-0.048	-0.318	1.265
1312	-0.050	-0.316	1.262
1313	-0.050	-0.316	1.270
1314	-0.051	-0.314	1.266
1315	-0.049	-0.315	1.274
1316	-0.049	-0.316	1.270
1317	-0.049	-0.317	1.264
1318	-0.050	-0.318	1.273
1319	-0.050	-0.316	1.262
1320	-0.051	-0.316	1.269
1321	-0.052	-0.315	1.267
1322	-0.051	-0.320	1.261
1323	-0.052	-0.319	1.266
1324	-0.054	-0.311	1.271
1325	-0.054	-0.316	1.271
1326	-0.056	-0.317	1.266
1327	-0.053	-0.321	1.271
1328	-0.053	-0.320	1.270
1329	-0.054	-0.315	1.274
1330	-0.052	-0.317	1.262
1331	-0.054	-0.319	1.256
1332	-0.054	-0.318	1.259
1333	-0.053	-0.315	1.270
1334	-0.056	-0.316	1.271
1335	-0.054	-0.319	1.270
1336	-0.054	-0.317	1.260
1337	-0.053	-0.319	1.260
1338	-0.052	-0.319	1.267
1339	-0.053	-0.317	1.271
1340	-0.054	-0.317	1.265
1341	-0.053	-0.322	1.263
1342	-0.054	-0.320	1.272
1343	-0.054	-0.320	1.264
1344	-0.053	-0.318	1.267
1345	-0.052	-0.319	1.261
1346	-0.054	-0.322	1.257
1347	-0.052	-0.320	1.270
1348	-0.052	-0.319	1.269
1349	-0.054	-0.317	1.269
1350	-0.051	-0.319	1.260
1351	-0.050	-0.320	1.263
1352	-0.051	-0.320	1.261
1353	-0.052	-0.322	1.270
1354	-0.052	-0.318	1.258
1355	-0.052	-0.319	1.259
1356	-0.051	-0.320	1.269
1357	-0.051	-0.321	1.262
1358	-0.050	-0.316	1.255
1359	-0.050	-0.319	1.264
1360	-0.050	-0.319	1.256
1361	-0.051	-0.317	1.260
1362	-0.052	-0.318	1.262
1363	-0.051	-0.316	1.265
1364	-0.052	-0.316	1.254
1365	-0.051	-0.316	1.251
1366	-0.052	-0.319	1.255
1367	-0.051	-0.319	1.264
1368	-0.052	-0.319	1.258
1369	-0.051	-0.317	1.265
1370	-0.052	-0.319	1.264
1371	-0.052	-0.324	1.264
1372	-0.054	-0.322	1.254
1373	-0.052	-0.320	1.274
1374	-0.053	-0.319	1.266
1375	-0.052	-0.322	1.264
1376	-0.053	-0.323	1.257
1377	-0.052	-0.322	1.268
1378	-0.052	-0.321	1.258
1379	-0.055	-0.324	1.264
1380	-0.052	-0.326	1.252
1381	-0.052	-0.325	1.263
1382	-0.052	-0.322	1.264
1383	-0.053	-0.324	1.261
1384	-0.053	-0.323	1.248
1385	-0.054	-0.326	1.264
1386	-0.054	-0.324	1.269
1387	-0.056	-0.322	1.260
1388	-0.058	-0.323	1.255
1389	-0.055	-0.324	1.251
1390	-0.055	-0.326	1.265
1391	-0.056	-0.322	1.263
1392	-0.054	-0.323	1.256
1393	-0.055	-0.323	1.254
1394	-0.059	-0.322	1.256
1395	-0.056	-0.324	1.261
1396	-0.057	-0.325	1.268
1397	-0.058	-0.324	1.260
1398	-0.059	-0.322	1.246
1399	-0.060	-0.325	1.269
1400	-0.058	-0.324	1.258
1401	-0.057	-0.322	1.256
1402	-0.059	-0.320	1.255
1403	-0.058	-0.320	1.250
1404	-0.057	-0.320	1.261
1405	-0.060	-0.321	1.252
1406	-0.060	-0.321	1.258
1407	-0.060	-0.324	1.264
1408	-0.060	-0.320	1.258
1409	-0.059	-0.321	1.258
1410	-0.060	-0.321	1.252
1411	-0.060	-0.323	1.248
1412	-0.059	-0.319	1.260
1413	-0.060	-0.322	1.258
1414	-0.059	-0.322	1.265
1415	-0.059	-0.321	1.259
1416	-0.058	-0.324	1.264
1417	-0.059	-0.321	1.248
1418	-0.058	-0.322	1.250
1419	-0.058	-0.321	1.264
1420	-0.056	-0.325	1.265
1421	-0.057	-0.323	1.257
1422	-0.058	-0.320	1.263
1423	-0.057	-0.322	1.255
1424	-0.058	-0.326	1.259
1425	-0.056	-0.325	1.263
1426	-0.056	-0.321	1.261
1427	-0.056	-0.322	1.262
1428	-0.056	-0.320	1.253
1429	-0.057	-0.325	1.256
1430	-0.054	-0.324	1.243
1431	-0.057	-0.321	1.257
1432	-0.057	-0.319	1.269
1433	-0.056	-0.322	1.253
1434	-0.056	-0.323	1.264
1435	-0.057	-0.322	1.264
1436	-0.056	-0.322	1.256
1437	-0.057	-0.319	1.251
1438	-0.057	-0.322	1.262
1439	-0.056	-0.324	1.270
1440	-0.055	-0.323	1.258
1441	-0.057	-0.320	1.258
1442	-0.056	-0.321	1.257
1443	-0.057	-0.322	1.254
1444	-0.058	-0.323	1.258
1445	-0.057	-0.324	1.252
1446	-0.057	-0.320	1.262
1447	-0.059	-0.321	1.246
1448	-0.058	-0.321	1.264
1449	-0.058	-0.323	1.259
1450	-0.060	-0.321	1.251
1451	-0.057	-0.320	1.260
1452	-0.059	-0.321	1.256
1453	-0.058	-0.323	1.252
1454	-0.058	-0.322	1.264
1455	-0.057	-0.321	1.252
1456	-0.060	-0.321	1.252
1457	-0.058	-0.320	1.254
1458	-0.060	-0.319	1.255
1459	-0.059	-0.321	1.258
1460	-0.061	-0.323	1.254
1461	-0.060	-0.319	1.258
1462	-0.061	-0.320	1.253
1463	-0.064	-0.322	1.263
1464	-0.059	-0.324	1.254
1465	-0.060	-0.318	1.265
1466	-0.062	-0.319	1.251
1467	-0.061	-0.318	1.255
1468	-0.063	-0.319	1.254
1469	-0.060	-0.320	1.262
1470	-0.063	-0.318	1.256
1471	-0.061	-0.316	1.250
1472	-0.060	-0.317	1.266
1473	-0.062	-0.319	1.262
1474	-0.062	-0.319	1.261
1475	-0.062	-0.317	1.260
1476	-0.065	-0.315	1.261
1477	-0.064	-0.318	1.251
1478	-0.063	-0.318	1.256
1479	-0.061	-0.321	1.263
1480	-0.066	-0.318	1.264
1481	-0.064	-0.316	1.257
1482	-0.064	-0.319	1.252
1483	-0.064	-0.319	1.268
1484	-0.064	-0.319	1.268
1485	-0.064	-0.318	1.270
1486	-0.064	-0.319	1.243
1487	-0.065	-0.318	1.265
1488	-0.064	-0.318	1.269
1489	-0.066	-0.318	1.264
1490	-0.065	-0.320	1.258
1491	-0.064	-0.318	1.262
1492	-0.063	-0.319	1.254
1493	-0.065	-0.321	1.248
1494	-0.064	-0.319	1.256
1495	-0.066	-0.317	1.256
1496	-0.064	-0.315	1.251
1497	-0.064	-0.320	1.258
1498	-0.065	-0.320	1.254
1499	-0.063	-0.315	1.270
1500	-0.065	-0.318	1.242
1501	-0.065	-0.316	1.254
1502	-0.061	-0.319	1.254
1503	-0.064	-0.320	1.264
1504	-0.062	-0.320	1.261
1505	-0.064	-0.319	1.246
1506	-0.064	-0.319	1.265
1507	-0.064	-0.319	1.250
1508	-0.063	-0.318	1.257
1509	-0.064	-0.319	1.256
1510	-0.062	-0.317	1.244
1511	-0.063	-0.318	1.258
1512	-0.062	-0.318	1.260
1513	-0.063	-0.317	1.266
1514	-0.062	-0.318	1.259
1515	-0.062	-0.319	1.255
1516	-0.061	-0.316	1.246
1517	-0.062	-0.319	1.255
1518	-0.061	-0.323	1.392
1519	-0.082	-0.556	1.601
1520	-0.080	-0.553	1.627
1521	-0.078	-0.544	1.637
1522	-0.075	-0.540	1.603
1523	-0.076	-0.537	1.591
1524	-0.076	-0.530	1.593
1525	-0.075	-0.526	1.605
1526	-0.074	-0.525	1.591
1527	-0.072	-0.526	1.578
1528	-0.072	-0.523	1.590
1529	-0.072	-0.520	1.575
1530	-0.070	-0.516	1.565
1531	-0.072	-0.517	1.575
1532	-0.071	-0.517	1.591
1533	-0.070	-0.517	1.566
1534	-0.070	-0.512	1.562
1535	-0.068	-0.510	1.566
1536	-0.068	-0.512	1.572
1537	-0.068	-0.510	1.564
1538	-0.070	-0.510	1.564
1539	-0.067	-0.508	1.565
1540	-0.067	-0.506	1.558
1541	-0.066	-0.508	1.548
1542	-0.067	-0.505	1.566
1543	-0.065	-0.505	1.562
1544	-0.069	-0.504	1.559
1545	-0.068	-0.503	1.552
1546	-0.069	-0.504	1.560
1547	-0.068	-0.503	1.555
1548	-0.065	-0.506	1.550
1549	-0.069	-0.505	1.547
1550	-0.067	-0.500	1.550
1551	-0.068	-0.504	1.556
1552	-0.065	-0.504	1.538
1553	-0.066	-0.502	1.550
1554	-0.068	-0.500	1.545
1555	-0.068	-0.500	1.547
1556	-0.067	-0.501	1.540
1557	-0.068	-0.502	1.547
1558	-0.065	-0.499	1.543
1559	-0.066	-0.500	1.531
1560	-0.067	-0.501	1.540
1561	-0.068	-0.500	1.544
1562	-0.065	-0.502	1.536
1563	-0.069	-0.502	1.539
1564	-0.069	-0.500	1.548
1565	-0.068	-0.499	1.539
1566	-0.067	-0.500	1.532
1567	-0.067	-0.501	1.540
1568	-0.067	-0.496	1.537
1569	-0.065	-0.494	1.527
1570	-0.066	-0.495	1.525
1571	-0.066	-0.497	1.537
1572	-0.067	-0.495	1.542
1573	-0.068	-0.493	1.539
1574	-0.066	-0.492	1.528
1575	-0.066	-0.493	1.535
1576	-0.067	-0.496	1.542
1577	-0.067	-0.497	1.531
1578	-0.068	-0.494	1.524
1579	-0.065	-0.493	1.533
1580	-0.068	-0.495	1.532
1581	-0.065	-0.496	1.523
1582	-0.068	-0.495	1.532
1583	-0.065	-0.490	1.538
1584	-0.066	-0.493	1.532
1585	-0.066	-0.494	1.527
1586	-0.067	-0.492	1.528
1587	-0.066	-0.493	1.533
1588	-0.068	-0.490	1.531
1589	-0.067	-0.494	1.531
1590	-0.067	-0.492	1.529
1591	-0.068	-0.491	1.540
1592	-0.067	-0.493	1.518
1593	-0.065	-0.489	1.518
1594	-0.068	-0.489	1.532
1595	-0.066	-0.492	1.524
1596	-0.068	-0.490	1.522
1597	-0.068	-0.490	1.531
1598	-0.069	-0.487	1.531
1599	-0.068	-0.490	1.519
1600	-0.068	-0.489	1.531
1601	-0.068	-0.490	1.543
1602	-0.068	-0.488	1.527
1603	-0.069	-0.487	1.510
1604	-0.067	-0.488	1.536
1605	-0.067	-0.488	1.528
1606	-0.066	-0.489	1.520
1607	-0.066	-0.488	1.525
1608	-0.067	-0.487	1.527
1609	-0.067	-0.486	1.526
1610	-0.066	-0.487	1.524
1611	-0.066	-0.488	1.529
1612	-0.065	-0.485	1.522
1613	-0.068	-0.485	1.520
1614	-0.065	-0.485	1.520
1615	-0.067	-0.485	1.524
1616	-0.067	-0.484	1.525
1617	-0.066	-0.483	1.518
1618	-0.066	-0.484	1.526
1619	-0.066	-0.482	1.529
1620	-0.069	-0.486	1.527
1621	-0.066	-0.484	1.527
1622	-0.065	-0.484	1.513
1623	-0.067	-0.480	1.530
1624	-0.064	-0.481	1.525
1625	-0.067	-0.482	1.523
1626	-0.064	-0.480	1.522
1627	-0.067	-0.482	1.516
1628	-0.066	-0.480	1.517
1629	-0.064	-0.481	1.528
1630	-0.069	-0.481	1.524
1631	-0.066	-0.483	1.521
1632	-0.064	-0.479	1.524
1633	-0.066	-0.480	1.524
1634	-0.065	-0.480	1.529
1635	-0.065	-0.483	1.524
1636	-0.062	-0.481	1.520
1637	-0.066	-0.482	1.527
1638	-0.066	-0.482	1.514
1639	-0.066	-0.483	1.522
1640	-0.064	-0.483	1.521
1641	-0.065	-0.484	1.527
1642	-0.062	-0.484	1.514
1643	-0.063	-0.481	1.520
1644	-0.064	-0.482	1.520
1645	-0.064	-0.483	1.508
1646	-0.063	-0.486	1.518
1647	-0.062	-0.481	1.516
1648	-0.064	-0.480	1.516
1649	-0.065	-0.483	1.523
1650	-0.062	-0.483	1.531
1651	-0.063	-0.484	1.514
1652	-0.062	-0.481	1.523
1653	-0.064	-0.481	1.512
1654	-0.065	-0.481	1.518
1655	-0.060	-0.481	1.514
1656	-0.061	-0.482	1.528
1657	-0.059	-0.477	1.508
1658	-0.060	-0.479	1.512
1659	-0.060	-0.479	1.521
1660	-0.059	-0.480	1.530
1661	-0.059	-0.481	1.512
1662	-0.060	-0.479	1.515
1663	-0.062	-0.477	1.516
1664	-0.060	-0.480	1.520
1665	-0.059	-0.482	1.526
1666	-0.060	-0.481	1.517
1667	-0.060	-0.483	1.517
1668	-0.059	-0.482	1.510
1669	-0.061	-0.478	1.512
1670	-0.059	-0.481	1.518
1671	-0.061	-0.481	1.522
1672	-0.059	-0.480	1.512
1673	-0.058	-0.481	1.518
1674	-0.060	-0.482	1.507
1675	-0.060	-0.485	1.526
1676	-0.060	-0.481	1.506
1677	-0.061	-0.480	1.516
1678	-0.059	-0.484	1.510
1679	-0.056	-0.484	1.514
1680	-0.060	-0.485	1.517
1681	-0.060	-0.484	1.512
1682	-0.060	-0.480	1.512
1683	-0.059	-0.480	1.514
1684	-0.060	-0.484	1.514
1685	-0.060	-0.484	1.514
1686	-0.059	-0.483	1.512
1687	-0.060	-0.481	1.516
1688	-0.061	-0.482	1.515
1689	-0.058	-0.483	1.512
1690	-0.060	-0.484	1.514
1691	-0.060	-0.482	1.516
1692	-0.060	-0.480	1.512
1693	-0.059	-0.481	1.512
1694	-0.058	-0.486	1.506
1695	-0.059	-0.483	1.509
1696	-0.059	-0.481	1.516
1697	-0.060	-0.482	1.502
1698	-0.060	-0.482	1.510
1699	-0.059	-0.482	1.512
1700	-0.059	-0.484	1.514
1701	-0.058	-0.481	1.500
1702	-0.060	-0.480	1.510
1703	-0.057	-0.481	1.509
1704	-0.060	-0.483	1.520
1705	-0.060	-0.482	1.513
1706	-0.059	-0.482	1.516
1707	-0.059	-0.479	1.504
1708	-0.061	-0.480	1.507
1709	-0.061	-0.480	1.512
1710	-0.060	-0.480	1.506
1711	-0.059	-0.480	1.502
1712	-0.060	-0.482	1.514
1713	-0.060	-0.481	1.514
1714	-0.060	-0.481	1.507
1715	-0.059	-0.481	1.516
1716	-0.059	-0.479	1.510
1717	-0.060	-0.479	1.511
1718	-0.059	-0.478	1.506
1719	-0.059	-0.481	1.507
1720	-0.058	-0.479	1.508
1721	-0.058	-0.480	1.509
1722	-0.058	-0.479	1.505
1723	-0.058	-0.479	1.498
1724	-0.058	-0.479	1.506
1725	-0.059	-0.480	1.504
1726	-0.059	-0.478	1.498
1727	-0.060	-0.478	1.505
1728	-0.059	-0.482	1.507
1729	-0.059	-0.482	1.503
1730	-0.059	-0.481	1.517
1731	-0.059	-0.481	1.514
1732	-0.059	-0.480	1.496
1733	-0.058	-0.482	1.499
1734	-0.058	-0.481	1.503
1735	-0.059	-0.481	1.508
1736	-0.058	-0.479	1.502
1737	-0.061	-0.479	1.494
1738	-0.059	-0.483	1.503
1739	-0.057	-0.481	1.517
1740	-0.059	-0.480	1.509
1741	-0.058	-0.476	1.504
1742	-0.059	-0.480	1.504
1743	-0.062	-0.478	1.509
1744	-0.059	-0.479	1.504
1745	-0.059	-0.476	1.512
1746	-0.059	-0.478	1.505
1747	-0.060	-0.479	1.490
1748	-0.060	-0.478	1.497
1749	-0.059	-0.477	1.517
1750	-0.062	-0.480	1.508
1751	-0.061	-0.478	1.505
1752	-0.059	-0.477	1.499
1753	-0.060	-0.480	1.514
1754	-0.060	-0.478	1.511
1755	-0.061	-0.476	1.513
1756	-0.060	-0.475	1.500
1757	-0.061	-0.479	1.505
1758	-0.063	-0.481	1.501
1759	-0.061	-0.478	1.502
1760	-0.062	-0.478	1.511
1761	-0.064	-0.476	1.509
1762	-0.064	-0.477	1.503
1763	-0.063	-0.479	1.500
1764	-0.064	-0.479	1.513
1765	-0.066	-0.479	1.514
1766	-0.065	-0.474	1.499
1767	-0.067	-0.480	1.496
1768	-0.066	-0.481	1.501
1769	-0.064	-0.477	1.506
1770	-0.067	-0.477	1.504
1771	-0.067	-0.477	1.502
1772	-0.064	-0.477	1.492
1773	-0.065	-0.479	1.492
1774	-0.066	-0.480	1.494
1775	-0.066	-0.475	1.509
1776	-0.064	-0.473	1.509
1777	-0.064	-0.478	1.492
1778	-0.063	-0.478	1.494
1779	-0.063	-0.477	1.508
1780	-0.063	-0.476	1.501
1781	-0.064	-0.476	1.493
1782	-0.063	-0.478	1.509
1783	-0.064	-0.476	1.505
1784	-0.063	-0.475	1.506
1785	-0.061	-0.475	1.505
1786	-0.063	-0.474	1.517
1787	-0.061	-0.473	1.512
1788	-0.061	-0.476	1.498
1789	-0.061	-0.477	1.494
1790	-0.061	-0.473	1.501
1791	-0.061	-0.476	1.508
1792	-0.060	-0.475	1.502
1793	-0.060	-0.475	1.502
1794	-0.059	-0.475	1.497
1795	-0.060	-0.473	1.504
1796	-0.061	-0.474	1.510
1797	-0.060	-0.477	1.506
1798	-0.058	-0.475	1.512
1799	-0.061	-0.474	1.498
1800	-0.058	-0.474	1.495
1801	-0.058	-0.473	1.502
1802	-0.059	-0.474	1.509
1803	-0.060	-0.474	1.499
1804	-0.060	-0.475	1.504
1805	-0.057	-0.472	1.509
1806	-0.059	-0.472	1.502
1807	-0.061	-0.474	1.504
1808	-0.059	-0.474	1.492
1809	-0.060	-0.471	1.493
1810	-0.059	-0.471	1.504
1811	-0.059	-0.472	1.506
1812	-0.058	-0.473	1.491
1813	-0.058	-0.475	1.506
1814	-0.057	-0.472	1.511
1815	-0.057	-0.472	1.504
1816	-0.060	-0.474	1.501
1817	-0.059	-0.474	1.495
1818	-0.059	-0.472	1.492
1819	-0.060	-0.473	1.491
1820	-0.061	-0.471	1.492
1821	-0.060	-0.471	1.499
1822	-0.057	-0.473	1.496
1823	-0.060	-0.472	1.498
1824	-0.060	-0.470	1.494
1825	-0.061	-0.472	1.494
1826	-0.060	-0.474	1.502
1827	-0.062	-0.472	1.494
1828	-0.062	-0.473	1.498
1829	-0.061	-0.470	1.498
1830	-0.062	-0.471	1.504
1831	-0.060	-0.474	1.490
1832	-0.059	-0.476	1.498
1833	-0.059	-0.473	1.500
1834	-0.060	-0.467	1.494
1835	-0.061	-0.471	1.502
1836	-0.059	-0.474	1.506
1837	-0.060	-0.471	1.493
1838	-0.061	-0.470	1.502
1839	-0.060	-0.472	1.502
1840	-0.061	-0.468	1.503
1841	-0.062	-0.471	1.506
1842	-0.062	-0.471	1.504
1843	-0.060	-0.473	1.492
1844	-0.064	-0.469	1.503
1845	-0.059	-0.470	1.495
1846	-0.060	-0.472	1.491
1847	-0.061	-0.470	1.511
1848	-0.060	-0.473	1.489
1849	-0.061	-0.469	1.498
1850	-0.060	-0.470	1.494
1851	-0.061	-0.473	1.508
1852	-0.059	-0.474	1.502
1853	-0.059	-0.470	1.487
1854	-0.061	-0.471	1.488
1855	-0.061	-0.473	1.494
1856	-0.060	-0.472	1.494
1857	-0.060	-0.475	1.498
1858	-0.059	-0.472	1.496
1859	-0.061	-0.470	1.496
1860	-0.062	-0.471	1.498
1861	-0.059	-0.474	1.505
1862	-0.058	-0.472	1.493
1863	-0.059	-0.470	1.492
1864	-0.059	-0.471	1.490
1865	-0.059	-0.472	1.490
1866	-0.059	-0.473	1.498
1867	-0.062	-0.472	1.500
1868	-0.060	-0.470	1.499
1869	-0.059	-0.471	1.482
1870	-0.059	-0.471	1.507
1871	-0.055	-0.471	1.497
1872	-0.058	-0.467	1.493
1873	-0.057	-0.470	1.502
1874	-0.058	-0.469	1.499
1875	-0.058	-0.469	1.502
1876	-0.056	-0.469	1.497
1877	-0.058	-0.469	1.510
1878	-0.058	-0.467	1.499
1879	-0.059	-0.468	1.495
1880	-0.059	-0.470	1.505
1881	-0.059	-0.471	1.505
1882	-0.057	-0.470	1.494
1883	-0.056	-0.468	1.506
1884	-0.058	-0.466	1.490
1885	-0.056	-0.470	1.503
1886	-0.058	-0.469	1.506
1887	-0.056	-0.469	1.486
1888	-0.059	-0.469	1.500
1889	-0.055	-0.468	1.490
1890	-0.056	-0.472	1.508
1891	-0.056	-0.469	1.492
1892	-0.057	-0.469	1.499
1893	-0.058	-0.468	1.495
1894	-0.056	-0.468	1.493
1895	-0.055	-0.469	1.496
1896	-0.056	-0.468	1.502
1897	-0.056	-0.469	1.501
1898	-0.054	-0.466	1.501
1899	-0.058	-0.468	1.492
1900	-0.057	-0.469	1.507
1901	-0.055	-0.470	1.494
1902	-0.056	-0.467	1.490
1903	-0.056	-0.469	1.496
1904	-0.056	-0.468	1.498
1905	-0.055	-0.468	1.495
1906	-0.056	-0.469	1.499
1907	-0.057	-0.466	1.506
1908	-0.053	-0.467	1.508
1909	-0.054	-0.469	1.489
1910	-0.052	-0.467	1.504
1911	-0.054	-0.468	1.500
1912	-0.055	-0.467	1.505
1913	-0.054	-0.467	1.492
1914	-0.053	-0.466	1.502
1915	-0.054	-0.464	1.496
1916	-0.054	-0.469	1.496
1917	-0.054	-0.466	1.488
1918	-0.055	-0.466	1.509
1919	-0.054	-0.467	1.488
1920	-0.052	-0.468	1.496
1921	-0.055	-0.467	1.489
1922	-0.057	-0.466	1.501
1923	-0.055	-0.466	1.497
1924	-0.055	-0.468	1.495
1925	-0.056	-0.470	1.500
1926	-0.056	-0.467	1.485
1927	-0.056	-0.467	1.478
1928	-0.057	-0.465	1.492
1929	-0.057	-0.467	1.491
1930	-0.057	-0.468	1.486
1931	-0.059	-0.466	1.490
1932	-0.057	-0.468	1.497
1933	-0.056	-0.468	1.488
1934	-0.057	-0.469	1.502
1935	-0.058	-0.470	1.498
1936	-0.056	-0.467	1.494
1937	-0.057	-0.469	1.485
1938	-0.058	-0.466	1.492
1939	-0.057	-0.469	1.488
1940	-0.058	-0.466	1.495
1941	-0.056	-0.466	1.498
1942	-0.057	-0.468	1.482
1943	-0.058	-0.467	1.484
1944	-0.058	-0.469	1.501
1945	-0.058	-0.466	1.490
1946	-0.057	-0.467	1.486
1947	-0.058	-0.465	1.495
1948	-0.056	-0.466	1.488
1949	-0.056	-0.467	1.488
1950	-0.059	-0.466	1.488
1951	-0.058	-0.466	1.484
1952	-0.059	-0.466	1.484
1953	-0.059	-0.469	1.489
1954	-0.056	-0.468	1.493
1955	-0.056	-0.469	1.480
1956	-0.059	-0.466	1.490
1957	-0.058	-0.466	1.484
1958	-0.058	-0.465	1.492
1959	-0.058	-0.465	1.498
1960	-0.057	-0.467	1.504
1961	-0.055	-0.464	1.492
1962	-0.055	-0.465	1.476
1963	-0.055	-0.463	1.485
1964	-0.055	-0.465	1.498
1965	-0.052	-0.464	1.478
1966	-0.052	-0.464	1.488
1967	-0.053	-0.461	1.488
1968	-0.054	-0.462	1.493
1969	-0.054	-0.464	1.489
1970	-0.055	-0.464	1.501
1971	-0.054	-0.462	1.488
1972	-0.056	-0.464	1.497
1973	-0.053	-0.465	1.486
1974	-0.055	-0.467	1.484
1975	-0.054	-0.464	1.496
1976	-0.054	-0.464	1.497
1977	-0.054	-0.462	1.486
1978	-0.053	-0.462	1.486
1979	-0.054	-0.464	1.492
1980	-0.055	-0.465	1.462
1981	-0.054	-0.459	1.471
1982	-0.054	-0.462	1.508
1983	-0.056	-0.462	1.500
1984	-0.054	-0.464	1.502
1985	-0.055	-0.463	1.492
1986	-0.055	-0.461	1.486
1987	-0.054	-0.462	1.486
1988	-0.056	-0.464	1.483
1989	-0.058	-0.461	1.482
1990	-0.057	-0.462	1.486
1991	-0.057	-0.461	1.488
1992	-0.057	-0.461	1.489
1993	-0.056	-0.460	1.492
1994	-0.056	-0.465	1.504
1995	-0.056	-0.462	1.496
1996	-0.057	-0.459	1.490
1997	-0.056	-0.460	1.502
1998	-0.056	-0.461	1.490
1999	-0.054	-0.462	1.490
2000	-0.055	-0.461	1.492
2001	-0.056	-0.461	1.488
2002	-0.057	-0.460	1.502
2003	-0.054	-0.461	1.490
2004	-0.055	-0.464	1.498
2005	-0.055	-0.463	1.492
2006	-0.057	-0.463	1.486
2007	-0.056	-0.463	1.491
2008	-0.054	-0.463	1.500
2009	-0.054	-0.462	1.487
2010	-0.056	-0.462	1.483
2011	-0.058	-0.462	1.492
2012	-0.058	-0.461	1.486
2013	-0.056	-0.465	1.487
2014	-0.055	-0.465	1.482
2015	-0.058	-0.463	1.496
2016	-0.058	-0.462	1.500
2017	-0.058	-0.463	1.489
2018	-0.059	-0.465	1.496
2019	-0.066	-0.567	1.776
2020	-0.081	-0.746	1.955
2021	-0.080	-0.729	1.911
2022	-0.075	-0.722	1.880
2023	-0.074	-0.716	1.893
2024	-0.073	-0.713	1.890
2025	-0.073	-0.706	1.869
2026	-0.071	-0.706	1.866
2027	-0.072	-0.702	1.870
2028	-0.070	-0.697	1.866
2029	-0.069	-0.696	1.854
2030	-0.069	-0.692	1.856
2031	-0.068	-0.691	1.857
2032	-0.068	-0.691	1.843
2033	-0.068	-0.690	1.843
2034	-0.067	-0.688	1.856
2035	-0.068	-0.684	1.838
2036	-0.066	-0.683	1.841
2037	-0.066	-0.682	1.842
2038	-0.067	-0.684	1.847
2039	-0.065	-0.682	1.838
2040	-0.065	-0.679	1.832
2041	-0.064	-0.678	1.837
2042	-0.063	-0.677	1.841
2043	-0.061	-0.677	1.834
2044	-0.062	-0.677	1.835
2045	-0.062	-0.674	1.831
2046	-0.060	-0.673	1.833
2047	-0.063	-0.675	1.827
2048	-0.062	-0.674	1.831
2049	-0.060	-0.673	1.836
2050	-0.062	-0.668	1.820
2051	-0.063	-0.669	1.812
2052	-0.060	-0.670	1.819
2053	-0.060	-0.671	1.822
2054	-0.058	-0.669	1.819
2055	-0.059	-0.668	1.817
2056	-0.059	-0.666	1.817
2057	-0.059	-0.663	1.810
2058	-0.060	-0.666	1.819
2059	-0.057	-0.665	1.817
2060	-0.056	-0.666	1.808
2061	-0.060	-0.664	1.803
2062	-0.058	-0.665	1.805
2063	-0.057	-0.665	1.820
2064	-0.057	-0.661	1.820
2065	-0.058	-0.661	1.806
2066	-0.057	-0.661	1.807
2067	-0.057	-0.662	1.797
2068	-0.056	-0.663	1.801
2069	-0.055	-0.660	1.810
2070	-0.058	-0.660	1.810
2071	-0.056	-0.658	1.808
2072	-0.055	-0.658	1.801
2073	-0.056	-0.659	1.803
2074	-0.054	-0.659	1.815
2075	-0.054	-0.657	1.806
2076	-0.055	-0.655	1.800
2077	-0.054	-0.659	1.802
2078	-0.055	-0.656	1.803
2079	-0.054	-0.654	1.803
2080	-0.054	-0.654	1.796
2081	-0.056	-0.654	1.807
2082	-0.057	-0.654	1.807
2083	-0.056	-0.656	1.800
2084	-0.055	-0.653	1.790
2085	-0.056	-0.652	1.800
2086	-0.054	-0.655	1.802
2087	-0.057	-0.658	1.803
2088	-0.056	-0.656	1.785
2089	-0.057	-0.655	1.791
2090	-0.056	-0.653	1.790
2091	-0.057	-0.652	1.808
2092	-0.057	-0.654	1.800
2093	-0.057	-0.653	1.798
2094	-0.056	-0.652	1.790
2095	-0.056	-0.653	1.793
2096	-0.056	-0.650	1.789
2097	-0.056	-0.653	1.792
2098	-0.057	-0.652	1.794
2099	-0.056	-0.652	1.788
2100	-0.057	-0.652	1.794
2101	-0.055	-0.652	1.790
2102	-0.057	-0.650	1.790
2103	-0.057	-0.652	1.781
2104	-0.058	-0.649	1.786
2105	-0.056	-0.647	1.786
2106	-0.056	-0.648	1.787
2107	-0.055	-0.652	1.780
2108	-0.056	-0.649	1.795
2109	-0.059	-0.648	1.784
2110	-0.058	-0.648	1.768
2111	-0.058	-0.650	1.786
2112	-0.059	-0.651	1.792
2113	-0.058	-0.649	1.782
2114	-0.057	-0.647	1.786
2115	-0.057	-0.644	1.794
2116	-0.056	-0.646	1.789
2117	-0.056	-0.646	1.769
2118	-0.056	-0.649	1.780
2119	-0.056	-0.646	1.789
2120	-0.058	-0.646	1.790
2121	-0.056	-0.647	1.771
2122	-0.058	-0.647	1.787
2123	-0.058	-0.643	1.793
2124	-0.055	-0.646	1.785
2125	-0.057	-0.646	1.771
2126	-0.056	-0.644	1.789
2127	-0.055	-0.646	1.789
2128	-0.055	-0.649	1.769
2129	-0.057	-0.643	1.778
2130	-0.058	-0.642	1.783
2131	-0.054	-0.641	1.778
2132	-0.057	-0.644	1.770
2133	-0.054	-0.646	1.783
2134	-0.052	-0.640	1.785
2135	-0.056	-0.642	1.770
2136	-0.056	-0.643	1.778
2137	-0.056	-0.644	1.788
2138	-0.053	-0.643	1.786
2139	-0.057	-0.640	1.778
2140	-0.056	-0.639	1.774
2141	-0.055	-0.642	1.772
2142	-0.057	-0.643	1.774
2143	-0.057	-0.642	1.778
2144	-0.056	-0.642	1.789
2145	-0.054	-0.639	1.788
2146	-0.056	-0.642	1.767
2147	-0.057	-0.645	1.764
2148	-0.052	-0.643	1.787
2149	-0.056	-0.639	1.786
2150	-0.056	-0.639	1.759
2151	-0.053	-0.640	1.768
2152	-0.055	-0.642	1.770
2153	-0.054	-0.639	1.772
2154	-0.056	-0.642	1.768
2155	-0.055	-0.640	1.776
2156	-0.056	-0.639	1.785
2157	-0.054	-0.640	1.754
2158	-0.057	-0.640	1.764
2159	-0.055	-0.638	1.786
2160	-0.056	-0.640	1.776
2161	-0.055	-0.642	1.766
2162	-0.053	-0.642	1.758
2163	-0.054	-0.640	1.766
2164	-0.055	-0.640	1.775
2165	-0.055	-0.640	1.774
2166	-0.054	-0.640	1.775
2167	-0.055	-0.638	1.766
2168	-0.055	-0.640	1.756
2169	-0.054	-0.636	1.770
2170	-0.055	-0.637	1.781
2171	-0.052	-0.639	1.758
2172	-0.054	-0.640	1.756
2173	-0.053	-0.638	1.764
2174	-0.054	-0.637	1.783
2175	-0.053	-0.634	1.779
2176	-0.054	-0.637	1.761
2177	-0.054	-0.638	1.758
2178	-0.054	-0.637	1.770
2179	-0.056	-0.634	1.768
2180	-0.054	-0.636	1.765
2181	-0.053	-0.634	1.781
2182	-0.054	-0.635	1.762
2183	-0.054	-0.635	1.774
2184	-0.051	-0.636	1.762
2185	-0.052	-0.632	1.778
2186	-0.053	-0.634	1.768
2187	-0.051	-0.637	1.765
2188	-0.052	-0.636	1.775
2189	-0.054	-0.634	1.776
2190	-0.054	-0.631	1.771
2191	-0.056	-0.634	1.760
2192	-0.053	-0.637	1.773
2193	-0.053	-0.636	1.773
2194	-0.053	-0.632	1.766
2195	-0.055	-0.636	1.767
2196	-0.053	-0.635	1.769
2197	-0.054	-0.635	1.772
2198	-0.054	-0.635	1.757
2199	-0.056	-0.631	1.765
2200	-0.054	-0.632	1.760
2201	-0.052	-0.635	1.756
2202	-0.052	-0.635	1.763
2203	-0.054	-0.634	1.764
2204	-0.056	-0.632	1.771
2205	-0.053	-0.631	1.761
2206	-0.053	-0.631	1.761
2207	-0.052	-0.632	1.764
2208	-0.054	-0.631	1.759
2209	-0.053	-0.628	1.767
2210	-0.052	-0.632	1.768
2211	-0.056	-0.632	1.764
2212	-0.053	-0.633	1.764
2213	-0.054	-0.634	1.773
2214	-0.053	-0.630	1.766
2215	-0.054	-0.632	1.756
2216	-0.053	-0.631	1.762
2217	-0.053	-0.630	1.758
2218	-0.054	-0.633	1.762
2219	-0.053	-0.631	1.758
2220	-0.053	-0.632	1.770
2221	-0.052	-0.631	1.762
2222	-0.053	-0.631	1.756
2223	-0.054	-0.632	1.750
2224	-0.053	-0.632	1.756
2225	-0.055	-0.630	1.760
2226	-0.053	-0.632	1.770
2227	-0.054	-0.633	1.762
2228	-0.052	-0.631	1.758
2229	-0.056	-0.630	1.752
2230	-0.056	-0.631	1.751
2231	-0.053	-0.633	1.760
2232	-0.054	-0.634	1.766
2233	-0.054	-0.631	1.762
2234	-0.054	-0.630	1.755
2235	-0.055	-0.630	1.754
2236	-0.054	-0.632	1.764
2237	-0.055	-0.633	1.767
2238	-0.055	-0.630	1.758
2239	-0.055	-0.629	1.768
2240	-0.055	-0.632	1.764
2241	-0.056	-0.633	1.764
2242	-0.056	-0.631	1.765
2243	-0.053	-0.630	1.768
2244	-0.056	-0.625	1.764
2245	-0.058	-0.630	1.761
2246	-0.057	-0.631	1.756
2247	-0.057	-0.629	1.759
2248	-0.056	-0.628	1.749
2249	-0.058	-0.630	1.757
2250	-0.054	-0.630	1.758
2251	-0.057	-0.630	1.757
2252	-0.055	-0.628	1.742
2253	-0.055	-0.628	1.764
2254	-0.056	-0.629	1.757
2255	-0.054	-0.631	1.751
2256	-0.058	-0.630	1.754
2257	-0.057	-0.632	1.764
2258	-0.056	-0.627	1.754
2259	-0.057	-0.629	1.749
2260	-0.056	-0.628	1.759
2261	-0.057	-0.628	1.755
2262	-0.057	-0.628	1.759
2263	-0.057	-0.629	1.748
2264	-0.057	-0.628	1.752
2265	-0.056	-0.629	1.756
2266	-0.055	-0.628	1.747
2267	-0.057	-0.631	1.746
2268	-0.059	-0.629	1.751
2269	-0.055	-0.627	1.766
2270	-0.056	-0.628	1.747
2271	-0.058	-0.629	1.756
2272	-0.056	-0.631	1.757
2273	-0.055	-0.627	1.745
2274	-0.057	-0.628	1.750
2275	-0.057	-0.630	1.758
2276	-0.057	-0.629	1.755
2277	-0.056	-0.630	1.755
2278	-0.055	-0.625	1.760
2279	-0.058	-0.627	1.759
2280	-0.058	-0.628	1.748
2281	-0.056	-0.630	1.747
2282	-0.056	-0.628	1.755
2283	-0.059	-0.626	1.745
2284	-0.057	-0.628	1.750
2285	-0.056	-0.629	1.748
2286	-0.058	-0.630	1.748
2287	-0.056	-0.626	1.743
2288	-0.059	-0.626	1.747
2289	-0.060	-0.627	1.749
2290	-0.058	-0.628	1.753
2291	-0.057	-0.627	1.754
2292	-0.056	-0.627	1.754
2293	-0.057	-0.626	1.758
2294	-0.056	-0.627	1.751
2295	-0.059	-0.626	1.734
2296	-0.056	-0.631	1.748
2297	-0.058	-0.624	1.746
2298	-0.058	-0.626	1.749
2299	-0.056	-0.627	1.760
2300	-0.059	-0.627	1.751
2301	-0.057	-0.627	1.752
2302	-0.058	-0.626	1.746
2303	-0.058	-0.625	1.752
2304	-0.058	-0.626	1.747
2305	-0.057	-0.627	1.749
2306	-0.056	-0.627	1.756
2307	-0.058	-0.627	1.750
2308	-0.058	-0.625	1.749
2309	-0.058	-0.626	1.751
2310	-0.059	-0.629	1.750
2311	-0.057	-0.626	1.743
2312	-0.056	-0.626	1.753
2313	-0.059	-0.624	1.756
2314	-0.058	-0.624	1.750
2315	-0.058	-0.627	1.746
2316	-0.058	-0.625	1.742
2317	-0.059	-0.623	1.754
2318	-0.060	-0.624	1.746
2319	-0.059	-0.627	1.748
2320	-0.058	-0.623	1.741
2321	-0.058	-0.627	1.752
2322	-0.059	-0.626	1.758
2323	-0.057	-0.623	1.744
2324	-0.060	-0.623	1.738
2325	-0.059	-0.628	1.752
2326	-0.057	-0.626	1.743
2327	-0.060	-0.623	1.744
2328	-0.058	-0.624	1.752
2329	-0.058	-0.625	1.738
2330	-0.059	-0.624	1.738
2331	-0.058	-0.624	1.748
2332	-0.059	-0.624	1.752
2333	-0.058	-0.623	1.742
2334	-0.057	-0.621	1.748
2335	-0.057	-0.625	1.749
2336	-0.059	-0.625	1.748
2337	-0.058	-0.622	1.745
2338	-0.056	-0.622	1.758
2339	-0.058	-0.625	1.743
2340	-0.058	-0.627	1.734
2341	-0.058	-0.623	1.747
2342	-0.057	-0.623	1.749
2343	-0.056	-0.622	1.738
2344	-0.057	-0.622	1.748
2345	-0.056	-0.625	1.739
2346	-0.058	-0.625	1.744
2347	-0.056	-0.623	1.738
2348	-0.058	-0.622	1.747
2349	-0.057	-0.624	1.742
2350	-0.056	-0.625	1.739
2351	-0.055	-0.623	1.732
2352	-0.059	-0.622	1.746
2353	-0.057	-0.622	1.736
2354	-0.059	-0.624	1.760
2355	-0.058	-0.623	1.742
2356	-0.057	-0.623	1.738
2357	-0.060	-0.624	1.746
2358	-0.060	-0.621	1.749
2359	-0.058	-0.622	1.752
2360	-0.058	-0.624	1.736
2361	-0.057	-0.623	1.744
2362	-0.058	-0.621	1.744
2363	-0.059	-0.620	1.740
2364	-0.058	-0.624	1.756
2365	-0.058	-0.623	1.738
2366	-0.058	-0.621	1.740
2367	-0.059	-0.621	1.754
2368	-0.058	-0.623	1.732
2369	-0.057	-0.623	1.737
2370	-0.059	-0.621	1.746
2371	-0.059	-0.623	1.752
2372	-0.059	-0.618	1.736
2373	-0.060	-0.621	1.735
2374	-0.058	-0.620	1.745
2375	-0.055	-0.624	1.734
2376	-0.058	-0.621	1.741
2377	-0.061	-0.618	1.746
2378	-0.060	-0.620	1.745
2379	-0.060	-0.621	1.744
2380	-0.060	-0.620	1.739
2381	-0.058	-0.619	1.748
2382	-0.060	-0.621	1.741
2383	-0.059	-0.621	1.744
2384	-0.060	-0.621	1.742
2385	-0.060	-0.623	1.747
2386	-0.060	-0.622	1.747
2387	-0.059	-0.621	1.740
2388	-0.061	-0.620	1.740
2389	-0.059	-0.620	1.738
2390	-0.059	-0.622	1.736
2391	-0.059	-0.619	1.738
2392	-0.060	-0.619	1.739
2393	-0.059	-0.621	1.746
2394	-0.060	-0.620	1.732
2395	-0.060	-0.622	1.746
2396	-0.058	-0.618	1.747
2397	-0.059	-0.618	1.737
2398	-0.060	-0.618	1.734
2399	-0.061	-0.620	1.742
2400	-0.059	-0.621	1.737
2401	-0.061	-0.621	1.737
2402	-0.061	-0.619	1.740
2403	-0.060	-0.617	1.734
2404	-0.061	-0.619	1.740
2405	-0.060	-0.623	1.736
2406	-0.063	-0.618	1.738
2407	-0.059	-0.618	1.742
2408	-0.061	-0.619	1.735
2409	-0.060	-0.621	1.736
2410	-0.057	-0.621	1.726
2411	-0.060	-0.618	1.744
2412	-0.060	-0.618	1.744
2413	-0.060	-0.618	1.736
2414	-0.061	-0.621	1.745
2415	-0.059	-0.618	1.732
2416	-0.061	-0.618	1.740
2417	-0.060	-0.619	1.731
2418	-0.063	-0.618	1.742
2419	-0.061	-0.622	1.742
2420	-0.061	-0.621	1.738
2421	-0.061	-0.619	1.739
2422	-0.063	-0.620	1.727
2423	-0.060	-0.619	1.742
2424	-0.060	-0.617	1.739
2425	-0.062	-0.617	1.738
2426	-0.061	-0.618	1.732
2427	-0.062	-0.618	1.725
2428	-0.061	-0.618	1.734
2429	-0.063	-0.621	1.742
2430	-0.059	-0.618	1.732
2431	-0.063	-0.619	1.738
2432	-0.060	-0.619	1.739
2433	-0.061	-0.618	1.732
2434	-0.062	-0.619	1.737
2435	-0.063	-0.619	1.739
2436	-0.062	-0.619	1.736
2437	-0.061	-0.617	1.737
2438	-0.063	-0.619	1.746
2439	-0.060	-0.620	1.732
2440	-0.063	-0.619	1.730
2441	-0.062	-0.617	1.729
2442	-0.061	-0.618	1.729
2443	-0.062	-0.618	1.728
2444	-0.061	-0.619	1.738
2445	-0.063	-0.619	1.736
2446	-0.061	-0.619	1.738
2447	-0.062	-0.616	1.726
2448	-0.062	-0.622	1.724
2449	-0.063	-0.620	1.725
2450	-0.060	-0.617	1.740
2451	-0.061	-0.617	1.734
2452	-0.061	-0.616	1.729
2453	-0.060	-0.615	1.732
2454	-0.062	-0.616	1.734
2455	-0.061	-0.617	1.731
2456	-0.062	-0.614	1.736
2457	-0.062	-0.618	1.734
2458	-0.061	-0.615	1.735
2459	-0.063	-0.618	1.726
2460	-0.062	-0.619	1.734
2461	-0.062	-0.616	1.733
2462	-0.063	-0.616	1.733
2463	-0.059	-0.618	1.740
2464	-0.060	-0.620	1.725
2465	-0.059	-0.617	1.728
2466	-0.061	-0.617	1.727
2467	-0.058	-0.616	1.734
2468	-0.059	-0.616	1.741
2469	-0.061	-0.619	1.737
2470	-0.064	-0.617	1.727
2471	-0.060	-0.613	1.728
2472	-0.060	-0.617	1.730
2473	-0.060	-0.617	1.731
2474	-0.061	-0.618	1.731
2475	-0.059	-0.615	1.738
2476	-0.058	-0.615	1.722
2477	-0.059	-0.615	1.736
2478	-0.060	-0.616	1.727
2479	-0.060	-0.618	1.733
2480	-0.059	-0.614	1.737
2481	-0.060	-0.616	1.726
2482	-0.060	-0.614	1.728
2483	-0.061	-0.616	1.736
2484	-0.059	-0.615	1.734
2485	-0.058	-0.615	1.725
2486	-0.059	-0.617	1.730
2487	-0.061	-0.616	1.728
2488	-0.059	-0.616	1.738
2489	-0.058	-0.618	1.730
2490	-0.059	-0.617	1.728
2491	-0.060	-0.614	1.736
2492	-0.059	-0.614	1.729
2493	-0.059	-0.617	1.728
2494	-0.058	-0.617	1.736
2495	-0.058	-0.615	1.738
2496	-0.058	-0.613	1.728
2497	-0.059	-0.616	1.724
2498	-0.059	-0.616	1.718
2499	-0.058	-0.616	1.728
2500	-0.058	-0.617	1.744
2501	-0.058	-0.613	1.725
2502	-0.058	-0.615	1.728
2503	-0.059	-0.616	1.722
2504	-0.059	-0.616	1.733
2505	-0.062	-0.615	1.726
2506	-0.059	-0.614	1.729
2507	-0.059	-0.616	1.734
2508	-0.060	-0.618	1.724
2509	-0.059	-0.615	1.720
2510	-0.058	-0.614	1.727
2511	-0.057	-0.613	1.728
2512	-0.061	-0.615	1.723
2513	-0.059	-0.618	1.730
2514	-0.061	-0.616	1.727
2515	-0.058	-0.615	1.729
2516	-0.059	-0.614	1.716
2517	-0.059	-0.614	1.719
2518	-0.060	-0.615	1.730
2519	-0.060	-0.618	1.736
2520	-0.046	-0.374	1.262
2521	-0.030	-0.145	0.929
2522	-0.022	-0.012	0.765
2523	-0.023	-0.014	0.776
2524	-0.022	-0.014	0.761
2525	-0.024	-0.015	0.760
2526	-0.024	-0.013	0.753
2527	-0.024	-0.011	0.773
2528	-0.023	-0.011	0.751
2529	-0.023	-0.013	0.775
2530	-0.024	-0.009	0.765
2531	-0.026	-0.013	0.769
2532	-0.024	-0.010	0.762
2533	-0.024	-0.014	0.784
2534	-0.024	-0.015	0.762
2535	-0.025	-0.011	0.752
2536	-0.025	-0.007	0.768
2537	-0.021	-0.007	0.763
2538	-0.024	-0.013	0.772
2539	-0.024	-0.014	0.774
2540	-0.024	-0.016	0.773
2541	-0.022	-0.011	0.767
2542	-0.023	-0.012	0.766
2543	-0.024	-0.012	0.762
2544	-0.025	-0.013	0.769
2545	-0.023	-0.011	0.768
2546	-0.025	-0.011	0.767
2547	-0.024	-0.012	0.768
2548	-0.025	-0.012	0.760
2549	-0.021	-0.015	0.760
2550	-0.021	-0.013	0.765
2551	-0.021	-0.014	0.772
2552	-0.021	-0.009	0.762
2553	-0.021	-0.013	0.772
2554	-0.019	-0.009	0.764
2555	-0.022	-0.011	0.767
2556	-0.019	-0.013	0.770
2557	-0.022	-0.015	0.775
2558	-0.019	-0.015	0.763
2559	-0.020	-0.012	0.766
2560	-0.022	-0.010	0.765
2561	-0.025	-0.011	0.766
2562	-0.024	-0.011	0.768
2563	-0.024	-0.012	0.760
2564	-0.023	-0.010	0.760
2565	-0.025	-0.011	0.769
2566	-0.026	-0.014	0.771
2567	-0.027	-0.015	0.766
2568	-0.025	-0.013	0.763
2569	-0.026	-0.012	0.765
2570	-0.025	-0.009	0.776
2571	-0.026	-0.011	0.770
2572	-0.025	-0.013	0.767
2573	-0.024	-0.013	0.764
2574	-0.025	-0.013	0.764
2575	-0.024	-0.014	0.764
2576	-0.024	-0.013	0.768
2577	-0.024	-0.012	0.770
2578	-0.025	-0.013	0.778
2579	-0.025	-0.010	0.766
2580	-0.024	-0.013	0.763
2581	-0.023	-0.011	0.771
2582	-0.024	-0.015	0.770
2583	-0.022	-0.015	0.767
2584	-0.023	-0.015	0.768
2585	-0.024	-0.011	0.771
2586	-0.024	-0.011	0.768
2587	-0.022	-0.015	0.772
2588	-0.022	-0.014	0.765
2589	-0.022	-0.014	0.772
2590	-0.022	-0.013	0.767
2591	-0.025	-0.014	0.771
2592	-0.024	-0.013	0.762
2593	-0.022	-0.011	0.764
2594	-0.022	-0.013	0.768
2595	-0.022	-0.010	0.762
2596	-0.024	-0.010	0.758
2597	-0.025	-0.013	0.763
2598	-0.025	-0.015	0.767
2599	-0.024	-0.011	0.768
2600	-0.024	-0.011	0.762
2601	-0.022	-0.013	0.761
2602	-0.024	-0.013	0.760
2603	-0.024	-0.011	0.765
2604	-0.025	-0.014	0.767
2605	-0.024	-0.011	0.769
2606	-0.026	-0.009	0.770
2607	-0.023	-0.011	0.762
2608	-0.026	-0.013	0.767
2609	-0.025	-0.013	0.775
2610	-0.022	-0.013	0.769
2611	-0.024	-0.010	0.768
2612	-0.023	-0.011	0.769
2613	-0.025	-0.013	0.763
2614	-0.022	-0.011	0.768
2615	-0.025	-0.010	0.763
2616	-0.024	-0.012	0.761
2617	-0.024	-0.015	0.763
2618	-0.024	-0.017	0.771
2619	-0.021	-0.013	0.771
2620	-0.026	-0.014	0.770
2621	-0.025	-0.011	0.771
2622	-0.022	-0.009	0.772
2623	-0.021	-0.012	0.769
2624	-0.023	-0.011	0.767
2625	-0.025	-0.013	0.769
2626	-0.024	-0.012	0.767
2627	-0.023	-0.013	0.765
2628	-0.022	-0.015	0.771
2629	-0.024	-0.011	0.772
2630	-0.022	-0.010	0.767
2631	-0.024	-0.011	0.760
2632	-0.025	-0.013	0.771
2633	-0.024	-0.014	0.764
2634	-0.022	-0.013	0.766
2635	-0.025	-0.013	0.767
2636	-0.025	-0.013	0.766
2637	-0.023	-0.013	0.759
2638	-0.024	-0.010	0.772
2639	-0.023	-0.011	0.761
2640	-0.025	-0.011	0.768
2641	-0.026	-0.011	0.767
2642	-0.026	-0.013	0.765
2643	-0.026	-0.013	0.759
2644	-0.026	-0.011	0.768
2645	-0.025	-0.011	0.760
2646	-0.027	-0.010	0.770
2647	-0.029	-0.011	0.765
2648	-0.029	-0.010	0.756
2649	-0.026	-0.011	0.769
2650	-0.029	-0.011	0.761
2651	-0.028	-0.012	0.772
2652	-0.025	-0.013	0.759
2653	-0.025	-0.011	0.764
2654	-0.025	-0.009	0.766
2655	-0.025	-0.009	0.773
2656	-0.024	-0.013	0.761
2657	-0.027	-0.014	0.771
2658	-0.022	-0.015	0.757
2659	-0.026	-0.012	0.767
2660	-0.023	-0.010	0.768
2661	-0.026	-0.011	0.768
2662	-0.024	-0.011	0.768
2663	-0.026	-0.013	0.766
2664	-0.024	-0.012	0.755
2665	-0.025	-0.013	0.771
2666	-0.022	-0.011	0.764
2667	-0.024	-0.015	0.766
2668	-0.025	-0.012	0.765
2669	-0.025	-0.009	0.763
2670	-0.023	-0.011	0.764
2671	-0.026	-0.011	0.756
2672	-0.026	-0.014	0.771
2673	-0.025	-0.014	0.768
2674	-0.026	-0.011	0.771
2675	-0.025	-0.011	0.755
2676	-0.024	-0.013	0.772
2677	-0.024	-0.011	0.761
2678	-0.025	-0.009	0.774
2679	-0.024	-0.009	0.767
2680	-0.026	-0.011	0.761
2681	-0.024	-0.015	0.768
2682	-0.025	-0.012	0.768
2683	-0.024	-0.011	0.763
2684	-0.025	-0.011	0.772
2685	-0.026	-0.010	0.766
2686	-0.025	-0.009	0.767
2687	-0.026	-0.011	0.760
2688	-0.024	-0.011	0.769
2689	-0.024	-0.011	0.772
2690	-0.025	-0.011	0.764
2691	-0.026	-0.011	0.766
2692	-0.025	-0.009	0.763
2693	-0.024	-0.012	0.767
2694	-0.023	-0.007	0.766
2695	-0.026	-0.009	0.757
2696	-0.022	-0.009	0.769
2697	-0.026	-0.014	0.765
2698	-0.026	-0.011	0.763
2699	-0.025	-0.011	0.758
2700	-0.026	-0.009	0.765
2701	-0.024	-0.011	0.764
2702	-0.026	-0.009	0.774
2703	-0.025	-0.009	0.765
2704	-0.026	-0.011	0.756
2705	-0.025	-0.011	0.768
2706	-0.024	-0.011	0.773
2707	-0.025	-0.011	0.763
2708	-0.025	-0.009	0.771
2709	-0.023	-0.009	0.763
2710	-0.026	-0.008	0.764
2711	-0.022	-0.015	0.776
2712	-0.024	-0.014	0.768
2713	-0.023	-0.011	0.778
2714	-0.024	-0.013	0.756
2715	-0.024	-0.011	0.764
2716	-0.024	-0.013	0.764
2717	-0.025	-0.011	0.766
2718	-0.023	-0.011	0.767
2719	-0.024	-0.010	0.775
2720	-0.026	-0.010	0.760
2721	-0.025	-0.011	0.763
2722	-0.025	-0.013	0.756
2723	-0.025	-0.011	0.767
2724	-0.024	-0.011	0.771
2725	-0.026	-0.011	0.768
2726	-0.027	-0.009	0.765
2727	-0.027	-0.011	0.766
2728	-0.023	-0.010	0.765
2729	-0.024	-0.009	0.768
2730	-0.024	-0.011	0.765
2731	-0.025	-0.011	0.767
2732	-0.025	-0.013	0.774
2733	-0.024	-0.011	0.765
2734	-0.024	-0.009	0.764
2735	-0.024	-0.011	0.769
2736	-0.024	-0.010	0.763
2737	-0.026	-0.011	0.761
2738	-0.024	-0.010	0.767
2739	-0.021	-0.011	0.766
2740	-0.023	-0.009	0.768
2741	-0.022	-0.013	0.767
2742	-0.024	-0.011	0.766
2743	-0.024	-0.007	0.761
2744	-0.026	-0.010	0.758
2745	-0.024	-0.011	0.765
2746	-0.023	-0.012	0.764
2747	-0.022	-0.011	0.760
2748	-0.025	-0.008	0.766
2749	-0.024	-0.007	0.763
2750	-0.028	-0.011	0.766
2751	-0.025	-0.010	0.770
2752	-0.024	-0.009	0.772
2753	-0.025	-0.014	0.768
2754	-0.025	-0.011	0.768
2755	-0.025	-0.012	0.771
2756	-0.026	-0.011	0.765
2757	-0.022	-0.010	0.761
2758	-0.024	-0.011	0.768
2759	-0.023	-0.005	0.762
2760	-0.024	-0.012	0.777
2761	-0.026	-0.014	0.765
2762	-0.024	-0.009	0.769
2763	-0.025	-0.011	0.767
2764	-0.025	-0.011	0.763
2765	-0.025	-0.013	0.764
2766	-0.024	-0.008	0.763
2767	-0.024	-0.009	0.769
2768	-0.024	-0.008	0.765
2769	-0.025	-0.006	0.771
2770	-0.023	-0.012	0.766
2771	-0.022	-0.012	0.771
2772	-0.023	-0.014	0.753
2773	-0.024	-0.012	0.774
2774	-0.023	-0.009	0.763
2775	-0.024	-0.010	0.769
2776	-0.023	-0.009	0.755
2777	-0.022	-0.009	0.768
2778	-0.022	-0.009	0.767
2779	-0.025	-0.013	0.766
2780	-0.024	-0.013	0.766
2781	-0.022	-0.013	0.761
2782	-0.024	-0.009	0.761
2783	-0.021	-0.009	0.763
2784	-0.023	-0.006	0.768
2785	-0.020	-0.008	0.765
2786	-0.022	-0.012	0.772
2787	-0.022	-0.012	0.765
2788	-0.023	-0.012	0.776
2789	-0.023	-0.011	0.763
2790	-0.021	-0.011	0.756
2791	-0.018	-0.008	0.775
2792	-0.022	-0.007	0.767
2793	-0.023	-0.008	0.772
2794	-0.023	-0.009	0.763
2795	-0.022	-0.014	0.767
2796	-0.021	-0.013	0.766
2797	-0.022	-0.010	0.774
2798	-0.023	-0.006	0.768
2799	-0.022	-0.008	0.770
2800	-0.022	-0.007	0.762
2801	-0.022	-0.010	0.765
2802	-0.022	-0.009	0.771
2803	-0.023	-0.007	0.773
2804	-0.024	-0.010	0.773
2805	-0.024	-0.013	0.766
2806	-0.024	-0.010	0.772
2807	-0.025	-0.007	0.766
2808	-0.026	-0.007	0.763
2809	-0.025	-0.007	0.766
2810	-0.026	-0.009	0.770
2811	-0.025	-0.011	0.763
2812	-0.026	-0.010	0.765
2813	-0.025	-0.007	0.761
2814	-0.025	-0.011	0.768
2815	-0.025	-0.013	0.770
2816	-0.022	-0.009	0.768
2817	-0.024	-0.007	0.764
2818	-0.024	-0.009	0.757
2819	-0.021	-0.009	0.774
2820	-0.023	-0.011	0.767
2821	-0.023	-0.014	0.763
2822	-0.023	-0.010	0.760
2823	-0.024	-0.009	0.767
2824	-0.024	-0.009	0.768
2825	-0.020	-0.010	0.760
2826	-0.023	-0.009	0.774
2827	-0.022	-0.009	0.768
2828	-0.024	-0.008	0.759
2829	-0.024	-0.010	0.778
2830	-0.023	-0.014	0.758
2831	-0.025	-0.013	0.765
2832	-0.024	-0.005	0.771
2833	-0.021	-0.012	0.767
2834	-0.024	-0.010	0.763
2835	-0.023	-0.011	0.774
2836	-0.023	-0.010	0.757
2837	-0.022	-0.010	0.775
2838	-0.025	-0.008	0.774
2839	-0.023	-0.009	0.767
2840	-0.025	-0.011	0.765
2841	-0.024	-0.009	0.768
2842	-0.024	-0.009	0.772
2843	-0.025	-0.009	0.770
2844	-0.023	-0.009	0.758
2845	-0.023	-0.011	0.772
2846	-0.023	-0.010	0.761
2847	-0.024	-0.007	0.764
2848	-0.023	-0.007	0.766
2849	-0.023	-0.009	0.768
2850	-0.023	-0.012	0.761
2851	-0.025	-0.009	0.764
2852	-0.023	-0.010	0.768
2853	-0.024	-0.009	0.772
2854	-0.022	-0.011	0.770
2855	-0.023	-0.009	0.770
2856	-0.023	-0.009	0.772
2857	-0.023	-0.008	0.765
2858	-0.025	-0.007	0.756
2859	-0.023	-0.014	0.758
2860	-0.022	-0.011	0.763
2861	-0.024	-0.006	0.778
2862	-0.027	-0.010	0.769
2863	-0.024	-0.009	0.766
2864	-0.022	-0.009	0.761
2865	-0.022	-0.009	0.766
2866	-0.023	-0.009	0.762
2867	-0.022	-0.006	0.765
2868	-0.022	-0.011	0.757
2869	-0.024	-0.013	0.756
2870	-0.021	-0.010	0.762
2871	-0.021	-0.009	0.768
2872	-0.023	-0.009	0.768
2873	-0.022	-0.009	0.767
2874	-0.024	-0.011	0.766
2875	-0.022	-0.011	0.763
2876	-0.024	-0.009	0.774
2877	-0.024	-0.006	0.773
2878	-0.023	-0.011	0.770
2879	-0.022	-0.009	0.765
2880	-0.022	-0.009	0.769
2881	-0.021	-0.007	0.769
2882	-0.021	-0.009	0.774
2883	-0.021	-0.010	0.772
2884	-0.021	-0.011	0.769
2885	-0.021	-0.013	0.768
2886	-0.018	-0.010	0.770
2887	-0.019	-0.009	0.765
2888	-0.021	-0.010	0.767
2889	-0.022	-0.010	0.768
2890	-0.021	-0.009	0.764
2891	-0.022	-0.009	0.771
2892	-0.024	-0.009	0.766
2893	-0.021	-0.010	0.774
2894	-0.023	-0.012	0.768
2895	-0.025	-0.011	0.766
2896	-0.023	-0.011	0.762
2897	-0.022	-0.010	0.763
2898	-0.024	-0.007	0.769
2899	-0.023	-0.010	0.760
2900	-0.024	-0.010	0.767
2901	-0.025	-0.009	0.767
2902	-0.024	-0.010	0.766
2903	-0.021	-0.012	0.759
2904	-0.023	-0.011	0.763
2905	-0.019	-0.012	0.763
2906	-0.021	-0.007	0.771
2907	-0.021	-0.008	0.773
2908	-0.022	-0.011	0.772
2909	-0.021	-0.011	0.766
2910	-0.020	-0.011	0.766
2911	-0.023	-0.009	0.772
2912	-0.023	-0.012	0.763
2913	-0.021	-0.011	0.762
2914	-0.022	-0.009	0.765
2915	-0.025	-0.007	0.766
2916	-0.023	-0.009	0.766
2917	-0.023	-0.008	0.768
2918	-0.022	-0.010	0.763
2919	-0.024	-0.013	0.764
2920	-0.025	-0.012	0.762
2921	-0.024	-0.011	0.758
2922	-0.025	-0.011	0.771
2923	-0.023	-0.015	0.754
2924	-0.025	-0.011	0.768
2925	-0.026	-0.011	0.754
2926	-0.025	-0.011	0.768
2927	-0.024	-0.011	0.763
2928	-0.023	-0.014	0.767
2929	-0.024	-0.011	0.762
2930	-0.024	-0.009	0.765
2931	-0.022	-0.007	0.773
2932	-0.022	-0.010	0.758
2933	-0.024	-0.009	0.781
2934	-0.023	-0.011	0.757
2935	-0.022	-0.013	0.776
2936	-0.023	-0.008	0.760
2937	-0.022	-0.010	0.769
2938	-0.020	-0.011	0.758
2939	-0.021	-0.011	0.768
2940	-0.023	-0.009	0.761
2941	-0.025	-0.011	0.772
2942	-0.025	-0.009	0.767
2943	-0.025	-0.012	0.763
2944	-0.023	-0.012	0.770
2945	-0.024	-0.011	0.758
2946	-0.026	-0.008	0.771
2947	-0.023	-0.010	0.760
2948	-0.025	-0.009	0.768
2949	-0.023	-0.010	0.763
2950	-0.026	-0.009	0.757
2951	-0.026	-0.009	0.771
2952	-0.025	-0.012	0.761
2953	-0.026	-0.016	0.769
2954	-0.024	-0.012	0.768
2955	-0.025	-0.011	0.760
2956	-0.023	-0.009	0.764
2957	-0.025	-0.011	0.761
2958	-0.026	-0.010	0.777
2959	-0.025	-0.011	0.765
2960	-0.026	-0.011	0.758
2961	-0.026	-0.009	0.769
2962	-0.024	-0.011	0.765
2963	-0.024	-0.011	0.763
2964	-0.022	-0.011	0.772
2965	-0.021	-0.008	0.768
2966	-0.024	-0.007	0.766
2967	-0.024	-0.009	0.765
2968	-0.023	-0.012	0.765
2969	-0.024	-0.011	0.761
2970	-0.021	-0.012	0.770
2971	-0.023	-0.007	0.769
2972	-0.023	-0.010	0.766
2973	-0.024	-0.009	0.760
2974	-0.022	-0.009	0.765
2975	-0.024	-0.009	0.765
2976	-0.023	-0.011	0.768
2977	-0.023	-0.011	0.765
2978	-0.024	-0.011	0.766
2979	-0.022	-0.009	0.760
2980	-0.024	-0.009	0.765
2981	-0.024	-0.007	0.768
2982	-0.022	-0.011	0.774
2983	-0.021	-0.008	0.764
2984	-0.024	-0.007	0.767
2985	-0.021	-0.009	0.754
2986	-0.023	-0.006	0.769
2987	-0.024	-0.010	0.767
2988	-0.024	-0.011	0.769
2989	-0.023	-0.008	0.765
2990	-0.024	-0.007	0.758
2991	-0.022	-0.009	0.772
2992	-0.023	-0.009	0.769
2993	-0.023	-0.011	0.772
2994	-0.026	-0.011	0.768
2995	-0.024	-0.008	0.766
2996	-0.025	-0.009	0.760
2997	-0.024	-0.009	0.760
2998	-0.024	-0.007	0.771
2999	-0.024	-0.008	0.764
3000	-0.024	-0.009	0.775
3001	-0.026	-0.008	0.758
3002	-0.024	-0.011	0.763
3003	-0.023	-0.011	0.762
3004	-0.024	-0.006	0.765
3005	-0.021	-0.006	0.762
3006	-0.022	-0.010	0.767
3007	-0.022	-0.008	0.760
3008	-0.023	-0.009	0.764
3009	-0.022	-0.008	0.759
3010	-0.020	-0.007	0.775
3011	-0.022	-0.009	0.763
3012	-0.020	-0.011	0.765
