0	0.021	-0.009	0.779	0.0
1	0.020	-0.011	0.774	0.2
2	0.023	-0.011	0.776	0.4
3	0.025	-0.012	0.778	0.6
4	0.026	-0.010	0.781	0.8
5	0.024	-0.013	0.778	1.0
6	0.023	-0.013	0.778	1.2
7	0.023	-0.013	0.775	1.4
8	0.026	-0.014	0.774	1.6
9	0.027	-0.013	0.781	1.8
10	0.029	-0.010	0.783	2.0
11	0.026	-0.008	0.775	2.2
12	0.025	-0.011	0.772	2.4
13	0.024	-0.009	0.779	2.6
14	0.023	-0.009	0.780	2.8
15	0.025	-0.009	0.782	3.0
16	0.025	-0.010	0.781	3.2
17	0.026	-0.011	0.777	3.4
18	0.026	-0.009	0.776	3.6
19	0.025	-0.008	0.784	3.8
20	0.025	-0.005	0.784	4.0
21	0.026	-0.009	0.782	4.2
22	0.023	-0.007	0.776	4.4
23	0.024	-0.009	0.776	4.6
24	0.023	-0.011	0.782	4.8
25	0.026	-0.009	0.781	5.0
26	0.027	-0.013	0.779	5.2
27	0.026	-0.011	0.773	5.4
28	0.029	-0.012	0.776	5.6
29	0.028	-0.011	0.781	5.8
30	0.028	-0.007	0.778	6.0
31	0.029	-0.009	0.779	6.2
32	0.030	-0.013	0.774	6.4
33	0.034	-0.013	0.778	6.6
34	0.032	-0.011	0.779	6.8
35	0.033	-0.009	0.784	7.0
36	0.030	-0.011	0.780	7.2
37	0.034	-0.007	0.775	7.4
38	0.033	-0.012	0.777	7.6
39	0.031	-0.012	0.777	7.8
40	0.032	-0.012	0.780	8.0
41	0.032	-0.010	0.780	8.2
42	0.029	-0.011	0.777	8.4
43	0.030	-0.008	0.772	8.6
44	0.033	-0.006	0.779	8.8
45	0.032	-0.006	0.783	9.0
46	0.030	-0.005	0.781	9.2
47	0.031	-0.004	0.780	9.4
48	0.030	-0.004	0.776	9.6
49	0.032	-0.004	0.775	9.8
50	0.029	-0.005	0.779	10.0
51	0.031	-0.002	0.786	10.2
52	0.030	-0.003	0.778	10.4
53	0.030	-0.003	0.775	10.6
54	0.028	0.000	0.775	10.8
55	0.030	-0.002	0.780	11.0
56	0.028	-0.004	0.778	11.2
57	0.030	-0.003	0.781	11.4
58	0.030	-0.004	0.776	11.6
59	0.028	-0.005	0.778	11.8
60	0.028	-0.001	0.780	12.0
61	0.029	-0.001	0.784	12.2
62	0.030	-0.002	0.782	12.4
63	0.029	-0.003	0.776	12.6
64	0.025	-0.005	0.776	12.8
65	0.028	-0.005	0.780	13.0
66	0.026	-0.003	0.782	13.2
67	0.024	-0.003	0.780	13.4
68	0.024	-0.005	0.778	13.6
69	0.027	-0.002	0.773	13.8
70	0.025	-0.006	0.778	14.0
71	0.023	-0.005	0.782	14.2
72	0.024	-0.006	0.779	14.4
73	0.024	-0.007	0.779	14.6
74	0.026	-0.006	0.771	14.8
75	0.025	-0.006	0.777	15.0
76	0.024	-0.005	0.780	15.2
77	0.023	-0.003	0.779	15.4
78	0.023	-0.005	0.780	15.6
79	0.023	-0.008	0.776	15.8
80	0.024	-0.009	0.779	16.0
81	0.024	-0.009	0.783	16.2
82	0.024	-0.008	0.782	16.4
83	0.023	-0.007	0.778	16.6
84	0.025	-0.006	0.776	16.8
85	0.024	-0.006	0.775	17.0
86	0.026	-0.007	0.783	17.2
87	0.028	-0.007	0.781	17.4
88	0.025	-0.009	0.781	17.6
89	0.028	-0.008	0.776	17.8
90	0.026	-0.010	0.774	18.0
91	0.029	-0.007	0.779	18.2
92	0.027	-0.008	0.785	18.4
93	0.026	-0.006	0.779	18.6
94	0.027	-0.007	0.775	18.8
95	0.027	-0.012	0.773	19.0
96	0.026	-0.008	0.783	19.2
97	0.028	-0.007	0.783	19.4
98	0.028	-0.007	0.782	19.6
99	0.026	-0.008	0.774	19.8
100	0.026	-0.007	0.776	20.0
101	0.027	-0.008	0.778	20.2
102	0.028	-0.007	0.782	20.4
103	0.025	-0.009	0.782	20.6
104	0.026	-0.011	0.782	20.8
105	0.028	-0.012	0.775	21.0
106	0.028	-0.009	0.774	21.2
107	0.027	-0.012	0.782	21.4
108	0.025	-0.009	0.782	21.6
109	0.029	-0.011	0.777	21.8
110	0.026	-0.011	0.774	22.0
111	0.026	-0.013	0.776	22.2
112	0.028	-0.011	0.781	22.4
113	0.028	-0.009	0.784	22.6
114	0.027	-0.010	0.779	22.8
115	0.027	-0.010	0.776	23.0
116	0.026	-0.010	0.778	23.2
117	0.028	-0.010	0.782	23.4
118	0.028	-0.009	0.781	23.6
119	0.026	-0.010	0.782	23.8
120	0.027	-0.011	0.776	24.0
121	0.026	-0.011	0.774	24.2
122	0.026	-0.010	0.779	24.4
123	0.025	-0.012	0.779	24.6
124	0.026	-0.010	0.783	24.8
125	0.024	-0.011	0.777	25.0
126	0.025	-0.011	0.775	25.2
127	0.026	-0.011	0.775	25.4
128	0.024	-0.009	0.784	25.6
129	0.026	-0.008	0.781	25.8
130	0.026	-0.006	0.776	26.0
131	0.025	-0.008	0.773	26.2
132	0.024	-0.006	0.776	26.4
133	0.026	-0.006	0.780	26.6
134	0.025	-0.007	0.784	26.8
135	0.026	-0.009	0.782	27.0
136	0.026	-0.007	0.774	27.2
137	0.025	-0.008	0.778	27.4
138	0.024	-0.004	0.781	27.6
139	0.026	-0.005	0.782	27.8
140	0.026	-0.006	0.779	28.0
141	0.027	-0.008	0.771	28.2
142	0.027	-0.006	0.778	28.4
143	0.025	-0.008	0.779	28.6
144	0.026	-0.005	0.784	28.8
145	0.024	-0.007	0.780	29.0
146	0.026	-0.008	0.775	29.2
147	0.026	-0.008	0.775	29.4
148	0.024	-0.005	0.777	29.6
149	0.023	-0.005	0.784	29.8
150	0.023	-0.008	0.780	30.0
151	0.027	-0.008	0.779	30.2
152	0.026	-0.007	0.776	30.4
153	0.024	-0.007	0.778	30.6
154	0.024	-0.007	0.780	30.8
155	0.026	-0.008	0.784	31.0
156	0.026	-0.010	0.777	31.2
157	0.026	-0.007	0.779	31.4
158	0.025	-0.009	0.780	31.6
159	0.025	-0.006	0.780	31.8
160	0.024	-0.005	0.778	32.0
161	0.023	-0.007	0.777	32.2
162	0.023	-0.007	0.773	32.4
163	0.021	-0.007	0.775	32.6
164	0.023	-0.006	0.776	32.8
165	0.023	-0.006	0.779	33.0
166	0.022	-0.008	0.779	33.2
167	0.023	-0.006	0.772	33.4
168	0.023	-0.005	0.774	33.6
169	0.023	-0.006	0.781	33.8
170	0.022	-0.005	0.783	34.0
171	0.022	-0.005	0.783	34.2
172	0.023	-0.006	0.774	34.4
173	0.023	-0.005	0.771	34.6
174	0.022	-0.005	0.778	34.8
175	0.025	-0.003	0.779	35.0
176	0.025	-0.003	0.778	35.2
177	0.025	-0.002	0.779	35.4
178	0.025	-0.003	0.776	35.6
179	0.024	-0.002	0.778	35.8
180	0.026	-0.002	0.781	36.0
181	0.022	-0.001	0.782	36.2
182	0.026	-0.002	0.777	36.4
183	0.024	-0.001	0.773	36.6
184	0.023	-0.004	0.779	36.8
185	0.024	0.001	0.782	37.0
186	0.022	-0.001	0.782	37.2
187	0.023	-0.003	0.779	37.4
188	0.022	-0.005	0.774	37.6
189	0.022	-0.005	0.776	37.8
190	0.022	-0.003	0.781	38.0
191	0.019	-0.002	0.781	38.2
192	0.021	-0.005	0.782	38.4
193	0.020	-0.003	0.775	38.6
194	0.020	-0.002	0.775	38.8
195	0.021	-0.002	0.783	39.0
196	0.019	-0.001	0.783	39.2
197	0.019	-0.003	0.782	39.4
198	0.018	-0.002	0.776	39.6
199	0.021	-0.004	0.771	39.8
200	0.021	-0.002	0.776	40.0
201	0.019	-0.002	0.782	40.2
202	0.021	-0.004	0.785	40.4
203	0.019	-0.003	0.776	40.6
204	0.020	-0.002	0.775	40.8
205	0.019	-0.001	0.777	41.0
206	0.022	-0.002	0.786	41.2
207	0.022	-0.004	0.780	41.4
208	0.020	-0.003	0.776	41.6
209	0.025	-0.004	0.778	41.8
210	0.024	-0.003	0.777	42.0
211	0.020	-0.001	0.781	42.2
212	0.021	0.000	0.788	42.4
213	0.023	-0.002	0.778	42.6
214	0.025	-0.002	0.778	42.8
215	0.024	-0.004	0.775	43.0
216	0.025	-0.001	0.776	43.2
217	0.025	-0.001	0.782	43.4
218	0.024	-0.002	0.786	43.6
219	0.028	-0.002	0.776	43.8
220	0.026	-0.003	0.774	44.0
221	0.025	-0.001	0.779	44.2
222	0.024	0.001	0.783	44.4
223	0.022	0.001	0.778	44.6
224	0.024	0.001	0.779	44.8
225	0.023	0.002	0.775	45.0
226	0.022	-0.002	0.776	45.2
227	0.022	0.000	0.779	45.4
228	0.022	-0.001	0.783	45.6
229	0.020	0.002	0.779	45.8
230	0.021	0.001	0.772	46.0
231	0.019	-0.001	0.778	46.2
232	0.021	-0.001	0.780	46.4
233	0.020	-0.002	0.784	46.6
234	0.019	-0.002	0.779	46.8
235	0.017	-0.002	0.774	47.0
236	0.018	0.000	0.773	47.2
237	0.017	-0.001	0.779	47.4
238	0.018	0.002	0.781	47.6
239	0.018	-0.002	0.781	47.8
240	0.018	-0.002	0.776	48.0
241	0.017	-0.003	0.776	48.2
242	0.019	-0.003	0.776	48.4
243	0.019	-0.003	0.780	48.6
244	0.020	-0.002	0.778	48.8
245	0.023	-0.002	0.774	49.0
246	0.023	0.003	0.773	49.2
247	0.022	0.001	0.778	49.4
248	0.019	0.003	0.780	49.6
249	0.023	-0.001	0.782	49.8
250	0.022	0.000	0.779	50.0
251	0.024	0.000	0.777	50.2
252	0.022	-0.001	0.777	50.4
253	0.023	0.001	0.782	50.6
254	0.024	0.000	0.780	50.8
255	0.025	0.000	0.777	51.0
256	0.022	-0.002	0.776	51.2
257	0.022	0.001	0.774	51.4
258	0.022	-0.002	0.779	51.6
259	0.026	-0.001	0.785	51.8
260	0.021	-0.004	0.783	52.0
261	0.022	-0.002	0.779	52.2
262	0.019	-0.001	0.778	52.4
263	0.022	0.002	0.780	52.6
264	0.023	0.003	0.782	52.8
265	0.023	0.002	0.784	53.0
266	0.023	0.001	0.776	53.2
267	0.021	-0.003	0.773	53.4
268	0.021	-0.004	0.776	53.6
269	0.022	-0.004	0.784	53.8
270	0.024	-0.003	0.785	54.0
271	0.024	-0.001	0.778	54.2
272	0.023	0.002	0.776	54.4
273	0.025	0.002	0.774	54.6
274	0.023	-0.002	0.779	54.8
275	0.023	-0.002	0.782	55.0
276	0.025	-0.002	0.780	55.2
277	0.023	-0.003	0.773	55.4
278	0.024	0.000	0.775	55.6
279	0.024	0.001	0.777	55.8
280	0.024	0.001	0.779	56.0
281	0.025	0.002	0.776	56.2
282	0.025	0.001	0.776	56.4
283	0.024	-0.003	0.774	56.6
284	0.026	-0.003	0.778	56.8
285	0.026	-0.004	0.781	57.0
286	0.028	-0.003	0.783	57.2
287	0.027	-0.001	0.778	57.4
288	0.025	-0.002	0.777	57.6
289	0.023	-0.004	0.777	57.8
290	0.024	-0.004	0.781	58.0
291	0.025	-0.004	0.782	58.2
292	0.025	-0.001	0.780	58.4
293	0.024	-0.002	0.777	58.6
294	0.022	-0.001	0.778	58.8
295	0.022	-0.002	0.782	59.0
296	0.022	-0.004	0.783	59.2
297	0.023	0.001	0.780	59.4
298	0.022	-0.002	0.776	59.6
299	0.023	-0.004	0.774	59.8
300	0.024	-0.004	0.780	60.0
301	0.024	-0.002	0.784	60.2
302	0.022	-0.001	0.783	60.4
303	0.023	-0.002	0.784	60.6
304	0.024	-0.003	0.776	60.8
305	0.023	-0.002	0.778	61.0
306	0.022	-0.003	0.781	61.2
307	0.026	-0.005	0.782	61.4
308	0.022	-0.004	0.777	61.6
309	0.020	-0.003	0.773	61.8
310	0.022	-0.003	0.772	62.0
311	0.021	-0.002	0.780	62.2
312	0.022	-0.004	0.779	62.4
313	0.020	-0.003	0.783	62.6
314	0.022	-0.004	0.776	62.8
315	0.020	-0.005	0.773	63.0
316	0.021	-0.006	0.779	63.2
317	0.022	-0.004	0.780	63.4
318	0.020	-0.001	0.779	63.6
319	0.022	-0.001	0.776	63.8
320	0.023	-0.001	0.774	64.0
321	0.023	-0.001	0.775	64.2
322	0.024	-0.002	0.784	64.4
323	0.024	-0.003	0.781	64.6
324	0.025	-0.002	0.775	64.8
325	0.026	-0.003	0.774	65.0
326	0.024	-0.001	0.778	65.2
327	0.026	-0.002	0.778	65.4
328	0.027	0.000	0.781	65.6
329	0.025	0.001	0.778	65.8
330	0.026	-0.001	0.772	66.0
331	0.028	-0.004	0.774	66.2
332	0.029	-0.006	0.778	66.4
333	0.028	-0.005	0.780	66.6
334	0.026	-0.002	0.781	66.8
335	0.028	-0.003	0.776	67.0
336	0.027	-0.006	0.774	67.2
337	0.028	-0.005	0.780	67.4
338	0.029	-0.004	0.782	67.6
339	0.024	-0.003	0.784	67.8
340	0.024	-0.006	0.777	68.0
341	0.025	-0.006	0.774	68.2
342	0.024	-0.005	0.777	68.4
343	0.022	-0.002	0.783	68.6
344	0.022	-0.003	0.786	68.8
345	0.023	-0.006	0.777	69.0
346	0.020	-0.005	0.773	69.2
347	0.019	-0.006	0.778	69.4
348	0.019	-0.007	0.778	69.6
349	0.020	-0.006	0.783	69.8
350	0.021	-0.005	0.779	70.0
351	0.019	-0.003	0.775	70.2
352	0.020	-0.005	0.773	70.4
353	0.018	-0.004	0.778	70.6
354	0.023	-0.006	0.783	70.8
355	0.020	-0.007	0.782	71.0
356	0.021	-0.007	0.776	71.2
357	0.022	-0.005	0.777	71.4
358	0.022	-0.003	0.775	71.6
359	0.024	-0.005	0.780	71.8
360	0.023	-0.004	0.781	72.0
361	0.024	-0.004	0.775	72.2
362	0.025	-0.005	0.770	72.4
363	0.026	-0.005	0.774	72.6
364	0.026	-0.007	0.781	72.8
365	0.025	-0.004	0.781	73.0
366	0.023	-0.001	0.776	73.2
367	0.023	-0.003	0.775	73.4
368	0.027	0.000	0.773	73.6
369	0.025	-0.003	0.781	73.8
370	0.025	-0.005	0.783	74.0
371	0.024	-0.004	0.779	74.2
372	0.024	-0.002	0.776	74.4
373	0.022	-0.004	0.778	74.6
374	0.024	-0.001	0.778	74.8
375	0.021	-0.002	0.779	75.0
376	0.022	-0.001	0.781	75.2
377	0.022	-0.002	0.776	75.4
378	0.022	-0.002	0.772	75.6
379	0.022	0.001	0.774	75.8
380	0.019	-0.002	0.780	76.0
381	0.018	-0.002	0.782	76.2
382	0.018	-0.001	0.779	76.4
383	0.020	-0.002	0.777	76.6
384	0.019	0.000	0.775	76.8
385	0.020	0.003	0.783	77.0
386	0.018	0.001	0.786	77.2
387	0.019	-0.001	0.780	77.4
388	0.020	0.002	0.778	77.6
389	0.017	0.000	0.773	77.8
390	0.018	-0.002	0.778	78.0
391	0.020	0.001	0.783	78.2
392	0.020	0.001	0.783	78.4
393	0.019	-0.002	0.776	78.6
394	0.020	0.001	0.775	78.8
395	0.018	-0.001	0.776	79.0
396	0.022	-0.001	0.782	79.2
397	0.020	0.000	0.780	79.4
398	0.021	-0.003	0.780	79.6
399	0.021	-0.001	0.776	79.8
400	0.022	0.000	0.774	80.0
401	0.020	0.001	0.779	80.2
402	0.019	0.001	0.783	80.4
403	0.023	0.000	0.780	80.6
404	0.019	0.001	0.775	80.8
405	0.020	0.001	0.775	81.0
406	0.019	0.001	0.777	81.2
407	0.018	0.001	0.783	81.4
408	0.019	0.001	0.779	81.6
409	0.018	0.002	0.776	81.8
410	0.021	0.000	0.774	82.0
411	0.021	0.000	0.777	82.2
412	0.020	-0.001	0.782	82.4
413	0.017	-0.002	0.784	82.6
414	0.019	-0.003	0.779	82.8
415	0.018	-0.001	0.774	83.0
416	0.021	-0.003	0.773	83.2
417	0.020	-0.003	0.778	83.4
418	0.017	-0.003	0.783	83.6
419	0.019	-0.003	0.782	83.8
420	0.018	-0.004	0.775	84.0
421	0.016	-0.003	0.775	84.2
422	0.018	-0.003	0.778	84.4
423	0.016	-0.003	0.782	84.6
424	0.018	-0.001	0.780	84.8
425	0.017	-0.002	0.776	85.0
426	0.018	-0.001	0.778	85.2
427	0.018	-0.001	0.777	85.4
428	0.019	-0.003	0.782	85.6
429	0.017	-0.005	0.782	85.8
430	0.017	-0.001	0.781	86.0
431	0.015	0.000	0.774	86.2
432	0.016	0.002	0.772	86.4
433	0.017	-0.001	0.783	86.6
434	0.017	-0.003	0.781	86.8
435	0.018	-0.003	0.780	87.0
436	0.018	-0.003	0.780	87.2
437	0.019	-0.001	0.777	87.4
438	0.018	-0.001	0.775	87.6
439	0.017	-0.002	0.785	87.8
440	0.018	0.000	0.780	88.0
441	0.019	-0.001	0.779	88.2
442	0.020	-0.002	0.775	88.4
443	0.020	-0.003	0.779	88.6
444	0.022	-0.003	0.782	88.8
445	0.020	-0.003	0.784	89.0
446	0.019	-0.002	0.779	89.2
447	0.020	-0.002	0.773	89.4
448	0.020	0.000	0.774	89.6
449	0.019	-0.003	0.780	89.8
450	0.018	-0.004	0.782	90.0
451	0.017	-0.004	0.784	90.2
452	0.018	-0.004	0.779	90.4
453	0.016	-0.003	0.773	90.6
454	0.017	-0.004	0.778	90.8
455	0.016	-0.001	0.783	91.0
456	0.016	0.001	0.778	91.2
457	0.015	-0.001	0.778	91.4
458	0.013	-0.001	0.773	91.6
459	0.012	-0.004	0.775	91.8
460	0.013	-0.003	0.779	92.0
461	0.011	0.000	0.780	92.2
462	0.012	-0.001	0.780	92.4
463	0.012	0.000	0.776	92.6
464	0.013	-0.002	0.774	92.8
465	0.015	-0.002	0.779	93.0
466	0.014	-0.001	0.780	93.2
467	0.016	-0.005	0.780	93.4
468	0.014	-0.003	0.775	93.6
469	0.017	-0.001	0.774	93.8
470	0.018	-0.004	0.776	94.0
471	0.018	-0.001	0.777	94.2
472	0.016	0.002	0.781	94.4
473	0.018	-0.002	0.779	94.6
474	0.019	-0.002	0.772	94.8
475	0.017	-0.005	0.775	95.0
476	0.020	-0.005	0.781	95.2
477	0.015	-0.002	0.783	95.4
478	0.018	-0.003	0.782	95.6
479	0.020	-0.002	0.774	95.8
480	0.018	-0.002	0.776	96.0
481	0.019	-0.002	0.780	96.2
482	0.019	-0.002	0.779	96.4
483	0.016	0.000	0.783	96.6
484	0.019	-0.002	0.778	96.8
485	0.019	-0.003	0.777	97.0
486	0.020	-0.004	0.776	97.2
487	0.019	-0.002	0.782	97.4
488	0.018	-0.001	0.783	97.6
489	0.019	-0.003	0.778	97.8
490	0.019	-0.004	0.777	98.0
491	0.022	-0.003	0.774	98.2
492	0.022	-0.001	0.779	98.4
493	0.019	-0.003	0.784	98.6
494	0.018	-0.003	0.779	98.8
495	0.015	-0.001	0.776	99.0
496	0.019	0.000	0.777	99.2
497	0.019	-0.002	0.781	99.4
498	0.019	-0.002	0.780	99.6
499	0.018	-0.002	0.784	99.8
500	0.015	-0.003	0.776	100.0
501	0.018	-0.001	0.772	100.2
502	0.017	-0.002	0.777	100.4
503	0.019	-0.001	0.780	100.6
504	0.020	-0.001	0.782	100.8
505	0.020	-0.001	0.777	101.0
506	0.019	0.000	0.775	101.2
507	0.018	-0.001	0.776	101.4
508	0.018	-0.003	0.777	101.6
509	0.019	-0.004	0.780	101.8
510	0.021	-0.003	0.778	102.0
511	0.019	-0.004	0.775	102.2
512	0.021	-0.003	0.777	102.4
513	0.019	-0.001	0.778	102.6
514	0.019	-0.002	0.781	102.8
515	0.019	-0.001	0.782	103.0
516	-0.104	0.015	1.049	103.2
517	-0.174	0.014	1.074	103.4
518	-0.167	0.013	1.067	103.6
519	-0.163	0.015	1.054	103.8
520	-0.161	0.016	1.056	104.0
521	-0.160	0.015	1.054	104.2
522	-0.158	0.014	1.058	104.4
523	-0.157	0.016	1.049	104.6
524	-0.157	0.016	1.046	104.8
525	-0.156	0.015	1.052	105.0
526	-0.153	0.016	1.061	105.2
527	-0.154	0.015	1.050	105.4
528	-0.154	0.015	1.044	105.6
529	-0.151	0.015	1.044	105.8
530	-0.151	0.014	1.048	106.0
531	-0.152	0.017	1.050	106.2
532	-0.152	0.015	1.042	106.4
533	-0.150	0.014	1.037	106.6
534	-0.150	0.013	1.040	106.8
535	-0.150	0.016	1.042	107.0
536	-0.150	0.016	1.037	107.2
537	-0.150	0.016	1.041	107.4
538	-0.149	0.015	1.043	107.6
539	-0.148	0.015	1.040	107.8
540	-0.149	0.015	1.042	108.0
541	-0.147	0.017	1.039	108.2
542	-0.148	0.015	1.040	108.4
543	-0.149	0.013	1.039	108.6
544	-0.148	0.014	1.029	108.8
545	-0.148	0.014	1.036	109.0
546	-0.146	0.013	1.044	109.2
547	-0.148	0.012	1.046	109.4
548	-0.148	0.014	1.038	109.6
549	-0.147	0.015	1.030	109.8
550	-0.147	0.015	1.030	110.0
551	-0.148	0.015	1.042	110.2
552	-0.146	0.014	1.043	110.4
553	-0.144	0.014	1.034	110.6
554	-0.145	0.015	1.033	110.8
555	-0.145	0.013	1.031	111.0
556	-0.146	0.015	1.040	111.2
557	-0.145	0.014	1.041	111.4
558	-0.146	0.014	1.036	111.6
559	-0.143	0.014	1.040	111.8
560	-0.144	0.014	1.040	112.0
561	-0.145	0.015	1.036	112.2
562	-0.144	0.013	1.033	112.4
563	-0.146	0.016	1.034	112.6
564	-0.144	0.016	1.028	112.8
565	-0.145	0.015	1.028	113.0
566	-0.144	0.016	1.032	113.2
567	-0.145	0.017	1.042	113.4
568	-0.143	0.018	1.040	113.6
569	-0.146	0.017	1.038	113.8
570	-0.144	0.017	1.023	114.0
571	-0.145	0.018	1.024	114.2
572	-0.144	0.019	1.030	114.4
573	-0.143	0.016	1.034	114.6
574	-0.144	0.017	1.034	114.8
575	-0.146	0.017	1.032	115.0
576	-0.145	0.019	1.032	115.2
577	-0.144	0.019	1.026	115.4
578	-0.147	0.018	1.034	115.6
579	-0.142	0.016	1.037	115.8
580	-0.143	0.017	1.037	116.0
581	-0.146	0.015	1.028	116.2
582	-0.143	0.018	1.022	116.4
583	-0.145	0.017	1.036	116.6
584	-0.144	0.017	1.042	116.8
585	-0.144	0.017	1.035	117.0
586	-0.144	0.016	1.028	117.2
587	-0.148	0.017	1.033	117.4
588	-0.145	0.017	1.037	117.6
589	-0.144	0.015	1.042	117.8
590	-0.145	0.015	1.036	118.0
591	-0.145	0.015	1.033	118.2
592	-0.145	0.013	1.031	118.4
593	-0.146	0.015	1.028	118.6
594	-0.146	0.015	1.028	118.8
595	-0.144	0.013	1.037	119.0
596	-0.145	0.014	1.033	119.2
597	-0.144	0.015	1.031	119.4
598	-0.144	0.015	1.028	119.6
599	-0.144	0.015	1.030	119.8
600	-0.144	0.015	1.032	120.0
601	-0.145	0.013	1.029	120.2
602	-0.144	0.013	1.027	120.4
603	-0.147	0.016	1.026	120.6
604	-0.144	0.015	1.026	120.8
605	-0.144	0.014	1.028	121.0
606	-0.145	0.014	1.038	121.2
607	-0.146	0.015	1.027	121.4
608	-0.146	0.017	1.035	121.6
609	-0.146	0.015	1.036	121.8
610	-0.145	0.013	1.029	122.0
611	-0.146	0.015	1.028	122.2
612	-0.144	0.015	1.034	122.4
613	-0.144	0.016	1.030	122.6
614	-0.146	0.015	1.028	122.8
615	-0.146	0.014	1.027	123.0
616	-0.145	0.013	1.036	123.2
617	-0.144	0.013	1.041	123.4
618	-0.145	0.013	1.032	123.6
619	-0.144	0.014	1.025	123.8
620	-0.145	0.012	1.031	124.0
621	-0.147	0.013	1.036	124.2
622	-0.144	0.014	1.036	124.4
623	-0.143	0.015	1.037	124.6
624	-0.145	0.012	1.034	124.8
625	-0.145	0.013	1.031	125.0
626	-0.144	0.014	1.034	125.2
627	-0.144	0.014	1.031	125.4
628	-0.144	0.015	1.035	125.6
629	-0.144	0.017	1.040	125.8
630	-0.144	0.015	1.036	126.0
631	-0.146	0.013	1.026	126.2
632	-0.144	0.013	1.030	126.4
633	-0.144	0.013	1.037	126.6
634	-0.144	0.012	1.036	126.8
635	-0.142	0.012	1.031	127.0
636	-0.144	0.013	1.034	127.2
637	-0.144	0.013	1.034	127.4
638	-0.146	0.011	1.040	127.6
639	-0.144	0.012	1.034	127.8
640	-0.145	0.013	1.025	128.0
641	-0.144	0.014	1.032	128.2
642	-0.144	0.011	1.030	128.4
643	-0.144	0.012	1.034	128.6
644	-0.143	0.014	1.031	128.8
645	-0.144	0.014	1.033	129.0
646	-0.145	0.015	1.032	129.2
647	-0.144	0.012	1.032	129.4
648	-0.144	0.011	1.032	129.6
649	-0.146	0.011	1.043	129.8
650	-0.144	0.013	1.037	130.0
651	-0.144	0.013	1.035	130.2
652	-0.145	0.011	1.028	130.4
653	-0.144	0.011	1.030	130.6
654	-0.144	0.011	1.043	130.8
655	-0.143	0.013	1.041	131.0
656	-0.145	0.013	1.031	131.2
657	-0.143	0.013	1.032	131.4
658	-0.143	0.014	1.034	131.6
659	-0.142	0.011	1.035	131.8
660	-0.144	0.013	1.040	132.0
661	-0.144	0.013	1.034	132.2
662	-0.144	0.013	1.030	132.4
663	-0.145	0.013	1.037	132.6
664	-0.144	0.013	1.032	132.8
665	-0.145	0.013	1.036	133.0
666	-0.144	0.013	1.037	133.2
667	-0.145	0.014	1.030	133.4
668	-0.143	0.013	1.030	133.6
669	-0.143	0.014	1.032	133.8
670	-0.144	0.014	1.030	134.0
671	-0.144	0.011	1.043	134.2
672	-0.142	0.014	1.040	134.4
673	-0.144	0.015	1.022	134.6
674	-0.144	0.010	1.026	134.8
675	-0.146	0.014	1.036	135.0
676	-0.145	0.015	1.040	135.2
677	-0.144	0.015	1.034	135.4
678	-0.144	0.015	1.034	135.6
679	-0.146	0.015	1.030	135.8
680	-0.146	0.014	1.032	136.0
681	-0.144	0.014	1.034	136.2
682	-0.143	0.015	1.040	136.4
683	-0.145	0.014	1.043	136.6
684	-0.145	0.014	1.032	136.8
685	-0.144	0.013	1.027	137.0
686	-0.144	0.012	1.034	137.2
687	-0.144	0.014	1.036	137.4
688	-0.146	0.013	1.037	137.6
689	-0.144	0.013	1.036	137.8
690	-0.141	0.011	1.030	138.0
691	-0.145	0.014	1.028	138.2
692	-0.144	0.011	1.038	138.4
693	-0.143	0.014	1.035	138.6
694	-0.143	0.015	1.030	138.8
695	-0.142	0.014	1.033	139.0
696	-0.143	0.013	1.036	139.2
697	-0.144	0.014	1.032	139.4
698	-0.143	0.011	1.036	139.6
699	-0.147	0.012	1.035	139.8
700	-0.142	0.013	1.024	140.0
701	-0.144	0.016	1.028	140.2
702	-0.144	0.013	1.033	140.4
703	-0.144	0.013	1.036	140.6
704	-0.143	0.016	1.040	140.8
705	-0.146	0.014	1.029	141.0
706	-0.142	0.012	1.030	141.2
707	-0.144	0.014	1.028	141.4
708	-0.143	0.013	1.043	141.6
709	-0.144	0.015	1.042	141.8
710	-0.145	0.013	1.031	142.0
711	-0.141	0.014	1.027	142.2
712	-0.142	0.014	1.028	142.4
713	-0.143	0.015	1.026	142.6
714	-0.142	0.012	1.039	142.8
715	-0.143	0.012	1.042	143.0
716	-0.141	0.015	1.036	143.2
717	-0.144	0.012	1.026	143.4
718	-0.142	0.013	1.027	143.6
719	-0.143	0.013	1.034	143.8
720	-0.142	0.011	1.040	144.0
721	-0.143	0.012	1.038	144.2
722	-0.144	0.012	1.031	144.4
723	-0.143	0.011	1.027	144.6
724	-0.144	0.011	1.036	144.8
725	-0.142	0.011	1.041	145.0
726	-0.142	0.011	1.037	145.2
727	-0.143	0.010	1.032	145.4
728	-0.144	0.009	1.032	145.6
729	-0.144	0.011	1.036	145.8
730	-0.143	0.012	1.031	146.0
731	-0.143	0.010	1.036	146.2
732	-0.143	0.010	1.037	146.4
733	-0.144	0.009	1.032	146.6
734	-0.143	0.010	1.031	146.8
735	-0.144	0.010	1.031	147.0
736	-0.144	0.010	1.035	147.2
737	-0.143	0.010	1.036	147.4
738	-0.143	0.010	1.031	147.6
739	-0.143	0.011	1.025	147.8
740	-0.143	0.009	1.033	148.0
741	-0.144	0.011	1.040	148.2
742	-0.144	0.009	1.038	148.4
743	-0.144	0.010	1.033	148.6
744	-0.144	0.011	1.036	148.8
745	-0.144	0.010	1.026	149.0
746	-0.144	0.011	1.038	149.2
747	-0.144	0.011	1.040	149.4
748	-0.145	0.011	1.036	149.6
749	-0.143	0.011	1.039	149.8
750	-0.142	0.009	1.035	150.0
751	-0.143	0.012	1.030	150.2
752	-0.144	0.012	1.036	150.4
753	-0.143	0.010	1.048	150.6
754	-0.143	0.012	1.032	150.8
755	-0.144	0.012	1.028	151.0
756	-0.144	0.014	1.027	151.2
757	-0.142	0.011	1.038	151.4
758	-0.144	0.013	1.041	151.6
759	-0.145	0.013	1.046	151.8
760	-0.144	0.014	1.030	152.0
761	-0.143	0.014	1.034	152.2
762	-0.144	0.014	1.033	152.4
763	-0.143	0.015	1.034	152.6
764	-0.143	0.015	1.034	152.8
765	-0.143	0.014	1.041	153.0
766	-0.143	0.014	1.030	153.2
767	-0.144	0.014	1.033	153.4
768	-0.144	0.015	1.027	153.6
769	-0.143	0.013	1.038	153.8
770	-0.143	0.015	1.038	154.0
771	-0.146	0.012	1.030	154.2
772	-0.144	0.014	1.026	154.4
773	-0.143	0.015	1.031	154.6
774	-0.142	0.013	1.040	154.8
775	-0.144	0.013	1.043	155.0
776	-0.144	0.015	1.034	155.2
777	-0.145	0.013	1.026	155.4
778	-0.145	0.013	1.035	155.6
779	-0.143	0.012	1.044	155.8
780	-0.142	0.013	1.040	156.0
781	-0.143	0.014	1.037	156.2
782	-0.141	0.015	1.030	156.4
783	-0.143	0.011	1.025	156.6
784	-0.144	0.011	1.034	156.8
785	-0.144	0.011	1.046	157.0
786	-0.141	0.012	1.046	157.2
787	-0.141	0.011	1.039	157.4
788	-0.142	0.011	1.025	157.6
789	-0.141	0.011	1.033	157.8
790	-0.140	0.011	1.036	158.0
791	-0.141	0.012	1.035	158.2
792	-0.141	0.013	1.032	158.4
793	-0.141	0.012	1.034	158.6
794	-0.140	0.011	1.032	158.8
795	-0.140	0.012	1.030	159.0
796	-0.141	0.011	1.033	159.2
797	-0.142	0.011	1.031	159.4
798	-0.141	0.011	1.027	159.6
799	-0.141	0.011	1.035	159.8
800	-0.139	0.012	1.026	160.0
801	-0.141	0.011	1.029	160.2
802	-0.139	0.011	1.037	160.4
803	-0.141	0.011	1.032	160.6
804	-0.141	0.011	1.034	160.8
805	-0.141	0.011	1.029	161.0
806	-0.140	0.011	1.028	161.2
807	-0.139	0.011	1.037	161.4
808	-0.142	0.011	1.041	161.6
809	-0.141	0.011	1.033	161.8
810	-0.143	0.009	1.036	162.0
811	-0.141	0.009	1.031	162.2
812	-0.143	0.009	1.031	162.4
813	-0.142	0.010	1.035	162.6
814	-0.143	0.013	1.042	162.8
815	-0.143	0.009	1.036	163.0
816	-0.141	0.011	1.029	163.2
817	-0.143	0.011	1.030	163.4
818	-0.141	0.011	1.039	163.6
819	-0.143	0.011	1.040	163.8
820	-0.144	0.012	1.033	164.0
821	-0.144	0.011	1.032	164.2
822	-0.142	0.011	1.028	164.4
823	-0.143	0.013	1.037	164.6
824	-0.141	0.010	1.036	164.8
825	-0.143	0.011	1.038	165.0
826	-0.146	0.009	1.032	165.2
827	-0.146	0.008	1.030	165.4
828	-0.142	0.009	1.033	165.6
829	-0.143	0.009	1.036	165.8
830	-0.144	0.009	1.041	166.0
831	-0.144	0.007	1.040	166.2
832	-0.145	0.008	1.029	166.4
833	-0.145	0.009	1.032	166.6
834	-0.146	0.011	1.046	166.8
835	-0.145	0.010	1.048	167.0
836	-0.144	0.009	1.044	167.2
837	-0.146	0.009	1.032	167.4
838	-0.144	0.008	1.037	167.6
839	-0.144	0.011	1.038	167.8
840	-0.147	0.010	1.044	168.0
841	-0.143	0.011	1.034	168.2
842	-0.144	0.010	1.037	168.4
843	-0.144	0.008	1.037	168.6
844	-0.146	0.009	1.037	168.8
845	-0.145	0.010	1.033	169.0
846	-0.144	0.009	1.037	169.2
847	-0.143	0.009	1.040	169.4
848	-0.144	0.007	1.041	169.6
849	-0.144	0.008	1.028	169.8
850	-0.145	0.011	1.034	170.0
851	-0.146	0.009	1.044	170.2
852	-0.146	0.009	1.042	170.4
853	-0.145	0.010	1.036	170.6
854	-0.145	0.009	1.026	170.8
855	-0.146	0.009	1.025	171.0
856	-0.145	0.011	1.038	171.2
857	-0.144	0.008	1.040	171.4
858	-0.146	0.010	1.036	171.6
859	-0.144	0.009	1.038	171.8
860	-0.147	0.011	1.035	172.0
861	-0.143	0.011	1.038	172.2
862	-0.146	0.010	1.039	172.4
863	-0.144	0.011	1.040	172.6
864	-0.145	0.010	1.040	172.8
865	-0.144	0.009	1.039	173.0
866	-0.146	0.011	1.031	173.2
867	-0.145	0.008	1.045	173.4
868	-0.144	0.008	1.052	173.6
869	-0.142	0.010	1.034	173.8
870	-0.144	0.010	1.028	174.0
871	-0.144	0.010	1.034	174.2
872	-0.146	0.009	1.044	174.4
873	-0.142	0.011	1.047	174.6
874	-0.144	0.009	1.036	174.8
875	-0.143	0.010	1.033	175.0
876	-0.145	0.011	1.034	175.2
877	-0.144	0.009	1.032	175.4
878	-0.145	0.010	1.031	175.6
879	-0.144	0.009	1.044	175.8
880	-0.144	0.008	1.040	176.0
881	-0.145	0.010	1.034	176.2
882	-0.145	0.008	1.027	176.4
883	-0.145	0.009	1.031	176.6
884	-0.147	0.009	1.040	176.8
885	-0.144	0.007	1.046	177.0
886	-0.146	0.010	1.038	177.2
887	-0.144	0.012	1.038	177.4
888	-0.145	0.010	1.034	177.6
889	-0.144	0.009	1.039	177.8
890	-0.144	0.013	1.033	178.0
891	-0.144	0.011	1.036	178.2
892	-0.144	0.012	1.041	178.4
893	-0.144	0.012	1.042	178.6
894	-0.145	0.010	1.035	178.8
895	-0.143	0.010	1.036	179.0
896	-0.144	0.010	1.035	179.2
897	-0.144	0.011	1.034	179.4
898	-0.144	0.013	1.034	179.6
899	-0.143	0.009	1.032	179.8
900	-0.145	0.009	1.035	180.0
901	-0.144	0.011	1.042	180.2
902	-0.144	0.009	1.039	180.4
903	-0.144	0.011	1.035	180.6
904	-0.144	0.012	1.031	180.8
905	-0.144	0.009	1.035	181.0
906	-0.144	0.010	1.038	181.2
907	-0.143	0.010	1.038	181.4
908	-0.144	0.010	1.042	181.6
909	-0.142	0.010	1.037	181.8
910	-0.143	0.010	1.034	182.0
911	-0.143	0.012	1.035	182.2
912	-0.142	0.011	1.036	182.4
913	-0.142	0.010	1.040	182.6
914	-0.142	0.011	1.041	182.8
915	-0.141	0.010	1.034	183.0
916	-0.143	0.010	1.036	183.2
917	-0.142	0.010	1.040	183.4
918	-0.141	0.011	1.040	183.6
919	-0.140	0.012	1.032	183.8
920	-0.144	0.012	1.034	184.0
921	-0.142	0.009	1.036	184.2
922	-0.142	0.009	1.036	184.4
923	-0.143	0.008	1.037	184.6
924	-0.143	0.012	1.039	184.8
925	-0.143	0.011	1.037	185.0
926	-0.140	0.010	1.035	185.2
927	-0.142	0.010	1.037	185.4
928	-0.142	0.013	1.041	185.6
929	-0.142	0.011	1.041	185.8
930	-0.141	0.013	1.042	186.0
931	-0.140	0.012	1.022	186.2
932	-0.141	0.010	1.027	186.4
933	-0.142	0.011	1.035	186.6
934	-0.142	0.011	1.042	186.8
935	-0.141	0.009	1.036	187.0
936	-0.142	0.011	1.039	187.2
937	-0.141	0.011	1.028	187.4
938	-0.142	0.010	1.030	187.6
939	-0.141	0.009	1.033	187.8
940	-0.142	0.010	1.038	188.0
941	-0.141	0.010	1.034	188.2
942	-0.142	0.010	1.034	188.4
943	-0.142	0.009	1.027	188.6
944	-0.141	0.011	1.032	188.8
945	-0.142	0.010	1.041	189.0
946	-0.142	0.009	1.040	189.2
947	-0.141	0.009	1.036	189.4
948	-0.143	0.008	1.035	189.6
949	-0.144	0.008	1.037	189.8
950	-0.141	0.010	1.040	190.0
951	-0.142	0.007	1.045	190.2
952	-0.142	0.008	1.047	190.4
953	-0.143	0.010	1.037	190.6
954	-0.142	0.009	1.035	190.8
955	-0.143	0.007	1.032	191.0
956	-0.142	0.011	1.040	191.2
957	-0.143	0.009	1.049	191.4
958	-0.142	0.007	1.047	191.6
959	-0.141	0.008	1.031	191.8
960	-0.142	0.008	1.030	192.0
961	-0.142	0.011	1.036	192.2
962	-0.143	0.011	1.047	192.4
963	-0.143	0.008	1.044	192.6
964	-0.143	0.009	1.037	192.8
965	-0.144	0.009	1.031	193.0
966	-0.143	0.007	1.033	193.2
967	-0.144	0.007	1.037	193.4
968	-0.145	0.010	1.044	193.6
969	-0.144	0.009	1.042	193.8
970	-0.143	0.008	1.035	194.0
971	-0.144	0.008	1.032	194.2
972	-0.144	0.009	1.039	194.4
973	-0.145	0.009	1.036	194.6
974	-0.144	0.012	1.042	194.8
975	-0.143	0.009	1.038	195.0
976	-0.146	0.010	1.035	195.2
977	-0.144	0.012	1.039	195.4
978	-0.144	0.011	1.051	195.6
979	-0.143	0.013	1.038	195.8
980	-0.144	0.011	1.040	196.0
981	-0.146	0.012	1.041	196.2
982	-0.146	0.013	1.032	196.4
983	-0.144	0.011	1.038	196.6
984	-0.145	0.011	1.045	196.8
985	-0.144	0.013	1.051	197.0
986	-0.145	0.012	1.044	197.2
987	-0.146	0.010	1.038	197.4
988	-0.145	0.013	1.030	197.6
989	-0.145	0.011	1.027	197.8
990	-0.148	0.012	1.036	198.0
991	-0.146	0.013	1.046	198.2
992	-0.146	0.011	1.047	198.4
993	-0.147	0.011	1.037	198.6
994	-0.146	0.013	1.038	198.8
995	-0.147	0.011	1.030	199.0
996	-0.146	0.010	1.042	199.2
997	-0.146	0.012	1.037	199.4
998	-0.145	0.012	1.046	199.6
999	-0.144	0.012	1.042	199.8
1000	-0.141	0.013	1.034	200.0
1001	-0.146	0.011	1.039	200.2
1002	-0.145	0.012	1.039	200.4
1003	-0.146	0.012	1.038	200.6
1004	-0.145	0.006	1.036	200.8
1005	-0.145	0.012	1.036	201.0
1006	-0.144	0.011	1.040	201.2
1007	-0.144	0.006	1.049	201.4
1008	-0.145	0.013	1.041	201.6
1009	-0.144	0.009	1.032	201.8
1010	-0.146	0.010	1.035	202.0
1011	-0.147	0.009	1.039	202.2
1012	-0.144	0.010	1.042	202.4
1013	-0.145	0.009	1.046	202.6
1014	-0.145	0.009	1.039	202.8
1015	-0.143	0.010	1.034	203.0
1016	-0.144	0.010	1.032	203.2
1017	-0.324	0.014	1.284	203.4
1018	-0.308	0.009	1.298	203.6
1019	-0.299	0.011	1.283	203.8
1020	-0.296	0.011	1.261	204.0
1021	-0.292	0.012	1.259	204.2
1022	-0.290	0.011	1.268	204.4
1023	-0.287	0.013	1.269	204.6
1024	-0.285	0.012	1.257	204.8
1025	-0.284	0.013	1.255	205.0
1026	-0.282	0.013	1.249	205.2
1027	-0.282	0.012	1.250	205.4
1028	-0.282	0.014	1.261	205.6
1029	-0.279	0.014	1.252	205.8
1030	-0.278	0.014	1.246	206.0
1031	-0.278	0.015	1.238	206.2
1032	-0.277	0.014	1.240	206.4
1033	-0.274	0.014	1.247	206.6
1034	-0.275	0.013	1.252	206.8
1035	-0.275	0.012	1.253	207.0
1036	-0.274	0.013	1.242	207.2
1037	-0.273	0.015	1.232	207.4
1038	-0.271	0.014	1.236	207.6
1039	-0.271	0.016	1.245	207.8
1040	-0.272	0.015	1.242	208.0
1041	-0.268	0.018	1.239	208.2
1042	-0.269	0.017	1.244	208.4
1043	-0.270	0.016	1.236	208.6
1044	-0.268	0.014	1.236	208.8
1045	-0.269	0.017	1.226	209.0
1046	-0.268	0.016	1.241	209.2
1047	-0.266	0.015	1.238	209.4
1048	-0.269	0.017	1.234	209.6
1049	-0.267	0.015	1.224	209.8
1050	-0.265	0.019	1.236	210.0
1051	-0.266	0.017	1.239	210.2
1052	-0.267	0.018	1.242	210.4
1053	-0.265	0.020	1.232	210.6
1054	-0.265	0.019	1.222	210.8
1055	-0.267	0.017	1.230	211.0
1056	-0.265	0.018	1.237	211.2
1057	-0.266	0.017	1.234	211.4
1058	-0.264	0.018	1.231	211.6
1059	-0.266	0.017	1.225	211.8
1060	-0.264	0.019	1.226	212.0
1061	-0.265	0.020	1.226	212.2
1062	-0.263	0.020	1.229	212.4
1063	-0.263	0.018	1.234	212.6
1064	-0.263	0.018	1.234	212.8
1065	-0.266	0.018	1.222	213.0
1066	-0.263	0.019	1.217	213.2
1067	-0.265	0.017	1.225	213.4
1068	-0.264	0.019	1.236	213.6
1069	-0.262	0.019	1.236	213.8
1070	-0.263	0.019	1.228	214.0
1071	-0.262	0.017	1.221	214.2
1072	-0.264	0.021	1.218	214.4
1073	-0.263	0.021	1.223	214.6
1074	-0.261	0.019	1.228	214.8
1075	-0.262	0.018	1.242	215.0
1076	-0.262	0.020	1.223	215.2
1077	-0.260	0.020	1.208	215.4
1078	-0.263	0.022	1.205	215.6
1079	-0.261	0.022	1.228	215.8
1080	-0.261	0.019	1.233	216.0
1081	-0.261	0.020	1.224	216.2
1082	-0.260	0.021	1.212	216.4
1083	-0.261	0.021	1.206	216.6
1084	-0.260	0.021	1.208	216.8
1085	-0.260	0.019	1.228	217.0
1086	-0.260	0.018	1.232	217.2
1087	-0.259	0.022	1.224	217.4
1088	-0.259	0.021	1.206	217.6
1089	-0.260	0.019	1.206	217.8
1090	-0.259	0.016	1.216	218.0
1091	-0.259	0.021	1.232	218.2
1092	-0.261	0.021	1.230	218.4
1093	-0.259	0.019	1.214	218.6
1094	-0.258	0.019	1.204	218.8
1095	-0.258	0.018	1.213	219.0
1096	-0.259	0.019	1.228	219.2
1097	-0.260	0.021	1.227	219.4
1098	-0.259	0.019	1.222	219.6
1099	-0.257	0.018	1.215	219.8
1100	-0.255	0.018	1.209	220.0
1101	-0.258	0.018	1.210	220.2
1102	-0.256	0.016	1.227	220.4
1103	-0.256	0.019	1.226	220.6
1104	-0.256	0.019	1.210	220.8
1105	-0.256	0.018	1.203	221.0
1106	-0.256	0.019	1.201	221.2
1107	-0.256	0.019	1.210	221.4
1108	-0.255	0.021	1.223	221.6
1109	-0.255	0.020	1.218	221.8
1110	-0.255	0.020	1.202	222.0
1111	-0.255	0.019	1.200	222.2
1112	-0.255	0.018	1.214	222.4
1113	-0.256	0.018	1.215	222.6
1114	-0.251	0.019	1.219	222.8
1115	-0.256	0.018	1.213	223.0
1116	-0.255	0.015	1.207	223.2
1117	-0.254	0.017	1.202	223.4
1118	-0.255	0.018	1.210	223.6
1119	-0.252	0.018	1.218	223.8
1120	-0.254	0.017	1.207	224.0
1121	-0.253	0.018	1.210	224.2
1122	-0.252	0.016	1.210	224.4
1123	-0.255	0.017	1.207	224.6
1124	-0.253	0.018	1.207	224.8
1125	-0.253	0.020	1.218	225.0
1126	-0.253	0.015	1.219	225.2
1127	-0.253	0.017	1.203	225.4
1128	-0.254	0.016	1.202	225.6
1129	-0.254	0.017	1.209	225.8
1130	-0.253	0.018	1.216	226.0
1131	-0.254	0.017	1.218	226.2
1132	-0.253	0.017	1.216	226.4
1133	-0.253	0.017	1.204	226.6
1134	-0.253	0.016	1.201	226.8
1135	-0.254	0.018	1.203	227.0
1136	-0.253	0.018	1.206	227.2
1137	-0.253	0.018	1.209	227.4
1138	-0.253	0.015	1.209	227.6
1139	-0.252	0.018	1.207	227.8
1140	-0.253	0.017	1.211	228.0
1141	-0.255	0.017	1.209	228.2
1142	-0.251	0.017	1.208	228.4
1143	-0.252	0.019	1.205	228.6
1144	-0.250	0.018	1.210	228.8
1145	-0.252	0.017	1.203	229.0
1146	-0.249	0.018	1.206	229.2
1147	-0.253	0.018	1.214	229.4
1148	-0.251	0.017	1.216	229.6
1149	-0.252	0.019	1.211	229.8
1150	-0.252	0.018	1.201	230.0
1151	-0.251	0.018	1.195	230.2
1152	-0.251	0.019	1.207	230.4
1153	-0.252	0.019	1.213	230.6
1154	-0.250	0.017	1.214	230.8
1155	-0.251	0.021	1.209	231.0
1156	-0.251	0.019	1.212	231.2
1157	-0.249	0.018	1.211	231.4
1158	-0.250	0.016	1.209	231.6
1159	-0.251	0.019	1.201	231.8
1160	-0.250	0.015	1.207	232.0
1161	-0.249	0.017	1.210	232.2
1162	-0.250	0.016	1.210	232.4
1163	-0.249	0.018	1.201	232.6
1164	-0.251	0.018	1.195	232.8
1165	-0.249	0.017	1.201	233.0
1166	-0.249	0.015	1.204	233.2
1167	-0.250	0.019	1.199	233.4
1168	-0.250	0.016	1.202	233.6
1169	-0.250	0.017	1.208	233.8
1170	-0.250	0.017	1.207	234.0
1171	-0.248	0.016	1.194	234.2
1172	-0.252	0.017	1.202	234.4
1173	-0.252	0.018	1.209	234.6
1174	-0.249	0.017	1.203	234.8
1175	-0.248	0.016	1.191	235.0
1176	-0.248	0.017	1.195	235.2
1177	-0.248	0.018	1.201	235.4
1178	-0.249	0.018	1.204	235.6
1179	-0.248	0.015	1.196	235.8
1180	-0.248	0.016	1.189	236.0
1181	-0.251	0.018	1.201	236.2
1182	-0.250	0.017	1.206	236.4
1183	-0.249	0.018	1.207	236.6
1184	-0.248	0.018	1.207	236.8
1185	-0.248	0.019	1.205	237.0
1186	-0.249	0.018	1.198	237.2
1187	-0.249	0.017	1.200	237.4
1188	-0.249	0.017	1.207	237.6
1189	-0.250	0.017	1.209	237.8
1190	-0.248	0.015	1.206	238.0
1191	-0.248	0.015	1.189	238.2
1192	-0.249	0.016	1.190	238.4
1193	-0.249	0.018	1.194	238.6
1194	-0.248	0.016	1.206	238.8
1195	-0.249	0.018	1.207	239.0
1196	-0.248	0.017	1.200	239.2
1197	-0.250	0.018	1.189	239.4
1198	-0.249	0.017	1.193	239.6
1199	-0.250	0.018	1.199	239.8
1200	-0.249	0.017	1.202	240.0
1201	-0.247	0.014	1.208	240.2
1202	-0.249	0.015	1.191	240.4
1203	-0.249	0.015	1.179	240.6
1204	-0.250	0.017	1.195	240.8
1205	-0.250	0.018	1.206	241.0
1206	-0.250	0.016	1.202	241.2
1207	-0.250	0.018	1.195	241.4
1208	-0.249	0.016	1.196	241.6
1209	-0.251	0.016	1.201	241.8
1210	-0.251	0.015	1.202	242.0
1211	-0.250	0.017	1.194	242.2
1212	-0.249	0.014	1.192	242.4
1213	-0.249	0.016	1.198	242.6
1214	-0.252	0.018	1.202	242.8
1215	-0.249	0.017	1.198	243.0
1216	-0.250	0.018	1.193	243.2
1217	-0.250	0.019	1.194	243.4
1218	-0.249	0.015	1.204	243.6
1219	-0.248	0.017	1.205	243.8
1220	-0.250	0.017	1.201	244.0
1221	-0.249	0.019	1.189	244.2
1222	-0.251	0.017	1.203	244.4
1223	-0.248	0.016	1.203	244.6
1224	-0.248	0.015	1.193	244.8
1225	-0.248	0.015	1.185	245.0
1226	-0.249	0.016	1.195	245.2
1227	-0.249	0.015	1.203	245.4
1228	-0.249	0.015	1.208	245.6
1229	-0.249	0.019	1.201	245.8
1230	-0.250	0.016	1.190	246.0
1231	-0.248	0.018	1.190	246.2
1232	-0.248	0.018	1.196	246.4
1233	-0.250	0.016	1.196	246.6
1234	-0.249	0.017	1.201	246.8
1235	-0.249	0.015	1.192	247.0
1236	-0.248	0.018	1.186	247.2
1237	-0.247	0.017	1.189	247.4
1238	-0.247	0.016	1.211	247.6
1239	-0.247	0.017	1.212	247.8
1240	-0.248	0.015	1.187	248.0
1241	-0.246	0.018	1.177	248.2
1242	-0.247	0.018	1.185	248.4
1243	-0.248	0.017	1.209	248.6
1244	-0.245	0.016	1.220	248.8
1245	-0.246	0.018	1.206	249.0
1246	-0.246	0.017	1.197	249.2
1247	-0.247	0.017	1.186	249.4
1248	-0.247	0.016	1.188	249.6
1249	-0.248	0.015	1.205	249.8
1250	-0.247	0.014	1.221	250.0
1251	-0.246	0.016	1.211	250.2
1252	-0.247	0.016	1.187	250.4
1253	-0.247	0.019	1.180	250.6
1254	-0.245	0.016	1.194	250.8
1255	-0.244	0.018	1.212	251.0
1256	-0.247	0.017	1.207	251.2
1257	-0.245	0.016	1.196	251.4
1258	-0.245	0.018	1.187	251.6
1259	-0.245	0.017	1.184	251.8
1260	-0.243	0.017	1.192	252.0
1261	-0.244	0.018	1.209	252.2
1262	-0.244	0.019	1.208	252.4
1263	-0.246	0.018	1.195	252.6
1264	-0.244	0.018	1.183	252.8
1265	-0.243	0.019	1.186	253.0
1266	-0.243	0.017	1.201	253.2
1267	-0.246	0.018	1.210	253.4
1268	-0.245	0.018	1.201	253.6
1269	-0.245	0.019	1.188	253.8
1270	-0.242	0.018	1.186	254.0
1271	-0.243	0.017	1.201	254.2
1272	-0.244	0.019	1.205	254.4
1273	-0.245	0.018	1.206	254.6
1274	-0.246	0.018	1.199	254.8
1275	-0.244	0.017	1.183	255.0
1276	-0.245	0.015	1.182	255.2
1277	-0.245	0.016	1.195	255.4
1278	-0.244	0.018	1.205	255.6
1279	-0.245	0.017	1.205	255.8
1280	-0.245	0.016	1.198	256.0
1281	-0.244	0.017	1.177	256.2
1282	-0.244	0.018	1.187	256.4
1283	-0.244	0.020	1.198	256.6
1284	-0.246	0.019	1.201	256.8
1285	-0.244	0.018	1.201	257.0
1286	-0.244	0.017	1.190	257.2
1287	-0.245	0.019	1.187	257.4
1288	-0.244	0.018	1.189	257.6
1289	-0.245	0.017	1.192	257.8
1290	-0.245	0.018	1.207	258.0
1291	-0.243	0.017	1.202	258.2
1292	-0.244	0.017	1.196	258.4
1293	-0.242	0.019	1.188	258.6
1294	-0.243	0.019	1.187	258.8
1295	-0.240	0.019	1.196	259.0
1296	-0.242	0.020	1.207	259.2
1297	-0.242	0.020	1.197	259.4
1298	-0.242	0.018	1.187	259.6
1299	-0.243	0.021	1.184	259.8
1300	-0.244	0.018	1.189	260.0
1301	-0.243	0.021	1.197	260.2
1302	-0.242	0.018	1.201	260.4
1303	-0.244	0.021	1.197	260.6
1304	-0.246	0.018	1.188	260.8
1305	-0.244	0.020	1.189	261.0
1306	-0.243	0.018	1.183	261.2
1307	-0.243	0.018	1.196	261.4
1308	-0.243	0.018	1.201	261.6
1309	-0.243	0.019	1.195	261.8
1310	-0.243	0.019	1.183	262.0
1311	-0.243	0.022	1.187	262.2
1312	-0.242	0.019	1.192	262.4
1313	-0.243	0.018	1.200	262.6
1314	-0.242	0.019	1.188	262.8
1315	-0.241	0.018	1.193	263.0
1316	-0.242	0.017	1.177	263.2
1317	-0.243	0.018	1.191	263.4
1318	-0.243	0.018	1.191	263.6
1319	-0.242	0.021	1.198	263.8
1320	-0.243	0.020	1.195	264.0
1321	-0.242	0.020	1.187	264.2
1322	-0.243	0.018	1.183	264.4
1323	-0.242	0.018	1.185	264.6
1324	-0.240	0.018	1.200	264.8
1325	-0.239	0.019	1.200	265.0
1326	-0.242	0.019	1.197	265.2
1327	-0.242	0.019	1.184	265.4
1328	-0.241	0.019	1.189	265.6
1329	-0.243	0.020	1.200	265.8
1330	-0.240	0.018	1.205	266.0
1331	-0.243	0.017	1.194	266.2
1332	-0.242	0.017	1.195	266.4
1333	-0.241	0.019	1.192	266.6
1334	-0.243	0.019	1.187	266.8
1335	-0.242	0.018	1.198	267.0
1336	-0.242	0.019	1.198	267.2
1337	-0.244	0.018	1.198	267.4
1338	-0.242	0.019	1.190	267.6
1339	-0.241	0.019	1.190	267.8
1340	-0.244	0.018	1.187	268.0
1341	-0.243	0.017	1.194	268.2
1342	-0.242	0.017	1.194	268.4
1343	-0.242	0.021	1.197	268.6
1344	-0.241	0.019	1.187	268.8
1345	-0.242	0.021	1.192	269.0
1346	-0.241	0.017	1.189	269.2
1347	-0.242	0.018	1.191	269.4
1348	-0.242	0.018	1.187	269.6
1349	-0.242	0.020	1.193	269.8
1350	-0.245	0.015	1.191	270.0
1351	-0.241	0.018	1.189	270.2
1352	-0.243	0.021	1.189	270.4
1353	-0.244	0.020	1.195	270.6
1354	-0.244	0.019	1.195	270.8
1355	-0.243	0.019	1.184	271.0
1356	-0.243	0.019	1.193	271.2
1357	-0.244	0.018	1.191	271.4
1358	-0.243	0.021	1.192	271.6
1359	-0.244	0.018	1.187	271.8
1360	-0.243	0.018	1.191	272.0
1361	-0.242	0.019	1.191	272.2
1362	-0.243	0.022	1.199	272.4
1363	-0.242	0.021	1.193	272.6
1364	-0.244	0.019	1.193	272.8
1365	-0.244	0.022	1.186	273.0
1366	-0.243	0.019	1.183	273.2
1367	-0.245	0.019	1.186	273.4
1368	-0.243	0.021	1.197	273.6
1369	-0.245	0.021	1.200	273.8
1370	-0.243	0.022	1.197	274.0
1371	-0.244	0.018	1.179	274.2
1372	-0.244	0.021	1.177	274.4
1373	-0.245	0.021	1.188	274.6
1374	-0.242	0.021	1.198	274.8
1375	-0.243	0.021	1.197	275.0
1376	-0.243	0.020	1.192	275.2
1377	-0.243	0.021	1.185	275.4
1378	-0.244	0.021	1.178	275.6
1379	-0.244	0.019	1.185	275.8
1380	-0.244	0.019	1.195	276.0
1381	-0.243	0.018	1.198	276.2
1382	-0.242	0.018	1.195	276.4
1383	-0.243	0.019	1.182	276.6
1384	-0.244	0.020	1.184	276.8
1385	-0.242	0.018	1.187	277.0
1386	-0.242	0.019	1.200	277.2
1387	-0.243	0.018	1.202	277.4
1388	-0.244	0.018	1.195	277.6
1389	-0.242	0.018	1.186	277.8
1390	-0.242	0.019	1.185	278.0
1391	-0.242	0.018	1.190	278.2
1392	-0.240	0.019	1.199	278.4
1393	-0.240	0.021	1.204	278.6
1394	-0.242	0.018	1.192	278.8
1395	-0.244	0.019	1.183	279.0
1396	-0.241	0.017	1.187	279.2
1397	-0.242	0.017	1.192	279.4
1398	-0.242	0.018	1.199	279.6
1399	-0.241	0.019	1.189	279.8
1400	-0.243	0.018	1.178	280.0
1401	-0.243	0.017	1.183	280.2
1402	-0.243	0.018	1.195	280.4
1403	-0.243	0.019	1.203	280.6
1404	-0.242	0.021	1.193	280.8
1405	-0.241	0.018	1.178	281.0
1406	-0.242	0.016	1.181	281.2
1407	-0.241	0.016	1.185	281.4
1408	-0.240	0.018	1.194	281.6
1409	-0.240	0.020	1.200	281.8
1410	-0.243	0.019	1.193	282.0
1411	-0.241	0.019	1.181	282.2
1412	-0.242	0.017	1.180	282.4
1413	-0.242	0.019	1.185	282.6
1414	-0.241	0.019	1.201	282.8
1415	-0.242	0.017	1.206	283.0
1416	-0.242	0.018	1.189	283.2
1417	-0.243	0.019	1.178	283.4
1418	-0.240	0.019	1.186	283.6
1419	-0.239	0.018	1.199	283.8
1420	-0.242	0.018	1.202	284.0
1421	-0.240	0.017	1.191	284.2
1422	-0.240	0.016	1.187	284.4
1423	-0.242	0.019	1.181	284.6
1424	-0.244	0.018	1.185	284.8
1425	-0.240	0.019	1.198	285.0
1426	-0.240	0.019	1.205	285.2
1427	-0.242	0.018	1.191	285.4
1428	-0.240	0.021	1.175	285.6
1429	-0.239	0.019	1.182	285.8
1430	-0.240	0.017	1.190	286.0
1431	-0.242	0.019	1.204	286.2
1432	-0.242	0.017	1.195	286.4
1433	-0.241	0.018	1.177	286.6
1434	-0.240	0.019	1.174	286.8
1435	-0.240	0.018	1.187	287.0
1436	-0.241	0.017	1.193	287.2
1437	-0.242	0.018	1.198	287.4
1438	-0.240	0.016	1.198	287.6
1439	-0.242	0.017	1.190	287.8
1440	-0.240	0.019	1.185	288.0
1441	-0.240	0.017	1.187	288.2
1442	-0.243	0.018	1.197	288.4
1443	-0.241	0.019	1.208	288.6
1444	-0.241	0.015	1.195	288.8
1445	-0.241	0.019	1.185	289.0
1446	-0.244	0.020	1.179	289.2
1447	-0.241	0.020	1.185	289.4
1448	-0.241	0.017	1.194	289.6
1449	-0.241	0.017	1.191	289.8
1450	-0.240	0.017	1.183	290.0
1451	-0.241	0.018	1.180	290.2
1452	-0.241	0.020	1.187	290.4
1453	-0.241	0.020	1.192	290.6
1454	-0.241	0.017	1.191	290.8
1455	-0.241	0.018	1.192	291.0
1456	-0.241	0.016	1.185	291.2
1457	-0.241	0.018	1.181	291.4
1458	-0.243	0.017	1.179	291.6
1459	-0.240	0.018	1.187	291.8
1460	-0.239	0.019	1.198	292.0
1461	-0.240	0.018	1.197	292.2
1462	-0.241	0.019	1.191	292.4
1463	-0.240	0.015	1.186	292.6
1464	-0.240	0.017	1.179	292.8
1465	-0.240	0.015	1.180	293.0
1466	-0.239	0.018	1.189	293.2
1467	-0.239	0.018	1.198	293.4
1468	-0.238	0.019	1.190	293.6
1469	-0.241	0.015	1.184	293.8
1470	-0.239	0.017	1.178	294.0
1471	-0.240	0.015	1.186	294.2
1472	-0.240	0.016	1.193	294.4
1473	-0.238	0.016	1.189	294.6
1474	-0.240	0.017	1.189	294.8
1475	-0.239	0.015	1.185	295.0
1476	-0.239	0.018	1.194	295.2
1477	-0.239	0.017	1.183	295.4
1478	-0.239	0.015	1.185	295.6
1479	-0.239	0.016	1.185	295.8
1480	-0.239	0.015	1.190	296.0
1481	-0.237	0.017	1.188	296.2
1482	-0.237	0.017	1.188	296.4
1483	-0.238	0.015	1.183	296.6
1484	-0.239	0.016	1.184	296.8
1485	-0.238	0.015	1.169	297.0
1486	-0.238	0.015	1.171	297.2
1487	-0.238	0.017	1.190	297.4
1488	-0.240	0.015	1.193	297.6
1489	-0.237	0.018	1.190	297.8
1490	-0.238	0.017	1.178	298.0
1491	-0.239	0.017	1.173	298.2
1492	-0.240	0.015	1.170	298.4
1493	-0.239	0.018	1.181	298.6
1494	-0.238	0.020	1.193	298.8
1495	-0.238	0.017	1.192	299.0
1496	-0.240	0.015	1.187	299.2
1497	-0.238	0.017	1.178	299.4
1498	-0.239	0.017	1.172	299.6
1499	-0.240	0.019	1.187	299.8
1500	-0.239	0.015	1.202	300.0
1501	-0.238	0.019	1.197	300.2
1502	-0.238	0.018	1.179	300.4
1503	-0.238	0.019	1.166	300.6
1504	-0.238	0.017	1.169	300.8
1505	-0.241	0.018	1.187	301.0
1506	-0.238	0.017	1.196	301.2
1507	-0.238	0.018	1.188	301.4
1508	-0.238	0.019	1.174	301.6
1509	-0.236	0.018	1.177	301.8
1510	-0.240	0.019	1.182	302.0
1511	-0.240	0.018	1.191	302.2
1512	-0.240	0.018	1.197	302.4
1513	-0.237	0.017	1.187	302.6
1514	-0.239	0.016	1.175	302.8
1515	-0.239	0.019	1.178	303.0
1516	-0.236	0.019	1.187	303.2
1517	-0.238	0.018	1.098	303.4
1518	-0.482	0.045	1.615	303.6
1519	-0.480	0.047	1.552	303.8
1520	-0.470	0.046	1.548	304.0
1521	-0.466	0.047	1.532	304.2
1522	-0.463	0.044	1.531	304.4
1523	-0.460	0.045	1.534	304.6
1524	-0.456	0.047	1.536	304.8
1525	-0.455	0.045	1.522	305.0
1526	-0.453	0.044	1.512	305.2
1527	-0.452	0.046	1.516	305.4
1528	-0.451	0.045	1.524	305.6
1529	-0.446	0.044	1.521	305.8
1530	-0.447	0.044	1.513	306.0
1531	-0.447	0.048	1.502	306.2
1532	-0.445	0.046	1.500	306.4
1533	-0.442	0.046	1.506	306.6
1534	-0.442	0.047	1.510	306.8
1535	-0.442	0.044	1.511	307.0
1536	-0.441	0.044	1.502	307.2
1537	-0.438	0.044	1.498	307.4
1538	-0.439	0.045	1.491	307.6
1539	-0.436	0.044	1.490	307.8
1540	-0.435	0.046	1.500	308.0
1541	-0.436	0.044	1.501	308.2
1542	-0.436	0.045	1.500	308.4
1543	-0.434	0.044	1.486	308.6
1544	-0.433	0.043	1.484	308.8
1545	-0.433	0.043	1.491	309.0
1546	-0.433	0.048	1.495	309.2
1547	-0.433	0.048	1.492	309.4
1548	-0.430	0.045	1.490	309.6
1549	-0.430	0.044	1.484	309.8
1550	-0.430	0.045	1.486	310.0
1551	-0.432	0.044	1.488	310.2
1552	-0.431	0.045	1.493	310.4
1553	-0.432	0.046	1.490	310.6
1554	-0.430	0.046	1.483	310.8
1555	-0.429	0.047	1.474	311.0
1556	-0.430	0.045	1.477	311.2
1557	-0.429	0.042	1.484	311.4
1558	-0.429	0.043	1.489	311.6
1559	-0.427	0.045	1.485	311.8
1560	-0.427	0.042	1.480	312.0
1561	-0.425	0.046	1.474	312.2
1562	-0.426	0.045	1.473	312.4
1563	-0.428	0.044	1.481	312.6
1564	-0.423	0.046	1.483	312.8
1565	-0.423	0.044	1.486	313.0
1566	-0.424	0.043	1.481	313.2
1567	-0.425	0.043	1.469	313.4
1568	-0.423	0.046	1.468	313.6
1569	-0.425	0.045	1.478	313.8
1570	-0.423	0.044	1.478	314.0
1571	-0.422	0.043	1.476	314.2
1572	-0.421	0.045	1.472	314.4
1573	-0.422	0.044	1.475	314.6
1574	-0.423	0.046	1.473	314.8
1575	-0.420	0.046	1.473	315.0
1576	-0.421	0.042	1.469	315.2
1577	-0.419	0.045	1.468	315.4
1578	-0.421	0.045	1.473	315.6
1579	-0.420	0.045	1.473	315.8
1580	-0.420	0.045	1.471	316.0
1581	-0.420	0.045	1.471	316.2
1582	-0.418	0.044	1.466	316.4
1583	-0.416	0.045	1.462	316.6
1584	-0.417	0.044	1.462	316.8
1585	-0.419	0.044	1.465	317.0
1586	-0.420	0.045	1.460	317.2
1587	-0.418	0.044	1.472	317.4
1588	-0.418	0.046	1.462	317.6
1589	-0.417	0.044	1.458	317.8
1590	-0.416	0.043	1.452	318.0
1591	-0.417	0.043	1.461	318.2
1592	-0.416	0.044	1.469	318.4
1593	-0.416	0.045	1.462	318.6
1594	-0.417	0.045	1.454	318.8
1595	-0.415	0.044	1.457	319.0
1596	-0.416	0.043	1.457	319.2
1597	-0.417	0.042	1.462	319.4
1598	-0.415	0.044	1.470	319.6
1599	-0.414	0.044	1.469	319.8
1600	-0.416	0.044	1.455	320.0
1601	-0.416	0.043	1.457	320.2
1602	-0.415	0.041	1.462	320.4
1603	-0.414	0.042	1.466	320.6
1604	-0.414	0.045	1.459	320.8
1605	-0.414	0.045	1.462	321.0
1606	-0.414	0.044	1.445	321.2
1607	-0.412	0.044	1.453	321.4
1608	-0.410	0.044	1.467	321.6
1609	-0.411	0.042	1.463	321.8
1610	-0.414	0.045	1.458	322.0
1611	-0.411	0.044	1.454	322.2
1612	-0.413	0.044	1.455	322.4
1613	-0.410	0.044	1.455	322.6
1614	-0.412	0.043	1.450	322.8
1615	-0.413	0.043	1.463	323.0
1616	-0.411	0.043	1.464	323.2
1617	-0.411	0.044	1.460	323.4
1618	-0.411	0.043	1.451	323.6
1619	-0.411	0.041	1.450	323.8
1620	-0.409	0.040	1.453	324.0
1621	-0.408	0.043	1.456	324.2
1622	-0.411	0.041	1.456	324.4
1623	-0.409	0.044	1.445	324.6
1624	-0.409	0.041	1.451	324.8
1625	-0.409	0.042	1.448	325.0
1626	-0.408	0.043	1.452	325.2
1627	-0.409	0.043	1.451	325.4
1628	-0.409	0.041	1.451	325.6
1629	-0.410	0.042	1.452	325.8
1630	-0.408	0.039	1.450	326.0
1631	-0.410	0.043	1.446	326.2
1632	-0.409	0.042	1.450	326.4
1633	-0.405	0.043	1.454	326.6
1634	-0.406	0.040	1.454	326.8
1635	-0.406	0.041	1.442	327.0
1636	-0.408	0.041	1.444	327.2
1637	-0.407	0.043	1.452	327.4
1638	-0.409	0.041	1.454	327.6
1639	-0.405	0.041	1.448	327.8
1640	-0.406	0.039	1.448	328.0
1641	-0.408	0.041	1.442	328.2
1642	-0.406	0.043	1.447	328.4
1643	-0.407	0.040	1.444	328.6
1644	-0.405	0.040	1.444	328.8
1645	-0.403	0.040	1.450	329.0
1646	-0.406	0.041	1.447	329.2
1647	-0.406	0.042	1.441	329.4
1648	-0.406	0.043	1.437	329.6
1649	-0.405	0.038	1.442	329.8
1650	-0.403	0.041	1.451	330.0
1651	-0.406	0.042	1.443	330.2
1652	-0.406	0.043	1.444	330.4
1653	-0.405	0.043	1.444	330.6
1654	-0.404	0.039	1.450	330.8
1655	-0.404	0.040	1.445	331.0
1656	-0.405	0.041	1.443	331.2
1657	-0.405	0.040	1.444	331.4
1658	-0.404	0.041	1.451	331.6
1659	-0.404	0.039	1.450	331.8
1660	-0.403	0.044	1.444	332.0
1661	-0.404	0.042	1.444	332.2
1662	-0.403	0.040	1.451	332.4
1663	-0.405	0.041	1.443	332.6
1664	-0.404	0.043	1.435	332.8
1665	-0.404	0.041	1.444	333.0
1666	-0.403	0.041	1.447	333.2
1667	-0.402	0.040	1.446	333.4
1668	-0.402	0.040	1.445	333.6
1669	-0.402	0.041	1.442	333.8
1670	-0.404	0.040	1.440	334.0
1671	-0.403	0.039	1.444	334.2
1672	-0.399	0.041	1.448	334.4
1673	-0.401	0.040	1.442	334.6
1674	-0.403	0.041	1.445	334.8
1675	-0.401	0.038	1.441	335.0
1676	-0.401	0.038	1.446	335.2
1677	-0.401	0.039	1.435	335.4
1678	-0.403	0.039	1.434	335.6
1679	-0.401	0.039	1.442	335.8
1680	-0.403	0.037	1.441	336.0
1681	-0.402	0.040	1.444	336.2
1682	-0.400	0.039	1.441	336.4
1683	-0.402	0.040	1.438	336.6
1684	-0.402	0.040	1.440	336.8
1685	-0.397	0.040	1.435	337.0
1686	-0.402	0.039	1.439	337.2
1687	-0.401	0.040	1.439	337.4
1688	-0.401	0.037	1.440	337.6
1689	-0.400	0.039	1.438	337.8
1690	-0.401	0.038	1.440	338.0
1691	-0.400	0.038	1.444	338.2
1692	-0.400	0.039	1.441	338.4
1693	-0.399	0.037	1.432	338.6
1694	-0.398	0.038	1.432	338.8
1695	-0.400	0.036	1.440	339.0
1696	-0.399	0.038	1.437	339.2
1697	-0.400	0.039	1.439	339.4
1698	-0.401	0.038	1.441	339.6
1699	-0.400	0.036	1.434	339.8
1700	-0.400	0.038	1.431	340.0
1701	-0.398	0.037	1.437	340.2
1702	-0.399	0.038	1.433	340.4
1703	-0.398	0.037	1.431	340.6
1704	-0.397	0.037	1.427	340.8
1705	-0.399	0.037	1.436	341.0
1706	-0.398	0.038	1.437	341.2
1707	-0.396	0.039	1.440	341.4
1708	-0.397	0.037	1.433	341.6
1709	-0.398	0.036	1.430	341.8
1710	-0.396	0.037	1.429	342.0
1711	-0.397	0.039	1.425	342.2
1712	-0.396	0.037	1.425	342.4
1713	-0.396	0.037	1.426	342.6
1714	-0.397	0.035	1.431	342.8
1715	-0.397	0.040	1.427	343.0
1716	-0.397	0.038	1.427	343.2
1717	-0.397	0.036	1.433	343.4
1718	-0.397	0.037	1.434	343.6
1719	-0.394	0.035	1.430	343.8
1720	-0.393	0.040	1.437	344.0
1721	-0.397	0.038	1.426	344.2
1722	-0.395	0.037	1.422	344.4
1723	-0.394	0.037	1.426	344.6
1724	-0.395	0.036	1.444	344.8
1725	-0.394	0.036	1.437	345.0
1726	-0.397	0.038	1.431	345.2
1727	-0.396	0.039	1.421	345.4
1728	-0.396	0.037	1.427	345.6
1729	-0.398	0.037	1.432	345.8
1730	-0.395	0.039	1.439	346.0
1731	-0.394	0.038	1.437	346.2
1732	-0.396	0.036	1.434	346.4
1733	-0.396	0.037	1.419	346.6
1734	-0.394	0.038	1.425	346.8
1735	-0.396	0.038	1.428	347.0
1736	-0.396	0.035	1.448	347.2
1737	-0.395	0.036	1.436	347.4
1738	-0.395	0.038	1.423	347.6
1739	-0.395	0.038	1.415	347.8
1740	-0.394	0.038	1.423	348.0
1741	-0.393	0.036	1.430	348.2
1742	-0.395	0.036	1.431	348.4
1743	-0.394	0.038	1.432	348.6
1744	-0.394	0.037	1.422	348.8
1745	-0.393	0.034	1.417	349.0
1746	-0.392	0.035	1.427	349.2
1747	-0.394	0.036	1.430	349.4
1748	-0.395	0.035	1.431	349.6
1749	-0.396	0.037	1.425	349.8
1750	-0.395	0.035	1.425	350.0
1751	-0.392	0.036	1.423	350.2
1752	-0.393	0.038	1.429	350.4
1753	-0.393	0.035	1.421	350.6
1754	-0.394	0.033	1.425	350.8
1755	-0.393	0.034	1.420	351.0
1756	-0.393	0.035	1.419	351.2
1757	-0.392	0.034	1.429	351.4
1758	-0.394	0.034	1.426	351.6
1759	-0.394	0.034	1.426	351.8
1760	-0.393	0.035	1.426	352.0
1761	-0.392	0.034	1.427	352.2
1762	-0.393	0.035	1.424	352.4
1763	-0.392	0.036	1.421	352.6
1764	-0.391	0.036	1.430	352.8
1765	-0.392	0.036	1.437	353.0
1766	-0.389	0.033	1.429	353.2
1767	-0.391	0.035	1.422	353.4
1768	-0.392	0.037	1.423	353.6
1769	-0.391	0.033	1.422	353.8
1770	-0.391	0.031	1.429	354.0
1771	-0.390	0.036	1.427	354.2
1772	-0.391	0.035	1.423	354.4
1773	-0.390	0.036	1.426	354.6
1774	-0.391	0.033	1.421	354.8
1775	-0.392	0.036	1.421	355.0
1776	-0.391	0.035	1.418	355.2
1777	-0.390	0.036	1.427	355.4
1778	-0.392	0.036	1.429	355.6
1779	-0.394	0.033	1.423	355.8
1780	-0.390	0.035	1.415	356.0
1781	-0.389	0.035	1.420	356.2
1782	-0.389	0.038	1.429	356.4
1783	-0.390	0.035	1.430	356.6
1784	-0.391	0.034	1.423	356.8
1785	-0.389	0.036	1.423	357.0
1786	-0.389	0.036	1.424	357.2
1787	-0.389	0.032	1.427	357.4
1788	-0.389	0.034	1.424	357.6
1789	-0.390	0.036	1.425	357.8
1790	-0.389	0.033	1.425	358.0
1791	-0.389	0.033	1.423	358.2
1792	-0.386	0.032	1.417	358.4
1793	-0.389	0.036	1.425	358.6
1794	-0.389	0.035	1.427	358.8
1795	-0.390	0.036	1.433	359.0
1796	-0.387	0.036	1.417	359.2
1797	-0.389	0.037	1.415	359.4
1798	-0.389	0.034	1.423	359.6
1799	-0.388	0.035	1.426	359.8
1800	-0.388	0.036	1.422	360.0
1801	-0.388	0.033	1.424	360.2
1802	-0.388	0.035	1.423	360.4
1803	-0.386	0.035	1.413	360.6
1804	-0.389	0.037	1.406	360.8
1805	-0.388	0.035	1.422	361.0
1806	-0.388	0.035	1.425	361.2
1807	-0.387	0.035	1.423	361.4
1808	-0.388	0.035	1.413	361.6
1809	-0.388	0.034	1.418	361.8
1810	-0.388	0.035	1.413	362.0
1811	-0.389	0.037	1.417	362.2
1812	-0.388	0.036	1.423	362.4
1813	-0.388	0.034	1.421	362.6
1814	-0.389	0.035	1.416	362.8
1815	-0.389	0.036	1.408	363.0
1816	-0.388	0.034	1.421	363.2
1817	-0.386	0.033	1.423	363.4
1818	-0.390	0.034	1.423	363.6
1819	-0.388	0.036	1.415	363.8
1820	-0.387	0.035	1.409	364.0
1821	-0.388	0.037	1.413	364.2
1822	-0.388	0.037	1.417	364.4
1823	-0.388	0.034	1.423	364.6
1824	-0.387	0.031	1.423	364.8
1825	-0.389	0.033	1.416	365.0
1826	-0.387	0.035	1.409	365.2
1827	-0.386	0.033	1.415	365.4
1828	-0.387	0.032	1.421	365.6
1829	-0.388	0.034	1.420	365.8
1830	-0.388	0.034	1.421	366.0
1831	-0.386	0.032	1.417	366.2
1832	-0.388	0.033	1.417	366.4
1833	-0.387	0.035	1.416	366.6
1834	-0.390	0.035	1.416	366.8
1835	-0.388	0.033	1.421	367.0
1836	-0.389	0.033	1.411	367.2
1837	-0.387	0.034	1.411	367.4
1838	-0.384	0.033	1.411	367.6
1839	-0.385	0.032	1.417	367.8
1840	-0.387	0.033	1.419	368.0
1841	-0.387	0.031	1.419	368.2
1842	-0.387	0.031	1.419	368.4
1843	-0.387	0.033	1.415	368.6
1844	-0.384	0.034	1.415	368.8
1845	-0.384	0.032	1.415	369.0
1846	-0.386	0.032	1.422	369.2
1847	-0.386	0.034	1.417	369.4
1848	-0.387	0.032	1.417	369.6
1849	-0.385	0.032	1.413	369.8
1850	-0.384	0.033	1.418	370.0
1851	-0.387	0.033	1.414	370.2
1852	-0.385	0.031	1.419	370.4
1853	-0.386	0.030	1.424	370.6
1854	-0.385	0.032	1.418	370.8
1855	-0.383	0.030	1.405	371.0
1856	-0.383	0.028	1.411	371.2
1857	-0.385	0.033	1.415	371.4
1858	-0.384	0.032	1.419	371.6
1859	-0.384	0.032	1.416	371.8
1860	-0.384	0.032	1.416	372.0
1861	-0.384	0.032	1.404	372.2
1862	-0.383	0.030	1.401	372.4
1863	-0.384	0.035	1.411	372.6
1864	-0.384	0.033	1.424	372.8
1865	-0.382	0.030	1.417	373.0
1866	-0.383	0.032	1.408	373.2
1867	-0.384	0.032	1.405	373.4
1868	-0.385	0.032	1.409	373.6
1869	-0.384	0.035	1.411	373.8
1870	-0.385	0.034	1.422	374.0
1871	-0.381	0.033	1.420	374.2
1872	-0.384	0.032	1.403	374.4
1873	-0.383	0.032	1.396	374.6
1874	-0.385	0.033	1.405	374.8
1875	-0.383	0.032	1.414	375.0
1876	-0.382	0.031	1.416	375.2
1877	-0.385	0.034	1.411	375.4
1878	-0.385	0.032	1.400	375.6
1879	-0.382	0.032	1.406	375.8
1880	-0.382	0.033	1.417	376.0
1881	-0.381	0.032	1.415	376.2
1882	-0.383	0.033	1.403	376.4
1883	-0.384	0.034	1.410	376.6
1884	-0.383	0.034	1.408	376.8
1885	-0.382	0.035	1.411	377.0
1886	-0.383	0.031	1.413	377.2
1887	-0.383	0.031	1.419	377.4
1888	-0.385	0.034	1.413	377.6
1889	-0.383	0.031	1.405	377.8
1890	-0.382	0.033	1.402	378.0
1891	-0.381	0.033	1.404	378.2
1892	-0.383	0.032	1.405	378.4
1893	-0.384	0.035	1.415	378.6
1894	-0.384	0.033	1.412	378.8
1895	-0.383	0.033	1.404	379.0
1896	-0.382	0.031	1.400	379.2
1897	-0.383	0.030	1.405	379.4
1898	-0.381	0.032	1.413	379.6
1899	-0.383	0.032	1.408	379.8
1900	-0.382	0.032	1.409	380.0
1901	-0.383	0.030	1.409	380.2
1902	-0.383	0.030	1.399	380.4
1903	-0.382	0.031	1.403	380.6
1904	-0.383	0.032	1.419	380.8
1905	-0.382	0.029	1.416	381.0
1906	-0.383	0.030	1.406	381.2
1907	-0.383	0.033	1.401	381.4
1908	-0.382	0.032	1.409	381.6
1909	-0.382	0.031	1.414	381.8
1910	-0.382	0.031	1.411	382.0
1911	-0.382	0.033	1.405	382.2
1912	-0.382	0.030	1.408	382.4
1913	-0.382	0.033	1.413	382.6
1914	-0.379	0.030	1.400	382.8
1915	-0.379	0.032	1.405	383.0
1916	-0.383	0.032	1.411	383.2
1917	-0.382	0.030	1.411	383.4
1918	-0.380	0.030	1.405	383.6
1919	-0.382	0.032	1.400	383.8
1920	-0.380	0.033	1.405	384.0
1921	-0.379	0.032	1.406	384.2
1922	-0.381	0.030	1.402	384.4
1923	-0.380	0.031	1.408	384.6
1924	-0.381	0.029	1.406	384.8
1925	-0.382	0.029	1.397	385.0
1926	-0.379	0.032	1.401	385.2
1927	-0.380	0.033	1.405	385.4
1928	-0.382	0.029	1.402	385.6
1929	-0.380	0.034	1.408	385.8
1930	-0.380	0.032	1.406	386.0
1931	-0.381	0.029	1.397	386.2
1932	-0.382	0.032	1.400	386.4
1933	-0.379	0.032	1.412	386.6
1934	-0.378	0.030	1.418	386.8
1935	-0.379	0.032	1.411	387.0
1936	-0.378	0.029	1.403	387.2
1937	-0.379	0.032	1.401	387.4
1938	-0.380	0.030	1.400	387.6
1939	-0.378	0.028	1.402	387.8
1940	-0.379	0.030	1.408	388.0
1941	-0.378	0.030	1.412	388.2
1942	-0.379	0.032	1.405	388.4
1943	-0.379	0.033	1.397	388.6
1944	-0.378	0.029	1.401	388.8
1945	-0.379	0.032	1.409	389.0
1946	-0.380	0.032	1.401	389.2
1947	-0.379	0.030	1.404	389.4
1948	-0.380	0.035	1.397	389.6
1949	-0.378	0.032	1.402	389.8
1950	-0.377	0.031	1.406	390.0
1951	-0.378	0.031	1.405	390.2
1952	-0.380	0.032	1.407	390.4
1953	-0.378	0.034	1.403	390.6
1954	-0.379	0.031	1.401	390.8
1955	-0.377	0.029	1.397	391.0
1956	-0.379	0.033	1.402	391.2
1957	-0.378	0.028	1.413	391.4
1958	-0.379	0.034	1.412	391.6
1959	-0.379	0.029	1.406	391.8
1960	-0.379	0.033	1.403	392.0
1961	-0.379	0.030	1.403	392.2
1962	-0.377	0.031	1.410	392.4
1963	-0.378	0.033	1.405	392.6
1964	-0.378	0.030	1.405	392.8
1965	-0.377	0.031	1.407	393.0
1966	-0.378	0.032	1.405	393.2
1967	-0.379	0.029	1.396	393.4
1968	-0.377	0.033	1.403	393.6
1969	-0.378	0.028	1.406	393.8
1970	-0.376	0.032	1.405	394.0
1971	-0.378	0.031	1.394	394.2
1972	-0.380	0.032	1.396	394.4
1973	-0.378	0.034	1.406	394.6
1974	-0.380	0.030	1.409	394.8
1975	-0.378	0.030	1.403	395.0
1976	-0.377	0.030	1.394	395.2
1977	-0.379	0.030	1.397	395.4
1978	-0.378	0.032	1.397	395.6
1979	-0.379	0.030	1.394	395.8
1980	-0.379	0.032	1.402	396.0
1981	-0.379	0.032	1.404	396.2
1982	-0.379	0.030	1.398	396.4
1983	-0.378	0.030	1.393	396.6
1984	-0.379	0.033	1.402	396.8
1985	-0.377	0.032	1.404	397.0
1986	-0.379	0.029	1.404	397.2
1987	-0.376	0.028	1.398	397.4
1988	-0.379	0.029	1.398	397.6
1989	-0.378	0.030	1.402	397.8
1990	-0.379	0.030	1.401	398.0
1991	-0.379	0.031	1.403	398.2
1992	-0.377	0.030	1.401	398.4
1993	-0.378	0.030	1.398	398.6
1994	-0.379	0.031	1.402	398.8
1995	-0.376	0.030	1.397	399.0
1996	-0.377	0.029	1.399	399.2
1997	-0.375	0.030	1.401	399.4
1998	-0.377	0.029	1.402	399.6
1999	-0.375	0.032	1.401	399.8
2000	-0.378	0.029	1.397	400.0
2001	-0.375	0.033	1.392	400.2
2002	-0.377	0.032	1.398	400.4
2003	-0.373	0.031	1.401	400.6
2004	-0.376	0.030	1.400	400.8
2005	-0.376	0.033	1.399	401.0
2006	-0.377	0.029	1.398	401.2
2007	-0.375	0.029	1.393	401.4
2008	-0.374	0.030	1.395	401.6
2009	-0.376	0.032	1.401	401.8
2010	-0.378	0.030	1.402	402.0
2011	-0.373	0.030	1.405	402.2
2012	-0.375	0.030	1.398	402.4
2013	-0.376	0.029	1.390	402.6
2014	-0.375	0.033	1.398	402.8
2015	-0.377	0.029	1.403	403.0
2016	-0.377	0.032	1.399	403.2
2017	-0.377	0.031	1.395	403.4
2018	-0.446	0.036	1.697	403.6
2019	-0.639	0.063	1.809	403.8
2020	-0.628	0.066	1.794	404.0
2021	-0.620	0.063	1.766	404.2
2022	-0.615	0.062	1.771	404.4
2023	-0.610	0.062	1.765	404.6
2024	-0.605	0.066	1.762	404.8
2025	-0.604	0.065	1.760	405.0
2026	-0.602	0.064	1.759	405.2
2027	-0.599	0.063	1.757	405.4
2028	-0.597	0.064	1.746	405.6
2029	-0.597	0.062	1.743	405.8
2030	-0.594	0.063	1.740	406.0
2031	-0.592	0.065	1.740	406.2
2032	-0.590	0.062	1.736	406.4
2033	-0.592	0.064	1.738	406.6
2034	-0.586	0.062	1.736	406.8
2035	-0.587	0.063	1.726	407.0
2036	-0.587	0.064	1.727	407.2
2037	-0.586	0.063	1.722	407.4
2038	-0.584	0.061	1.722	407.6
2039	-0.583	0.066	1.726	407.8
2040	-0.580	0.063	1.724	408.0
2041	-0.582	0.065	1.716	408.2
2042	-0.579	0.065	1.720	408.4
2043	-0.578	0.062	1.720	408.6
2044	-0.575	0.061	1.721	408.8
2045	-0.578	0.064	1.713	409.0
2046	-0.576	0.064	1.714	409.2
2047	-0.576	0.061	1.711	409.4
2048	-0.573	0.063	1.712	409.6
2049	-0.575	0.062	1.714	409.8
2050	-0.575	0.064	1.717	410.0
2051	-0.574	0.064	1.712	410.2
2052	-0.574	0.061	1.706	410.4
2053	-0.573	0.065	1.700	410.6
2054	-0.571	0.064	1.709	410.8
2055	-0.571	0.063	1.715	411.0
2056	-0.570	0.064	1.712	411.2
2057	-0.570	0.062	1.704	411.4
2058	-0.570	0.062	1.702	411.6
2059	-0.569	0.063	1.695	411.8
2060	-0.569	0.061	1.693	412.0
2061	-0.567	0.062	1.703	412.2
2062	-0.567	0.061	1.705	412.4
2063	-0.566	0.061	1.697	412.6
2064	-0.568	0.062	1.693	412.8
2065	-0.566	0.061	1.685	413.0
2066	-0.566	0.060	1.691	413.2
2067	-0.564	0.062	1.702	413.4
2068	-0.566	0.061	1.705	413.6
2069	-0.565	0.059	1.697	413.8
2070	-0.563	0.063	1.681	414.0
2071	-0.563	0.060	1.685	414.2
2072	-0.564	0.061	1.696	414.4
2073	-0.563	0.061	1.700	414.6
2074	-0.563	0.059	1.699	414.8
2075	-0.561	0.060	1.691	415.0
2076	-0.563	0.061	1.688	415.2
2077	-0.561	0.058	1.683	415.4
2078	-0.563	0.061	1.692	415.6
2079	-0.560	0.062	1.695	415.8
2080	-0.560	0.060	1.696	416.0
2081	-0.560	0.060	1.688	416.2
2082	-0.558	0.060	1.685	416.4
2083	-0.560	0.059	1.682	416.6
2084	-0.559	0.060	1.697	416.8
2085	-0.559	0.060	1.691	417.0
2086	-0.558	0.060	1.689	417.2
2087	-0.556	0.061	1.679	417.4
2088	-0.558	0.059	1.677	417.6
2089	-0.558	0.061	1.688	417.8
2090	-0.558	0.061	1.688	418.0
2091	-0.555	0.058	1.690	418.2
2092	-0.554	0.061	1.686	418.4
2093	-0.554	0.057	1.678	418.6
2094	-0.556	0.061	1.673	418.8
2095	-0.555	0.060	1.675	419.0
2096	-0.555	0.060	1.688	419.2
2097	-0.554	0.060	1.685	419.4
2098	-0.556	0.059	1.675	419.6
2099	-0.554	0.059	1.675	419.8
2100	-0.552	0.059	1.681	420.0
2101	-0.554	0.060	1.677	420.2
2102	-0.554	0.060	1.677	420.4
2103	-0.553	0.058	1.681	420.6
2104	-0.552	0.060	1.676	420.8
2105	-0.551	0.058	1.676	421.0
2106	-0.554	0.059	1.678	421.2
2107	-0.552	0.057	1.673	421.4
2108	-0.554	0.059	1.680	421.6
2109	-0.552	0.059	1.679	421.8
2110	-0.552	0.061	1.675	422.0
2111	-0.552	0.059	1.669	422.2
2112	-0.554	0.057	1.679	422.4
2113	-0.551	0.061	1.683	422.6
2114	-0.552	0.058	1.680	422.8
2115	-0.550	0.057	1.679	423.0
2116	-0.551	0.058	1.671	423.2
2117	-0.551	0.057	1.673	423.4
2118	-0.549	0.059	1.675	423.6
2119	-0.550	0.058	1.677	423.8
2120	-0.550	0.057	1.678	424.0
2121	-0.550	0.059	1.670	424.2
2122	-0.550	0.057	1.666	424.4
2123	-0.549	0.057	1.665	424.6
2124	-0.550	0.057	1.665	424.8
2125	-0.551	0.060	1.671	425.0
2126	-0.549	0.056	1.673	425.2
2127	-0.550	0.056	1.668	425.4
2128	-0.548	0.054	1.664	425.6
2129	-0.548	0.057	1.665	425.8
2130	-0.549	0.059	1.666	426.0
2131	-0.548	0.056	1.671	426.2
2132	-0.549	0.056	1.667	426.4
2133	-0.549	0.055	1.667	426.6
2134	-0.547	0.057	1.667	426.8
2135	-0.548	0.056	1.665	427.0
2136	-0.548	0.055	1.669	427.2
2137	-0.546	0.057	1.669	427.4
2138	-0.547	0.055	1.669	427.6
2139	-0.546	0.058	1.662	427.8
2140	-0.545	0.056	1.659	428.0
2141	-0.550	0.058	1.664	428.2
2142	-0.546	0.057	1.672	428.4
2143	-0.545	0.056	1.669	428.6
2144	-0.546	0.056	1.665	428.8
2145	-0.545	0.057	1.660	429.0
2146	-0.544	0.057	1.666	429.2
2147	-0.545	0.054	1.661	429.4
2148	-0.546	0.054	1.660	429.6
2149	-0.545	0.054	1.656	429.8
2150	-0.546	0.056	1.665	430.0
2151	-0.546	0.055	1.665	430.2
2152	-0.548	0.056	1.660	430.4
2153	-0.545	0.054	1.659	430.6
2154	-0.545	0.053	1.663	430.8
2155	-0.544	0.053	1.663	431.0
2156	-0.545	0.055	1.658	431.2
2157	-0.545	0.056	1.651	431.4
2158	-0.543	0.057	1.656	431.6
2159	-0.544	0.056	1.661	431.8
2160	-0.544	0.056	1.664	432.0
2161	-0.543	0.055	1.663	432.2
2162	-0.544	0.054	1.659	432.4
2163	-0.543	0.054	1.661	432.6
2164	-0.545	0.053	1.659	432.8
2165	-0.544	0.058	1.656	433.0
2166	-0.542	0.052	1.657	433.2
2167	-0.541	0.055	1.661	433.4
2168	-0.544	0.052	1.657	433.6
2169	-0.541	0.056	1.657	433.8
2170	-0.542	0.054	1.655	434.0
2171	-0.542	0.054	1.657	434.2
2172	-0.544	0.053	1.661	434.4
2173	-0.541	0.055	1.663	434.6
2174	-0.542	0.054	1.659	434.8
2175	-0.541	0.052	1.660	435.0
2176	-0.542	0.052	1.660	435.2
2177	-0.541	0.053	1.659	435.4
2178	-0.542	0.055	1.659	435.6
2179	-0.540	0.053	1.659	435.8
2180	-0.543	0.055	1.652	436.0
2181	-0.540	0.052	1.655	436.2
2182	-0.543	0.056	1.653	436.4
2183	-0.541	0.055	1.659	436.6
2184	-0.540	0.056	1.663	436.8
2185	-0.540	0.053	1.658	437.0
2186	-0.540	0.055	1.649	437.2
2187	-0.541	0.053	1.657	437.4
2188	-0.540	0.054	1.655	437.6
2189	-0.541	0.053	1.654	437.8
2190	-0.540	0.052	1.661	438.0
2191	-0.541	0.051	1.657	438.2
2192	-0.540	0.053	1.651	438.4
2193	-0.540	0.053	1.651	438.6
2194	-0.540	0.053	1.648	438.8
2195	-0.541	0.052	1.651	439.0
2196	-0.538	0.054	1.657	439.2
2197	-0.539	0.052	1.652	439.4
2198	-0.539	0.053	1.645	439.6
2199	-0.539	0.052	1.647	439.8
2200	-0.539	0.051	1.657	440.0
2201	-0.539	0.052	1.655	440.2
2202	-0.538	0.051	1.649	440.4
2203	-0.536	0.052	1.655	440.6
2204	-0.538	0.054	1.646	440.8
2205	-0.537	0.052	1.651	441.0
2206	-0.538	0.053	1.655	441.2
2207	-0.537	0.051	1.661	441.4
2208	-0.537	0.054	1.659	441.6
2209	-0.535	0.053	1.652	441.8
2210	-0.535	0.052	1.638	442.0
2211	-0.535	0.049	1.649	442.2
2212	-0.537	0.052	1.654	442.4
2213	-0.536	0.053	1.655	442.6
2214	-0.537	0.052	1.651	442.8
2215	-0.536	0.050	1.651	443.0
2216	-0.534	0.052	1.646	443.2
2217	-0.533	0.050	1.646	443.4
2218	-0.536	0.052	1.651	443.6
2219	-0.534	0.050	1.653	443.8
2220	-0.536	0.052	1.651	444.0
2221	-0.532	0.049	1.647	444.2
2222	-0.533	0.053	1.647	444.4
2223	-0.535	0.052	1.646	444.6
2224	-0.539	0.055	1.644	444.8
2225	-0.535	0.050	1.648	445.0
2226	-0.534	0.053	1.645	445.2
2227	-0.535	0.049	1.649	445.4
2228	-0.535	0.053	1.647	445.6
2229	-0.537	0.053	1.647	445.8
2230	-0.535	0.053	1.653	446.0
2231	-0.535	0.049	1.655	446.2
2232	-0.536	0.048	1.648	446.4
2233	-0.534	0.051	1.645	446.6
2234	-0.533	0.053	1.649	446.8
2235	-0.536	0.051	1.643	447.0
2236	-0.536	0.050	1.655	447.2
2237	-0.533	0.050	1.652	447.4
2238	-0.532	0.051	1.642	447.6
2239	-0.533	0.051	1.637	447.8
2240	-0.534	0.050	1.646	448.0
2241	-0.534	0.049	1.644	448.2
2242	-0.534	0.051	1.654	448.4
2243	-0.534	0.051	1.647	448.6
2244	-0.534	0.051	1.648	448.8
2245	-0.533	0.050	1.637	449.0
2246	-0.531	0.049	1.642	449.2
2247	-0.533	0.049	1.639	449.4
2248	-0.533	0.048	1.648	449.6
2249	-0.532	0.050	1.649	449.8
2250	-0.531	0.050	1.633	450.0
2251	-0.533	0.049	1.634	450.2
2252	-0.532	0.050	1.640	450.4
2253	-0.532	0.050	1.643	450.6
2254	-0.532	0.049	1.643	450.8
2255	-0.530	0.048	1.638	451.0
2256	-0.533	0.050	1.640	451.2
2257	-0.533	0.049	1.641	451.4
2258	-0.533	0.048	1.641	451.6
2259	-0.532	0.049	1.643	451.8
2260	-0.533	0.048	1.647	452.0
2261	-0.533	0.050	1.647	452.2
2262	-0.532	0.052	1.634	452.4
2263	-0.532	0.051	1.636	452.6
2264	-0.532	0.047	1.645	452.8
2265	-0.530	0.051	1.643	453.0
2266	-0.533	0.050	1.645	453.2
2267	-0.534	0.050	1.644	453.4
2268	-0.531	0.048	1.638	453.6
2269	-0.530	0.049	1.637	453.8
2270	-0.532	0.048	1.643	454.0
2271	-0.529	0.050	1.646	454.2
2272	-0.531	0.047	1.645	454.4
2273	-0.532	0.049	1.645	454.6
2274	-0.530	0.048	1.633	454.8
2275	-0.530	0.048	1.633	455.0
2276	-0.532	0.048	1.640	455.2
2277	-0.529	0.050	1.651	455.4
2278	-0.529	0.046	1.645	455.6
2279	-0.529	0.050	1.637	455.8
2280	-0.530	0.049	1.634	456.0
2281	-0.529	0.049	1.638	456.2
2282	-0.532	0.048	1.639	456.4
2283	-0.532	0.047	1.644	456.6
2284	-0.531	0.048	1.644	456.8
2285	-0.528	0.048	1.642	457.0
2286	-0.528	0.047	1.634	457.2
2287	-0.531	0.050	1.635	457.4
2288	-0.530	0.049	1.637	457.6
2289	-0.528	0.049	1.647	457.8
2290	-0.527	0.047	1.642	458.0
2291	-0.529	0.049	1.638	458.2
2292	-0.529	0.048	1.633	458.4
2293	-0.530	0.048	1.647	458.6
2294	-0.529	0.046	1.639	458.8
2295	-0.528	0.049	1.639	459.0
2296	-0.528	0.046	1.643	459.2
2297	-0.528	0.048	1.643	459.4
2298	-0.528	0.049	1.643	459.6
2299	-0.527	0.048	1.641	459.8
2300	-0.527	0.049	1.637	460.0
2301	-0.527	0.049	1.643	460.2
2302	-0.529	0.050	1.638	460.4
2303	-0.527	0.048	1.631	460.6
2304	-0.528	0.046	1.635	460.8
2305	-0.528	0.046	1.644	461.0
2306	-0.527	0.050	1.649	461.2
2307	-0.527	0.046	1.644	461.4
2308	-0.528	0.048	1.633	461.6
2309	-0.527	0.045	1.631	461.8
2310	-0.528	0.048	1.634	462.0
2311	-0.527	0.046	1.636	462.2
2312	-0.527	0.047	1.644	462.4
2313	-0.529	0.047	1.642	462.6
2314	-0.528	0.044	1.638	462.8
2315	-0.526	0.047	1.625	463.0
2316	-0.526	0.046	1.625	463.2
2317	-0.527	0.049	1.631	463.4
2318	-0.527	0.047	1.641	463.6
2319	-0.525	0.047	1.639	463.8
2320	-0.526	0.047	1.633	464.0
2321	-0.528	0.047	1.632	464.2
2322	-0.527	0.046	1.639	464.4
2323	-0.526	0.048	1.637	464.6
2324	-0.525	0.048	1.634	464.8
2325	-0.526	0.048	1.635	465.0
2326	-0.525	0.046	1.635	465.2
2327	-0.526	0.046	1.631	465.4
2328	-0.526	0.046	1.630	465.6
2329	-0.525	0.045	1.631	465.8
2330	-0.525	0.047	1.638	466.0
2331	-0.524	0.046	1.632	466.2
2332	-0.527	0.048	1.626	466.4
2333	-0.527	0.049	1.629	466.6
2334	-0.525	0.049	1.636	466.8
2335	-0.525	0.046	1.629	467.0
2336	-0.523	0.047	1.633	467.2
2337	-0.526	0.047	1.625	467.4
2338	-0.526	0.047	1.625	467.6
2339	-0.524	0.049	1.629	467.8
2340	-0.525	0.045	1.628	468.0
2341	-0.525	0.046	1.631	468.2
2342	-0.527	0.049	1.635	468.4
2343	-0.525	0.047	1.629	468.6
2344	-0.526	0.051	1.617	468.8
2345	-0.527	0.047	1.621	469.0
2346	-0.523	0.048	1.634	469.2
2347	-0.527	0.049	1.633	469.4
2348	-0.524	0.046	1.630	469.6
2349	-0.524	0.048	1.637	469.8
2350	-0.525	0.044	1.628	470.0
2351	-0.525	0.046	1.623	470.2
2352	-0.525	0.045	1.625	470.4
2353	-0.526	0.046	1.637	470.6
2354	-0.524	0.048	1.637	470.8
2355	-0.526	0.048	1.639	471.0
2356	-0.524	0.046	1.631	471.2
2357	-0.523	0.046	1.623	471.4
2358	-0.523	0.049	1.635	471.6
2359	-0.525	0.046	1.640	471.8
2360	-0.525	0.045	1.636	472.0
2361	-0.524	0.045	1.627	472.2
2362	-0.524	0.046	1.627	472.4
2363	-0.524	0.043	1.627	472.6
2364	-0.524	0.046	1.629	472.8
2365	-0.525	0.044	1.634	473.0
2366	-0.523	0.045	1.635	473.2
2367	-0.525	0.045	1.627	473.4
2368	-0.525	0.043	1.621	473.6
2369	-0.524	0.048	1.618	473.8
2370	-0.524	0.046	1.627	474.0
2371	-0.526	0.046	1.635	474.2
2372	-0.523	0.046	1.630	474.4
2373	-0.524	0.047	1.625	474.6
2374	-0.525	0.048	1.627	474.8
2375	-0.524	0.045	1.628	475.0
2376	-0.525	0.045	1.634	475.2
2377	-0.522	0.046	1.631	475.4
2378	-0.523	0.044	1.628	475.6
2379	-0.523	0.045	1.628	475.8
2380	-0.523	0.045	1.622	476.0
2381	-0.524	0.048	1.625	476.2
2382	-0.523	0.048	1.637	476.4
2383	-0.522	0.045	1.633	476.6
2384	-0.524	0.045	1.626	476.8
2385	-0.523	0.046	1.629	477.0
2386	-0.524	0.047	1.629	477.2
2387	-0.522	0.046	1.627	477.4
2388	-0.523	0.045	1.629	477.6
2389	-0.522	0.045	1.633	477.8
2390	-0.522	0.046	1.627	478.0
2391	-0.524	0.045	1.625	478.2
2392	-0.522	0.045	1.626	478.4
2393	-0.522	0.046	1.621	478.6
2394	-0.521	0.045	1.628	478.8
2395	-0.524	0.045	1.637	479.0
2396	-0.522	0.046	1.631	479.2
2397	-0.523	0.044	1.616	479.4
2398	-0.521	0.045	1.618	479.6
2399	-0.521	0.044	1.629	479.8
2400	-0.522	0.045	1.628	480.0
2401	-0.524	0.045	1.631	480.2
2402	-0.523	0.048	1.628	480.4
2403	-0.524	0.044	1.628	480.6
2404	-0.523	0.043	1.625	480.8
2405	-0.523	0.045	1.626	481.0
2406	-0.523	0.050	1.630	481.2
2407	-0.522	0.045	1.623	481.4
2408	-0.521	0.044	1.626	481.6
2409	-0.523	0.046	1.626	481.8
2410	-0.522	0.044	1.626	482.0
2411	-0.521	0.044	1.636	482.2
2412	-0.521	0.044	1.631	482.4
2413	-0.521	0.045	1.631	482.6
2414	-0.520	0.043	1.621	482.8
2415	-0.521	0.044	1.624	483.0
2416	-0.523	0.044	1.633	483.2
2417	-0.521	0.044	1.633	483.4
2418	-0.523	0.046	1.634	483.6
2419	-0.523	0.043	1.634	483.8
2420	-0.521	0.045	1.624	484.0
2421	-0.522	0.044	1.625	484.2
2422	-0.524	0.044	1.627	484.4
2423	-0.522	0.048	1.628	484.6
2424	-0.523	0.044	1.625	484.8
2425	-0.523	0.044	1.623	485.0
2426	-0.524	0.045	1.618	485.2
2427	-0.523	0.044	1.617	485.4
2428	-0.521	0.044	1.621	485.6
2429	-0.521	0.045	1.624	485.8
2430	-0.522	0.044	1.623	486.0
2431	-0.520	0.046	1.619	486.2
2432	-0.521	0.044	1.622	486.4
2433	-0.521	0.045	1.619	486.6
2434	-0.523	0.045	1.626	486.8
2435	-0.521	0.044	1.627	487.0
2436	-0.520	0.045	1.629	487.2
2437	-0.522	0.044	1.623	487.4
2438	-0.521	0.045	1.623	487.6
2439	-0.522	0.044	1.624	487.8
2440	-0.523	0.042	1.629	488.0
2441	-0.522	0.043	1.629	488.2
2442	-0.520	0.045	1.621	488.4
2443	-0.523	0.042	1.627	488.6
2444	-0.522	0.044	1.630	488.8
2445	-0.522	0.044	1.625	489.0
2446	-0.522	0.041	1.626	489.2
2447	-0.522	0.045	1.631	489.4
2448	-0.523	0.045	1.630	489.6
2449	-0.522	0.046	1.623	489.8
2450	-0.523	0.045	1.618	490.0
2451	-0.521	0.043	1.621	490.2
2452	-0.523	0.046	1.627	490.4
2453	-0.520	0.048	1.630	490.6
2454	-0.523	0.042	1.625	490.8
2455	-0.520	0.048	1.617	491.0
2456	-0.521	0.044	1.625	491.2
2457	-0.520	0.041	1.624	491.4
2458	-0.523	0.045	1.624	491.6
2459	-0.520	0.045	1.622	491.8
2460	-0.520	0.042	1.621	492.0
2461	-0.520	0.047	1.621	492.2
2462	-0.522	0.044	1.618	492.4
2463	-0.521	0.044	1.629	492.6
2464	-0.521	0.046	1.629	492.8
2465	-0.518	0.043	1.624	493.0
2466	-0.518	0.044	1.621	493.2
2467	-0.519	0.044	1.619	493.4
2468	-0.521	0.041	1.625	493.6
2469	-0.520	0.045	1.630	493.8
2470	-0.519	0.045	1.625	494.0
2471	-0.520	0.041	1.625	494.2
2472	-0.520	0.041	1.622	494.4
2473	-0.519	0.045	1.617	494.6
2474	-0.519	0.044	1.614	494.8
2475	-0.518	0.043	1.623	495.0
2476	-0.519	0.044	1.631	495.2
2477	-0.520	0.044	1.627	495.4
2478	-0.520	0.043	1.622	495.6
2479	-0.519	0.044	1.613	495.8
2480	-0.517	0.045	1.613	496.0
2481	-0.517	0.044	1.619	496.2
2482	-0.519	0.043	1.623	496.4
2483	-0.518	0.043	1.623	496.6
2484	-0.518	0.044	1.623	496.8
2485	-0.519	0.045	1.619	497.0
2486	-0.519	0.043	1.615	497.2
2487	-0.519	0.044	1.616	497.4
2488	-0.520	0.042	1.617	497.6
2489	-0.518	0.044	1.620	497.8
2490	-0.520	0.044	1.613	498.0
2491	-0.518	0.042	1.613	498.2
2492	-0.520	0.043	1.615	498.4
2493	-0.517	0.043	1.622	498.6
2494	-0.517	0.042	1.618	498.8
2495	-0.521	0.044	1.613	499.0
2496	-0.519	0.043	1.608	499.2
2497	-0.519	0.043	1.611	499.4
2498	-0.519	0.044	1.615	499.6
2499	-0.517	0.040	1.625	499.8
2500	-0.517	0.041	1.621	500.0
2501	-0.519	0.044	1.619	500.2
2502	-0.519	0.043	1.617	500.4
2503	-0.518	0.044	1.611	500.6
2504	-0.517	0.043	1.614	500.8
2505	-0.516	0.041	1.621	501.0
2506	-0.519	0.044	1.625	501.2
2507	-0.517	0.041	1.622	501.4
2508	-0.515	0.040	1.616	501.6
2509	-0.515	0.042	1.617	501.8
2510	-0.516	0.044	1.617	502.0
2511	-0.517	0.042	1.617	502.2
2512	-0.516	0.041	1.616	502.4
2513	-0.516	0.043	1.620	502.6
2514	-0.516	0.043	1.616	502.8
2515	-0.519	0.042	1.613	503.0
2516	-0.516	0.044	1.616	503.2
2517	-0.515	0.042	1.626	503.4
2518	-0.516	0.042	1.618	503.6
2519	-0.279	0.024	1.163	503.8
2520	-0.044	0.009	0.798	504.0
2521	0.015	-0.014	0.771	504.2
2522	0.016	-0.009	0.780	504.4
2523	0.017	-0.007	0.781	504.6
2524	0.017	-0.006	0.773	504.8
2525	0.017	-0.007	0.779	505.0
2526	0.018	-0.007	0.782	505.2
2527	0.015	-0.012	0.772	505.4
2528	0.015	-0.015	0.776	505.6
2529	0.015	-0.014	0.788	505.8
2530	0.017	-0.011	0.784	506.0
2531	0.018	-0.009	0.766	506.2
2532	0.016	-0.007	0.775	506.4
2533	0.017	-0.007	0.780	506.6
2534	0.014	-0.005	0.776	506.8
2535	0.017	-0.010	0.782	507.0
2536	0.016	-0.014	0.780	507.2
2537	0.016	-0.014	0.777	507.4
2538	0.015	-0.011	0.769	507.6
2539	0.018	-0.011	0.769	507.8
2540	0.016	-0.008	0.788	508.0
2541	0.018	-0.005	0.785	508.2
2542	0.017	-0.006	0.782	508.4
2543	0.018	-0.008	0.775	508.6
2544	0.015	-0.011	0.774	508.8
2545	0.015	-0.012	0.778	509.0
2546	0.014	-0.013	0.780	509.2
2547	0.017	-0.009	0.783	509.4
2548	0.016	-0.005	0.781	509.6
2549	0.014	-0.007	0.773	509.8
2550	0.017	-0.007	0.775	510.0
2551	0.018	-0.008	0.778	510.2
2552	0.018	-0.009	0.783	510.4
2553	0.016	-0.012	0.783	510.6
2554	0.016	-0.013	0.780	510.8
2555	0.018	-0.013	0.778	511.0
2556	0.019	-0.009	0.773	511.2
2557	0.018	-0.009	0.779	511.4
2558	0.018	-0.007	0.782	511.6
2559	0.018	-0.009	0.779	511.8
2560	0.017	-0.011	0.778	512.0
2561	0.019	-0.012	0.775	512.2
2562	0.019	-0.012	0.774	512.4
2563	0.020	-0.013	0.783	512.6
2564	0.019	-0.013	0.786	512.8
2565	0.017	-0.009	0.783	513.0
2566	0.018	-0.009	0.778	513.2
2567	0.020	-0.007	0.774	513.4
2568	0.019	-0.011	0.779	513.6
2569	0.018	-0.013	0.777	513.8
2570	0.018	-0.011	0.781	514.0
2571	0.019	-0.011	0.782	514.2
2572	0.019	-0.013	0.771	514.4
2573	0.019	-0.011	0.775	514.6
2574	0.018	-0.011	0.774	514.8
2575	0.017	-0.009	0.780	515.0
2576	0.015	-0.009	0.783	515.2
2577	0.015	-0.012	0.780	515.4
2578	0.015	-0.013	0.776	515.6
2579	0.015	-0.013	0.776	515.8
2580	0.014	-0.011	0.778	516.0
2581	0.015	-0.008	0.778	516.2
2582	0.015	-0.007	0.780	516.4
2583	0.016	-0.010	0.781	516.6
2584	0.013	-0.009	0.777	516.8
2585	0.013	-0.011	0.770	517.0
2586	0.014	-0.009	0.776	517.2
2587	0.015	-0.011	0.779	517.4
2588	0.015	-0.011	0.780	517.6
2589	0.013	-0.011	0.778	517.8
2590	0.014	-0.009	0.777	518.0
2591	0.011	-0.007	0.775	518.2
2592	0.013	-0.010	0.779	518.4
2593	0.015	-0.010	0.783	518.6
2594	0.015	-0.011	0.785	518.8
2595	0.014	-0.011	0.778	519.0
2596	0.013	-0.012	0.774	519.2
2597	0.016	-0.011	0.774	519.4
2598	0.016	-0.009	0.778	519.6
2599	0.018	-0.009	0.784	519.8
2600	0.017	-0.009	0.783	520.0
2601	0.016	-0.011	0.780	520.2
2602	0.018	-0.011	0.775	520.4
2603	0.017	-0.011	0.774	520.6
2604	0.017	-0.013	0.778	520.8
2605	0.018	-0.011	0.782	521.0
2606	0.013	-0.009	0.783	521.2
2607	0.015	-0.008	0.784	521.4
2608	0.019	-0.009	0.772	521.6
2609	0.018	-0.010	0.777	521.8
2610	0.017	-0.009	0.778	522.0
2611	0.018	-0.009	0.783	522.2
2612	0.017	-0.011	0.779	522.4
2613	0.017	-0.012	0.778	522.6
2614	0.018	-0.011	0.776	522.8
2615	0.020	-0.011	0.775	523.0
2616	0.019	-0.007	0.779	523.2
2617	0.020	-0.007	0.782	523.4
2618	0.021	-0.013	0.776	523.6
2619	0.019	-0.011	0.773	523.8
2620	0.017	-0.012	0.778	524.0
2621	0.017	-0.013	0.774	524.2
2622	0.020	-0.011	0.781	524.4
2623	0.018	-0.013	0.782	524.6
2624	0.019	-0.011	0.783	524.8
2625	0.019	-0.009	0.776	525.0
2626	0.018	-0.007	0.777	525.2
2627	0.015	-0.007	0.777	525.4
2628	0.017	-0.011	0.782	525.6
2629	0.015	-0.011	0.782	525.8
2630	0.015	-0.009	0.779	526.0
2631	0.015	-0.008	0.773	526.2
2632	0.016	-0.007	0.775	526.4
2633	0.017	-0.009	0.779	526.6
2634	0.016	-0.011	0.777	526.8
2635	0.015	-0.010	0.781	527.0
2636	0.014	-0.007	0.779	527.2
2637	0.016	-0.009	0.778	527.4
2638	0.015	-0.010	0.772	527.6
2639	0.015	-0.010	0.779	527.8
2640	0.014	-0.010	0.778	528.0
2641	0.013	-0.007	0.776	528.2
2642	0.015	-0.006	0.778	528.4
2643	0.013	-0.009	0.778	528.6
2644	0.015	-0.007	0.776	528.8
2645	0.015	-0.009	0.776	529.0
2646	0.013	-0.008	0.781	529.2
2647	0.012	-0.007	0.784	529.4
2648	0.012	-0.013	0.777	529.6
2649	0.011	-0.011	0.775	529.8
2650	0.012	-0.010	0.774	530.0
2651	0.011	-0.007	0.777	530.2
2652	0.015	-0.004	0.778	530.4
2653	0.010	-0.008	0.783	530.6
2654	0.012	-0.009	0.775	530.8
2655	0.013	-0.011	0.776	531.0
2656	0.013	-0.011	0.773	531.2
2657	0.011	-0.010	0.777	531.4
2658	0.011	-0.010	0.781	531.6
2659	0.012	-0.008	0.783	531.8
2660	0.015	-0.008	0.777	532.0
2661	0.013	-0.005	0.772	532.2
2662	0.013	-0.007	0.772	532.4
2663	0.013	-0.009	0.778	532.6
2664	0.013	-0.011	0.778	532.8
2665	0.015	-0.011	0.782	533.0
2666	0.015	-0.011	0.775	533.2
2667	0.016	-0.007	0.774	533.4
2668	0.016	-0.009	0.776	533.6
2669	0.013	-0.009	0.778	533.8
2670	0.017	-0.011	0.786	534.0
2671	0.015	-0.010	0.780	534.2
2672	0.018	-0.012	0.772	534.4
2673	0.015	-0.010	0.776	534.6
2674	0.012	-0.011	0.775	534.8
2675	0.017	-0.009	0.782	535.0
2676	0.017	-0.011	0.784	535.2
2677	0.012	-0.007	0.780	535.4
2678	0.015	-0.008	0.775	535.6
2679	0.015	-0.009	0.776	535.8
2680	0.014	-0.013	0.779	536.0
2681	0.013	-0.011	0.779	536.2
2682	0.015	-0.012	0.782	536.4
2683	0.015	-0.009	0.781	536.6
2684	0.015	-0.009	0.777	536.8
2685	0.014	-0.009	0.774	537.0
2686	0.016	-0.010	0.777	537.2
2687	0.015	-0.009	0.776	537.4
2688	0.015	-0.010	0.778	537.6
2689	0.015	-0.007	0.779	537.8
2690	0.013	-0.010	0.773	538.0
2691	0.015	-0.010	0.774	538.2
2692	0.014	-0.013	0.775	538.4
2693	0.015	-0.014	0.782	538.6
2694	0.011	-0.010	0.782	538.8
2695	0.015	-0.008	0.778	539.0
2696	0.014	-0.006	0.775	539.2
2697	0.015	-0.011	0.775	539.4
2698	0.015	-0.011	0.783	539.6
2699	0.012	-0.012	0.783	539.8
2700	0.014	-0.009	0.778	540.0
2701	0.014	-0.011	0.779	540.2
2702	0.012	-0.011	0.777	540.4
2703	0.013	-0.009	0.775	540.6
2704	0.015	-0.008	0.780	540.8
2705	0.011	-0.007	0.780	541.0
2706	0.014	-0.009	0.781	541.2
2707	0.015	-0.012	0.774	541.4
2708	0.014	-0.011	0.772	541.6
2709	0.013	-0.012	0.776	541.8
2710	0.013	-0.010	0.780	542.0
2711	0.013	-0.011	0.781	542.2
2712	0.015	-0.009	0.781	542.4
2713	0.015	-0.009	0.779	542.6
2714	0.014	-0.009	0.773	542.8
2715	0.013	-0.009	0.774	543.0
2716	0.014	-0.010	0.783	543.2
2717	0.013	-0.009	0.780	543.4
2718	0.016	-0.012	0.780	543.6
2719	0.014	-0.011	0.776	543.8
2720	0.011	-0.010	0.773	544.0
2721	0.012	-0.005	0.773	544.2
2722	0.015	-0.008	0.781	544.4
2723	0.014	-0.008	0.784	544.6
2724	0.013	-0.009	0.779	544.8
2725	0.010	-0.011	0.776	545.0
2726	0.013	-0.012	0.775	545.2
2727	0.015	-0.009	0.782	545.4
2728	0.013	-0.009	0.780	545.6
2729	0.013	-0.005	0.784	545.8
2730	0.012	-0.010	0.780	546.0
2731	0.015	-0.008	0.774	546.2
2732	0.013	-0.009	0.773	546.4
2733	0.013	-0.009	0.782	546.6
2734	0.013	-0.009	0.783	546.8
2735	0.015	-0.008	0.782	547.0
2736	0.015	-0.011	0.776	547.2
2737	0.015	-0.009	0.772	547.4
2738	0.011	-0.009	0.773	547.6
2739	0.013	-0.009	0.785	547.8
2740	0.015	-0.007	0.780	548.0
2741	0.015	-0.008	0.781	548.2
2742	0.017	-0.007	0.783	548.4
2743	0.014	-0.011	0.778	548.6
2744	0.016	-0.011	0.776	548.8
2745	0.018	-0.009	0.780	549.0
2746	0.014	-0.008	0.785	549.2
2747	0.014	-0.007	0.783	549.4
2748	0.015	-0.009	0.779	549.6
2749	0.016	-0.009	0.774	549.8
2750	0.015	-0.008	0.776	550.0
2751	0.014	-0.009	0.779	550.2
2752	0.014	-0.011	0.782	550.4
2753	0.015	-0.013	0.778	550.6
2754	0.015	-0.007	0.776	550.8
2755	0.017	-0.007	0.774	551.0
2756	0.017	-0.006	0.776	551.2
2757	0.015	-0.005	0.779	551.4
2758	0.015	-0.009	0.782	551.6
2759	0.016	-0.011	0.784	551.8
2760	0.016	-0.011	0.777	552.0
2761	0.012	-0.013	0.773	552.2
2762	0.013	-0.011	0.779	552.4
2763	0.016	-0.006	0.780	552.6
2764	0.015	-0.004	0.782	552.8
2765	0.015	-0.005	0.781	553.0
2766	0.015	-0.005	0.775	553.2
2767	0.014	-0.010	0.774	553.4
2768	0.016	-0.010	0.774	553.6
2769	0.012	-0.012	0.783	553.8
2770	0.012	-0.010	0.783	554.0
2771	0.013	-0.010	0.780	554.2
2772	0.011	-0.007	0.773	554.4
2773	0.011	-0.005	0.774	554.6
2774	0.013	-0.005	0.779	554.8
2775	0.012	-0.013	0.784	555.0
2776	0.013	-0.013	0.780	555.2
2777	0.015	-0.014	0.779	555.4
2778	0.013	-0.011	0.775	555.6
2779	0.013	-0.006	0.776	555.8
2780	0.016	-0.005	0.779	556.0
2781	0.014	-0.005	0.782	556.2
2782	0.017	-0.007	0.785	556.4
2783	0.011	-0.007	0.775	556.6
2784	0.013	-0.011	0.776	556.8
2785	0.013	-0.012	0.774	557.0
2786	0.015	-0.013	0.782	557.2
2787	0.013	-0.013	0.783	557.4
2788	0.012	-0.008	0.775	557.6
2789	0.011	-0.007	0.779	557.8
2790	0.011	-0.006	0.772	558.0
2791	0.013	-0.009	0.773	558.2
2792	0.013	-0.010	0.780	558.4
2793	0.011	-0.011	0.779	558.6
2794	0.012	-0.009	0.783	558.8
2795	0.012	-0.010	0.778	559.0
2796	0.014	-0.007	0.778	559.2
2797	0.013	-0.007	0.776	559.4
2798	0.012	-0.009	0.780	559.6
2799	0.011	-0.007	0.783	559.8
2800	0.011	-0.011	0.780	560.0
2801	0.014	-0.011	0.778	560.2
2802	0.014	-0.009	0.776	560.4
2803	0.015	-0.009	0.775	560.6
2804	0.015	-0.007	0.781	560.8
2805	0.013	-0.012	0.783	561.0
2806	0.015	-0.009	0.781	561.2
2807	0.015	-0.009	0.777	561.4
2808	0.016	-0.010	0.777	561.6
2809	0.017	-0.008	0.778	561.8
2810	0.015	-0.009	0.779	562.0
2811	0.015	-0.010	0.781	562.2
2812	0.017	-0.011	0.778	562.4
2813	0.018	-0.012	0.775	562.6
2814	0.016	-0.008	0.777	562.8
2815	0.018	-0.009	0.778	563.0
2816	0.017	-0.007	0.783	563.2
2817	0.019	-0.009	0.782	563.4
2818	0.018	-0.007	0.782	563.6
2819	0.016	-0.006	0.774	563.8
2820	0.017	-0.010	0.772	564.0
2821	0.017	-0.011	0.780	564.2
2822	0.017	-0.011	0.783	564.4
2823	0.017	-0.013	0.784	564.6
2824	0.016	-0.009	0.781	564.8
2825	0.014	-0.005	0.776	565.0
2826	0.019	-0.007	0.775	565.2
2827	0.018	-0.011	0.780	565.4
2828	0.017	-0.013	0.781	565.6
2829	0.015	-0.013	0.786	565.8
2830	0.017	-0.013	0.776	566.0
2831	0.018	-0.013	0.774	566.2
2832	0.013	-0.008	0.778	566.4
2833	0.014	-0.005	0.777	566.6
2834	0.015	-0.004	0.784	566.8
2835	0.014	-0.005	0.779	567.0
2836	0.013	-0.007	0.774	567.2
2837	0.012	-0.011	0.774	567.4
2838	0.013	-0.016	0.774	567.6
2839	0.010	-0.014	0.780	567.8
2840	0.013	-0.009	0.782	568.0
2841	0.013	-0.010	0.778	568.2
2842	0.013	-0.007	0.776	568.4
2843	0.013	-0.007	0.778	568.6
2844	0.012	-0.007	0.777	568.8
2845	0.011	-0.010	0.781	569.0
2846	0.012	-0.015	0.781	569.2
2847	0.011	-0.011	0.781	569.4
2848	0.012	-0.011	0.776	569.6
2849	0.011	-0.010	0.778	569.8
2850	0.010	-0.006	0.776	570.0
2851	0.009	-0.005	0.780	570.2
2852	0.010	-0.006	0.785	570.4
2853	0.011	-0.010	0.780	570.6
2854	0.009	-0.013	0.779	570.8
2855	0.010	-0.014	0.772	571.0
2856	0.007	-0.011	0.781	571.2
2857	0.009	-0.009	0.780	571.4
2858	0.009	-0.008	0.783	571.6
2859	0.011	-0.004	0.779	571.8
2860	0.010	-0.006	0.777	572.0
2861	0.009	-0.009	0.774	572.2
2862	0.009	-0.011	0.778	572.4
2863	0.011	-0.011	0.776	572.6
2864	0.009	-0.012	0.781	572.8
2865	0.012	-0.009	0.777	573.0
2866	0.013	-0.007	0.774	573.2
2867	0.013	-0.007	0.775	573.4
2868	0.014	-0.008	0.779	573.6
2869	0.016	-0.009	0.777	573.8
2870	0.017	-0.010	0.782	574.0
2871	0.016	-0.010	0.779	574.2
2872	0.017	-0.012	0.774	574.4
2873	0.018	-0.011	0.776	574.6
2874	0.018	-0.007	0.781	574.8
2875	0.017	-0.011	0.783	575.0
2876	0.018	-0.009	0.784	575.2
2877	0.016	-0.009	0.778	575.4
2878	0.017	-0.011	0.770	575.6
2879	0.018	-0.010	0.773	575.8
2880	0.017	-0.009	0.779	576.0
2881	0.017	-0.009	0.781	576.2
2882	0.015	-0.009	0.785	576.4
2883	0.015	-0.009	0.780	576.6
2884	0.016	-0.009	0.774	576.8
2885	0.014	-0.011	0.777	577.0
2886	0.017	-0.009	0.778	577.2
2887	0.017	-0.009	0.779	577.4
2888	0.015	-0.011	0.779	577.6
2889	0.014	-0.009	0.774	577.8
2890	0.015	-0.010	0.774	578.0
2891	0.013	-0.009	0.776	578.2
2892	0.015	-0.009	0.780	578.4
2893	0.015	-0.007	0.782	578.6
2894	0.014	-0.007	0.779	578.8
2895	0.013	-0.007	0.773	579.0
2896	0.013	-0.008	0.775	579.2
2897	0.012	-0.011	0.777	579.4
2898	0.013	-0.011	0.779	579.6
2899	0.014	-0.010	0.783	579.8
2900	0.013	-0.007	0.779	580.0
2901	0.016	-0.007	0.772	580.2
2902	0.015	-0.005	0.773	580.4
2903	0.015	-0.009	0.776	580.6
2904	0.016	-0.008	0.778	580.8
2905	0.018	-0.011	0.782	581.0
2906	0.018	-0.011	0.782	581.2
2907	0.015	-0.010	0.778	581.4
2908	0.014	-0.008	0.777	581.6
2909	0.018	-0.007	0.778	581.8
2910	0.017	-0.006	0.780	582.0
2911	0.020	-0.007	0.785	582.2
2912	0.019	-0.008	0.782	582.4
2913	0.015	-0.007	0.774	582.6
2914	0.016	-0.013	0.774	582.8
2915	0.015	-0.011	0.782	583.0
2916	0.015	-0.009	0.776	583.2
2917	0.015	-0.008	0.780	583.4
2918	0.015	-0.007	0.777	583.6
2919	0.015	-0.009	0.776	583.8
2920	0.012	-0.011	0.779	584.0
2921	0.013	-0.009	0.781	584.2
2922	0.011	-0.013	0.783	584.4
2923	0.013	-0.010	0.782	584.6
2924	0.011	-0.011	0.780	584.8
2925	0.012	-0.009	0.773	585.0
2926	0.012	-0.010	0.776	585.2
2927	0.011	-0.009	0.776	585.4
2928	0.011	-0.010	0.783	585.6
2929	0.013	-0.009	0.782	585.8
2930	0.012	-0.009	0.776	586.0
2931	0.011	-0.010	0.775	586.2
2932	0.010	-0.009	0.773	586.4
2933	0.013	-0.009	0.778	586.6
2934	0.013	-0.008	0.782	586.8
2935	0.013	-0.006	0.782	587.0
2936	0.014	-0.007	0.775	587.2
2937	0.015	-0.009	0.774	587.4
2938	0.013	-0.009	0.774	587.6
2939	0.013	-0.008	0.782	587.8
2940	0.015	-0.006	0.783	588.0
2941	0.015	-0.008	0.779	588.2
2942	0.012	-0.008	0.780	588.4
2943	0.015	-0.006	0.776	588.6
2944	0.014	-0.008	0.775	588.8
2945	0.015	-0.006	0.778	589.0
2946	0.013	-0.009	0.784	589.2
2947	0.017	-0.009	0.779	589.4
2948	0.013	-0.007	0.773	589.6
2949	0.015	-0.006	0.775	589.8
2950	0.013	-0.007	0.779	590.0
2951	0.014	-0.009	0.782	590.2
2952	0.016	-0.005	0.785	590.4
2953	0.014	-0.007	0.780	590.6
2954	0.012	-0.009	0.777	590.8
2955	0.013	-0.007	0.772	591.0
2956	0.012	-0.009	0.778	591.2
2957	0.012	-0.007	0.782	591.4
2958	0.013	-0.006	0.779	591.6
2959	0.015	-0.009	0.776	591.8
2960	0.011	-0.008	0.777	592.0
2961	0.012	-0.010	0.776	592.2
2962	0.014	-0.010	0.776	592.4
2963	0.013	-0.008	0.782	592.6
2964	0.014	-0.007	0.780	592.8
2965	0.013	-0.009	0.779	593.0
2966	0.012	-0.007	0.778	593.2
2967	0.017	-0.009	0.780	593.4
2968	0.013	-0.009	0.782	593.6
2969	0.015	-0.007	0.783	593.8
2970	0.015	-0.009	0.782	594.0
2971	0.014	-0.007	0.775	594.2
2972	0.016	-0.007	0.774	594.4
2973	0.015	-0.007	0.775	594.6
2974	0.016	-0.007	0.777	594.8
2975	0.015	-0.008	0.780	595.0
2976	0.014	-0.007	0.781	595.2
2977	0.015	-0.007	0.776	595.4
2978	0.015	-0.008	0.771	595.6
2979	0.015	-0.011	0.774	595.8
2980	0.015	-0.010	0.779	596.0
2981	0.012	-0.011	0.784	596.2
2982	0.014	-0.009	0.778	596.4
2983	0.013	-0.010	0.774	596.6
2984	0.015	-0.010	0.774	596.8
2985	0.013	-0.009	0.776	597.0
2986	0.013	-0.011	0.780	597.2
2987	0.012	-0.008	0.783	597.4
2988	0.009	-0.008	0.779	597.6
2989	0.011	-0.009	0.777	597.8
2990	0.009	-0.011	0.776	598.0
2991	0.012	-0.009	0.776	598.2
2992	0.008	-0.010	0.782	598.4
2993	0.010	-0.010	0.784	598.6
2994	0.011	-0.010	0.781	598.8
2995	0.010	-0.009	0.778	599.0
2996	0.010	-0.011	0.775	599.2
2997	0.010	-0.008	0.778	599.4
2998	0.011	-0.009	0.782	599.6
2999	0.011	-0.007	0.783	599.8
3000	0.013	-0.008	0.778	600.0
3001	0.010	-0.009	0.776	600.2
3002	0.011	-0.009	0.773	600.4
3003	0.011	-0.011	0.779	600.6
3004	0.011	-0.011	0.783	600.8
3005	0.014	-0.010	0.783	601.0
3006	0.013	-0.007	0.775	601.2
3007	0.011	-0.007	0.775	601.4
3008	0.013	-0.009	0.775	601.6
3009	0.012	-0.007	0.778	601.8
3010	0.015	-0.007	0.780	602.0
3011	0.013	-0.007	0.781	602.2
3012	0.013	-0.007	0.776	602.4
