0	-0.010	0.011	0.782	0.0
1	-0.009	0.008	0.779	0.2
2	-0.009	0.007	0.779	0.4
3	-0.010	0.004	0.776	0.6
4	-0.012	-0.001	0.775	0.8
5	-0.012	0.000	0.776	1.0
6	-0.007	0.003	0.776	1.2
7	-0.012	0.003	0.780	1.4
8	-0.011	0.005	0.780	1.6
9	-0.012	0.010	0.779	1.8
10	-0.010	0.009	0.779	2.0
11	-0.011	0.008	0.780	2.2
12	-0.012	0.005	0.780	2.4
13	-0.011	0.001	0.783	2.6
14	-0.013	0.000	0.778	2.8
15	-0.010	0.006	0.778	3.0
16	-0.012	0.006	0.778	3.2
17	-0.013	0.005	0.779	3.4
18	-0.011	0.009	0.776	3.6
19	-0.011	0.010	0.776	3.8
20	-0.012	0.007	0.776	4.0
21	-0.011	0.004	0.777	4.2
22	-0.012	0.004	0.781	4.4
23	-0.012	0.005	0.778	4.6
24	-0.013	0.002	0.781	4.8
25	-0.011	0.004	0.780	5.0
26	-0.011	0.007	0.779	5.2
27	-0.009	0.010	0.786	5.4
28	-0.010	0.011	0.781	5.6
29	-0.012	0.010	0.779	5.8
30	-0.012	0.004	0.776	6.0
31	-0.012	0.003	0.778	6.2
32	-0.008	-0.002	0.776	6.4
33	-0.011	0.005	0.772	6.6
34	-0.011	0.007	0.774	6.8
35	-0.011	0.007	0.775	7.0
36	-0.009	0.009	0.776	7.2
37	-0.010	0.010	0.779	7.4
38	-0.009	0.006	0.780	7.6
39	-0.010	0.006	0.780	7.8
40	-0.011	0.006	0.782	8.0
41	-0.009	0.006	0.783	8.2
42	-0.011	0.008	0.783	8.4
43	-0.011	0.011	0.782	8.6
44	-0.011	0.009	0.780	8.8
45	-0.011	0.009	0.779	9.0
46	-0.013	0.010	0.773	9.2
47	-0.015	0.007	0.775	9.4
48	-0.014	0.007	0.774	9.6
49	-0.015	0.008	0.776	9.8
50	-0.015	0.006	0.774	10.0
51	-0.014	0.008	0.776	10.2
52	-0.013	0.010	0.780	10.4
53	-0.013	0.011	0.777	10.6
54	-0.013	0.007	0.778	10.8
55	-0.014	0.005	0.782	11.0
56	-0.013	0.006	0.783	11.2
57	-0.013	0.004	0.780	11.4
58	-0.013	0.007	0.779	11.6
59	-0.015	0.012	0.782	11.8
60	-0.014	0.009	0.778	12.0
61	-0.014	0.009	0.779	12.2
62	-0.012	0.011	0.776	12.4
63	-0.011	0.010	0.773	12.6
64	-0.011	0.009	0.773	12.8
65	-0.011	0.007	0.776	13.0
66	-0.010	0.007	0.773	13.2
67	-0.009	0.010	0.779	13.4
68	-0.009	0.010	0.778	13.6
69	-0.011	0.010	0.782	13.8
70	-0.010	0.007	0.787	14.0
71	-0.009	0.006	0.783	14.2
72	-0.009	0.009	0.784	14.4
73	-0.011	0.011	0.781	14.6
74	-0.009	0.010	0.780	14.8
75	-0.008	0.010	0.778	15.0
76	-0.008	0.010	0.778	15.2
77	-0.010	0.009	0.779	15.4
78	-0.011	0.007	0.775	15.6
79	-0.011	0.007	0.774	15.8
80	-0.011	0.013	0.774	16.0
81	-0.013	0.006	0.777	16.2
82	-0.011	0.008	0.778	16.4
83	-0.010	0.012	0.781	16.6
84	-0.012	0.010	0.781	16.8
85	-0.012	0.010	0.779	17.0
86	-0.011	0.010	0.778	17.2
87	-0.012	0.007	0.780	17.4
88	-0.009	0.007	0.781	17.6
89	-0.011	0.009	0.785	17.8
90	-0.011	0.009	0.781	18.0
91	-0.010	0.008	0.781	18.2
92	-0.010	0.009	0.780	18.4
93	-0.011	0.010	0.777	18.6
94	-0.010	0.011	0.778	18.8
95	-0.011	0.010	0.778	19.0
96	-0.011	0.012	0.776	19.2
97	-0.011	0.010	0.778	19.4
98	-0.012	0.007	0.779	19.6
99	-0.015	0.008	0.782	19.8
100	-0.011	0.009	0.777	20.0
101	-0.011	0.010	0.784	20.2
102	-0.012	0.011	0.779	20.4
103	-0.011	0.007	0.783	20.6
104	-0.011	0.007	0.778	20.8
105	-0.013	0.008	0.778	21.0
106	-0.013	0.007	0.777	21.2
107	-0.012	0.009	0.779	21.4
108	-0.013	0.008	0.776	21.6
109	-0.013	0.009	0.774	21.8
110	-0.012	0.009	0.775	22.0
111	-0.012	0.008	0.777	22.2
112	-0.011	0.008	0.776	22.4
113	-0.011	0.008	0.779	22.6
114	-0.015	0.006	0.782	22.8
115	-0.015	0.006	0.777	23.0
116	-0.013	0.005	0.783	23.2
117	-0.013	0.009	0.784	23.4
118	-0.012	0.011	0.783	23.6
119	-0.013	0.009	0.782	23.8
120	-0.011	0.008	0.780	24.0
121	-0.015	0.007	0.778	24.2
122	-0.013	0.006	0.777	24.4
123	-0.012	0.008	0.773	24.6
124	-0.014	0.010	0.776	24.8
125	-0.013	0.006	0.776	25.0
126	-0.014	0.009	0.776	25.2
127	-0.014	0.010	0.776	25.4
128	-0.012	0.008	0.780	25.6
129	-0.015	0.009	0.780	25.8
130	-0.012	0.008	0.780	26.0
131	-0.014	0.006	0.783	26.2
132	-0.013	0.005	0.781	26.4
133	-0.013	0.009	0.778	26.6
134	-0.013	0.009	0.782	26.8
135	-0.013	0.008	0.780	27.0
136	-0.012	0.008	0.777	27.2
137	-0.011	0.010	0.778	27.4
138	-0.015	0.007	0.780	27.6
139	-0.014	0.007	0.776	27.8
140	-0.011	0.010	0.775	28.0
141	-0.013	0.007	0.776	28.2
142	-0.015	0.009	0.779	28.4
143	-0.011	0.011	0.780	28.6
144	-0.010	0.011	0.781	28.8
145	-0.013	0.011	0.781	29.0
146	-0.014	0.008	0.779	29.2
147	-0.013	0.009	0.780	29.4
148	-0.012	0.009	0.779	29.6
149	-0.013	0.008	0.779	29.8
150	-0.014	0.013	0.779	30.0
151	-0.015	0.013	0.779	30.2
152	-0.012	0.011	0.779	30.4
153	-0.012	0.008	0.776	30.6
154	-0.015	0.009	0.775	30.8
155	-0.014	0.005	0.776	31.0
156	-0.015	0.005	0.777	31.2
157	-0.013	0.009	0.779	31.4
158	-0.013	0.010	0.780	31.6
159	-0.011	0.009	0.779	31.8
160	-0.013	0.010	0.783	32.0
161	-0.011	0.008	0.780	32.2
162	-0.012	0.006	0.782	32.4
163	-0.012	0.007	0.776	32.6
164	-0.011	0.006	0.780	32.8
165	-0.012	0.008	0.778	33.0
166	-0.011	0.009	0.779	33.2
167	-0.013	0.007	0.777	33.4
168	-0.010	0.010	0.777	33.6
169	-0.012	0.009	0.775	33.8
170	-0.010	0.009	0.776	34.0
171	-0.011	0.007	0.778	34.2
172	-0.013	0.004	0.777	34.4
173	-0.010	0.008	0.779	34.6
174	-0.012	0.007	0.778	34.8
175	-0.010	0.008	0.783	35.0
176	-0.009	0.009	0.782	35.2
177	-0.011	0.009	0.786	35.4
178	-0.010	0.007	0.781	35.6
179	-0.009	0.006	0.781	35.8
180	-0.011	0.009	0.779	36.0
181	-0.010	0.011	0.778	36.2
182	-0.009	0.006	0.774	36.4
183	-0.010	0.009	0.775	36.6
184	-0.008	0.010	0.777	36.8
185	-0.010	0.007	0.777	37.0
186	-0.010	0.007	0.776	37.2
187	-0.009	0.009	0.775	37.4
188	-0.009	0.007	0.781	37.6
189	-0.008	0.009	0.779	37.8
190	-0.010	0.009	0.779	38.0
191	-0.007	0.012	0.782	38.2
192	-0.009	0.009	0.783	38.4
193	-0.010	0.005	0.783	38.6
194	-0.009	0.005	0.778	38.8
195	-0.011	0.005	0.780	39.0
196	-0.007	0.005	0.778	39.2
197	-0.010	0.008	0.779	39.4
198	-0.012	0.006	0.772	39.6
199	-0.013	0.007	0.774	39.8
200	-0.013	0.007	0.776	40.0
201	-0.013	0.009	0.774	40.2
202	-0.012	0.006	0.778	40.4
203	-0.012	0.003	0.779	40.6
204	-0.013	0.005	0.781	40.8
205	-0.012	0.006	0.783	41.0
206	-0.011	0.006	0.784	41.2
207	-0.013	0.007	0.783	41.4
208	-0.014	0.006	0.785	41.6
209	-0.010	0.005	0.783	41.8
210	-0.011	0.007	0.781	42.0
211	-0.011	0.007	0.775	42.2
212	-0.013	0.005	0.778	42.4
213	-0.014	0.004	0.774	42.6
214	-0.015	0.006	0.777	42.8
215	-0.013	0.007	0.773	43.0
216	-0.013	0.007	0.777	43.2
217	-0.013	0.005	0.778	43.4
218	-0.011	0.007	0.778	43.6
219	-0.013	0.006	0.780	43.8
220	-0.011	0.005	0.780	44.0
221	-0.011	0.004	0.784	44.2
222	-0.013	0.005	0.783	44.4
223	-0.012	0.005	0.783	44.6
224	-0.012	0.006	0.782	44.8
225	-0.010	0.007	0.782	45.0
226	-0.012	0.009	0.782	45.2
227	-0.012	0.006	0.776	45.4
228	-0.011	0.003	0.778	45.6
229	-0.011	0.005	0.776	45.8
230	-0.010	0.007	0.779	46.0
231	-0.012	0.005	0.773	46.2
232	-0.013	0.005	0.777	46.4
233	-0.011	0.007	0.777	46.6
234	-0.011	0.007	0.778	46.8
235	-0.013	0.008	0.782	47.0
236	-0.015	0.010	0.780	47.2
237	-0.013	0.008	0.782	47.4
238	-0.013	0.007	0.781	47.6
239	-0.011	0.005	0.782	47.8
240	-0.011	0.005	0.783	48.0
241	-0.012	0.006	0.776	48.2
242	-0.011	0.007	0.777	48.4
243	-0.010	0.005	0.776	48.6
244	-0.011	0.007	0.776	48.8
245	-0.013	0.010	0.772	49.0
246	-0.013	0.006	0.776	49.2
247	-0.012	0.007	0.775	49.4
248	-0.013	0.008	0.778	49.6
249	-0.013	0.009	0.780	49.8
250	-0.012	0.008	0.782	50.0
251	-0.013	0.008	0.782	50.2
252	-0.015	0.009	0.782	50.4
253	-0.013	0.007	0.783	50.6
254	-0.014	0.007	0.779	50.8
255	-0.013	0.006	0.782	51.0
256	-0.015	0.005	0.778	51.2
257	-0.015	0.005	0.778	51.4
258	-0.013	0.009	0.778	51.6
259	-0.014	0.009	0.775	51.8
260	-0.014	0.008	0.775	52.0
261	-0.016	0.007	0.775	52.2
262	-0.015	0.006	0.777	52.4
263	-0.016	0.005	0.778	52.6
264	-0.013	0.003	0.783	52.8
265	-0.014	0.004	0.781	53.0
266	-0.015	0.007	0.783	53.2
267	-0.016	0.008	0.784	53.4
268	-0.013	0.006	0.782	53.6
269	-0.015	0.005	0.784	53.8
270	-0.017	0.008	0.782	54.0
271	-0.015	0.006	0.781	54.2
272	-0.014	0.003	0.776	54.4
273	-0.015	0.004	0.776	54.6
274	-0.015	0.004	0.774	54.8
275	-0.016	0.005	0.775	55.0
276	-0.017	0.008	0.774	55.2
277	-0.015	0.007	0.778	55.4
278	-0.016	0.008	0.780	55.6
279	-0.017	0.005	0.777	55.8
280	-0.015	0.003	0.782	56.0
281	-0.013	0.003	0.778	56.2
282	-0.017	0.005	0.782	56.4
283	-0.015	0.007	0.786	56.6
284	-0.015	0.006	0.784	56.8
285	-0.015	0.007	0.782	57.0
286	-0.015	0.007	0.781	57.2
287	-0.017	0.006	0.779	57.4
288	-0.017	0.006	0.778	57.6
289	-0.015	0.005	0.780	57.8
290	-0.018	0.004	0.777	58.0
291	-0.016	0.007	0.773	58.2
292	-0.017	0.010	0.778	58.4
293	-0.019	0.006	0.776	58.6
294	-0.016	0.005	0.776	58.8
295	-0.015	0.005	0.781	59.0
296	-0.016	0.006	0.780	59.2
297	-0.016	0.003	0.783	59.4
298	-0.018	0.005	0.783	59.6
299	-0.015	0.005	0.779	59.8
300	-0.016	0.007	0.782	60.0
301	-0.016	0.006	0.778	60.2
302	-0.015	0.006	0.776	60.4
303	-0.015	0.005	0.776	60.6
304	-0.014	0.004	0.775	60.8
305	-0.015	0.003	0.775	61.0
306	-0.016	0.005	0.773	61.2
307	-0.013	0.005	0.775	61.4
308	-0.016	0.006	0.777	61.6
309	-0.017	0.004	0.779	61.8
310	-0.014	0.005	0.782	62.0
311	-0.015	0.007	0.780	62.2
312	-0.016	0.005	0.785	62.4
313	-0.016	0.004	0.783	62.6
314	-0.013	0.004	0.781	62.8
315	-0.015	0.005	0.778	63.0
316	-0.017	0.005	0.778	63.2
317	-0.017	0.005	0.780	63.4
318	-0.017	0.006	0.778	63.6
319	-0.015	0.007	0.775	63.8
320	-0.017	0.005	0.774	64.0
321	-0.015	0.005	0.778	64.2
322	-0.018	0.005	0.776	64.4
323	-0.016	0.002	0.776	64.6
324	-0.017	0.003	0.779	64.8
325	-0.015	0.002	0.781	65.0
326	-0.014	0.005	0.781	65.2
327	-0.015	0.007	0.781	65.4
328	-0.015	0.005	0.779	65.6
329	-0.016	-0.001	0.783	65.8
330	-0.015	0.000	0.783	66.0
331	-0.014	0.002	0.782	66.2
332	-0.015	0.003	0.778	66.4
333	-0.015	0.005	0.775	66.6
334	-0.012	0.005	0.775	66.8
335	-0.009	0.007	0.778	67.0
336	-0.011	0.005	0.777	67.2
337	-0.013	0.005	0.777	67.4
338	-0.013	0.004	0.775	67.6
339	-0.015	0.002	0.778	67.8
340	-0.013	0.003	0.779	68.0
341	-0.013	0.007	0.780	68.2
342	-0.013	0.007	0.781	68.4
343	-0.013	0.009	0.784	68.6
344	-0.015	0.008	0.780	68.8
345	-0.014	0.005	0.781	69.0
346	-0.014	0.005	0.784	69.2
347	-0.017	0.006	0.779	69.4
348	-0.013	0.003	0.778	69.6
349	-0.013	0.005	0.776	69.8
350	-0.015	0.008	0.774	70.0
351	-0.015	0.007	0.775	70.2
352	-0.015	0.009	0.775	70.4
353	-0.013	0.008	0.778	70.6
354	-0.016	0.005	0.779	70.8
355	-0.014	0.005	0.779	71.0
356	-0.014	0.007	0.779	71.2
357	-0.014	0.009	0.781	71.4
358	-0.015	0.009	0.782	71.6
359	-0.014	0.009	0.781	71.8
360	-0.016	0.007	0.782	72.0
361	-0.015	0.009	0.781	72.2
362	-0.015	0.006	0.780	72.4
363	-0.015	0.006	0.779	72.6
364	-0.019	0.003	0.773	72.8
365	-0.015	0.006	0.775	73.0
366	-0.014	0.008	0.777	73.2
367	-0.014	0.011	0.776	73.4
368	-0.015	0.010	0.780	73.6
369	-0.016	0.009	0.776	73.8
370	-0.013	0.008	0.776	74.0
371	-0.012	0.007	0.778	74.2
372	-0.011	0.007	0.783	74.4
373	-0.014	0.006	0.781	74.6
374	-0.011	0.009	0.785	74.8
375	-0.012	0.008	0.780	75.0
376	-0.010	0.011	0.781	75.2
377	-0.011	0.010	0.779	75.4
378	-0.011	0.013	0.777	75.6
379	-0.011	0.009	0.777	75.8
380	-0.009	0.006	0.776	76.0
381	-0.010	0.006	0.775	76.2
382	-0.009	0.009	0.775	76.4
383	-0.011	0.009	0.776	76.6
384	-0.011	0.009	0.782	76.8
385	-0.011	0.009	0.781	77.0
386	-0.008	0.009	0.785	77.2
387	-0.008	0.007	0.780	77.4
388	-0.007	0.005	0.778	77.6
389	-0.008	0.004	0.782	77.8
390	-0.008	0.002	0.780	78.0
391	-0.009	0.003	0.781	78.2
392	-0.007	0.005	0.779	78.4
393	-0.003	0.007	0.777	78.6
394	-0.006	0.007	0.778	78.8
395	-0.005	0.003	0.780	79.0
396	-0.006	0.002	0.775	79.2
397	-0.005	0.004	0.776	79.4
398	-0.005	0.005	0.776	79.6
399	-0.006	0.003	0.779	79.8
400	-0.008	0.005	0.780	80.0
401	-0.006	0.005	0.778	80.2
402	-0.007	0.009	0.782	80.4
403	-0.009	0.010	0.783	80.6
404	-0.005	0.009	0.782	80.8
405	-0.007	0.009	0.781	81.0
406	-0.006	0.007	0.782	81.2
407	-0.006	0.002	0.780	81.4
408	-0.007	0.007	0.779	81.6
409	-0.007	0.009	0.777	81.8
410	-0.007	0.005	0.776	82.0
411	-0.004	0.006	0.776	82.2
412	-0.004	0.007	0.776	82.4
413	-0.005	0.007	0.776	82.6
414	-0.007	0.007	0.779	82.8
415	-0.006	0.007	0.779	83.0
416	-0.003	0.006	0.776	83.2
417	-0.003	0.005	0.779	83.4
418	-0.007	0.006	0.781	83.6
419	-0.003	0.010	0.784	83.8
420	-0.005	0.006	0.780	84.0
421	-0.002	0.007	0.784	84.2
422	-0.004	0.005	0.782	84.4
423	-0.005	0.007	0.782	84.6
424	-0.005	0.009	0.780	84.8
425	-0.007	0.007	0.775	85.0
426	-0.005	0.009	0.776	85.2
427	-0.005	0.009	0.773	85.4
428	-0.005	0.009	0.775	85.6
429	-0.005	0.008	0.772	85.8
430	-0.007	0.009	0.776	86.0
431	-0.007	0.007	0.776	86.2
432	-0.005	0.006	0.778	86.4
433	-0.006	0.010	0.782	86.6
434	-0.006	0.012	0.781	86.8
435	-0.005	0.010	0.782	87.0
436	-0.008	0.009	0.784	87.2
437	-0.005	0.011	0.780	87.4
438	-0.005	0.010	0.779	87.6
439	-0.007	0.009	0.776	87.8
440	-0.005	0.009	0.776	88.0
441	-0.004	0.007	0.775	88.2
442	-0.003	0.009	0.776	88.4
443	-0.003	0.007	0.775	88.6
444	-0.005	0.011	0.779	88.8
445	-0.004	0.011	0.779	89.0
446	-0.005	0.011	0.782	89.2
447	-0.005	0.009	0.784	89.4
448	-0.006	0.007	0.779	89.6
449	-0.005	0.009	0.782	89.8
450	-0.005	0.007	0.781	90.0
451	-0.003	0.007	0.780	90.2
452	-0.004	0.010	0.780	90.4
453	-0.005	0.009	0.782	90.6
454	-0.003	0.009	0.778	90.8
455	-0.002	0.010	0.778	91.0
456	-0.004	0.011	0.775	91.2
457	-0.006	0.009	0.774	91.4
458	-0.005	0.009	0.778	91.6
459	-0.005	0.013	0.783	91.8
460	-0.007	0.012	0.779	92.0
461	-0.005	0.013	0.782	92.2
462	-0.006	0.010	0.782	92.4
463	-0.006	0.009	0.775	92.6
464	-0.005	0.011	0.784	92.8
465	-0.005	0.010	0.779	93.0
466	-0.005	0.010	0.784	93.2
467	-0.006	0.007	0.782	93.4
468	-0.005	0.010	0.780	93.6
469	-0.006	0.011	0.776	93.8
470	-0.007	0.009	0.776	94.0
471	-0.007	0.011	0.778	94.2
472	-0.006	0.011	0.775	94.4
473	-0.005	0.015	0.774	94.6
474	-0.007	0.010	0.778	94.8
475	-0.006	0.009	0.779	95.0
476	-0.007	0.009	0.777	95.2
477	-0.010	0.009	0.779	95.4
478	-0.005	0.011	0.781	95.6
479	-0.007	0.011	0.779	95.8
480	-0.009	0.013	0.780	96.0
481	-0.007	0.011	0.781	96.2
482	-0.007	0.010	0.784	96.4
483	-0.006	0.010	0.778	96.6
484	-0.007	0.009	0.777	96.8
485	-0.006	0.008	0.777	97.0
486	-0.008	0.009	0.777	97.2
487	-0.007	0.009	0.776	97.4
488	-0.006	0.010	0.777	97.6
489	-0.006	0.009	0.777	97.8
490	-0.005	0.009	0.774	98.0
491	-0.009	0.007	0.779	98.2
492	-0.007	0.007	0.777	98.4
493	-0.007	0.005	0.779	98.6
494	-0.006	0.007	0.780	98.8
495	-0.006	0.008	0.784	99.0
496	-0.007	0.009	0.780	99.2
497	-0.005	0.011	0.781	99.4
498	-0.006	0.007	0.782	99.6
499	-0.004	0.005	0.780	99.8
500	-0.005	0.005	0.779	100.0
501	-0.005	0.006	0.780	100.2
502	-0.004	0.010	0.776	100.4
503	-0.004	0.009	0.775	100.6
504	-0.003	0.007	0.779	100.8
505	-0.007	0.007	0.774	101.0
506	-0.005	0.009	0.776	101.2
507	-0.006	0.007	0.778	101.4
508	-0.005	0.007	0.781	101.6
509	-0.007	0.002	0.775	101.8
510	-0.005	0.005	0.784	102.0
511	-0.005	0.007	0.784	102.2
512	-0.005	0.007	0.780	102.4
513	-0.006	0.006	0.777	102.6
514	-0.006	0.008	0.778	102.8
515	-0.009	0.009	0.779	103.0
516	-0.008	0.005	0.776	103.2
517	0.187	-0.061	1.086	103.4
518	0.192	-0.054	1.101	103.6
519	0.184	-0.053	1.101	103.8
520	0.182	-0.051	1.089	104.0
521	0.179	-0.049	1.082	104.2
522	0.178	-0.048	1.078	104.4
523	0.178	-0.048	1.075	104.6
524	0.176	-0.049	1.064	104.8
525	0.174	-0.047	1.072	105.0
526	0.172	-0.046	1.078	105.2
527	0.173	-0.047	1.068	105.4
528	0.174	-0.045	1.072	105.6
529	0.174	-0.046	1.069	105.8
530	0.171	-0.044	1.076	106.0
531	0.172	-0.046	1.073	106.2
532	0.171	-0.045	1.076	106.4
533	0.172	-0.044	1.074	106.6
534	0.169	-0.044	1.071	106.8
535	0.172	-0.044	1.070	107.0
536	0.170	-0.042	1.065	107.2
537	0.171	-0.043	1.065	107.4
538	0.172	-0.044	1.064	107.6
539	0.170	-0.044	1.062	107.8
540	0.168	-0.043	1.064	108.0
541	0.168	-0.044	1.069	108.2
542	0.168	-0.041	1.063	108.4
543	0.167	-0.041	1.059	108.6
544	0.168	-0.042	1.063	108.8
545	0.168	-0.042	1.065	109.0
546	0.167	-0.043	1.068	109.2
547	0.168	-0.040	1.065	109.4
548	0.168	-0.041	1.064	109.6
549	0.167	-0.042	1.061	109.8
550	0.167	-0.044	1.056	110.0
551	0.167	-0.042	1.061	110.2
552	0.167	-0.040	1.058	110.4
553	0.164	-0.041	1.057	110.6
554	0.168	-0.043	1.058	110.8
555	0.165	-0.043	1.056	111.0
556	0.166	-0.041	1.062	111.2
557	0.169	-0.042	1.056	111.4
558	0.165	-0.043	1.057	111.6
559	0.166	-0.043	1.061	111.8
560	0.168	-0.042	1.058	112.0
561	0.169	-0.041	1.062	112.2
562	0.167	-0.042	1.060	112.4
563	0.166	-0.042	1.062	112.6
564	0.168	-0.042	1.063	112.8
565	0.168	-0.042	1.060	113.0
566	0.166	-0.043	1.052	113.2
567	0.167	-0.043	1.058	113.4
568	0.166	-0.042	1.054	113.6
569	0.167	-0.043	1.052	113.8
570	0.165	-0.043	1.063	114.0
571	0.166	-0.044	1.052	114.2
572	0.165	-0.042	1.058	114.4
573	0.165	-0.040	1.062	114.6
574	0.166	-0.040	1.062	114.8
575	0.167	-0.043	1.060	115.0
576	0.165	-0.043	1.061	115.2
577	0.165	-0.041	1.072	115.4
578	0.164	-0.044	1.062	115.6
579	0.167	-0.041	1.055	115.8
580	0.165	-0.040	1.065	116.0
581	0.165	-0.044	1.062	116.2
582	0.165	-0.042	1.053	116.4
583	0.163	-0.041	1.053	116.6
584	0.164	-0.036	1.057	116.8
585	0.163	-0.043	1.058	117.0
586	0.164	-0.043	1.051	117.2
587	0.164	-0.040	1.064	117.4
588	0.161	-0.041	1.058	117.6
589	0.163	-0.041	1.060	117.8
590	0.163	-0.040	1.063	118.0
591	0.162	-0.043	1.061	118.2
592	0.163	-0.043	1.067	118.4
593	0.163	-0.039	1.061	118.6
594	0.161	-0.040	1.057	118.8
595	0.163	-0.041	1.059	119.0
596	0.163	-0.041	1.060	119.2
597	0.165	-0.040	1.056	119.4
598	0.161	-0.040	1.053	119.6
599	0.161	-0.041	1.054	119.8
600	0.164	-0.041	1.057	120.0
601	0.162	-0.042	1.052	120.2
602	0.163	-0.043	1.052	120.4
603	0.162	-0.039	1.048	120.6
604	0.163	-0.041	1.053	120.8
605	0.162	-0.045	1.065	121.0
606	0.164	-0.040	1.059	121.2
607	0.164	-0.040	1.057	121.4
608	0.162	-0.038	1.058	121.6
609	0.160	-0.042	1.059	121.8
610	0.162	-0.045	1.053	122.0
611	0.162	-0.042	1.048	122.2
612	0.161	-0.040	1.054	122.4
613	0.163	-0.042	1.053	122.6
614	0.163	-0.040	1.053	122.8
615	0.162	-0.042	1.051	123.0
616	0.162	-0.040	1.052	123.2
617	0.161	-0.039	1.054	123.4
618	0.161	-0.043	1.050	123.6
619	0.163	-0.042	1.052	123.8
620	0.160	-0.042	1.054	124.0
621	0.163	-0.041	1.062	124.2
622	0.161	-0.040	1.060	124.4
623	0.163	-0.043	1.049	124.6
624	0.162	-0.040	1.050	124.8
625	0.162	-0.041	1.055	125.0
626	0.162	-0.041	1.053	125.2
627	0.161	-0.041	1.050	125.4
628	0.161	-0.040	1.050	125.6
629	0.162	-0.042	1.054	125.8
630	0.163	-0.039	1.049	126.0
631	0.159	-0.043	1.049	126.2
632	0.163	-0.039	1.050	126.4
633	0.162	-0.040	1.054	126.6
634	0.161	-0.040	1.055	126.8
635	0.163	-0.038	1.057	127.0
636	0.164	-0.038	1.060	127.2
637	0.163	-0.037	1.055	127.4
638	0.161	-0.038	1.050	127.6
639	0.161	-0.039	1.048	127.8
640	0.161	-0.040	1.046	128.0
641	0.161	-0.038	1.054	128.2
642	0.163	-0.038	1.050	128.4
643	0.163	-0.040	1.045	128.6
644	0.161	-0.039	1.046	128.8
645	0.161	-0.038	1.040	129.0
646	0.163	-0.037	1.046	129.2
647	0.164	-0.038	1.046	129.4
648	0.163	-0.040	1.052	129.6
649	0.161	-0.036	1.052	129.8
650	0.162	-0.038	1.054	130.0
651	0.161	-0.038	1.054	130.2
652	0.162	-0.038	1.053	130.4
653	0.164	-0.039	1.049	130.6
654	0.162	-0.037	1.052	130.8
655	0.159	-0.040	1.050	131.0
656	0.161	-0.038	1.049	131.2
657	0.161	-0.039	1.046	131.4
658	0.162	-0.037	1.042	131.6
659	0.160	-0.037	1.044	131.8
660	0.160	-0.039	1.048	132.0
661	0.163	-0.037	1.050	132.2
662	0.162	-0.036	1.045	132.4
663	0.161	-0.036	1.050	132.6
664	0.161	-0.040	1.051	132.8
665	0.160	-0.038	1.051	133.0
666	0.161	-0.036	1.049	133.2
667	0.161	-0.038	1.054	133.4
668	0.161	-0.037	1.047	133.6
669	0.161	-0.038	1.048	133.8
670	0.161	-0.035	1.045	134.0
671	0.160	-0.040	1.046	134.2
672	0.159	-0.039	1.046	134.4
673	0.160	-0.038	1.050	134.6
674	0.159	-0.038	1.049	134.8
675	0.160	-0.036	1.050	135.0
676	0.160	-0.038	1.046	135.2
677	0.159	-0.042	1.051	135.4
678	0.160	-0.037	1.056	135.6
679	0.160	-0.037	1.050	135.8
680	0.158	-0.036	1.049	136.0
681	0.160	-0.037	1.050	136.2
682	0.158	-0.040	1.049	136.4
683	0.159	-0.037	1.045	136.6
684	0.159	-0.037	1.039	136.8
685	0.160	-0.038	1.048	137.0
686	0.160	-0.039	1.042	137.2
687	0.160	-0.039	1.045	137.4
688	0.160	-0.037	1.045	137.6
689	0.160	-0.038	1.047	137.8
690	0.160	-0.038	1.051	138.0
691	0.159	-0.040	1.048	138.2
692	0.161	-0.040	1.052	138.4
693	0.160	-0.040	1.052	138.6
694	0.161	-0.039	1.054	138.8
695	0.159	-0.039	1.050	139.0
696	0.157	-0.042	1.053	139.2
697	0.159	-0.037	1.049	139.4
698	0.161	-0.040	1.044	139.6
699	0.161	-0.039	1.045	139.8
700	0.159	-0.037	1.040	140.0
701	0.157	-0.040	1.042	140.2
702	0.159	-0.039	1.045	140.4
703	0.160	-0.040	1.045	140.6
704	0.158	-0.038	1.046	140.8
705	0.157	-0.039	1.042	141.0
706	0.158	-0.039	1.045	141.2
707	0.157	-0.040	1.050	141.4
708	0.158	-0.037	1.055	141.6
709	0.159	-0.041	1.050	141.8
710	0.160	-0.038	1.045	142.0
711	0.159	-0.040	1.051	142.2
712	0.159	-0.039	1.046	142.4
713	0.158	-0.038	1.046	142.6
714	0.158	-0.038	1.045	142.8
715	0.158	-0.038	1.037	143.0
716	0.160	-0.038	1.044	143.2
717	0.159	-0.041	1.042	143.4
718	0.159	-0.042	1.046	143.6
719	0.156	-0.041	1.042	143.8
720	0.156	-0.038	1.042	144.0
721	0.158	-0.041	1.049	144.2
722	0.158	-0.041	1.050	144.4
723	0.158	-0.040	1.047	144.6
724	0.157	-0.038	1.044	144.8
725	0.157	-0.038	1.046	145.0
726	0.158	-0.040	1.040	145.2
727	0.157	-0.042	1.043	145.4
728	0.157	-0.039	1.045	145.6
729	0.158	-0.038	1.040	145.8
730	0.158	-0.039	1.040	146.0
731	0.158	-0.041	1.044	146.2
732	0.160	-0.040	1.046	146.4
733	0.159	-0.038	1.052	146.6
734	0.158	-0.039	1.052	146.8
735	0.158	-0.041	1.052	147.0
736	0.158	-0.037	1.042	147.2
737	0.158	-0.040	1.049	147.4
738	0.159	-0.038	1.046	147.6
739	0.159	-0.038	1.051	147.8
740	0.156	-0.037	1.046	148.0
741	0.157	-0.040	1.040	148.2
742	0.157	-0.037	1.041	148.4
743	0.158	-0.037	1.041	148.6
744	0.161	-0.038	1.049	148.8
745	0.157	-0.038	1.041	149.0
746	0.160	-0.037	1.042	149.2
747	0.159	-0.039	1.045	149.4
748	0.158	-0.038	1.048	149.6
749	0.159	-0.036	1.051	149.8
750	0.157	-0.038	1.044	150.0
751	0.159	-0.037	1.046	150.2
752	0.159	-0.039	1.044	150.4
753	0.160	-0.037	1.046	150.6
754	0.158	-0.038	1.044	150.8
755	0.158	-0.038	1.042	151.0
756	0.157	-0.036	1.037	151.2
757	0.159	-0.036	1.034	151.4
758	0.159	-0.036	1.040	151.6
759	0.156	-0.036	1.042	151.8
760	0.156	-0.038	1.042	152.0
761	0.159	-0.037	1.046	152.2
762	0.159	-0.037	1.044	152.4
763	0.159	-0.036	1.053	152.6
764	0.158	-0.035	1.046	152.8
765	0.157	-0.036	1.049	153.0
766	0.158	-0.037	1.049	153.2
767	0.157	-0.036	1.045	153.4
768	0.157	-0.037	1.042	153.6
769	0.158	-0.038	1.043	153.8
770	0.158	-0.035	1.044	154.0
771	0.157	-0.033	1.045	154.2
772	0.156	-0.036	1.039	154.4
773	0.156	-0.036	1.044	154.6
774	0.156	-0.039	1.051	154.8
775	0.157	-0.036	1.050	155.0
776	0.157	-0.036	1.043	155.2
777	0.156	-0.036	1.045	155.4
778	0.156	-0.037	1.045	155.6
779	0.155	-0.036	1.044	155.8
780	0.156	-0.037	1.039	156.0
781	0.155	-0.037	1.042	156.2
782	0.157	-0.035	1.044	156.4
783	0.158	-0.036	1.039	156.6
784	0.157	-0.039	1.036	156.8
785	0.157	-0.035	1.037	157.0
786	0.157	-0.035	1.042	157.2
787	0.155	-0.035	1.042	157.4
788	0.156	-0.036	1.046	157.6
789	0.156	-0.038	1.047	157.8
790	0.155	-0.037	1.050	158.0
791	0.157	-0.036	1.042	158.2
792	0.155	-0.034	1.045	158.4
793	0.156	-0.037	1.044	158.6
794	0.156	-0.037	1.041	158.8
795	0.155	-0.036	1.042	159.0
796	0.155	-0.036	1.041	159.2
797	0.154	-0.037	1.039	159.4
798	0.157	-0.040	1.036	159.6
799	0.156	-0.037	1.036	159.8
800	0.156	-0.034	1.038	160.0
801	0.156	-0.033	1.046	160.2
802	0.155	-0.037	1.042	160.4
803	0.157	-0.036	1.044	160.6
804	0.156	-0.036	1.040	160.8
805	0.156	-0.036	1.044	161.0
806	0.156	-0.036	1.040	161.2
807	0.154	-0.036	1.038	161.4
808	0.156	-0.038	1.040	161.6
809	0.155	-0.037	1.044	161.8
810	0.155	-0.036	1.038	162.0
811	0.155	-0.035	1.038	162.2
812	0.153	-0.035	1.035	162.4
813	0.157	-0.036	1.039	162.6
814	0.154	-0.037	1.042	162.8
815	0.155	-0.038	1.042	163.0
816	0.155	-0.035	1.043	163.2
817	0.155	-0.035	1.044	163.4
818	0.155	-0.035	1.039	163.6
819	0.155	-0.036	1.036	163.8
820	0.156	-0.033	1.042	164.0
821	0.156	-0.035	1.036	164.2
822	0.155	-0.036	1.034	164.4
823	0.156	-0.036	1.034	164.6
824	0.155	-0.036	1.029	164.8
825	0.154	-0.036	1.036	165.0
826	0.154	-0.035	1.038	165.2
827	0.155	-0.035	1.036	165.4
828	0.156	-0.034	1.038	165.6
829	0.156	-0.036	1.039	165.8
830	0.155	-0.035	1.039	166.0
831	0.154	-0.035	1.042	166.2
832	0.157	-0.035	1.043	166.4
833	0.158	-0.034	1.037	166.6
834	0.156	-0.035	1.040	166.8
835	0.156	-0.037	1.037	167.0
836	0.156	-0.034	1.037	167.2
837	0.154	-0.034	1.030	167.4
838	0.155	-0.033	1.034	167.6
839	0.155	-0.035	1.035	167.8
840	0.153	-0.035	1.037	168.0
841	0.156	-0.034	1.039	168.2
842	0.155	-0.032	1.035	168.4
843	0.154	-0.033	1.040	168.6
844	0.154	-0.035	1.042	168.8
845	0.153	-0.035	1.043	169.0
846	0.155	-0.031	1.042	169.2
847	0.152	-0.034	1.038	169.4
848	0.151	-0.034	1.037	169.6
849	0.151	-0.034	1.035	169.8
850	0.156	-0.034	1.038	170.0
851	0.154	-0.033	1.033	170.2
852	0.151	-0.032	1.034	170.4
853	0.152	-0.035	1.028	170.6
854	0.151	-0.034	1.037	170.8
855	0.154	-0.034	1.035	171.0
856	0.150	-0.033	1.032	171.2
857	0.153	-0.036	1.038	171.4
858	0.152	-0.035	1.032	171.6
859	0.154	-0.035	1.039	171.8
860	0.151	-0.032	1.036	172.0
861	0.152	-0.032	1.032	172.2
862	0.152	-0.033	1.031	172.4
863	0.152	-0.033	1.028	172.6
864	0.152	-0.034	1.038	172.8
865	0.153	-0.037	1.036	173.0
866	0.150	-0.030	1.033	173.2
867	0.150	-0.033	1.030	173.4
868	0.150	-0.034	1.034	173.6
869	0.153	-0.036	1.038	173.8
870	0.151	-0.035	1.032	174.0
871	0.151	-0.033	1.040	174.2
872	0.150	-0.034	1.039	174.4
873	0.150	-0.034	1.038	174.6
874	0.152	-0.033	1.031	174.8
875	0.150	-0.035	1.032	175.0
876	0.149	-0.033	1.028	175.2
877	0.150	-0.033	1.029	175.4
878	0.150	-0.033	1.033	175.6
879	0.150	-0.034	1.032	175.8
880	0.150	-0.033	1.032	176.0
881	0.149	-0.033	1.036	176.2
882	0.151	-0.032	1.033	176.4
883	0.147	-0.030	1.036	176.6
884	0.149	-0.032	1.030	176.8
885	0.148	-0.034	1.041	177.0
886	0.149	-0.032	1.036	177.2
887	0.150	-0.034	1.038	177.4
888	0.149	-0.030	1.033	177.6
889	0.150	-0.031	1.028	177.8
890	0.148	-0.033	1.031	178.0
891	0.149	-0.032	1.023	178.2
892	0.148	-0.033	1.031	178.4
893	0.150	-0.032	1.033	178.6
894	0.145	-0.033	1.030	178.8
895	0.148	-0.033	1.032	179.0
896	0.149	-0.030	1.030	179.2
897	0.148	-0.031	1.037	179.4
898	0.148	-0.031	1.032	179.6
899	0.148	-0.032	1.035	179.8
900	0.148	-0.030	1.028	180.0
901	0.148	-0.029	1.034	180.2
902	0.148	-0.031	1.032	180.4
903	0.149	-0.031	1.025	180.6
904	0.148	-0.033	1.029	180.8
905	0.147	-0.030	1.026	181.0
906	0.149	-0.029	1.028	181.2
907	0.147	-0.030	1.029	181.4
908	0.146	-0.031	1.026	181.6
909	0.147	-0.033	1.035	181.8
910	0.150	-0.032	1.031	182.0
911	0.148	-0.032	1.039	182.2
912	0.147	-0.029	1.030	182.4
913	0.148	-0.030	1.028	182.6
914	0.148	-0.032	1.030	182.8
915	0.147	-0.031	1.033	183.0
916	0.148	-0.032	1.030	183.2
917	0.148	-0.032	1.030	183.4
918	0.148	-0.031	1.029	183.6
919	0.147	-0.031	1.026	183.8
920	0.148	-0.030	1.027	184.0
921	0.148	-0.030	1.031	184.2
922	0.145	-0.031	1.031	184.4
923	0.147	-0.033	1.032	184.6
924	0.146	-0.031	1.034	184.8
925	0.147	-0.030	1.035	185.0
926	0.148	-0.032	1.027	185.2
927	0.148	-0.032	1.034	185.4
928	0.148	-0.030	1.028	185.6
929	0.148	-0.030	1.024	185.8
930	0.148	-0.030	1.024	186.0
931	0.146	-0.030	1.024	186.2
932	0.149	-0.032	1.023	186.4
933	0.149	-0.030	1.030	186.6
934	0.146	-0.030	1.032	186.8
935	0.148	-0.030	1.026	187.0
936	0.147	-0.030	1.031	187.2
937	0.148	-0.030	1.032	187.4
938	0.148	-0.032	1.026	187.6
939	0.148	-0.029	1.032	187.8
940	0.148	-0.028	1.029	188.0
941	0.148	-0.028	1.031	188.2
942	0.147	-0.028	1.025	188.4
943	0.146	-0.028	1.025	188.6
944	0.147	-0.029	1.024	188.8
945	0.147	-0.029	1.026	189.0
946	0.147	-0.030	1.027	189.2
947	0.147	-0.030	1.028	189.4
948	0.145	-0.030	1.029	189.6
949	0.146	-0.030	1.026	189.8
950	0.145	-0.030	1.027	190.0
951	0.147	-0.030	1.030	190.2
952	0.146	-0.029	1.035	190.4
953	0.146	-0.029	1.028	190.6
954	0.146	-0.029	1.028	190.8
955	0.147	-0.030	1.028	191.0
956	0.147	-0.028	1.024	191.2
957	0.144	-0.029	1.028	191.4
958	0.145	-0.029	1.023	191.6
959	0.144	-0.032	1.021	191.8
960	0.145	-0.032	1.026	192.0
961	0.144	-0.032	1.029	192.2
962	0.147	-0.029	1.034	192.4
963	0.144	-0.031	1.023	192.6
964	0.144	-0.030	1.030	192.8
965	0.143	-0.030	1.024	193.0
966	0.145	-0.029	1.028	193.2
967	0.144	-0.030	1.025	193.4
968	0.144	-0.028	1.028	193.6
969	0.144	-0.033	1.024	193.8
970	0.144	-0.032	1.021	194.0
971	0.142	-0.032	1.024	194.2
972	0.143	-0.030	1.025	194.4
973	0.144	-0.029	1.019	194.6
974	0.143	-0.031	1.028	194.8
975	0.144	-0.030	1.031	195.0
976	0.143	-0.032	1.030	195.2
977	0.143	-0.031	1.027	195.4
978	0.144	-0.030	1.038	195.6
979	0.141	-0.030	1.027	195.8
980	0.144	-0.029	1.027	196.0
981	0.143	-0.029	1.020	196.2
982	0.143	-0.029	1.022	196.4
983	0.142	-0.027	1.023	196.6
984	0.142	-0.030	1.022	196.8
985	0.143	-0.026	1.020	197.0
986	0.143	-0.029	1.022	197.2
987	0.143	-0.026	1.023	197.4
988	0.141	-0.028	1.022	197.6
989	0.142	-0.025	1.020	197.8
990	0.141	-0.027	1.026	198.0
991	0.144	-0.027	1.022	198.2
992	0.144	-0.026	1.028	198.4
993	0.142	-0.025	1.019	198.6
994	0.141	-0.026	1.027	198.8
995	0.144	-0.027	1.019	199.0
996	0.144	-0.029	1.019	199.2
997	0.143	-0.026	1.022	199.4
998	0.143	-0.026	1.017	199.6
999	0.143	-0.024	1.024	199.8
1000	0.144	-0.026	1.024	200.0
1001	0.142	-0.025	1.030	200.2
1002	0.142	-0.027	1.020	200.4
1003	0.143	-0.026	1.024	200.6
1004	0.145	-0.028	1.024	200.8
1005	0.142	-0.027	1.020	201.0
1006	0.143	-0.027	1.026	201.2
1007	0.143	-0.026	1.019	201.4
1008	0.143	-0.026	1.015	201.6
1009	0.143	-0.026	1.018	201.8
1010	0.143	-0.029	1.021	202.0
1011	0.143	-0.028	1.019	202.2
1012	0.142	-0.028	1.026	202.4
1013	0.141	-0.026	1.027	202.6
1014	0.143	-0.025	1.027	202.8
1015	0.141	-0.025	1.025	203.0
1016	0.142	-0.028	1.020	203.2
1017	0.143	-0.026	1.155	203.4
1018	0.384	-0.107	1.440	203.6
1019	0.382	-0.107	1.412	203.8
1020	0.375	-0.102	1.393	204.0
1021	0.370	-0.103	1.399	204.2
1022	0.368	-0.103	1.399	204.4
1023	0.367	-0.099	1.393	204.6
1024	0.364	-0.097	1.383	204.8
1025	0.364	-0.098	1.382	205.0
1026	0.362	-0.098	1.379	205.2
1027	0.362	-0.100	1.379	205.4
1028	0.360	-0.097	1.373	205.6
1029	0.358	-0.095	1.374	205.8
1030	0.359	-0.096	1.374	206.0
1031	0.359	-0.096	1.374	206.2
1032	0.358	-0.098	1.378	206.4
1033	0.356	-0.095	1.380	206.6
1034	0.357	-0.094	1.372	206.8
1035	0.357	-0.095	1.367	207.0
1036	0.356	-0.095	1.371	207.2
1037	0.356	-0.096	1.379	207.4
1038	0.353	-0.095	1.370	207.6
1039	0.353	-0.092	1.363	207.8
1040	0.353	-0.092	1.359	208.0
1041	0.352	-0.094	1.358	208.2
1042	0.352	-0.093	1.361	208.4
1043	0.354	-0.093	1.367	208.6
1044	0.351	-0.091	1.363	208.8
1045	0.350	-0.094	1.364	209.0
1046	0.352	-0.093	1.361	209.2
1047	0.352	-0.094	1.365	209.4
1048	0.352	-0.092	1.363	209.6
1049	0.352	-0.092	1.369	209.8
1050	0.351	-0.094	1.359	210.0
1051	0.349	-0.092	1.365	210.2
1052	0.351	-0.091	1.361	210.4
1053	0.351	-0.090	1.359	210.6
1054	0.349	-0.089	1.351	210.8
1055	0.349	-0.089	1.354	211.0
1056	0.350	-0.090	1.358	211.2
1057	0.351	-0.090	1.359	211.4
1058	0.352	-0.091	1.357	211.6
1059	0.350	-0.090	1.358	211.8
1060	0.349	-0.089	1.357	212.0
1061	0.349	-0.089	1.359	212.2
1062	0.350	-0.089	1.361	212.4
1063	0.350	-0.090	1.357	212.6
1064	0.350	-0.091	1.351	212.8
1065	0.350	-0.091	1.347	213.0
1066	0.347	-0.090	1.351	213.2
1067	0.350	-0.087	1.353	213.4
1068	0.350	-0.090	1.353	213.6
1069	0.350	-0.090	1.352	213.8
1070	0.348	-0.091	1.348	214.0
1071	0.348	-0.088	1.347	214.2
1072	0.347	-0.090	1.355	214.4
1073	0.348	-0.088	1.357	214.6
1074	0.348	-0.090	1.349	214.8
1075	0.348	-0.088	1.346	215.0
1076	0.350	-0.087	1.346	215.2
1077	0.348	-0.087	1.343	215.4
1078	0.347	-0.091	1.345	215.6
1079	0.349	-0.090	1.346	215.8
1080	0.345	-0.089	1.343	216.0
1081	0.347	-0.089	1.339	216.2
1082	0.348	-0.087	1.349	216.4
1083	0.348	-0.087	1.354	216.6
1084	0.348	-0.089	1.353	216.8
1085	0.344	-0.089	1.353	217.0
1086	0.346	-0.089	1.347	217.2
1087	0.346	-0.090	1.348	217.4
1088	0.345	-0.088	1.347	217.6
1089	0.345	-0.088	1.345	217.8
1090	0.346	-0.089	1.347	218.0
1091	0.345	-0.089	1.344	218.2
1092	0.345	-0.087	1.344	218.4
1093	0.346	-0.087	1.343	218.6
1094	0.345	-0.086	1.346	218.8
1095	0.345	-0.087	1.342	219.0
1096	0.344	-0.089	1.346	219.2
1097	0.344	-0.088	1.346	219.4
1098	0.345	-0.088	1.350	219.6
1099	0.346	-0.088	1.347	219.8
1100	0.345	-0.088	1.348	220.0
1101	0.345	-0.087	1.344	220.2
1102	0.344	-0.088	1.344	220.4
1103	0.344	-0.088	1.343	220.6
1104	0.343	-0.086	1.342	220.8
1105	0.344	-0.087	1.344	221.0
1106	0.342	-0.088	1.344	221.2
1107	0.344	-0.086	1.342	221.4
1108	0.343	-0.087	1.343	221.6
1109	0.344	-0.087	1.345	221.8
1110	0.344	-0.087	1.347	222.0
1111	0.345	-0.088	1.345	222.2
1112	0.342	-0.088	1.347	222.4
1113	0.345	-0.089	1.338	222.6
1114	0.343	-0.084	1.333	222.8
1115	0.345	-0.086	1.338	223.0
1116	0.345	-0.087	1.339	223.2
1117	0.344	-0.087	1.342	223.4
1118	0.344	-0.088	1.334	223.6
1119	0.343	-0.086	1.338	223.8
1120	0.344	-0.088	1.339	224.0
1121	0.343	-0.085	1.348	224.2
1122	0.344	-0.090	1.338	224.4
1123	0.344	-0.087	1.340	224.6
1124	0.346	-0.086	1.349	224.8
1125	0.344	-0.083	1.346	225.0
1126	0.343	-0.087	1.341	225.2
1127	0.343	-0.086	1.339	225.4
1128	0.345	-0.086	1.331	225.6
1129	0.345	-0.086	1.342	225.8
1130	0.344	-0.086	1.335	226.0
1131	0.344	-0.086	1.343	226.2
1132	0.343	-0.087	1.334	226.4
1133	0.345	-0.086	1.336	226.6
1134	0.344	-0.088	1.334	226.8
1135	0.345	-0.086	1.349	227.0
1136	0.342	-0.087	1.338	227.2
1137	0.342	-0.089	1.340	227.4
1138	0.344	-0.084	1.339	227.6
1139	0.342	-0.085	1.346	227.8
1140	0.345	-0.084	1.338	228.0
1141	0.344	-0.085	1.339	228.2
1142	0.343	-0.085	1.331	228.4
1143	0.342	-0.085	1.335	228.6
1144	0.343	-0.084	1.336	228.8
1145	0.344	-0.085	1.343	229.0
1146	0.341	-0.084	1.330	229.2
1147	0.343	-0.086	1.337	229.4
1148	0.344	-0.087	1.332	229.6
1149	0.341	-0.086	1.344	229.8
1150	0.344	-0.084	1.342	230.0
1151	0.343	-0.085	1.338	230.2
1152	0.343	-0.087	1.336	230.4
1153	0.342	-0.087	1.330	230.6
1154	0.341	-0.085	1.333	230.8
1155	0.342	-0.085	1.330	231.0
1156	0.342	-0.084	1.339	231.2
1157	0.342	-0.086	1.330	231.4
1158	0.340	-0.087	1.336	231.6
1159	0.343	-0.086	1.330	231.8
1160	0.341	-0.085	1.332	232.0
1161	0.340	-0.085	1.333	232.2
1162	0.340	-0.086	1.343	232.4
1163	0.341	-0.086	1.342	232.6
1164	0.341	-0.084	1.336	232.8
1165	0.341	-0.087	1.335	233.0
1166	0.339	-0.086	1.334	233.2
1167	0.339	-0.083	1.332	233.4
1168	0.338	-0.083	1.332	233.6
1169	0.338	-0.085	1.331	233.8
1170	0.341	-0.086	1.330	234.0
1171	0.338	-0.087	1.330	234.2
1172	0.339	-0.083	1.330	234.4
1173	0.340	-0.085	1.330	234.6
1174	0.339	-0.088	1.338	234.8
1175	0.340	-0.086	1.336	235.0
1176	0.338	-0.083	1.340	235.2
1177	0.336	-0.083	1.337	235.4
1178	0.336	-0.085	1.335	235.6
1179	0.339	-0.087	1.331	235.8
1180	0.339	-0.084	1.334	236.0
1181	0.338	-0.084	1.333	236.2
1182	0.339	-0.083	1.337	236.4
1183	0.338	-0.085	1.333	236.6
1184	0.339	-0.083	1.330	236.8
1185	0.338	-0.082	1.329	237.0
1186	0.339	-0.084	1.331	237.2
1187	0.338	-0.080	1.334	237.4
1188	0.337	-0.083	1.345	237.6
1189	0.337	-0.085	1.341	237.8
1190	0.337	-0.083	1.342	238.0
1191	0.336	-0.083	1.326	238.2
1192	0.337	-0.083	1.327	238.4
1193	0.335	-0.084	1.329	238.6
1194	0.336	-0.084	1.330	238.8
1195	0.335	-0.083	1.329	239.0
1196	0.336	-0.084	1.336	239.2
1197	0.338	-0.084	1.322	239.4
1198	0.336	-0.082	1.330	239.6
1199	0.336	-0.083	1.332	239.8
1200	0.335	-0.085	1.336	240.0
1201	0.337	-0.084	1.334	240.2
1202	0.336	-0.082	1.335	240.4
1203	0.335	-0.081	1.336	240.6
1204	0.334	-0.085	1.339	240.8
1205	0.334	-0.083	1.332	241.0
1206	0.337	-0.082	1.332	241.2
1207	0.335	-0.082	1.326	241.4
1208	0.336	-0.084	1.331	241.6
1209	0.334	-0.082	1.331	241.8
1210	0.332	-0.084	1.330	242.0
1211	0.335	-0.082	1.332	242.2
1212	0.334	-0.080	1.329	242.4
1213	0.335	-0.084	1.326	242.6
1214	0.333	-0.083	1.339	242.8
1215	0.334	-0.085	1.329	243.0
1216	0.336	-0.083	1.332	243.2
1217	0.333	-0.082	1.329	243.4
1218	0.334	-0.081	1.344	243.6
1219	0.334	-0.083	1.330	243.8
1220	0.335	-0.086	1.329	244.0
1221	0.333	-0.085	1.323	244.2
1222	0.334	-0.082	1.331	244.4
1223	0.333	-0.083	1.333	244.6
1224	0.334	-0.083	1.330	244.8
1225	0.334	-0.084	1.331	245.0
1226	0.334	-0.080	1.329	245.2
1227	0.332	-0.083	1.332	245.4
1228	0.333	-0.082	1.332	245.6
1229	0.335	-0.082	1.337	245.8
1230	0.335	-0.082	1.338	246.0
1231	0.334	-0.083	1.334	246.2
1232	0.335	-0.083	1.323	246.4
1233	0.332	-0.082	1.320	246.6
1234	0.332	-0.082	1.329	246.8
1235	0.334	-0.083	1.330	247.0
1236	0.334	-0.084	1.314	247.2
1237	0.335	-0.083	1.318	247.4
1238	0.332	-0.082	1.332	247.6
1239	0.334	-0.084	1.330	247.8
1240	0.333	-0.083	1.336	248.0
1241	0.332	-0.082	1.326	248.2
1242	0.331	-0.085	1.323	248.4
1243	0.332	-0.084	1.333	248.6
1244	0.332	-0.082	1.329	248.8
1245	0.335	-0.084	1.338	249.0
1246	0.331	-0.083	1.333	249.2
1247	0.332	-0.082	1.324	249.4
1248	0.332	-0.081	1.317	249.6
1249	0.333	-0.082	1.323	249.8
1250	0.333	-0.085	1.329	250.0
1251	0.332	-0.083	1.333	250.2
1252	0.332	-0.082	1.322	250.4
1253	0.331	-0.084	1.314	250.6
1254	0.332	-0.083	1.322	250.8
1255	0.332	-0.084	1.339	251.0
1256	0.332	-0.081	1.333	251.2
1257	0.332	-0.082	1.327	251.4
1258	0.331	-0.082	1.326	251.6
1259	0.331	-0.083	1.328	251.8
1260	0.331	-0.083	1.328	252.0
1261	0.331	-0.079	1.321	252.2
1262	0.330	-0.081	1.331	252.4
1263	0.331	-0.083	1.325	252.6
1264	0.331	-0.081	1.330	252.8
1265	0.331	-0.082	1.326	253.0
1266	0.331	-0.084	1.334	253.2
1267	0.330	-0.082	1.330	253.4
1268	0.331	-0.082	1.329	253.6
1269	0.330	-0.081	1.321	253.8
1270	0.330	-0.083	1.334	254.0
1271	0.330	-0.082	1.343	254.2
1272	0.329	-0.081	1.313	254.4
1273	0.333	-0.081	1.313	254.6
1274	0.329	-0.080	1.326	254.8
1275	0.330	-0.083	1.323	255.0
1276	0.329	-0.082	1.323	255.2
1277	0.329	-0.080	1.321	255.4
1278	0.330	-0.080	1.321	255.6
1279	0.329	-0.081	1.325	255.8
1280	0.330	-0.084	1.326	256.0
1281	0.331	-0.083	1.327	256.2
1282	0.330	-0.081	1.324	256.4
1283	0.328	-0.081	1.330	256.6
1284	0.330	-0.081	1.322	256.8
1285	0.329	-0.083	1.333	257.0
1286	0.330	-0.082	1.332	257.2
1287	0.330	-0.082	1.309	257.4
1288	0.329	-0.082	1.339	257.6
1289	0.329	-0.083	1.301	257.8
1290	0.332	-0.079	1.297	258.0
1291	0.330	-0.079	1.325	258.2
1292	0.329	-0.080	1.345	258.4
1293	0.327	-0.082	1.305	258.6
1294	0.329	-0.083	1.314	258.8
1295	0.329	-0.079	1.319	259.0
1296	0.329	-0.081	1.335	259.2
1297	0.329	-0.079	1.345	259.4
1298	0.330	-0.082	1.317	259.6
1299	0.330	-0.080	1.314	259.8
1300	0.329	-0.080	1.304	260.0
1301	0.327	-0.080	1.338	260.2
1302	0.327	-0.083	1.319	260.4
1303	0.327	-0.079	1.312	260.6
1304	0.330	-0.079	1.310	260.8
1305	0.327	-0.077	1.326	261.0
1306	0.329	-0.082	1.312	261.2
1307	0.327	-0.082	1.329	261.4
1308	0.326	-0.080	1.368	261.6
1309	0.326	-0.080	1.279	261.8
1310	0.326	-0.082	1.253	262.0
1311	0.328	-0.078	1.320	262.2
1312	0.326	-0.078	1.377	262.4
1313	0.327	-0.082	1.342	262.6
1314	0.326	-0.082	1.307	262.8
1315	0.326	-0.080	1.348	263.0
1316	0.326	-0.081	1.344	263.2
1317	0.326	-0.082	1.321	263.4
1318	0.325	-0.082	1.286	263.6
1319	0.326	-0.079	1.313	263.8
1320	0.326	-0.080	1.333	264.0
1321	0.327	-0.080	1.336	264.2
1322	0.328	-0.079	1.320	264.4
1323	0.325	-0.078	1.317	264.6
1324	0.325	-0.080	1.316	264.8
1325	0.326	-0.079	1.335	265.0
1326	0.328	-0.081	1.327	265.2
1327	0.328	-0.078	1.302	265.4
1328	0.325	-0.080	1.309	265.6
1329	0.327	-0.079	1.320	265.8
1330	0.324	-0.082	1.330	266.0
1331	0.325	-0.079	1.313	266.2
1332	0.327	-0.081	1.301	266.4
1333	0.326	-0.077	1.319	266.6
1334	0.327	-0.080	1.335	266.8
1335	0.324	-0.080	1.324	267.0
1336	0.327	-0.081	1.313	267.2
1337	0.326	-0.076	1.317	267.4
1338	0.325	-0.081	1.314	267.6
1339	0.325	-0.080	1.328	267.8
1340	0.326	-0.080	1.319	268.0
1341	0.324	-0.082	1.309	268.2
1342	0.324	-0.079	1.314	268.4
1343	0.325	-0.079	1.312	268.6
1344	0.324	-0.081	1.312	268.8
1345	0.326	-0.079	1.321	269.0
1346	0.323	-0.079	1.318	269.2
1347	0.324	-0.079	1.310	269.4
1348	0.325	-0.082	1.313	269.6
1349	0.326	-0.078	1.317	269.8
1350	0.326	-0.077	1.318	270.0
1351	0.325	-0.080	1.331	270.2
1352	0.324	-0.081	1.329	270.4
1353	0.324	-0.078	1.314	270.6
1354	0.323	-0.078	1.322	270.8
1355	0.324	-0.079	1.315	271.0
1356	0.325	-0.081	1.312	271.2
1357	0.326	-0.079	1.316	271.4
1358	0.325	-0.078	1.314	271.6
1359	0.326	-0.077	1.308	271.8
1360	0.325	-0.076	1.314	272.0
1361	0.325	-0.080	1.312	272.2
1362	0.326	-0.080	1.314	272.4
1363	0.326	-0.081	1.312	272.6
1364	0.325	-0.076	1.320	272.8
1365	0.324	-0.081	1.317	273.0
1366	0.325	-0.081	1.316	273.2
1367	0.325	-0.079	1.313	273.4
1368	0.326	-0.077	1.318	273.6
1369	0.323	-0.078	1.315	273.8
1370	0.326	-0.081	1.317	274.0
1371	0.324	-0.079	1.311	274.2
1372	0.326	-0.078	1.313	274.4
1373	0.324	-0.080	1.309	274.6
1374	0.323	-0.080	1.321	274.8
1375	0.323	-0.078	1.313	275.0
1376	0.323	-0.078	1.316	275.2
1377	0.323	-0.080	1.314	275.4
1378	0.323	-0.082	1.312	275.6
1379	0.322	-0.079	1.312	275.8
1380	0.324	-0.079	1.323	276.0
1381	0.323	-0.079	1.313	276.2
1382	0.323	-0.079	1.307	276.4
1383	0.323	-0.079	1.318	276.6
1384	0.323	-0.079	1.312	276.8
1385	0.321	-0.080	1.305	277.0
1386	0.324	-0.081	1.311	277.2
1387	0.324	-0.079	1.307	277.4
1388	0.324	-0.078	1.309	277.6
1389	0.323	-0.077	1.314	277.8
1390	0.322	-0.077	1.321	278.0
1391	0.323	-0.077	1.317	278.2
1392	0.322	-0.079	1.320	278.4
1393	0.322	-0.080	1.315	278.6
1394	0.321	-0.079	1.310	278.8
1395	0.323	-0.076	1.316	279.0
1396	0.321	-0.077	1.309	279.2
1397	0.321	-0.080	1.316	279.4
1398	0.322	-0.078	1.306	279.6
1399	0.323	-0.078	1.314	279.8
1400	0.322	-0.074	1.312	280.0
1401	0.322	-0.079	1.312	280.2
1402	0.321	-0.078	1.311	280.4
1403	0.321	-0.077	1.313	280.6
1404	0.321	-0.076	1.313	280.8
1405	0.320	-0.076	1.317	281.0
1406	0.321	-0.079	1.315	281.2
1407	0.321	-0.077	1.321	281.4
1408	0.322	-0.077	1.310	281.6
1409	0.322	-0.076	1.310	281.8
1410	0.321	-0.077	1.315	282.0
1411	0.322	-0.078	1.316	282.2
1412	0.321	-0.077	1.311	282.4
1413	0.321	-0.077	1.310	282.6
1414	0.321	-0.076	1.303	282.8
1415	0.320	-0.078	1.315	283.0
1416	0.322	-0.076	1.315	283.2
1417	0.321	-0.075	1.309	283.4
1418	0.324	-0.077	1.310	283.6
1419	0.321	-0.077	1.312	283.8
1420	0.322	-0.076	1.316	284.0
1421	0.319	-0.076	1.314	284.2
1422	0.319	-0.077	1.319	284.4
1423	0.320	-0.080	1.316	284.6
1424	0.320	-0.080	1.308	284.8
1425	0.318	-0.077	1.308	285.0
1426	0.320	-0.078	1.306	285.2
1427	0.320	-0.077	1.309	285.4
1428	0.320	-0.080	1.313	285.6
1429	0.319	-0.077	1.306	285.8
1430	0.318	-0.077	1.305	286.0
1431	0.322	-0.076	1.318	286.2
1432	0.321	-0.079	1.310	286.4
1433	0.318	-0.081	1.314	286.6
1434	0.318	-0.076	1.316	286.8
1435	0.321	-0.076	1.308	287.0
1436	0.319	-0.077	1.316	287.2
1437	0.320	-0.080	1.311	287.4
1438	0.319	-0.077	1.310	287.6
1439	0.321	-0.078	1.309	287.8
1440	0.322	-0.080	1.302	288.0
1441	0.320	-0.077	1.312	288.2
1442	0.319	-0.079	1.309	288.4
1443	0.320	-0.076	1.306	288.6
1444	0.319	-0.080	1.308	288.8
1445	0.319	-0.078	1.313	289.0
1446	0.319	-0.076	1.312	289.2
1447	0.318	-0.079	1.321	289.4
1448	0.320	-0.075	1.312	289.6
1449	0.321	-0.078	1.311	289.8
1450	0.319	-0.077	1.312	290.0
1451	0.320	-0.077	1.306	290.2
1452	0.320	-0.077	1.308	290.4
1453	0.317	-0.078	1.314	290.6
1454	0.320	-0.076	1.306	290.8
1455	0.317	-0.076	1.304	291.0
1456	0.318	-0.078	1.302	291.2
1457	0.318	-0.077	1.309	291.4
1458	0.318	-0.076	1.320	291.6
1459	0.319	-0.077	1.309	291.8
1460	0.318	-0.078	1.308	292.0
1461	0.317	-0.076	1.312	292.2
1462	0.316	-0.079	1.314	292.4
1463	0.317	-0.077	1.307	292.6
1464	0.318	-0.077	1.312	292.8
1465	0.317	-0.077	1.302	293.0
1466	0.318	-0.076	1.309	293.2
1467	0.319	-0.076	1.301	293.4
1468	0.321	-0.075	1.309	293.6
1469	0.318	-0.076	1.308	293.8
1470	0.316	-0.076	1.304	294.0
1471	0.316	-0.077	1.310	294.2
1472	0.317	-0.075	1.307	294.4
1473	0.316	-0.075	1.310	294.6
1474	0.317	-0.076	1.310	294.8
1475	0.316	-0.075	1.309	295.0
1476	0.316	-0.076	1.310	295.2
1477	0.317	-0.072	1.311	295.4
1478	0.316	-0.075	1.301	295.6
1479	0.317	-0.078	1.308	295.8
1480	0.316	-0.075	1.302	296.0
1481	0.315	-0.072	1.300	296.2
1482	0.315	-0.075	1.308	296.4
1483	0.317	-0.077	1.302	296.6
1484	0.314	-0.077	1.303	296.8
1485	0.318	-0.077	1.310	297.0
1486	0.315	-0.077	1.310	297.2
1487	0.316	-0.074	1.308	297.4
1488	0.315	-0.075	1.307	297.6
1489	0.313	-0.076	1.302	297.8
1490	0.313	-0.076	1.315	298.0
1491	0.315	-0.073	1.304	298.2
1492	0.314	-0.075	1.308	298.4
1493	0.315	-0.074	1.310	298.6
1494	0.314	-0.074	1.298	298.8
1495	0.314	-0.076	1.305	299.0
1496	0.316	-0.076	1.299	299.2
1497	0.314	-0.073	1.306	299.4
1498	0.315	-0.075	1.296	299.6
1499	0.315	-0.076	1.306	299.8
1500	0.314	-0.075	1.306	300.0
1501	0.313	-0.075	1.302	300.2
1502	0.314	-0.073	1.306	300.4
1503	0.314	-0.073	1.308	300.6
1504	0.315	-0.075	1.306	300.8
1505	0.314	-0.074	1.311	301.0
1506	0.315	-0.072	1.309	301.2
1507	0.314	-0.072	1.303	301.4
1508	0.317	-0.076	1.298	301.6
1509	0.314	-0.076	1.301	301.8
1510	0.314	-0.075	1.300	302.0
1511	0.313	-0.076	1.301	302.2
1512	0.315	-0.075	1.305	302.4
1513	0.312	-0.076	1.302	302.6
1514	0.313	-0.074	1.304	302.8
1515	0.314	-0.073	1.303	303.0
1516	0.314	-0.076	1.303	303.2
1517	0.314	-0.075	1.304	303.4
1518	0.370	-0.093	1.554	303.6
1519	0.572	-0.171	1.726	303.8
1520	0.568	-0.168	1.713	304.0
1521	0.564	-0.165	1.704	304.2
1522	0.560	-0.163	1.701	304.4
1523	0.560	-0.163	1.714	304.6
1524	0.558	-0.164	1.701	304.8
1525	0.555	-0.162	1.697	305.0
1526	0.555	-0.159	1.701	305.2
1527	0.552	-0.160	1.701	305.4
1528	0.550	-0.159	1.695	305.6
1529	0.552	-0.161	1.703	305.8
1530	0.550	-0.157	1.697	306.0
1531	0.552	-0.160	1.690	306.2
1532	0.549	-0.157	1.685	306.4
1533	0.547	-0.159	1.695	306.6
1534	0.548	-0.156	1.685	306.8
1535	0.546	-0.154	1.689	307.0
1536	0.546	-0.156	1.680	307.2
1537	0.545	-0.156	1.677	307.4
1538	0.544	-0.156	1.683	307.6
1539	0.546	-0.157	1.683	307.8
1540	0.543	-0.155	1.681	308.0
1541	0.544	-0.154	1.678	308.2
1542	0.544	-0.155	1.687	308.4
1543	0.543	-0.155	1.684	308.6
1544	0.544	-0.154	1.677	308.8
1545	0.544	-0.154	1.677	309.0
1546	0.541	-0.152	1.684	309.2
1547	0.541	-0.152	1.681	309.4
1548	0.540	-0.154	1.671	309.6
1549	0.541	-0.154	1.675	309.8
1550	0.540	-0.153	1.674	310.0
1551	0.540	-0.151	1.673	310.2
1552	0.537	-0.151	1.679	310.4
1553	0.542	-0.151	1.672	310.6
1554	0.540	-0.151	1.673	310.8
1555	0.539	-0.152	1.677	311.0
1556	0.540	-0.152	1.674	311.2
1557	0.539	-0.152	1.682	311.4
1558	0.538	-0.148	1.681	311.6
1559	0.538	-0.154	1.673	311.8
1560	0.537	-0.152	1.669	312.0
1561	0.539	-0.151	1.669	312.2
1562	0.539	-0.149	1.668	312.4
1563	0.537	-0.150	1.671	312.6
1564	0.540	-0.152	1.674	312.8
1565	0.538	-0.149	1.668	313.0
1566	0.537	-0.149	1.659	313.2
1567	0.537	-0.150	1.664	313.4
1568	0.537	-0.149	1.670	313.6
1569	0.536	-0.151	1.672	313.8
1570	0.535	-0.149	1.676	314.0
1571	0.536	-0.151	1.665	314.2
1572	0.537	-0.148	1.668	314.4
1573	0.536	-0.149	1.667	314.6
1574	0.537	-0.150	1.676	314.8
1575	0.535	-0.151	1.664	315.0
1576	0.536	-0.148	1.665	315.2
1577	0.535	-0.148	1.660	315.4
1578	0.536	-0.149	1.661	315.6
1579	0.533	-0.150	1.666	315.8
1580	0.534	-0.149	1.666	316.0
1581	0.535	-0.148	1.661	316.2
1582	0.533	-0.149	1.664	316.4
1583	0.535	-0.149	1.667	316.6
1584	0.534	-0.148	1.662	316.8
1585	0.536	-0.149	1.671	317.0
1586	0.531	-0.148	1.665	317.2
1587	0.535	-0.151	1.667	317.4
1588	0.535	-0.148	1.664	317.6
1589	0.535	-0.147	1.663	317.8
1590	0.534	-0.148	1.657	318.0
1591	0.532	-0.149	1.660	318.2
1592	0.537	-0.150	1.659	318.4
1593	0.532	-0.148	1.661	318.6
1594	0.535	-0.146	1.665	318.8
1595	0.533	-0.149	1.666	319.0
1596	0.534	-0.150	1.663	319.2
1597	0.532	-0.148	1.659	319.4
1598	0.532	-0.147	1.657	319.6
1599	0.534	-0.147	1.661	319.8
1600	0.533	-0.152	1.668	320.0
1601	0.534	-0.148	1.659	320.2
1602	0.533	-0.144	1.659	320.4
1603	0.533	-0.148	1.660	320.6
1604	0.531	-0.149	1.659	320.8
1605	0.533	-0.150	1.655	321.0
1606	0.532	-0.147	1.654	321.2
1607	0.532	-0.147	1.659	321.4
1608	0.532	-0.147	1.659	321.6
1609	0.532	-0.147	1.649	321.8
1610	0.532	-0.146	1.655	322.0
1611	0.533	-0.148	1.666	322.2
1612	0.531	-0.146	1.658	322.4
1613	0.533	-0.146	1.661	322.6
1614	0.533	-0.147	1.660	322.8
1615	0.533	-0.146	1.656	323.0
1616	0.532	-0.145	1.655	323.2
1617	0.533	-0.149	1.661	323.4
1618	0.530	-0.146	1.654	323.6
1619	0.531	-0.143	1.653	323.8
1620	0.534	-0.146	1.653	324.0
1621	0.532	-0.148	1.651	324.2
1622	0.529	-0.146	1.659	324.4
1623	0.530	-0.145	1.653	324.6
1624	0.530	-0.146	1.661	324.8
1625	0.530	-0.148	1.658	325.0
1626	0.532	-0.146	1.659	325.2
1627	0.530	-0.145	1.655	325.4
1628	0.531	-0.147	1.653	325.6
1629	0.529	-0.145	1.654	325.8
1630	0.531	-0.149	1.659	326.0
1631	0.530	-0.145	1.650	326.2
1632	0.530	-0.144	1.653	326.4
1633	0.530	-0.146	1.651	326.6
1634	0.530	-0.144	1.647	326.8
1635	0.530	-0.147	1.653	327.0
1636	0.530	-0.146	1.656	327.2
1637	0.528	-0.146	1.650	327.4
1638	0.529	-0.145	1.657	327.6
1639	0.528	-0.146	1.661	327.8
1640	0.530	-0.147	1.657	328.0
1641	0.528	-0.144	1.661	328.2
1642	0.529	-0.146	1.659	328.4
1643	0.528	-0.146	1.649	328.6
1644	0.527	-0.145	1.661	328.8
1645	0.527	-0.143	1.657	329.0
1646	0.528	-0.146	1.642	329.2
1647	0.528	-0.145	1.659	329.4
1648	0.528	-0.146	1.649	329.6
1649	0.525	-0.145	1.654	329.8
1650	0.525	-0.146	1.660	330.0
1651	0.529	-0.145	1.651	330.2
1652	0.528	-0.145	1.649	330.4
1653	0.526	-0.147	1.661	330.6
1654	0.527	-0.144	1.650	330.8
1655	0.527	-0.147	1.654	331.0
1656	0.526	-0.146	1.645	331.2
1657	0.529	-0.142	1.648	331.4
1658	0.526	-0.145	1.649	331.6
1659	0.525	-0.146	1.649	331.8
1660	0.527	-0.145	1.647	332.0
1661	0.527	-0.144	1.653	332.2
1662	0.525	-0.144	1.653	332.4
1663	0.526	-0.145	1.652	332.6
1664	0.525	-0.144	1.647	332.8
1665	0.525	-0.145	1.655	333.0
1666	0.527	-0.147	1.662	333.2
1667	0.525	-0.143	1.657	333.4
1668	0.525	-0.145	1.646	333.6
1669	0.525	-0.144	1.653	333.8
1670	0.525	-0.145	1.652	334.0
1671	0.526	-0.144	1.651	334.2
1672	0.526	-0.146	1.646	334.4
1673	0.525	-0.144	1.645	334.6
1674	0.527	-0.144	1.637	334.8
1675	0.525	-0.146	1.647	335.0
1676	0.525	-0.147	1.651	335.2
1677	0.523	-0.144	1.653	335.4
1678	0.525	-0.145	1.642	335.6
1679	0.523	-0.145	1.648	335.8
1680	0.527	-0.144	1.654	336.0
1681	0.525	-0.144	1.644	336.2
1682	0.526	-0.145	1.643	336.4
1683	0.524	-0.144	1.649	336.6
1684	0.523	-0.143	1.644	336.8
1685	0.524	-0.145	1.637	337.0
1686	0.524	-0.145	1.645	337.2
1687	0.525	-0.145	1.651	337.4
1688	0.524	-0.146	1.641	337.6
1689	0.521	-0.144	1.644	337.8
1690	0.524	-0.143	1.646	338.0
1691	0.525	-0.143	1.657	338.2
1692	0.523	-0.145	1.657	338.4
1693	0.525	-0.144	1.645	338.6
1694	0.523	-0.144	1.646	338.8
1695	0.523	-0.144	1.647	339.0
1696	0.524	-0.143	1.639	339.2
1697	0.525	-0.144	1.645	339.4
1698	0.524	-0.145	1.651	339.6
1699	0.521	-0.143	1.635	339.8
1700	0.523	-0.143	1.637	340.0
1701	0.524	-0.145	1.649	340.2
1702	0.524	-0.145	1.644	340.4
1703	0.524	-0.141	1.635	340.6
1704	0.523	-0.145	1.649	340.8
1705	0.522	-0.143	1.662	341.0
1706	0.522	-0.144	1.646	341.2
1707	0.524	-0.144	1.637	341.4
1708	0.522	-0.143	1.645	341.6
1709	0.520	-0.143	1.648	341.8
1710	0.524	-0.144	1.636	342.0
1711	0.521	-0.142	1.638	342.2
1712	0.522	-0.145	1.647	342.4
1713	0.524	-0.144	1.644	342.6
1714	0.522	-0.144	1.639	342.8
1715	0.520	-0.144	1.639	343.0
1716	0.520	-0.144	1.647	343.2
1717	0.521	-0.144	1.641	343.4
1718	0.521	-0.143	1.647	343.6
1719	0.523	-0.142	1.645	343.8
1720	0.522	-0.143	1.641	344.0
1721	0.521	-0.145	1.642	344.2
1722	0.520	-0.144	1.639	344.4
1723	0.522	-0.142	1.638	344.6
1724	0.522	-0.141	1.637	344.8
1725	0.521	-0.141	1.643	345.0
1726	0.522	-0.142	1.641	345.2
1727	0.521	-0.143	1.637	345.4
1728	0.523	-0.140	1.638	345.6
1729	0.522	-0.142	1.646	345.8
1730	0.519	-0.144	1.645	346.0
1731	0.520	-0.141	1.646	346.2
1732	0.518	-0.144	1.639	346.4
1733	0.521	-0.142	1.641	346.6
1734	0.521	-0.142	1.642	346.8
1735	0.520	-0.142	1.635	347.0
1736	0.519	-0.140	1.627	347.2
1737	0.520	-0.143	1.637	347.4
1738	0.520	-0.142	1.635	347.6
1739	0.518	-0.143	1.636	347.8
1740	0.521	-0.142	1.633	348.0
1741	0.520	-0.143	1.641	348.2
1742	0.521	-0.140	1.636	348.4
1743	0.520	-0.139	1.642	348.6
1744	0.519	-0.142	1.641	348.8
1745	0.519	-0.141	1.640	349.0
1746	0.518	-0.140	1.637	349.2
1747	0.520	-0.141	1.637	349.4
1748	0.519	-0.144	1.643	349.6
1749	0.520	-0.143	1.638	349.8
1750	0.518	-0.142	1.624	350.0
1751	0.519	-0.141	1.639	350.2
1752	0.517	-0.143	1.636	350.4
1753	0.517	-0.144	1.635	350.6
1754	0.520	-0.141	1.642	350.8
1755	0.518	-0.140	1.640	351.0
1756	0.518	-0.140	1.633	351.2
1757	0.519	-0.144	1.645	351.4
1758	0.518	-0.143	1.647	351.6
1759	0.519	-0.141	1.634	351.8
1760	0.518	-0.140	1.633	352.0
1761	0.516	-0.143	1.636	352.2
1762	0.518	-0.142	1.634	352.4
1763	0.516	-0.143	1.639	352.6
1764	0.520	-0.142	1.644	352.8
1765	0.518	-0.140	1.634	353.0
1766	0.519	-0.142	1.635	353.2
1767	0.516	-0.142	1.636	353.4
1768	0.518	-0.142	1.632	353.6
1769	0.518	-0.140	1.641	353.8
1770	0.516	-0.139	1.649	354.0
1771	0.517	-0.142	1.630	354.2
1772	0.518	-0.141	1.626	354.4
1773	0.518	-0.141	1.636	354.6
1774	0.516	-0.140	1.641	354.8
1775	0.517	-0.139	1.633	355.0
1776	0.517	-0.141	1.634	355.2
1777	0.516	-0.143	1.633	355.4
1778	0.519	-0.140	1.633	355.6
1779	0.515	-0.140	1.639	355.8
1780	0.515	-0.141	1.647	356.0
1781	0.516	-0.143	1.632	356.2
1782	0.515	-0.140	1.637	356.4
1783	0.516	-0.140	1.638	356.6
1784	0.516	-0.141	1.634	356.8
1785	0.518	-0.140	1.638	357.0
1786	0.515	-0.139	1.635	357.2
1787	0.517	-0.141	1.629	357.4
1788	0.515	-0.140	1.631	357.6
1789	0.517	-0.140	1.631	357.8
1790	0.515	-0.141	1.630	358.0
1791	0.516	-0.141	1.629	358.2
1792	0.517	-0.139	1.635	358.4
1793	0.515	-0.138	1.641	358.6
1794	0.515	-0.141	1.635	358.8
1795	0.513	-0.142	1.632	359.0
1796	0.515	-0.138	1.637	359.2
1797	0.516	-0.139	1.640	359.4
1798	0.516	-0.140	1.631	359.6
1799	0.516	-0.140	1.637	359.8
1800	0.517	-0.138	1.631	360.0
1801	0.515	-0.139	1.627	360.2
1802	0.515	-0.141	1.635	360.4
1803	0.515	-0.142	1.641	360.6
1804	0.515	-0.143	1.634	360.8
1805	0.515	-0.141	1.639	361.0
1806	0.515	-0.138	1.635	361.2
1807	0.514	-0.140	1.634	361.4
1808	0.515	-0.140	1.638	361.6
1809	0.518	-0.139	1.633	361.8
1810	0.515	-0.140	1.630	362.0
1811	0.514	-0.143	1.629	362.2
1812	0.516	-0.141	1.618	362.4
1813	0.515	-0.140	1.629	362.6
1814	0.516	-0.140	1.632	362.8
1815	0.517	-0.143	1.630	363.0
1816	0.517	-0.138	1.633	363.2
1817	0.515	-0.139	1.632	363.4
1818	0.513	-0.141	1.628	363.6
1819	0.516	-0.140	1.637	363.8
1820	0.516	-0.141	1.633	364.0
1821	0.517	-0.136	1.633	364.2
1822	0.515	-0.141	1.627	364.4
1823	0.515	-0.141	1.639	364.6
1824	0.514	-0.138	1.628	364.8
1825	0.516	-0.139	1.631	365.0
1826	0.515	-0.141	1.630	365.2
1827	0.514	-0.140	1.627	365.4
1828	0.514	-0.140	1.625	365.6
1829	0.515	-0.140	1.645	365.8
1830	0.513	-0.141	1.629	366.0
1831	0.514	-0.138	1.632	366.2
1832	0.514	-0.138	1.631	366.4
1833	0.514	-0.139	1.631	366.6
1834	0.514	-0.139	1.619	366.8
1835	0.516	-0.143	1.636	367.0
1836	0.515	-0.142	1.622	367.2
1837	0.515	-0.138	1.634	367.4
1838	0.513	-0.141	1.630	367.6
1839	0.514	-0.143	1.627	367.8
1840	0.514	-0.142	1.627	368.0
1841	0.515	-0.139	1.635	368.2
1842	0.514	-0.139	1.637	368.4
1843	0.514	-0.141	1.636	368.6
1844	0.514	-0.140	1.637	368.8
1845	0.517	-0.139	1.633	369.0
1846	0.512	-0.140	1.630	369.2
1847	0.514	-0.141	1.634	369.4
1848	0.512	-0.141	1.631	369.6
1849	0.513	-0.140	1.627	369.8
1850	0.514	-0.142	1.629	370.0
1851	0.512	-0.143	1.629	370.2
1852	0.514	-0.139	1.621	370.4
1853	0.512	-0.139	1.635	370.6
1854	0.513	-0.141	1.626	370.8
1855	0.514	-0.141	1.634	371.0
1856	0.513	-0.138	1.627	371.2
1857	0.512	-0.141	1.629	371.4
1858	0.514	-0.140	1.629	371.6
1859	0.512	-0.139	1.636	371.8
1860	0.514	-0.140	1.620	372.0
1861	0.512	-0.139	1.625	372.2
1862	0.512	-0.137	1.631	372.4
1863	0.512	-0.139	1.631	372.6
1864	0.514	-0.139	1.632	372.8
1865	0.514	-0.138	1.629	373.0
1866	0.512	-0.140	1.633	373.2
1867	0.514	-0.138	1.638	373.4
1868	0.512	-0.140	1.631	373.6
1869	0.513	-0.139	1.633	373.8
1870	0.514	-0.139	1.629	374.0
1871	0.512	-0.139	1.632	374.2
1872	0.511	-0.137	1.624	374.4
1873	0.510	-0.139	1.630	374.6
1874	0.513	-0.140	1.630	374.8
1875	0.515	-0.138	1.625	375.0
1876	0.512	-0.138	1.627	375.2
1877	0.511	-0.138	1.623	375.4
1878	0.512	-0.139	1.631	375.6
1879	0.512	-0.139	1.623	375.8
1880	0.513	-0.140	1.633	376.0
1881	0.513	-0.136	1.628	376.2
1882	0.510	-0.139	1.625	376.4
1883	0.513	-0.139	1.628	376.6
1884	0.510	-0.140	1.627	376.8
1885	0.511	-0.135	1.626	377.0
1886	0.513	-0.138	1.619	377.2
1887	0.513	-0.137	1.629	377.4
1888	0.511	-0.137	1.622	377.6
1889	0.511	-0.139	1.633	377.8
1890	0.512	-0.138	1.629	378.0
1891	0.512	-0.137	1.633	378.2
1892	0.511	-0.136	1.620	378.4
1893	0.511	-0.139	1.638	378.6
1894	0.512	-0.136	1.621	378.8
1895	0.512	-0.136	1.634	379.0
1896	0.512	-0.139	1.631	379.2
1897	0.512	-0.137	1.623	379.4
1898	0.512	-0.136	1.619	379.6
1899	0.512	-0.136	1.619	379.8
1900	0.512	-0.139	1.631	380.0
1901	0.510	-0.136	1.625	380.2
1902	0.512	-0.137	1.633	380.4
1903	0.510	-0.138	1.627	380.6
1904	0.512	-0.138	1.631	380.8
1905	0.511	-0.137	1.622	381.0
1906	0.511	-0.140	1.642	381.2
1907	0.511	-0.137	1.626	381.4
1908	0.510	-0.136	1.634	381.6
1909	0.511	-0.140	1.622	381.8
1910	0.511	-0.136	1.622	382.0
1911	0.512	-0.139	1.621	382.2
1912	0.509	-0.138	1.631	382.4
1913	0.509	-0.136	1.622	382.6
1914	0.512	-0.136	1.629	382.8
1915	0.512	-0.139	1.625	383.0
1916	0.510	-0.138	1.626	383.2
1917	0.511	-0.136	1.619	383.4
1918	0.511	-0.139	1.625	383.6
1919	0.510	-0.135	1.623	383.8
1920	0.510	-0.135	1.625	384.0
1921	0.510	-0.139	1.621	384.2
1922	0.510	-0.138	1.618	384.4
1923	0.510	-0.138	1.611	384.6
1924	0.511	-0.136	1.625	384.8
1925	0.509	-0.138	1.625	385.0
1926	0.509	-0.137	1.626	385.2
1927	0.512	-0.137	1.631	385.4
1928	0.509	-0.136	1.626	385.6
1929	0.508	-0.136	1.621	385.8
1930	0.509	-0.139	1.627	386.0
1931	0.510	-0.135	1.621	386.2
1932	0.510	-0.137	1.621	386.4
1933	0.507	-0.137	1.631	386.6
1934	0.508	-0.137	1.624	386.8
1935	0.508	-0.138	1.618	387.0
1936	0.509	-0.137	1.623	387.2
1937	0.509	-0.137	1.619	387.4
1938	0.507	-0.138	1.625	387.6
1939	0.507	-0.136	1.633	387.8
1940	0.508	-0.136	1.632	388.0
1941	0.509	-0.138	1.625	388.2
1942	0.509	-0.135	1.625	388.4
1943	0.507	-0.135	1.623	388.6
1944	0.508	-0.138	1.611	388.8
1945	0.509	-0.135	1.623	389.0
1946	0.508	-0.136	1.626	389.2
1947	0.508	-0.138	1.629	389.4
1948	0.507	-0.134	1.619	389.6
1949	0.509	-0.136	1.622	389.8
1950	0.508	-0.137	1.623	390.0
1951	0.508	-0.135	1.629	390.2
1952	0.507	-0.135	1.623	390.4
1953	0.506	-0.136	1.624	390.6
1954	0.507	-0.132	1.625	390.8
1955	0.507	-0.135	1.625	391.0
1956	0.506	-0.136	1.616	391.2
1957	0.506	-0.134	1.623	391.4
1958	0.507	-0.134	1.621	391.6
1959	0.507	-0.137	1.621	391.8
1960	0.509	-0.136	1.621	392.0
1961	0.507	-0.136	1.621	392.2
1962	0.509	-0.138	1.618	392.4
1963	0.507	-0.134	1.622	392.6
1964	0.509	-0.136	1.620	392.8
1965	0.508	-0.137	1.627	393.0
1966	0.508	-0.132	1.629	393.2
1967	0.506	-0.136	1.614	393.4
1968	0.507	-0.139	1.606	393.6
1969	0.508	-0.133	1.617	393.8
1970	0.507	-0.137	1.617	394.0
1971	0.509	-0.136	1.619	394.2
1972	0.508	-0.133	1.624	394.4
1973	0.509	-0.137	1.611	394.6
1974	0.508	-0.137	1.613	394.8
1975	0.506	-0.135	1.621	395.0
1976	0.507	-0.136	1.627	395.2
1977	0.506	-0.137	1.630	395.4
1978	0.508	-0.135	1.620	395.6
1979	0.506	-0.137	1.611	395.8
1980	0.507	-0.136	1.619	396.0
1981	0.507	-0.136	1.621	396.2
1982	0.507	-0.136	1.617	396.4
1983	0.507	-0.136	1.619	396.6
1984	0.505	-0.135	1.613	396.8
1985	0.506	-0.136	1.621	397.0
1986	0.506	-0.137	1.620	397.2
1987	0.506	-0.135	1.622	397.4
1988	0.506	-0.135	1.621	397.6
1989	0.506	-0.136	1.619	397.8
1990	0.506	-0.135	1.605	398.0
1991	0.505	-0.134	1.613	398.2
1992	0.505	-0.137	1.621	398.4
1993	0.507	-0.134	1.617	398.6
1994	0.505	-0.136	1.607	398.8
1995	0.506	-0.138	1.609	399.0
1996	0.506	-0.134	1.615	399.2
1997	0.507	-0.135	1.619	399.4
1998	0.503	-0.135	1.627	399.6
1999	0.506	-0.133	1.621	399.8
2000	0.507	-0.137	1.612	400.0
2001	0.506	-0.137	1.613	400.2
2002	0.508	-0.134	1.618	400.4
2003	0.506	-0.137	1.623	400.6
2004	0.507	-0.136	1.619	400.8
2005	0.505	-0.135	1.607	401.0
2006	0.504	-0.137	1.605	401.2
2007	0.506	-0.137	1.611	401.4
2008	0.505	-0.133	1.623	401.6
2009	0.505	-0.135	1.619	401.8
2010	0.506	-0.135	1.621	402.0
2011	0.502	-0.137	1.610	402.2
2012	0.505	-0.136	1.613	402.4
2013	0.504	-0.134	1.614	402.6
2014	0.502	-0.136	1.617	402.8
2015	0.503	-0.136	1.616	403.0
2016	0.508	-0.135	1.614	403.2
2017	0.506	-0.138	1.613	403.4
2018	0.506	-0.135	1.606	403.6
2019	0.664	-0.192	2.013	403.8
2020	0.782	-0.228	2.067	404.0
2021	0.771	-0.221	2.045	404.2
2022	0.768	-0.220	2.046	404.4
2023	0.766	-0.218	2.039	404.6
2024	0.764	-0.218	2.041	404.8
2025	0.761	-0.215	2.037	405.0
2026	0.762	-0.215	2.032	405.2
2027	0.761	-0.213	2.042	405.4
2028	0.760	-0.212	2.034	405.6
2029	0.758	-0.214	2.020	405.8
2030	0.757	-0.211	2.025	406.0
2031	0.757	-0.213	2.024	406.2
2032	0.756	-0.211	2.013	406.4
2033	0.755	-0.211	2.020	406.6
2034	0.754	-0.211	2.017	406.8
2035	0.753	-0.209	2.017	407.0
2036	0.752	-0.210	2.021	407.2
2037	0.753	-0.209	2.023	407.4
2038	0.753	-0.208	2.017	407.6
2039	0.750	-0.209	2.015	407.8
2040	0.752	-0.207	2.014	408.0
2041	0.751	-0.204	2.006	408.2
2042	0.750	-0.206	2.010	408.4
2043	0.751	-0.207	2.018	408.6
2044	0.748	-0.204	2.010	408.8
2045	0.750	-0.205	2.007	409.0
2046	0.749	-0.207	2.003	409.2
2047	0.749	-0.204	2.011	409.4
2048	0.749	-0.205	2.012	409.6
2049	0.748	-0.206	2.019	409.8
2050	0.747	-0.204	2.014	410.0
2051	0.746	-0.206	2.007	410.2
2052	0.747	-0.205	2.000	410.4
2053	0.746	-0.205	2.002	410.6
2054	0.747	-0.203	2.000	410.8
2055	0.746	-0.204	2.003	411.0
2056	0.744	-0.205	2.001	411.2
2057	0.744	-0.206	1.997	411.4
2058	0.746	-0.203	2.000	411.6
2059	0.745	-0.205	2.003	411.8
2060	0.744	-0.202	2.006	412.0
2061	0.744	-0.202	2.000	412.2
2062	0.744	-0.204	1.999	412.4
2063	0.743	-0.204	2.002	412.6
2064	0.741	-0.205	1.998	412.8
2065	0.743	-0.204	1.998	413.0
2066	0.742	-0.204	2.003	413.2
2067	0.741	-0.203	1.994	413.4
2068	0.742	-0.204	1.998	413.6
2069	0.743	-0.203	1.998	413.8
2070	0.741	-0.201	2.002	414.0
2071	0.741	-0.203	2.006	414.2
2072	0.741	-0.202	2.005	414.4
2073	0.740	-0.202	2.002	414.6
2074	0.740	-0.202	1.996	414.8
2075	0.740	-0.203	2.002	415.0
2076	0.740	-0.201	1.994	415.2
2077	0.739	-0.204	1.994	415.4
2078	0.739	-0.201	1.989	415.6
2079	0.739	-0.201	1.991	415.8
2080	0.738	-0.202	1.988	416.0
2081	0.739	-0.199	1.997	416.2
2082	0.739	-0.201	1.994	416.4
2083	0.737	-0.201	1.996	416.6
2084	0.737	-0.202	2.001	416.8
2085	0.738	-0.198	1.994	417.0
2086	0.737	-0.200	1.990	417.2
2087	0.737	-0.199	1.988	417.4
2088	0.740	-0.199	1.988	417.6
2089	0.737	-0.200	1.994	417.8
2090	0.737	-0.196	1.996	418.0
2091	0.737	-0.200	1.993	418.2
2092	0.736	-0.200	1.986	418.4
2093	0.736	-0.197	1.989	418.6
2094	0.734	-0.199	1.996	418.8
2095	0.735	-0.198	1.993	419.0
2096	0.735	-0.198	1.996	419.2
2097	0.735	-0.201	1.986	419.4
2098	0.735	-0.198	1.990	419.6
2099	0.735	-0.196	1.990	419.8
2100	0.735	-0.198	1.992	420.0
2101	0.733	-0.199	1.983	420.2
2102	0.734	-0.198	1.983	420.4
2103	0.735	-0.199	1.987	420.6
2104	0.736	-0.196	1.992	420.8
2105	0.735	-0.199	1.988	421.0
2106	0.735	-0.198	1.994	421.2
2107	0.734	-0.196	1.994	421.4
2108	0.735	-0.199	1.992	421.6
2109	0.734	-0.200	1.993	421.8
2110	0.732	-0.198	1.982	422.0
2111	0.734	-0.196	1.983	422.2
2112	0.732	-0.200	1.986	422.4
2113	0.733	-0.196	1.990	422.6
2114	0.733	-0.199	1.984	422.8
2115	0.732	-0.200	1.986	423.0
2116	0.734	-0.197	1.983	423.2
2117	0.731	-0.198	1.983	423.4
2118	0.733	-0.197	1.985	423.6
2119	0.732	-0.197	1.988	423.8
2120	0.732	-0.199	1.989	424.0
2121	0.729	-0.199	1.987	424.2
2122	0.732	-0.198	1.975	424.4
2123	0.734	-0.199	1.975	424.6
2124	0.731	-0.196	1.979	424.8
2125	0.731	-0.198	1.986	425.0
2126	0.730	-0.197	1.983	425.2
2127	0.730	-0.197	1.980	425.4
2128	0.729	-0.198	1.979	425.6
2129	0.730	-0.199	1.988	425.8
2130	0.730	-0.196	1.984	426.0
2131	0.730	-0.197	1.985	426.2
2132	0.728	-0.197	1.986	426.4
2133	0.730	-0.198	1.985	426.6
2134	0.729	-0.198	1.972	426.8
2135	0.731	-0.194	1.980	427.0
2136	0.729	-0.196	1.982	427.2
2137	0.729	-0.197	1.978	427.4
2138	0.728	-0.196	1.975	427.6
2139	0.728	-0.196	1.979	427.8
2140	0.728	-0.195	1.974	428.0
2141	0.729	-0.195	1.980	428.2
2142	0.728	-0.197	1.979	428.4
2143	0.727	-0.196	1.982	428.6
2144	0.728	-0.198	1.977	428.8
2145	0.726	-0.197	1.974	429.0
2146	0.726	-0.195	1.969	429.2
2147	0.726	-0.198	1.970	429.4
2148	0.728	-0.193	1.973	429.6
2149	0.727	-0.197	1.973	429.8
2150	0.726	-0.195	1.979	430.0
2151	0.726	-0.193	1.972	430.2
2152	0.725	-0.197	1.970	430.4
2153	0.727	-0.194	1.981	430.6
2154	0.724	-0.193	1.986	430.8
2155	0.724	-0.197	1.981	431.0
2156	0.725	-0.193	1.977	431.2
2157	0.725	-0.195	1.969	431.4
2158	0.725	-0.194	1.969	431.6
2159	0.724	-0.195	1.977	431.8
2160	0.725	-0.196	1.971	432.0
2161	0.725	-0.197	1.966	432.2
2162	0.723	-0.192	1.967	432.4
2163	0.726	-0.195	1.975	432.6
2164	0.724	-0.193	1.977	432.8
2165	0.724	-0.195	1.974	433.0
2166	0.722	-0.194	1.975	433.2
2167	0.721	-0.192	1.967	433.4
2168	0.724	-0.195	1.969	433.6
2169	0.724	-0.194	1.973	433.8
2170	0.723	-0.195	1.977	434.0
2171	0.722	-0.194	1.971	434.2
2172	0.723	-0.194	1.970	434.4
2173	0.724	-0.193	1.967	434.6
2174	0.723	-0.191	1.976	434.8
2175	0.724	-0.196	1.980	435.0
2176	0.722	-0.194	1.972	435.2
2177	0.720	-0.193	1.964	435.4
2178	0.721	-0.194	1.970	435.6
2179	0.723	-0.194	1.974	435.8
2180	0.723	-0.195	1.980	436.0
2181	0.722	-0.195	1.970	436.2
2182	0.720	-0.195	1.958	436.4
2183	0.723	-0.195	1.959	436.6
2184	0.723	-0.193	1.971	436.8
2185	0.722	-0.196	1.965	437.0
2186	0.722	-0.194	1.967	437.2
2187	0.720	-0.195	1.977	437.4
2188	0.721	-0.193	1.974	437.6
2189	0.722	-0.193	1.958	437.8
2190	0.720	-0.195	1.975	438.0
2191	0.720	-0.195	1.979	438.2
2192	0.719	-0.194	1.967	438.4
2193	0.720	-0.194	1.961	438.6
2194	0.721	-0.192	1.963	438.8
2195	0.724	-0.193	1.967	439.0
2196	0.719	-0.195	1.972	439.2
2197	0.717	-0.193	1.969	439.4
2198	0.718	-0.196	1.966	439.6
2199	0.719	-0.195	1.965	439.8
2200	0.721	-0.195	1.972	440.0
2201	0.718	-0.195	1.979	440.2
2202	0.719	-0.192	1.980	440.4
2203	0.719	-0.194	1.970	440.6
2204	0.722	-0.195	1.961	440.8
2205	0.720	-0.195	1.962	441.0
2206	0.718	-0.194	1.970	441.2
2207	0.718	-0.192	1.967	441.4
2208	0.720	-0.195	1.960	441.6
2209	0.720	-0.194	1.962	441.8
2210	0.721	-0.192	1.961	442.0
2211	0.720	-0.193	1.966	442.2
2212	0.718	-0.192	1.973	442.4
2213	0.719	-0.194	1.969	442.6
2214	0.719	-0.194	1.971	442.8
2215	0.718	-0.192	1.965	443.0
2216	0.720	-0.194	1.966	443.2
2217	0.718	-0.190	1.966	443.4
2218	0.718	-0.192	1.968	443.6
2219	0.718	-0.196	1.965	443.8
2220	0.718	-0.192	1.960	444.0
2221	0.719	-0.195	1.957	444.2
2222	0.718	-0.190	1.961	444.4
2223	0.718	-0.192	1.966	444.6
2224	0.719	-0.191	1.969	444.8
2225	0.718	-0.191	1.967	445.0
2226	0.718	-0.191	1.966	445.2
2227	0.718	-0.191	1.958	445.4
2228	0.717	-0.191	1.958	445.6
2229	0.718	-0.191	1.962	445.8
2230	0.718	-0.194	1.961	446.0
2231	0.717	-0.192	1.963	446.2
2232	0.717	-0.191	1.953	446.4
2233	0.717	-0.191	1.960	446.6
2234	0.717	-0.193	1.961	446.8
2235	0.716	-0.191	1.969	447.0
2236	0.719	-0.191	1.967	447.2
2237	0.719	-0.192	1.968	447.4
2238	0.717	-0.191	1.964	447.6
2239	0.717	-0.192	1.960	447.8
2240	0.718	-0.190	1.957	448.0
2241	0.716	-0.191	1.957	448.2
2242	0.716	-0.191	1.954	448.4
2243	0.717	-0.190	1.963	448.6
2244	0.716	-0.190	1.959	448.8
2245	0.715	-0.189	1.957	449.0
2246	0.717	-0.192	1.956	449.2
2247	0.719	-0.190	1.954	449.4
2248	0.716	-0.189	1.961	449.6
2249	0.716	-0.193	1.963	449.8
2250	0.713	-0.192	1.965	450.0
2251	0.719	-0.192	1.961	450.2
2252	0.717	-0.193	1.949	450.4
2253	0.716	-0.190	1.956	450.6
2254	0.716	-0.192	1.952	450.8
2255	0.715	-0.191	1.961	451.0
2256	0.717	-0.192	1.967	451.2
2257	0.715	-0.191	1.963	451.4
2258	0.716	-0.191	1.958	451.6
2259	0.715	-0.192	1.961	451.8
2260	0.715	-0.189	1.965	452.0
2261	0.714	-0.193	1.968	452.2
2262	0.715	-0.189	1.970	452.4
2263	0.715	-0.190	1.963	452.6
2264	0.715	-0.191	1.956	452.8
2265	0.717	-0.190	1.959	453.0
2266	0.715	-0.192	1.955	453.2
2267	0.714	-0.189	1.959	453.4
2268	0.714	-0.189	1.955	453.6
2269	0.717	-0.190	1.954	453.8
2270	0.716	-0.190	1.957	454.0
2271	0.715	-0.190	1.957	454.2
2272	0.714	-0.190	1.956	454.4
2273	0.712	-0.190	1.962	454.6
2274	0.716	-0.190	1.956	454.8
2275	0.716	-0.191	1.952	455.0
2276	0.715	-0.191	1.956	455.2
2277	0.716	-0.191	1.955	455.4
2278	0.714	-0.189	1.961	455.6
2279	0.713	-0.192	1.947	455.8
2280	0.713	-0.190	1.948	456.0
2281	0.715	-0.192	1.953	456.2
2282	0.713	-0.191	1.963	456.4
2283	0.714	-0.191	1.961	456.6
2284	0.712	-0.189	1.961	456.8
2285	0.714	-0.192	1.954	457.0
2286	0.712	-0.192	1.949	457.2
2287	0.713	-0.190	1.950	457.4
2288	0.713	-0.192	1.955	457.6
2289	0.712	-0.189	1.949	457.8
2290	0.713	-0.190	1.950	458.0
2291	0.714	-0.191	1.950	458.2
2292	0.712	-0.189	1.947	458.4
2293	0.712	-0.190	1.950	458.6
2294	0.713	-0.189	1.961	458.8
2295	0.714	-0.191	1.952	459.0
2296	0.712	-0.189	1.953	459.2
2297	0.712	-0.189	1.956	459.4
2298	0.712	-0.188	1.951	459.6
2299	0.710	-0.190	1.954	459.8
2300	0.712	-0.189	1.955	460.0
2301	0.714	-0.191	1.943	460.2
2302	0.712	-0.191	1.945	460.4
2303	0.712	-0.190	1.950	460.6
2304	0.712	-0.187	1.953	460.8
2305	0.711	-0.190	1.956	461.0
2306	0.712	-0.189	1.959	461.2
2307	0.713	-0.187	1.952	461.4
2308	0.712	-0.191	1.949	461.6
2309	0.711	-0.189	1.952	461.8
2310	0.709	-0.190	1.950	462.0
2311	0.712	-0.188	1.941	462.2
2312	0.710	-0.190	1.954	462.4
2313	0.709	-0.191	1.950	462.6
2314	0.711	-0.187	1.947	462.8
2315	0.712	-0.191	1.947	463.0
2316	0.710	-0.189	1.950	463.2
2317	0.712	-0.188	1.944	463.4
2318	0.710	-0.189	1.952	463.6
2319	0.710	-0.188	1.960	463.8
2320	0.712	-0.189	1.960	464.0
2321	0.711	-0.187	1.959	464.2
2322	0.709	-0.188	1.950	464.4
2323	0.709	-0.187	1.945	464.6
2324	0.711	-0.188	1.946	464.8
2325	0.711	-0.188	1.950	465.0
2326	0.712	-0.190	1.951	465.2
2327	0.710	-0.190	1.954	465.4
2328	0.710	-0.189	1.955	465.6
2329	0.709	-0.188	1.952	465.8
2330	0.712	-0.187	1.944	466.0
2331	0.709	-0.190	1.949	466.2
2332	0.711	-0.188	1.948	466.4
2333	0.710	-0.186	1.952	466.6
2334	0.708	-0.188	1.948	466.8
2335	0.710	-0.190	1.953	467.0
2336	0.709	-0.191	1.948	467.2
2337	0.708	-0.189	1.939	467.4
2338	0.709	-0.190	1.938	467.6
2339	0.708	-0.188	1.941	467.8
2340	0.709	-0.188	1.946	468.0
2341	0.710	-0.189	1.949	468.2
2342	0.710	-0.188	1.949	468.4
2343	0.709	-0.191	1.948	468.6
2344	0.711	-0.188	1.950	468.8
2345	0.710	-0.188	1.944	469.0
2346	0.709	-0.188	1.952	469.2
2347	0.709	-0.189	1.953	469.4
2348	0.708	-0.188	1.951	469.6
2349	0.708	-0.189	1.943	469.8
2350	0.708	-0.189	1.942	470.0
2351	0.710	-0.187	1.939	470.2
2352	0.709	-0.188	1.945	470.4
2353	0.710	-0.188	1.946	470.6
2354	0.711	-0.188	1.947	470.8
2355	0.709	-0.188	1.945	471.0
2356	0.710	-0.187	1.944	471.2
2357	0.709	-0.188	1.941	471.4
2358	0.710	-0.189	1.953	471.6
2359	0.709	-0.185	1.945	471.8
2360	0.708	-0.189	1.944	472.0
2361	0.709	-0.188	1.936	472.2
2362	0.709	-0.188	1.944	472.4
2363	0.709	-0.188	1.950	472.6
2364	0.707	-0.187	1.945	472.8
2365	0.708	-0.189	1.937	473.0
2366	0.708	-0.188	1.950	473.2
2367	0.709	-0.190	1.954	473.4
2368	0.708	-0.188	1.953	473.6
2369	0.707	-0.190	1.947	473.8
2370	0.708	-0.187	1.950	474.0
2371	0.708	-0.189	1.957	474.2
2372	0.707	-0.187	1.953	474.4
2373	0.708	-0.190	1.948	474.6
2374	0.709	-0.185	1.942	474.8
2375	0.708	-0.190	1.941	475.0
2376	0.708	-0.186	1.944	475.2
2377	0.708	-0.189	1.951	475.4
2378	0.709	-0.189	1.949	475.6
2379	0.708	-0.189	1.948	475.8
2380	0.707	-0.186	1.947	476.0
2381	0.707	-0.187	1.945	476.2
2382	0.708	-0.188	1.951	476.4
2383	0.707	-0.188	1.947	476.6
2384	0.707	-0.188	1.941	476.8
2385	0.708	-0.185	1.942	477.0
2386	0.707	-0.189	1.935	477.2
2387	0.707	-0.187	1.943	477.4
2388	0.706	-0.186	1.939	477.6
2389	0.707	-0.189	1.946	477.8
2390	0.706	-0.184	1.937	478.0
2391	0.708	-0.186	1.950	478.2
2392	0.706	-0.188	1.955	478.4
2393	0.708	-0.187	1.950	478.6
2394	0.705	-0.189	1.943	478.8
2395	0.704	-0.184	1.942	479.0
2396	0.705	-0.188	1.946	479.2
2397	0.704	-0.188	1.948	479.4
2398	0.706	-0.186	1.945	479.6
2399	0.705	-0.188	1.934	479.8
2400	0.708	-0.186	1.937	480.0
2401	0.706	-0.188	1.941	480.2
2402	0.705	-0.186	1.950	480.4
2403	0.706	-0.187	1.944	480.6
2404	0.706	-0.187	1.951	480.8
2405	0.706	-0.186	1.943	481.0
2406	0.706	-0.186	1.943	481.2
2407	0.706	-0.187	1.944	481.4
2408	0.705	-0.188	1.945	481.6
2409	0.704	-0.186	1.948	481.8
2410	0.706	-0.188	1.941	482.0
2411	0.704	-0.186	1.937	482.2
2412	0.706	-0.187	1.944	482.4
2413	0.706	-0.189	1.950	482.6
2414	0.706	-0.188	1.947	482.8
2415	0.705	-0.186	1.946	483.0
2416	0.706	-0.186	1.945	483.2
2417	0.704	-0.188	1.939	483.4
2418	0.706	-0.186	1.942	483.6
2419	0.706	-0.188	1.946	483.8
2420	0.703	-0.185	1.946	484.0
2421	0.703	-0.184	1.939	484.2
2422	0.706	-0.189	1.937	484.4
2423	0.707	-0.186	1.935	484.6
2424	0.704	-0.186	1.934	484.8
2425	0.705	-0.187	1.938	485.0
2426	0.705	-0.187	1.948	485.2
2427	0.705	-0.188	1.947	485.4
2428	0.705	-0.187	1.942	485.6
2429	0.705	-0.187	1.942	485.8
2430	0.705	-0.185	1.944	486.0
2431	0.705	-0.188	1.941	486.2
2432	0.706	-0.186	1.947	486.4
2433	0.704	-0.188	1.945	486.6
2434	0.705	-0.187	1.944	486.8
2435	0.703	-0.187	1.935	487.0
2436	0.704	-0.186	1.933	487.2
2437	0.704	-0.188	1.941	487.4
2438	0.706	-0.188	1.942	487.6
2439	0.703	-0.186	1.951	487.8
2440	0.704	-0.186	1.951	488.0
2441	0.705	-0.187	1.947	488.2
2442	0.704	-0.186	1.946	488.4
2443	0.703	-0.188	1.943	488.6
2444	0.703	-0.187	1.950	488.8
2445	0.703	-0.185	1.941	489.0
2446	0.704	-0.186	1.936	489.2
2447	0.704	-0.186	1.925	489.4
2448	0.704	-0.186	1.937	489.6
2449	0.705	-0.184	1.944	489.8
2450	0.702	-0.189	1.941	490.0
2451	0.704	-0.187	1.929	490.2
2452	0.703	-0.186	1.929	490.4
2453	0.704	-0.185	1.944	490.6
2454	0.701	-0.189	1.950	490.8
2455	0.702	-0.185	1.942	491.0
2456	0.702	-0.187	1.938	491.2
2457	0.703	-0.185	1.942	491.4
2458	0.703	-0.187	1.937	491.6
2459	0.703	-0.189	1.928	491.8
2460	0.703	-0.185	1.935	492.0
2461	0.704	-0.188	1.942	492.2
2462	0.701	-0.185	1.940	492.4
2463	0.702	-0.187	1.931	492.6
2464	0.704	-0.186	1.929	492.8
2465	0.703	-0.185	1.944	493.0
2466	0.701	-0.186	1.945	493.2
2467	0.701	-0.188	1.944	493.4
2468	0.701	-0.186	1.937	493.6
2469	0.701	-0.188	1.930	493.8
2470	0.703	-0.185	1.930	494.0
2471	0.701	-0.186	1.934	494.2
2472	0.701	-0.185	1.932	494.4
2473	0.704	-0.183	1.935	494.6
2474	0.702	-0.187	1.935	494.8
2475	0.700	-0.186	1.935	495.0
2476	0.700	-0.184	1.942	495.2
2477	0.700	-0.184	1.937	495.4
2478	0.700	-0.185	1.946	495.6
2479	0.700	-0.186	1.942	495.8
2480	0.699	-0.185	1.939	496.0
2481	0.701	-0.185	1.935	496.2
2482	0.701	-0.185	1.933	496.4
2483	0.703	-0.185	1.933	496.6
2484	0.702	-0.186	1.937	496.8
2485	0.700	-0.184	1.937	497.0
2486	0.701	-0.186	1.930	497.2
2487	0.700	-0.187	1.924	497.4
2488	0.700	-0.186	1.938	497.6
2489	0.699	-0.186	1.935	497.8
2490	0.701	-0.187	1.940	498.0
2491	0.701	-0.184	1.936	498.2
2492	0.700	-0.186	1.931	498.4
2493	0.701	-0.184	1.929	498.6
2494	0.701	-0.187	1.930	498.8
2495	0.700	-0.186	1.934	499.0
2496	0.699	-0.187	1.929	499.2
2497	0.698	-0.183	1.935	499.4
2498	0.700	-0.186	1.929	499.6
2499	0.701	-0.184	1.935	499.8
2500	0.701	-0.184	1.946	500.0
2501	0.700	-0.184	1.941	500.2
2502	0.702	-0.185	1.935	500.4
2503	0.700	-0.189	1.937	500.6
2504	0.698	-0.185	1.943	500.8
2505	0.699	-0.187	1.929	501.0
2506	0.700	-0.182	1.935	501.2
2507	0.700	-0.185	1.934	501.4
2508	0.701	-0.184	1.937	501.6
2509	0.701	-0.186	1.930	501.8
2510	0.700	-0.185	1.932	502.0
2511	0.702	-0.186	1.940	502.2
2512	0.699	-0.183	1.934	502.4
2513	0.700	-0.187	1.933	502.6
2514	0.700	-0.184	1.938	502.8
2515	0.699	-0.186	1.939	503.0
2516	0.697	-0.189	1.939	503.2
2517	0.700	-0.184	1.934	503.4
2518	0.697	-0.187	1.927	503.6
2519	0.698	-0.188	1.937	503.8
2520	0.384	-0.076	1.347	504.0
2521	0.065	-0.003	0.820	504.2
2522	-0.016	0.011	0.779	504.4
2523	-0.018	0.012	0.778	504.6
2524	-0.014	0.009	0.784	504.8
2525	-0.015	0.009	0.773	505.0
2526	-0.016	0.013	0.768	505.2
2527	-0.015	0.010	0.779	505.4
2528	-0.015	0.013	0.779	505.6
2529	-0.015	0.013	0.777	505.8
2530	-0.013	0.011	0.781	506.0
2531	-0.013	0.010	0.774	506.2
2532	-0.016	0.012	0.788	506.4
2533	-0.015	0.012	0.784	506.6
2534	-0.014	0.011	0.771	506.8
2535	-0.013	0.013	0.783	507.0
2536	-0.013	0.013	0.783	507.2
2537	-0.015	0.010	0.773	507.4
2538	-0.016	0.010	0.782	507.6
2539	-0.014	0.012	0.785	507.8
2540	-0.018	0.009	0.775	508.0
2541	-0.015	0.013	0.781	508.2
2542	-0.017	0.014	0.789	508.4
2543	-0.015	0.013	0.784	508.6
2544	-0.015	0.014	0.791	508.8
2545	-0.015	0.010	0.804	509.0
2546	-0.015	0.011	0.780	509.2
2547	-0.017	0.010	0.778	509.4
2548	-0.016	0.008	0.783	509.6
2549	-0.016	0.010	0.778	509.8
2550	-0.015	0.012	0.774	510.0
2551	-0.016	0.014	0.776	510.2
2552	-0.016	0.012	0.777	510.4
2553	-0.015	0.013	0.777	510.6
2554	-0.013	0.010	0.780	510.8
2555	-0.012	0.010	0.782	511.0
2556	-0.013	0.011	0.780	511.2
2557	-0.013	0.012	0.783	511.4
2558	-0.014	0.013	0.778	511.6
2559	-0.015	0.013	0.776	511.8
2560	-0.014	0.015	0.780	512.0
2561	-0.018	0.013	0.777	512.2
2562	-0.016	0.013	0.778	512.4
2563	-0.017	0.012	0.776	512.6
2564	-0.017	0.009	0.777	512.8
2565	-0.015	0.009	0.780	513.0
2566	-0.015	0.014	0.784	513.2
2567	-0.016	0.011	0.783	513.4
2568	-0.015	0.012	0.784	513.6
2569	-0.017	0.009	0.784	513.8
2570	-0.015	0.010	0.783	514.0
2571	-0.015	0.011	0.782	514.2
2572	-0.015	0.011	0.776	514.4
2573	-0.015	0.013	0.779	514.6
2574	-0.016	0.011	0.774	514.8
2575	-0.016	0.009	0.776	515.0
2576	-0.016	0.013	0.773	515.2
2577	-0.016	0.011	0.779	515.4
2578	-0.013	0.015	0.779	515.6
2579	-0.015	0.011	0.782	515.8
2580	-0.017	0.009	0.781	516.0
2581	-0.013	0.011	0.780	516.2
2582	-0.015	0.010	0.783	516.4
2583	-0.013	0.013	0.782	516.6
2584	-0.016	0.013	0.777	516.8
2585	-0.016	0.011	0.775	517.0
2586	-0.016	0.011	0.777	517.2
2587	-0.015	0.009	0.777	517.4
2588	-0.017	0.012	0.776	517.6
2589	-0.016	0.011	0.780	517.8
2590	-0.014	0.011	0.778	518.0
2591	-0.015	0.014	0.779	518.2
2592	-0.018	0.012	0.782	518.4
2593	-0.015	0.013	0.779	518.6
2594	-0.017	0.012	0.782	518.8
2595	-0.017	0.011	0.778	519.0
2596	-0.018	0.010	0.779	519.2
2597	-0.015	0.011	0.778	519.4
2598	-0.015	0.011	0.776	519.6
2599	-0.015	0.009	0.775	519.8
2600	-0.013	0.013	0.776	520.0
2601	-0.014	0.011	0.777	520.2
2602	-0.014	0.013	0.779	520.4
2603	-0.013	0.012	0.779	520.6
2604	-0.014	0.010	0.780	520.8
2605	-0.015	0.011	0.782	521.0
2606	-0.012	0.009	0.781	521.2
2607	-0.015	0.011	0.783	521.4
2608	-0.013	0.016	0.779	521.6
2609	-0.015	0.013	0.775	521.8
2610	-0.014	0.011	0.778	522.0
2611	-0.011	0.009	0.778	522.2
2612	-0.014	0.012	0.776	522.4
2613	-0.015	0.009	0.778	522.6
2614	-0.015	0.009	0.782	522.8
2615	-0.015	0.011	0.782	523.0
2616	-0.015	0.013	0.782	523.2
2617	-0.014	0.011	0.785	523.4
2618	-0.014	0.013	0.783	523.6
2619	-0.016	0.009	0.780	523.8
2620	-0.017	0.009	0.777	524.0
2621	-0.017	0.009	0.777	524.2
2622	-0.016	0.009	0.777	524.4
2623	-0.016	0.013	0.775	524.6
2624	-0.016	0.015	0.773	524.8
2625	-0.014	0.013	0.780	525.0
2626	-0.018	0.011	0.781	525.2
2627	-0.017	0.012	0.784	525.4
2628	-0.015	0.008	0.781	525.6
2629	-0.017	0.010	0.781	525.8
2630	-0.019	0.009	0.783	526.0
2631	-0.016	0.008	0.782	526.2
2632	-0.016	0.013	0.782	526.4
2633	-0.015	0.013	0.778	526.6
2634	-0.017	0.013	0.779	526.8
2635	-0.015	0.015	0.778	527.0
2636	-0.017	0.010	0.779	527.2
2637	-0.018	0.009	0.780	527.4
2638	-0.018	0.007	0.786	527.6
2639	-0.019	0.008	0.779	527.8
2640	-0.015	0.012	0.783	528.0
2641	-0.015	0.014	0.784	528.2
2642	-0.013	0.013	0.782	528.4
2643	-0.015	0.014	0.781	528.6
2644	-0.015	0.011	0.779	528.8
2645	-0.018	0.005	0.776	529.0
2646	-0.013	0.007	0.777	529.2
2647	-0.015	0.007	0.776	529.4
2648	-0.015	0.010	0.777	529.6
2649	-0.015	0.013	0.778	529.8
2650	-0.015	0.013	0.778	530.0
2651	-0.015	0.011	0.782	530.2
2652	-0.016	0.011	0.780	530.4
2653	-0.015	0.010	0.785	530.6
2654	-0.014	0.009	0.783	530.8
2655	-0.015	0.011	0.779	531.0
2656	-0.016	0.011	0.781	531.2
2657	-0.015	0.009	0.779	531.4
2658	-0.018	0.013	0.778	531.6
2659	-0.018	0.011	0.776	531.8
2660	-0.017	0.010	0.779	532.0
2661	-0.018	0.011	0.777	532.2
2662	-0.018	0.007	0.780	532.4
2663	-0.019	0.011	0.783	532.6
2664	-0.016	0.012	0.780	532.8
2665	-0.018	0.011	0.782	533.0
2666	-0.018	0.011	0.782	533.2
2667	-0.017	0.010	0.780	533.4
2668	-0.017	0.013	0.780	533.6
2669	-0.019	0.009	0.779	533.8
2670	-0.019	0.010	0.778	534.0
2671	-0.020	0.009	0.777	534.2
2672	-0.019	0.009	0.777	534.4
2673	-0.018	0.010	0.776	534.6
2674	-0.018	0.010	0.779	534.8
2675	-0.018	0.011	0.779	535.0
2676	-0.015	0.010	0.782	535.2
2677	-0.018	0.010	0.779	535.4
2678	-0.015	0.013	0.783	535.6
2679	-0.019	0.008	0.782	535.8
2680	-0.017	0.011	0.778	536.0
2681	-0.013	0.008	0.778	536.2
2682	-0.017	0.011	0.778	536.4
2683	-0.015	0.010	0.777	536.6
2684	-0.016	0.012	0.778	536.8
2685	-0.016	0.011	0.776	537.0
2686	-0.015	0.011	0.782	537.2
2687	-0.015	0.011	0.781	537.4
2688	-0.016	0.008	0.783	537.6
2689	-0.018	0.009	0.784	537.8
2690	-0.015	0.010	0.783	538.0
2691	-0.014	0.011	0.781	538.2
2692	-0.013	0.015	0.780	538.4
2693	-0.014	0.015	0.781	538.6
2694	-0.014	0.011	0.778	538.8
2695	-0.013	0.008	0.776	539.0
2696	-0.015	0.009	0.774	539.2
2697	-0.015	0.009	0.778	539.4
2698	-0.015	0.010	0.778	539.6
2699	-0.013	0.012	0.779	539.8
2700	-0.016	0.013	0.779	540.0
2701	-0.014	0.015	0.780	540.2
2702	-0.017	0.013	0.783	540.4
2703	-0.019	0.010	0.782	540.6
2704	-0.019	0.008	0.783	540.8
2705	-0.015	0.009	0.784	541.0
2706	-0.019	0.008	0.777	541.2
2707	-0.018	0.013	0.778	541.4
2708	-0.018	0.011	0.782	541.6
2709	-0.018	0.012	0.778	541.8
2710	-0.018	0.014	0.782	542.0
2711	-0.020	0.008	0.783	542.2
2712	-0.019	0.007	0.783	542.4
2713	-0.019	0.009	0.785	542.6
2714	-0.019	0.009	0.783	542.8
2715	-0.019	0.011	0.784	543.0
2716	-0.018	0.013	0.777	543.2
2717	-0.020	0.013	0.779	543.4
2718	-0.019	0.014	0.774	543.6
2719	-0.020	0.012	0.776	543.8
2720	-0.019	0.007	0.777	544.0
2721	-0.020	0.007	0.776	544.2
2722	-0.021	0.010	0.779	544.4
2723	-0.020	0.008	0.782	544.6
2724	-0.020	0.013	0.781	544.8
2725	-0.019	0.015	0.778	545.0
2726	-0.018	0.011	0.782	545.2
2727	-0.017	0.012	0.780	545.4
2728	-0.017	0.012	0.785	545.6
2729	-0.019	0.008	0.777	545.8
2730	-0.021	0.009	0.777	546.0
2731	-0.020	0.010	0.782	546.2
2732	-0.019	0.012	0.777	546.4
2733	-0.018	0.013	0.777	546.6
2734	-0.018	0.011	0.778	546.8
2735	-0.018	0.011	0.782	547.0
2736	-0.016	0.011	0.782	547.2
2737	-0.017	0.009	0.783	547.4
2738	-0.016	0.007	0.781	547.6
2739	-0.017	0.010	0.780	547.8
2740	-0.016	0.011	0.780	548.0
2741	-0.017	0.009	0.773	548.2
2742	-0.016	0.013	0.776	548.4
2743	-0.015	0.011	0.774	548.6
2744	-0.015	0.010	0.774	548.8
2745	-0.017	0.007	0.775	549.0
2746	-0.017	0.006	0.779	549.2
2747	-0.016	0.009	0.781	549.4
2748	-0.017	0.015	0.782	549.6
2749	-0.018	0.014	0.783	549.8
2750	-0.018	0.013	0.783	550.0
2751	-0.018	0.011	0.784	550.2
2752	-0.017	0.007	0.779	550.4
2753	-0.019	0.007	0.777	550.6
2754	-0.016	0.007	0.777	550.8
2755	-0.018	0.010	0.777	551.0
2756	-0.017	0.013	0.775	551.2
2757	-0.015	0.012	0.776	551.4
2758	-0.015	0.012	0.780	551.6
2759	-0.014	0.013	0.780	551.8
2760	-0.015	0.010	0.780	552.0
2761	-0.016	0.009	0.787	552.2
2762	-0.015	0.009	0.782	552.4
2763	-0.014	0.010	0.779	552.6
2764	-0.016	0.011	0.784	552.8
2765	-0.015	0.015	0.778	553.0
2766	-0.013	0.013	0.776	553.2
2767	-0.018	0.012	0.778	553.4
2768	-0.020	0.013	0.777	553.6
2769	-0.015	0.009	0.776	553.8
2770	-0.017	0.008	0.781	554.0
2771	-0.018	0.007	0.781	554.2
2772	-0.018	0.013	0.780	554.4
2773	-0.016	0.011	0.783	554.6
2774	-0.020	0.013	0.780	554.8
2775	-0.018	0.013	0.781	555.0
2776	-0.020	0.010	0.781	555.2
2777	-0.016	0.007	0.778	555.4
2778	-0.015	0.010	0.777	555.6
2779	-0.015	0.009	0.775	555.8
2780	-0.016	0.011	0.782	556.0
2781	-0.016	0.010	0.779	556.2
2782	-0.014	0.013	0.778	556.4
2783	-0.013	0.011	0.783	556.6
2784	-0.013	0.010	0.784	556.8
2785	-0.014	0.009	0.783	557.0
2786	-0.016	0.010	0.776	557.2
2787	-0.012	0.009	0.780	557.4
2788	-0.013	0.007	0.781	557.6
2789	-0.012	0.009	0.782	557.8
2790	-0.013	0.011	0.778	558.0
2791	-0.014	0.010	0.775	558.2
2792	-0.014	0.011	0.774	558.4
2793	-0.015	0.008	0.777	558.6
2794	-0.013	0.008	0.779	558.8
2795	-0.013	0.011	0.783	559.0
2796	-0.015	0.009	0.783	559.2
2797	-0.014	0.012	0.785	559.4
2798	-0.018	0.013	0.780	559.6
2799	-0.015	0.010	0.781	559.8
2800	-0.016	0.013	0.779	560.0
2801	-0.017	0.012	0.778	560.2
2802	-0.016	0.009	0.776	560.4
2803	-0.015	0.010	0.775	560.6
2804	-0.016	0.012	0.777	560.8
2805	-0.018	0.011	0.780	561.0
2806	-0.022	0.015	0.779	561.2
2807	-0.017	0.011	0.783	561.4
2808	-0.017	0.009	0.783	561.6
2809	-0.020	0.011	0.785	561.8
2810	-0.020	0.009	0.782	562.0
2811	-0.018	0.009	0.783	562.2
2812	-0.018	0.011	0.779	562.4
2813	-0.019	0.009	0.775	562.6
2814	-0.018	0.010	0.778	562.8
2815	-0.018	0.011	0.777	563.0
2816	-0.021	0.011	0.777	563.2
2817	-0.021	0.008	0.775	563.4
2818	-0.021	0.007	0.779	563.6
2819	-0.018	0.008	0.776	563.8
2820	-0.018	0.009	0.780	564.0
2821	-0.018	0.013	0.781	564.2
2822	-0.020	0.010	0.782	564.4
2823	-0.017	0.011	0.780	564.6
2824	-0.015	0.010	0.781	564.8
2825	-0.016	0.006	0.778	565.0
2826	-0.015	0.008	0.779	565.2
2827	-0.015	0.009	0.776	565.4
2828	-0.016	0.009	0.778	565.6
2829	-0.016	0.009	0.776	565.8
2830	-0.015	0.011	0.779	566.0
2831	-0.016	0.012	0.779	566.2
2832	-0.017	0.011	0.783	566.4
2833	-0.014	0.012	0.784	566.6
2834	-0.016	0.008	0.783	566.8
2835	-0.015	0.009	0.779	567.0
2836	-0.017	0.009	0.777	567.2
2837	-0.018	0.010	0.779	567.4
2838	-0.017	0.008	0.777	567.6
2839	-0.017	0.011	0.776	567.8
2840	-0.019	0.012	0.777	568.0
2841	-0.019	0.011	0.782	568.2
2842	-0.019	0.013	0.779	568.4
2843	-0.020	0.011	0.780	568.6
2844	-0.022	0.006	0.778	568.8
2845	-0.020	0.007	0.783	569.0
2846	-0.020	0.011	0.777	569.2
2847	-0.018	0.010	0.778	569.4
2848	-0.019	0.013	0.778	569.6
2849	-0.018	0.011	0.776	569.8
2850	-0.017	0.010	0.772	570.0
2851	-0.018	0.011	0.772	570.2
2852	-0.020	0.009	0.777	570.4
2853	-0.020	0.009	0.780	570.6
2854	-0.018	0.011	0.781	570.8
2855	-0.017	0.010	0.781	571.0
2856	-0.016	0.013	0.782	571.2
2857	-0.018	0.011	0.783	571.4
2858	-0.019	0.013	0.782	571.6
2859	-0.018	0.008	0.779	571.8
2860	-0.018	0.008	0.781	572.0
2861	-0.021	0.008	0.778	572.2
2862	-0.018	0.009	0.774	572.4
2863	-0.019	0.011	0.776	572.6
2864	-0.016	0.012	0.777	572.8
2865	-0.018	0.011	0.774	573.0
2866	-0.016	0.013	0.779	573.2
2867	-0.018	0.012	0.776	573.4
2868	-0.017	0.010	0.781	573.6
2869	-0.017	0.009	0.778	573.8
2870	-0.017	0.010	0.780	574.0
2871	-0.018	0.010	0.781	574.2
2872	-0.018	0.012	0.781	574.4
2873	-0.018	0.014	0.776	574.6
2874	-0.017	0.014	0.772	574.8
2875	-0.016	0.012	0.775	575.0
2876	-0.017	0.007	0.773	575.2
2877	-0.018	0.009	0.780	575.4
2878	-0.016	0.010	0.779	575.6
2879	-0.018	0.009	0.784	575.8
2880	-0.017	0.013	0.786	576.0
2881	-0.013	0.017	0.782	576.2
2882	-0.017	0.011	0.783	576.4
2883	-0.016	0.013	0.780	576.6
2884	-0.015	0.009	0.779	576.8
2885	-0.018	0.008	0.778	577.0
2886	-0.018	0.007	0.775	577.2
2887	-0.017	0.010	0.777	577.4
2888	-0.018	0.011	0.780	577.6
2889	-0.018	0.013	0.779	577.8
2890	-0.015	0.014	0.778	578.0
2891	-0.016	0.011	0.784	578.2
2892	-0.018	0.010	0.783	578.4
2893	-0.019	0.009	0.778	578.6
2894	-0.018	0.010	0.781	578.8
2895	-0.019	0.006	0.779	579.0
2896	-0.017	0.010	0.775	579.2
2897	-0.018	0.013	0.778	579.4
2898	-0.018	0.010	0.774	579.6
2899	-0.017	0.011	0.775	579.8
2900	-0.015	0.010	0.776	580.0
2901	-0.018	0.009	0.779	580.2
2902	-0.018	0.005	0.778	580.4
2903	-0.017	0.009	0.782	580.6
2904	-0.018	0.012	0.784	580.8
2905	-0.018	0.011	0.784	581.0
2906	-0.015	0.013	0.781	581.2
2907	-0.019	0.013	0.782	581.4
2908	-0.018	0.011	0.782	581.6
2909	-0.018	0.010	0.779	581.8
2910	-0.017	0.008	0.777	582.0
2911	-0.018	0.007	0.779	582.2
2912	-0.017	0.007	0.780	582.4
2913	-0.017	0.013	0.778	582.6
2914	-0.017	0.016	0.781	582.8
2915	-0.017	0.016	0.786	583.0
2916	-0.018	0.014	0.780	583.2
2917	-0.018	0.011	0.783	583.4
2918	-0.019	0.009	0.782	583.6
2919	-0.018	0.006	0.777	583.8
2920	-0.021	0.005	0.777	584.0
2921	-0.019	0.009	0.778	584.2
2922	-0.018	0.011	0.772	584.4
2923	-0.018	0.016	0.776	584.6
2924	-0.016	0.015	0.777	584.8
2925	-0.018	0.013	0.778	585.0
2926	-0.018	0.010	0.779	585.2
2927	-0.018	0.005	0.780	585.4
2928	-0.021	0.009	0.779	585.6
2929	-0.019	0.011	0.782	585.8
2930	-0.021	0.012	0.781	586.0
2931	-0.019	0.013	0.781	586.2
2932	-0.020	0.014	0.778	586.4
2933	-0.022	0.015	0.773	586.6
2934	-0.022	0.008	0.778	586.8
2935	-0.022	0.006	0.779	587.0
2936	-0.022	0.003	0.775	587.2
2937	-0.024	0.008	0.777	587.4
2938	-0.022	0.009	0.780	587.6
2939	-0.024	0.012	0.783	587.8
2940	-0.021	0.014	0.782	588.0
2941	-0.023	0.015	0.783	588.2
2942	-0.022	0.013	0.782	588.4
2943	-0.020	0.007	0.776	588.6
2944	-0.019	0.005	0.778	588.8
2945	-0.022	0.006	0.776	589.0
2946	-0.021	0.010	0.775	589.2
2947	-0.022	0.011	0.780	589.4
2948	-0.020	0.015	0.775	589.6
2949	-0.018	0.013	0.780	589.8
2950	-0.020	0.010	0.785	590.0
2951	-0.018	0.007	0.782	590.2
2952	-0.019	0.004	0.781	590.4
2953	-0.018	0.005	0.781	590.6
2954	-0.018	0.007	0.780	590.8
2955	-0.015	0.013	0.782	591.0
2956	-0.017	0.015	0.776	591.2
2957	-0.016	0.015	0.778	591.4
2958	-0.017	0.013	0.778	591.6
2959	-0.016	0.011	0.779	591.8
2960	-0.015	0.009	0.777	592.0
2961	-0.016	0.005	0.780	592.2
2962	-0.016	0.008	0.781	592.4
2963	-0.015	0.009	0.782	592.6
2964	-0.015	0.013	0.781	592.8
2965	-0.016	0.013	0.787	593.0
2966	-0.017	0.009	0.780	593.2
2967	-0.017	0.008	0.778	593.4
2968	-0.020	0.009	0.778	593.6
2969	-0.019	0.006	0.776	593.8
2970	-0.020	0.007	0.776	594.0
2971	-0.018	0.009	0.780	594.2
2972	-0.020	0.013	0.780	594.4
2973	-0.020	0.015	0.780	594.6
2974	-0.021	0.018	0.779	594.8
2975	-0.018	0.013	0.780	595.0
2976	-0.021	0.009	0.780	595.2
2977	-0.021	0.005	0.779	595.4
2978	-0.024	0.005	0.777	595.6
2979	-0.021	0.006	0.775	595.8
2980	-0.020	0.011	0.774	596.0
2981	-0.021	0.015	0.776	596.2
2982	-0.019	0.014	0.774	596.4
2983	-0.021	0.011	0.778	596.6
2984	-0.019	0.009	0.774	596.8
2985	-0.019	0.007	0.779	597.0
2986	-0.018	0.007	0.781	597.2
2987	-0.017	0.007	0.780	597.4
2988	-0.018	0.011	0.782	597.6
2989	-0.017	0.012	0.779	597.8
2990	-0.015	0.015	0.777	598.0
2991	-0.015	0.012	0.779	598.2
2992	-0.014	0.009	0.777	598.4
2993	-0.015	0.007	0.778	598.6
2994	-0.017	0.005	0.776	598.8
2995	-0.016	0.007	0.776	599.0
2996	-0.016	0.008	0.781	599.2
2997	-0.017	0.012	0.781	599.4
2998	-0.016	0.013	0.782	599.6
2999	-0.018	0.015	0.780	599.8
3000	-0.020	0.011	0.781	600.0
3001	-0.017	0.010	0.780	600.2
3002	-0.016	0.007	0.779	600.4
3003	-0.018	0.006	0.775	600.6
3004	-0.018	0.009	0.774	600.8
3005	-0.019	0.011	0.777	601.0
3006	-0.018	0.015	0.779	601.2
3007	-0.021	0.013	0.775	601.4
3008	-0.019	0.011	0.779	601.6
3009	-0.020	0.011	0.783	601.8
3010	-0.018	0.008	0.786	602.0
3011	-0.022	0.007	0.783	602.2
3012	-0.019	0.010	0.781	602.4
