0	0.009	0.009	0.779	0.0
1	0.009	0.013	0.777	0.2
2	0.009	0.011	0.779	0.4
3	0.010	0.011	0.776	0.6
4	0.008	0.009	0.777	0.8
5	0.010	0.005	0.776	1.0
6	0.008	0.010	0.778	1.2
7	0.006	0.009	0.771	1.4
8	0.007	0.012	0.775	1.6
9	0.007	0.008	0.777	1.8
10	0.006	0.009	0.778	2.0
11	0.006	0.012	0.774	2.2
12	0.006	0.009	0.775	2.4
13	0.008	0.010	0.775	2.6
14	0.005	0.011	0.777	2.8
15	0.005	0.007	0.779	3.0
16	0.007	0.008	0.774	3.2
17	0.005	0.010	0.777	3.4
18	0.009	0.011	0.771	3.6
19	0.007	0.011	0.776	3.8
20	0.006	0.013	0.778	4.0
21	0.009	0.010	0.774	4.2
22	0.009	0.011	0.775	4.4
23	0.011	0.007	0.776	4.6
24	0.011	0.007	0.775	4.8
25	0.009	0.007	0.775	5.0
26	0.015	0.012	0.773	5.2
27	0.013	0.009	0.775	5.4
28	0.013	0.011	0.779	5.6
29	0.014	0.007	0.774	5.8
30	0.013	0.011	0.776	6.0
31	0.014	0.009	0.777	6.2
32	0.015	0.009	0.776	6.4
33	0.011	0.011	0.777	6.6
34	0.011	0.010	0.779	6.8
35	0.011	0.010	0.778	7.0
36	0.011	0.007	0.776	7.2
37	0.011	0.009	0.779	7.4
38	0.013	0.009	0.775	7.6
39	0.011	0.009	0.776	7.8
40	0.012	0.010	0.776	8.0
41	0.012	0.007	0.775	8.2
42	0.012	0.008	0.778	8.4
43	0.012	0.008	0.779	8.6
44	0.011	0.012	0.779	8.8
45	0.010	0.011	0.777	9.0
46	0.010	0.010	0.778	9.2
47	0.013	0.008	0.778	9.4
48	0.010	0.007	0.778	9.6
49	0.009	0.007	0.776	9.8
50	0.011	0.009	0.776	10.0
51	0.009	0.009	0.778	10.2
52	0.009	0.010	0.775	10.4
53	0.009	0.008	0.779	10.6
54	0.009	0.009	0.775	10.8
55	0.009	0.009	0.778	11.0
56	0.009	0.009	0.775	11.2
57	0.007	0.007	0.774	11.4
58	0.007	0.009	0.778	11.6
59	0.009	0.008	0.784	11.8
60	0.008	0.011	0.780	12.0
61	0.009	0.007	0.773	12.2
62	0.011	0.008	0.776	12.4
63	0.007	0.008	0.775	12.6
64	0.008	0.007	0.774	12.8
65	0.010	0.009	0.776	13.0
66	0.007	0.007	0.776	13.2
67	0.010	0.009	0.779	13.4
68	0.009	0.009	0.779	13.6
69	0.007	0.012	0.778	13.8
70	0.008	0.008	0.778	14.0
71	0.009	0.008	0.779	14.2
72	0.009	0.009	0.778	14.4
73	0.009	0.008	0.776	14.6
74	0.009	0.008	0.778	14.8
75	0.007	0.008	0.779	15.0
76	0.008	0.011	0.779	15.2
77	0.007	0.010	0.778	15.4
78	0.007	0.010	0.776	15.6
79	0.009	0.011	0.775	15.8
80	0.006	0.010	0.778	16.0
81	0.006	0.011	0.781	16.2
82	0.007	0.013	0.779	16.4
83	0.007	0.010	0.774	16.6
84	0.007	0.012	0.775	16.8
85	0.005	0.011	0.775	17.0
86	0.005	0.010	0.776	17.2
87	0.001	0.010	0.778	17.4
88	0.004	0.008	0.779	17.6
89	0.004	0.009	0.779	17.8
90	0.003	0.009	0.778	18.0
91	0.004	0.010	0.780	18.2
92	0.002	0.011	0.779	18.4
93	0.002	0.013	0.778	18.6
94	0.005	0.015	0.778	18.8
95	0.005	0.010	0.779	19.0
96	0.005	0.009	0.779	19.2
97	0.003	0.007	0.776	19.4
98	0.006	0.008	0.775	19.6
99	0.003	0.011	0.776	19.8
100	0.003	0.011	0.778	20.0
101	0.006	0.012	0.778	20.2
102	0.005	0.010	0.777	20.4
103	0.006	0.011	0.777	20.6
104	0.005	0.009	0.775	20.8
105	0.004	0.007	0.777	21.0
106	0.004	0.007	0.776	21.2
107	0.006	0.007	0.780	21.4
108	0.005	0.009	0.776	21.6
109	0.002	0.007	0.777	21.8
110	0.005	0.010	0.780	22.0
111	0.001	0.009	0.776	22.2
112	0.002	0.007	0.774	22.4
113	0.002	0.007	0.775	22.6
114	0.002	0.007	0.777	22.8
115	0.004	0.008	0.778	23.0
116	0.002	0.009	0.779	23.2
117	0.003	0.007	0.776	23.4
118	0.004	0.009	0.779	23.6
119	0.004	0.007	0.780	23.8
120	0.005	0.009	0.780	24.0
121	0.004	0.008	0.779	24.2
122	0.003	0.007	0.778	24.4
123	0.005	0.005	0.774	24.6
124	0.005	0.006	0.779	24.8
125	0.003	0.009	0.776	25.0
126	0.003	0.009	0.779	25.2
127	0.003	0.010	0.774	25.4
128	0.004	0.007	0.775	25.6
129	0.003	0.008	0.778	25.8
130	0.003	0.006	0.778	26.0
131	0.005	0.007	0.777	26.2
132	0.004	0.009	0.775	26.4
133	0.004	0.008	0.775	26.6
134	0.005	0.010	0.773	26.8
135	0.004	0.011	0.777	27.0
136	0.003	0.009	0.776	27.2
137	0.005	0.011	0.778	27.4
138	0.006	0.008	0.779	27.6
139	0.006	0.010	0.777	27.8
140	0.005	0.007	0.778	28.0
141	0.005	0.011	0.777	28.2
142	0.004	0.010	0.777	28.4
143	0.004	0.009	0.776	28.6
144	0.005	0.009	0.778	28.8
145	0.005	0.009	0.771	29.0
146	0.005	0.007	0.774	29.2
147	0.005	0.013	0.777	29.4
148	0.005	0.011	0.778	29.6
149	0.006	0.012	0.778	29.8
150	0.005	0.009	0.778	30.0
151	0.006	0.008	0.779	30.2
152	0.007	0.008	0.781	30.4
153	0.007	0.009	0.777	30.6
154	0.005	0.010	0.780	30.8
155	0.009	0.010	0.779	31.0
156	0.006	0.007	0.776	31.2
157	0.007	0.009	0.776	31.4
158	0.007	0.009	0.779	31.6
159	0.006	0.009	0.776	31.8
160	0.006	0.009	0.777	32.0
161	0.005	0.008	0.772	32.2
162	0.006	0.012	0.776	32.4
163	0.005	0.011	0.775	32.6
164	0.005	0.012	0.773	32.8
165	0.006	0.009	0.774	33.0
166	0.006	0.013	0.774	33.2
167	0.005	0.010	0.775	33.4
168	0.004	0.011	0.776	33.6
169	0.005	0.010	0.776	33.8
170	0.006	0.011	0.777	34.0
171	0.006	0.011	0.775	34.2
172	0.007	0.009	0.778	34.4
173	0.007	0.010	0.777	34.6
174	0.007	0.011	0.777	34.8
175	0.007	0.011	0.776	35.0
176	0.008	0.011	0.779	35.2
177	0.007	0.013	0.779	35.4
178	0.005	0.012	0.775	35.6
179	0.005	0.009	0.778	35.8
180	0.005	0.012	0.778	36.0
181	0.005	0.010	0.777	36.2
182	0.005	0.011	0.776	36.4
183	0.005	0.009	0.777	36.6
184	0.006	0.009	0.779	36.8
185	0.005	0.010	0.779	37.0
186	0.004	0.011	0.777	37.2
187	0.003	0.011	0.777	37.4
188	0.006	0.012	0.780	37.6
189	0.006	0.009	0.777	37.8
190	0.005	0.010	0.779	38.0
191	0.005	0.011	0.776	38.2
192	0.005	0.010	0.778	38.4
193	0.007	0.011	0.778	38.6
194	0.006	0.011	0.772	38.8
195	0.007	0.011	0.779	39.0
196	0.007	0.011	0.776	39.2
197	0.005	0.008	0.776	39.4
198	0.005	0.007	0.778	39.6
199	0.006	0.007	0.774	39.8
200	0.006	0.008	0.777	40.0
201	0.006	0.009	0.775	40.2
202	0.009	0.010	0.778	40.4
203	0.010	0.010	0.773	40.6
204	0.006	0.010	0.777	40.8
205	0.007	0.008	0.779	41.0
206	0.008	0.007	0.775	41.2
207	0.009	0.009	0.778	41.4
208	0.006	0.008	0.779	41.6
209	0.007	0.009	0.776	41.8
210	0.008	0.009	0.776	42.0
211	0.007	0.010	0.775	42.2
212	0.009	0.007	0.778	42.4
213	0.009	0.010	0.778	42.6
214	0.008	0.009	0.778	42.8
215	0.009	0.010	0.779	43.0
216	0.008	0.009	0.776	43.2
217	0.009	0.008	0.779	43.4
218	0.007	0.009	0.776	43.6
219	0.007	0.011	0.776	43.8
220	0.005	0.009	0.778	44.0
221	0.006	0.009	0.775	44.2
222	0.007	0.008	0.776	44.4
223	0.007	0.009	0.776	44.6
224	0.006	0.010	0.772	44.8
225	0.006	0.009	0.776	45.0
226	0.006	0.010	0.776	45.2
227	0.005	0.009	0.779	45.4
228	0.007	0.011	0.781	45.6
229	0.007	0.013	0.779	45.8
230	0.006	0.009	0.778	46.0
231	0.006	0.008	0.776	46.2
232	0.006	0.009	0.777	46.4
233	0.007	0.009	0.776	46.6
234	0.005	0.010	0.776	46.8
235	0.007	0.008	0.776	47.0
236	0.008	0.011	0.782	47.2
237	0.007	0.010	0.780	47.4
238	0.006	0.008	0.780	47.6
239	0.007	0.007	0.780	47.8
240	0.009	0.009	0.774	48.0
241	0.005	0.007	0.778	48.2
242	0.009	0.010	0.777	48.4
243	0.009	0.007	0.779	48.6
244	0.008	0.009	0.780	48.8
245	0.007	0.010	0.777	49.0
246	0.009	0.009	0.776	49.2
247	0.008	0.011	0.773	49.4
248	0.008	0.013	0.775	49.6
249	0.007	0.005	0.778	49.8
250	0.007	0.007	0.775	50.0
251	0.008	0.008	0.774	50.2
252	0.008	0.008	0.771	50.4
253	0.009	0.009	0.779	50.6
254	0.009	0.011	0.777	50.8
255	0.009	0.011	0.776	51.0
256	0.007	0.009	0.780	51.2
257	0.007	0.007	0.778	51.4
258	0.007	0.007	0.776	51.6
259	0.007	0.009	0.776	51.8
260	0.008	0.008	0.778	52.0
261	0.009	0.010	0.780	52.2
262	0.009	0.007	0.775	52.4
263	0.010	0.009	0.776	52.6
264	0.008	0.009	0.776	52.8
265	0.007	0.007	0.778	53.0
266	0.006	0.008	0.780	53.2
267	0.008	0.008	0.779	53.4
268	0.006	0.009	0.779	53.6
269	0.007	0.009	0.777	53.8
270	0.007	0.006	0.777	54.0
271	0.007	0.008	0.778	54.2
272	0.007	0.007	0.780	54.4
273	0.007	0.009	0.777	54.6
274	0.007	0.011	0.779	54.8
275	0.007	0.009	0.779	55.0
276	0.008	0.008	0.779	55.2
277	0.007	0.006	0.781	55.4
278	0.009	0.008	0.779	55.6
279	0.009	0.008	0.779	55.8
280	0.009	0.009	0.779	56.0
281	0.010	0.009	0.782	56.2
282	0.008	0.010	0.774	56.4
283	0.009	0.007	0.775	56.6
284	0.008	0.007	0.778	56.8
285	0.011	0.005	0.776	57.0
286	0.010	0.007	0.776	57.2
287	0.008	0.008	0.777	57.4
288	0.012	0.011	0.780	57.6
289	0.011	0.010	0.775	57.8
290	0.009	0.009	0.775	58.0
291	0.009	0.008	0.780	58.2
292	0.010	0.007	0.777	58.4
293	0.008	0.006	0.777	58.6
294	0.010	0.008	0.777	58.8
295	0.009	0.009	0.778	59.0
296	0.010	0.010	0.778	59.2
297	0.010	0.008	0.774	59.4
298	0.010	0.009	0.780	59.6
299	0.009	0.006	0.779	59.8
300	0.008	0.005	0.780	60.0
301	0.009	0.007	0.776	60.2
302	0.009	0.010	0.780	60.4
303	0.009	0.011	0.778	60.6
304	0.008	0.013	0.778	60.8
305	0.009	0.011	0.778	61.0
306	0.007	0.010	0.775	61.2
307	0.005	0.009	0.776	61.4
308	0.006	0.010	0.778	61.6
309	0.007	0.009	0.779	61.8
310	0.006	0.009	0.779	62.0
311	0.007	0.010	0.779	62.2
312	0.009	0.013	0.776	62.4
313	0.008	0.010	0.778	62.6
314	0.007	0.011	0.776	62.8
315	0.010	0.009	0.775	63.0
316	0.009	0.010	0.776	63.2
317	0.005	0.011	0.773	63.4
318	0.007	0.010	0.773	63.6
319	0.005	0.012	0.778	63.8
320	0.006	0.011	0.780	64.0
321	0.007	0.011	0.776	64.2
322	0.007	0.013	0.775	64.4
323	0.006	0.011	0.775	64.6
324	0.007	0.009	0.777	64.8
325	0.007	0.009	0.775	65.0
326	0.008	0.009	0.780	65.2
327	0.008	0.008	0.777	65.4
328	0.006	0.011	0.778	65.6
329	0.009	0.010	0.778	65.8
330	0.008	0.014	0.776	66.0
331	0.010	0.012	0.775	66.2
332	0.010	0.010	0.779	66.4
333	0.005	0.007	0.776	66.6
334	0.007	0.009	0.778	66.8
335	0.005	0.011	0.777	67.0
336	0.007	0.013	0.778	67.2
337	0.006	0.012	0.779	67.4
338	0.006	0.013	0.779	67.6
339	0.005	0.009	0.777	67.8
340	0.005	0.008	0.776	68.0
341	0.007	0.011	0.775	68.2
342	0.005	0.010	0.778	68.4
343	0.007	0.011	0.777	68.6
344	0.007	0.011	0.781	68.8
345	0.009	0.010	0.780	69.0
346	0.006	0.011	0.779	69.2
347	0.005	0.010	0.775	69.4
348	0.007	0.009	0.776	69.6
349	0.006	0.009	0.776	69.8
350	0.006	0.009	0.775	70.0
351	0.005	0.011	0.778	70.2
352	0.005	0.012	0.772	70.4
353	0.005	0.013	0.779	70.6
354	0.009	0.010	0.777	70.8
355	0.005	0.009	0.775	71.0
356	0.007	0.009	0.776	71.2
357	0.008	0.007	0.775	71.4
358	0.006	0.009	0.778	71.6
359	0.008	0.009	0.779	71.8
360	0.008	0.013	0.779	72.0
361	0.007	0.008	0.776	72.2
362	0.007	0.010	0.777	72.4
363	0.006	0.007	0.777	72.6
364	0.007	0.010	0.779	72.8
365	0.009	0.011	0.778	73.0
366	0.007	0.009	0.775	73.2
367	0.006	0.007	0.776	73.4
368	0.007	0.007	0.778	73.6
369	0.009	0.009	0.777	73.8
370	0.009	0.010	0.780	74.0
371	0.007	0.011	0.775	74.2
372	0.008	0.009	0.778	74.4
373	0.008	0.011	0.779	74.6
374	0.007	0.010	0.776	74.8
375	0.009	0.009	0.777	75.0
376	0.007	0.009	0.778	75.2
377	0.006	0.009	0.780	75.4
378	0.008	0.008	0.777	75.6
379	0.005	0.009	0.776	75.8
380	0.007	0.007	0.774	76.0
381	0.007	0.011	0.779	76.2
382	0.006	0.010	0.778	76.4
383	0.006	0.013	0.777	76.6
384	0.006	0.009	0.776	76.8
385	0.006	0.010	0.777	77.0
386	0.005	0.007	0.780	77.2
387	0.005	0.009	0.776	77.4
388	0.006	0.009	0.774	77.6
389	0.007	0.011	0.778	77.8
390	0.008	0.012	0.777	78.0
391	0.008	0.009	0.779	78.2
392	0.006	0.009	0.779	78.4
393	0.006	0.009	0.780	78.6
394	0.006	0.007	0.778	78.8
395	0.006	0.008	0.775	79.0
396	0.005	0.008	0.777	79.2
397	0.006	0.008	0.778	79.4
398	0.006	0.011	0.776	79.6
399	0.006	0.010	0.777	79.8
400	0.007	0.011	0.774	80.0
401	0.006	0.008	0.778	80.2
402	0.009	0.007	0.775	80.4
403	0.008	0.009	0.775	80.6
404	0.006	0.009	0.776	80.8
405	0.007	0.011	0.778	81.0
406	0.008	0.009	0.777	81.2
407	0.008	0.009	0.774	81.4
408	0.006	0.008	0.775	81.6
409	0.005	0.011	0.778	81.8
410	0.009	0.011	0.779	82.0
411	0.009	0.011	0.778	82.2
412	0.008	0.009	0.778	82.4
413	0.007	0.007	0.777	82.6
414	0.009	0.009	0.779	82.8
415	0.007	0.009	0.776	83.0
416	0.008	0.011	0.777	83.2
417	0.008	0.011	0.777	83.4
418	0.009	0.012	0.775	83.6
419	0.008	0.007	0.778	83.8
420	0.009	0.008	0.776	84.0
421	0.010	0.007	0.774	84.2
422	0.008	0.008	0.777	84.4
423	0.008	0.009	0.777	84.6
424	0.009	0.007	0.776	84.8
425	0.010	0.008	0.773	85.0
426	0.008	0.010	0.778	85.2
427	0.009	0.011	0.777	85.4
428	0.007	0.007	0.777	85.6
429	0.010	0.007	0.775	85.8
430	0.009	0.006	0.776	86.0
431	0.009	0.005	0.779	86.2
432	0.010	0.007	0.778	86.4
433	0.007	0.009	0.778	86.6
434	0.009	0.008	0.777	86.8
435	0.007	0.007	0.777	87.0
436	0.007	0.006	0.777	87.2
437	0.011	0.009	0.775	87.4
438	0.010	0.009	0.775	87.6
439	0.010	0.007	0.779	87.8
440	0.009	0.009	0.777	88.0
441	0.009	0.009	0.778	88.2
442	0.009	0.009	0.775	88.4
443	0.007	0.009	0.782	88.6
444	0.009	0.011	0.779	88.8
445	0.009	0.010	0.777	89.0
446	0.011	0.011	0.778	89.2
447	0.007	0.009	0.776	89.4
448	0.009	0.011	0.773	89.6
449	0.009	0.007	0.778	89.8
450	0.010	0.009	0.777	90.0
451	0.007	0.009	0.775	90.2
452	0.007	0.010	0.777	90.4
453	0.009	0.009	0.776	90.6
454	0.009	0.011	0.778	90.8
455	0.011	0.011	0.776	91.0
456	0.007	0.007	0.775	91.2
457	0.009	0.007	0.775	91.4
458	0.010	0.007	0.778	91.6
459	0.008	0.009	0.778	91.8
460	0.007	0.011	0.776	92.0
461	0.007	0.009	0.776	92.2
462	0.006	0.011	0.777	92.4
463	0.007	0.010	0.776	92.6
464	0.006	0.007	0.773	92.8
465	0.005	0.006	0.776	93.0
466	0.007	0.009	0.773	93.2
467	0.007	0.010	0.775	93.4
468	0.007	0.009	0.777	93.6
469	0.005	0.011	0.775	93.8
470	0.007	0.011	0.776	94.0
471	0.006	0.008	0.777	94.2
472	0.007	0.010	0.776	94.4
473	0.008	0.011	0.777	94.6
474	0.007	0.009	0.778	94.8
475	0.005	0.009	0.778	95.0
476	0.005	0.007	0.776	95.2
477	0.006	0.008	0.778	95.4
478	0.008	0.010	0.778	95.6
479	0.005	0.010	0.780	95.8
480	0.007	0.010	0.777	96.0
481	0.007	0.010	0.776	96.2
482	0.004	0.009	0.780	96.4
483	0.005	0.009	0.776	96.6
484	0.007	0.009	0.779	96.8
485	0.007	0.010	0.777	97.0
486	0.007	0.012	0.776	97.2
487	0.007	0.010	0.778	97.4
488	0.007	0.009	0.782	97.6
489	0.006	0.008	0.777	97.8
490	0.006	0.009	0.778	98.0
491	0.007	0.009	0.775	98.2
492	0.006	0.011	0.776	98.4
493	0.006	0.012	0.775	98.6
494	0.009	0.010	0.777	98.8
495	0.007	0.008	0.775	99.0
496	0.007	0.008	0.776	99.2
497	0.006	0.007	0.779	99.4
498	0.006	0.009	0.776	99.6
499	0.007	0.007	0.772	99.8
500	0.009	0.010	0.776	100.0
501	0.007	0.011	0.777	100.2
502	0.006	0.011	0.776	100.4
503	0.009	0.009	0.780	100.6
504	0.008	0.007	0.776	100.8
505	0.007	0.006	0.777	101.0
506	0.007	0.010	0.776	101.2
507	0.009	0.007	0.775	101.4
508	0.007	0.006	0.774	101.6
509	0.007	0.007	0.777	101.8
510	0.007	0.010	0.777	102.0
511	0.009	0.009	0.777	102.2
512	0.007	0.008	0.780	102.4
513	0.009	0.006	0.779	102.6
514	0.008	0.008	0.777	102.8
515	0.009	0.009	0.778	103.0
516	0.007	0.005	0.918	103.2
517	0.158	0.122	1.073	103.4
518	0.165	0.129	1.095	103.6
519	0.162	0.126	1.076	103.8
520	0.162	0.128	1.081	104.0
521	0.160	0.124	1.086	104.2
522	0.159	0.123	1.072	104.4
523	0.159	0.122	1.073	104.6
524	0.156	0.120	1.085	104.8
525	0.157	0.122	1.066	105.0
526	0.158	0.120	1.068	105.2
527	0.159	0.122	1.078	105.4
528	0.156	0.119	1.069	105.6
529	0.155	0.121	1.066	105.8
530	0.156	0.122	1.080	106.0
531	0.155	0.122	1.067	106.2
532	0.155	0.119	1.057	106.4
533	0.157	0.121	1.072	106.6
534	0.155	0.121	1.064	106.8
535	0.154	0.120	1.062	107.0
536	0.155	0.118	1.074	107.2
537	0.155	0.121	1.073	107.4
538	0.154	0.118	1.059	107.6
539	0.157	0.120	1.066	107.8
540	0.155	0.121	1.071	108.0
541	0.153	0.118	1.065	108.2
542	0.153	0.119	1.062	108.4
543	0.156	0.117	1.066	108.6
544	0.154	0.120	1.066	108.8
545	0.152	0.118	1.060	109.0
546	0.152	0.118	1.060	109.2
547	0.152	0.117	1.063	109.4
548	0.156	0.118	1.058	109.6
549	0.153	0.120	1.066	109.8
550	0.154	0.119	1.064	110.0
551	0.152	0.119	1.055	110.2
552	0.153	0.117	1.054	110.4
553	0.151	0.115	1.060	110.6
554	0.151	0.117	1.057	110.8
555	0.153	0.116	1.060	111.0
556	0.152	0.116	1.054	111.2
557	0.153	0.116	1.061	111.4
558	0.152	0.117	1.056	111.6
559	0.152	0.119	1.068	111.8
560	0.154	0.118	1.051	112.0
561	0.154	0.118	1.058	112.2
562	0.150	0.119	1.064	112.4
563	0.150	0.118	1.058	112.6
564	0.150	0.117	1.057	112.8
565	0.151	0.117	1.060	113.0
566	0.152	0.116	1.052	113.2
567	0.151	0.114	1.058	113.4
568	0.149	0.114	1.064	113.6
569	0.151	0.112	1.052	113.8
570	0.152	0.115	1.054	114.0
571	0.151	0.115	1.060	114.2
572	0.151	0.117	1.052	114.4
573	0.151	0.115	1.058	114.6
574	0.151	0.115	1.061	114.8
575	0.150	0.114	1.050	115.0
576	0.151	0.115	1.055	115.2
577	0.152	0.114	1.056	115.4
578	0.151	0.113	1.055	115.6
579	0.150	0.114	1.062	115.8
580	0.151	0.113	1.058	116.0
581	0.150	0.116	1.048	116.2
582	0.150	0.114	1.061	116.4
583	0.151	0.111	1.061	116.6
584	0.151	0.112	1.053	116.8
585	0.149	0.114	1.058	117.0
586	0.151	0.114	1.050	117.2
587	0.150	0.113	1.056	117.4
588	0.150	0.113	1.063	117.6
589	0.153	0.115	1.056	117.8
590	0.151	0.116	1.053	118.0
591	0.151	0.116	1.058	118.2
592	0.148	0.114	1.055	118.4
593	0.150	0.114	1.054	118.6
594	0.151	0.114	1.049	118.8
595	0.151	0.113	1.060	119.0
596	0.151	0.114	1.056	119.2
597	0.151	0.114	1.053	119.4
598	0.151	0.114	1.056	119.6
599	0.149	0.112	1.060	119.8
600	0.151	0.112	1.053	120.0
601	0.150	0.116	1.054	120.2
602	0.150	0.113	1.057	120.4
603	0.149	0.113	1.058	120.6
604	0.149	0.114	1.055	120.8
605	0.152	0.113	1.050	121.0
606	0.148	0.115	1.055	121.2
607	0.148	0.115	1.056	121.4
608	0.149	0.113	1.052	121.6
609	0.151	0.113	1.054	121.8
610	0.149	0.115	1.053	122.0
611	0.148	0.113	1.048	122.2
612	0.150	0.112	1.061	122.4
613	0.149	0.113	1.061	122.6
614	0.149	0.114	1.049	122.8
615	0.148	0.114	1.054	123.0
616	0.148	0.112	1.061	123.2
617	0.149	0.115	1.049	123.4
618	0.150	0.110	1.053	123.6
619	0.150	0.114	1.062	123.8
620	0.148	0.114	1.049	124.0
621	0.150	0.112	1.054	124.2
622	0.148	0.113	1.057	124.4
623	0.149	0.114	1.052	124.6
624	0.149	0.114	1.052	124.8
625	0.149	0.115	1.048	125.0
626	0.148	0.115	1.054	125.2
627	0.148	0.115	1.058	125.4
628	0.147	0.117	1.056	125.6
629	0.147	0.113	1.053	125.8
630	0.148	0.111	1.059	126.0
631	0.151	0.114	1.050	126.2
632	0.148	0.113	1.050	126.4
633	0.148	0.110	1.054	126.6
634	0.147	0.112	1.056	126.8
635	0.146	0.113	1.046	127.0
636	0.150	0.111	1.055	127.2
637	0.149	0.113	1.062	127.4
638	0.148	0.113	1.052	127.6
639	0.147	0.111	1.049	127.8
640	0.148	0.112	1.060	128.0
641	0.148	0.110	1.054	128.2
642	0.147	0.110	1.055	128.4
643	0.146	0.111	1.054	128.6
644	0.147	0.109	1.048	128.8
645	0.146	0.108	1.058	129.0
646	0.146	0.111	1.058	129.2
647	0.144	0.110	1.048	129.4
648	0.147	0.110	1.051	129.6
649	0.144	0.111	1.053	129.8
650	0.146	0.110	1.052	130.0
651	0.147	0.111	1.044	130.2
652	0.146	0.111	1.056	130.4
653	0.148	0.113	1.046	130.6
654	0.148	0.111	1.048	130.8
655	0.146	0.111	1.057	131.0
656	0.146	0.112	1.051	131.2
657	0.147	0.111	1.047	131.4
658	0.146	0.110	1.052	131.6
659	0.145	0.110	1.050	131.8
660	0.145	0.111	1.042	132.0
661	0.145	0.112	1.052	132.2
662	0.145	0.113	1.045	132.4
663	0.145	0.110	1.050	132.6
664	0.146	0.111	1.056	132.8
665	0.144	0.111	1.041	133.0
666	0.145	0.110	1.056	133.2
667	0.144	0.110	1.053	133.4
668	0.146	0.111	1.051	133.6
669	0.147	0.108	1.045	133.8
670	0.145	0.110	1.056	134.0
671	0.144	0.113	1.055	134.2
672	0.147	0.110	1.043	134.4
673	0.147	0.109	1.053	134.6
674	0.146	0.112	1.053	134.8
675	0.144	0.112	1.044	135.0
676	0.146	0.110	1.046	135.2
677	0.145	0.111	1.057	135.4
678	0.146	0.111	1.043	135.6
679	0.149	0.111	1.044	135.8
680	0.144	0.110	1.058	136.0
681	0.146	0.112	1.046	136.2
682	0.145	0.112	1.047	136.4
683	0.146	0.111	1.063	136.6
684	0.146	0.112	1.044	136.8
685	0.147	0.110	1.043	137.0
686	0.147	0.112	1.057	137.2
687	0.145	0.114	1.047	137.4
688	0.147	0.111	1.045	137.6
689	0.145	0.109	1.054	137.8
690	0.146	0.111	1.048	138.0
691	0.146	0.110	1.054	138.2
692	0.146	0.111	1.054	138.4
693	0.146	0.112	1.044	138.6
694	0.147	0.112	1.049	138.8
695	0.145	0.112	1.060	139.0
696	0.146	0.113	1.045	139.2
697	0.147	0.111	1.046	139.4
698	0.146	0.111	1.057	139.6
699	0.146	0.112	1.048	139.8
700	0.147	0.111	1.046	140.0
701	0.147	0.111	1.054	140.2
702	0.147	0.112	1.052	140.4
703	0.146	0.112	1.049	140.6
704	0.147	0.111	1.057	140.8
705	0.145	0.110	1.046	141.0
706	0.144	0.109	1.050	141.2
707	0.144	0.113	1.048	141.4
708	0.146	0.110	1.050	141.6
709	0.146	0.109	1.048	141.8
710	0.147	0.112	1.056	142.0
711	0.146	0.110	1.052	142.2
712	0.145	0.108	1.041	142.4
713	0.144	0.110	1.054	142.6
714	0.145	0.112	1.050	142.8
715	0.145	0.110	1.049	143.0
716	0.145	0.110	1.045	143.2
717	0.146	0.110	1.037	143.4
718	0.146	0.111	1.048	143.6
719	0.146	0.109	1.048	143.8
720	0.147	0.111	1.037	144.0
721	0.145	0.109	1.046	144.2
722	0.143	0.109	1.055	144.4
723	0.147	0.111	1.036	144.6
724	0.144	0.108	1.045	144.8
725	0.143	0.109	1.048	145.0
726	0.144	0.108	1.040	145.2
727	0.143	0.106	1.049	145.4
728	0.144	0.108	1.044	145.6
729	0.145	0.109	1.032	145.8
730	0.144	0.107	1.055	146.0
731	0.142	0.107	1.045	146.2
732	0.144	0.107	1.032	146.4
733	0.144	0.105	1.051	146.6
734	0.142	0.110	1.044	146.8
735	0.144	0.109	1.033	147.0
736	0.144	0.108	1.049	147.2
737	0.144	0.108	1.048	147.4
738	0.142	0.108	1.032	147.6
739	0.143	0.107	1.048	147.8
740	0.142	0.110	1.049	148.0
741	0.141	0.110	1.041	148.2
742	0.143	0.109	1.040	148.4
743	0.144	0.107	1.042	148.6
744	0.144	0.109	1.039	148.8
745	0.144	0.108	1.049	149.0
746	0.143	0.108	1.043	149.2
747	0.144	0.106	1.040	149.4
748	0.146	0.109	1.042	149.6
749	0.143	0.109	1.047	149.8
750	0.144	0.108	1.041	150.0
751	0.144	0.108	1.044	150.2
752	0.144	0.106	1.042	150.4
753	0.142	0.106	1.042	150.6
754	0.142	0.107	1.049	150.8
755	0.143	0.111	1.036	151.0
756	0.143	0.109	1.042	151.2
757	0.144	0.108	1.050	151.4
758	0.143	0.107	1.038	151.6
759	0.143	0.107	1.044	151.8
760	0.142	0.109	1.047	152.0
761	0.143	0.106	1.043	152.2
762	0.145	0.107	1.043	152.4
763	0.143	0.110	1.045	152.6
764	0.144	0.110	1.041	152.8
765	0.144	0.109	1.048	153.0
766	0.141	0.108	1.046	153.2
767	0.144	0.107	1.039	153.4
768	0.142	0.108	1.044	153.6
769	0.143	0.106	1.049	153.8
770	0.143	0.107	1.040	154.0
771	0.143	0.108	1.043	154.2
772	0.142	0.108	1.046	154.4
773	0.141	0.107	1.042	154.6
774	0.143	0.109	1.031	154.8
775	0.142	0.108	1.046	155.0
776	0.141	0.108	1.045	155.2
777	0.142	0.106	1.035	155.4
778	0.141	0.104	1.048	155.6
779	0.142	0.106	1.046	155.8
780	0.141	0.107	1.037	156.0
781	0.141	0.108	1.044	156.2
782	0.141	0.110	1.049	156.4
783	0.142	0.109	1.036	156.6
784	0.142	0.107	1.037	156.8
785	0.143	0.105	1.048	157.0
786	0.141	0.107	1.034	157.2
787	0.142	0.104	1.043	157.4
788	0.142	0.107	1.049	157.6
789	0.143	0.108	1.037	157.8
790	0.143	0.109	1.047	158.0
791	0.143	0.109	1.042	158.2
792	0.141	0.107	1.037	158.4
793	0.143	0.106	1.046	158.6
794	0.142	0.106	1.049	158.8
795	0.144	0.106	1.033	159.0
796	0.142	0.108	1.041	159.2
797	0.141	0.107	1.049	159.4
798	0.141	0.108	1.027	159.6
799	0.143	0.110	1.047	159.8
800	0.144	0.106	1.048	160.0
801	0.142	0.106	1.032	160.2
802	0.143	0.104	1.040	160.4
803	0.142	0.109	1.046	160.6
804	0.142	0.107	1.032	160.8
805	0.144	0.105	1.041	161.0
806	0.142	0.107	1.051	161.2
807	0.139	0.108	1.038	161.4
808	0.143	0.104	1.030	161.6
809	0.142	0.106	1.047	161.8
810	0.142	0.104	1.042	162.0
811	0.144	0.106	1.027	162.2
812	0.142	0.106	1.052	162.4
813	0.139	0.108	1.042	162.6
814	0.142	0.107	1.030	162.8
815	0.142	0.107	1.045	163.0
816	0.141	0.107	1.037	163.2
817	0.140	0.106	1.032	163.4
818	0.143	0.105	1.046	163.6
819	0.141	0.106	1.040	163.8
820	0.142	0.107	1.030	164.0
821	0.143	0.106	1.047	164.2
822	0.139	0.107	1.044	164.4
823	0.141	0.104	1.026	164.6
824	0.142	0.107	1.040	164.8
825	0.140	0.109	1.041	165.0
826	0.142	0.107	1.032	165.2
827	0.143	0.105	1.042	165.4
828	0.142	0.105	1.038	165.6
829	0.140	0.106	1.026	165.8
830	0.143	0.106	1.044	166.0
831	0.138	0.107	1.054	166.2
832	0.140	0.107	1.023	166.4
833	0.142	0.107	1.035	166.6
834	0.140	0.106	1.050	166.8
835	0.141	0.107	1.035	167.0
836	0.142	0.107	1.030	167.2
837	0.141	0.107	1.042	167.4
838	0.139	0.108	1.034	167.6
839	0.140	0.107	1.034	167.8
840	0.138	0.109	1.036	168.0
841	0.140	0.106	1.035	168.2
842	0.141	0.103	1.031	168.4
843	0.139	0.106	1.042	168.6
844	0.140	0.106	1.037	168.8
845	0.138	0.104	1.038	169.0
846	0.139	0.106	1.042	169.2
847	0.140	0.107	1.038	169.4
848	0.141	0.108	1.033	169.6
849	0.140	0.107	1.038	169.8
850	0.139	0.106	1.045	170.0
851	0.139	0.108	1.032	170.2
852	0.139	0.108	1.033	170.4
853	0.139	0.106	1.044	170.6
854	0.138	0.107	1.042	170.8
855	0.138	0.108	1.028	171.0
856	0.139	0.107	1.041	171.2
857	0.139	0.107	1.039	171.4
858	0.139	0.108	1.036	171.6
859	0.141	0.107	1.038	171.8
860	0.140	0.107	1.034	172.0
861	0.138	0.106	1.029	172.2
862	0.140	0.108	1.044	172.4
863	0.137	0.106	1.040	172.6
864	0.140	0.105	1.020	172.8
865	0.140	0.104	1.044	173.0
866	0.138	0.105	1.046	173.2
867	0.139	0.107	1.027	173.4
868	0.141	0.106	1.036	173.6
869	0.137	0.108	1.050	173.8
870	0.137	0.108	1.028	174.0
871	0.139	0.106	1.038	174.2
872	0.138	0.107	1.035	174.4
873	0.139	0.107	1.026	174.6
874	0.139	0.107	1.046	174.8
875	0.137	0.107	1.043	175.0
876	0.140	0.107	1.026	175.2
877	0.142	0.107	1.040	175.4
878	0.139	0.107	1.043	175.6
879	0.139	0.105	1.026	175.8
880	0.141	0.104	1.040	176.0
881	0.139	0.106	1.034	176.2
882	0.139	0.108	1.036	176.4
883	0.140	0.105	1.044	176.6
884	0.140	0.105	1.042	176.8
885	0.139	0.104	1.037	177.0
886	0.139	0.104	1.039	177.2
887	0.140	0.107	1.034	177.4
888	0.138	0.108	1.038	177.6
889	0.138	0.108	1.040	177.8
890	0.139	0.108	1.036	178.0
891	0.139	0.105	1.038	178.2
892	0.140	0.108	1.042	178.4
893	0.140	0.107	1.034	178.6
894	0.140	0.106	1.039	178.8
895	0.137	0.107	1.046	179.0
896	0.140	0.106	1.035	179.2
897	0.139	0.105	1.036	179.4
898	0.139	0.105	1.042	179.6
899	0.139	0.104	1.039	179.8
900	0.141	0.106	1.034	180.0
901	0.140	0.104	1.040	180.2
902	0.138	0.106	1.036	180.4
903	0.138	0.106	1.036	180.6
904	0.139	0.108	1.034	180.8
905	0.140	0.108	1.034	181.0
906	0.138	0.106	1.039	181.2
907	0.139	0.105	1.040	181.4
908	0.138	0.106	1.031	181.6
909	0.140	0.103	1.043	181.8
910	0.135	0.105	1.039	182.0
911	0.139	0.105	1.028	182.2
912	0.139	0.104	1.043	182.4
913	0.136	0.106	1.042	182.6
914	0.138	0.106	1.026	182.8
915	0.139	0.106	1.042	183.0
916	0.138	0.106	1.041	183.2
917	0.137	0.106	1.033	183.4
918	0.139	0.108	1.036	183.6
919	0.139	0.104	1.041	183.8
920	0.138	0.104	1.032	184.0
921	0.137	0.104	1.035	184.2
922	0.138	0.106	1.044	184.4
923	0.139	0.104	1.035	184.6
924	0.139	0.105	1.034	184.8
925	0.139	0.106	1.040	185.0
926	0.137	0.105	1.027	185.2
927	0.137	0.106	1.041	185.4
928	0.137	0.104	1.037	185.6
929	0.137	0.106	1.028	185.8
930	0.138	0.105	1.039	186.0
931	0.137	0.106	1.041	186.2
932	0.135	0.103	1.028	186.4
933	0.138	0.107	1.037	186.6
934	0.140	0.107	1.040	186.8
935	0.137	0.104	1.026	187.0
936	0.137	0.104	1.040	187.2
937	0.135	0.104	1.039	187.4
938	0.138	0.104	1.032	187.6
939	0.137	0.106	1.033	187.8
940	0.135	0.106	1.035	188.0
941	0.137	0.106	1.032	188.2
942	0.137	0.105	1.034	188.4
943	0.136	0.106	1.036	188.6
944	0.138	0.105	1.037	188.8
945	0.137	0.103	1.035	189.0
946	0.135	0.103	1.032	189.2
947	0.137	0.106	1.034	189.4
948	0.136	0.104	1.028	189.6
949	0.139	0.107	1.038	189.8
950	0.139	0.106	1.038	190.0
951	0.137	0.104	1.032	190.2
952	0.136	0.104	1.031	190.4
953	0.136	0.103	1.038	190.6
954	0.136	0.105	1.033	190.8
955	0.138	0.104	1.028	191.0
956	0.134	0.106	1.040	191.2
957	0.137	0.105	1.033	191.4
958	0.137	0.104	1.031	191.6
959	0.137	0.104	1.035	191.8
960	0.135	0.106	1.029	192.0
961	0.135	0.102	1.029	192.2
962	0.137	0.102	1.038	192.4
963	0.136	0.103	1.027	192.6
964	0.137	0.105	1.031	192.8
965	0.136	0.104	1.038	193.0
966	0.137	0.106	1.028	193.2
967	0.137	0.103	1.032	193.4
968	0.134	0.104	1.040	193.6
969	0.137	0.106	1.024	193.8
970	0.138	0.103	1.030	194.0
971	0.136	0.104	1.040	194.2
972	0.136	0.103	1.028	194.4
973	0.137	0.104	1.028	194.6
974	0.138	0.105	1.038	194.8
975	0.136	0.105	1.031	195.0
976	0.137	0.103	1.031	195.2
977	0.135	0.102	1.038	195.4
978	0.135	0.104	1.026	195.6
979	0.136	0.103	1.032	195.8
980	0.134	0.101	1.034	196.0
981	0.137	0.103	1.028	196.2
982	0.136	0.104	1.030	196.4
983	0.136	0.103	1.038	196.6
984	0.135	0.107	1.026	196.8
985	0.136	0.103	1.023	197.0
986	0.134	0.103	1.040	197.2
987	0.134	0.104	1.028	197.4
988	0.135	0.103	1.014	197.6
989	0.136	0.100	1.035	197.8
990	0.135	0.103	1.040	198.0
991	0.136	0.104	1.019	198.2
992	0.135	0.104	1.029	198.4
993	0.133	0.107	1.034	198.6
994	0.135	0.105	1.016	198.8
995	0.135	0.103	1.028	199.0
996	0.135	0.103	1.037	199.2
997	0.133	0.103	1.021	199.4
998	0.135	0.104	1.030	199.6
999	0.135	0.105	1.037	199.8
1000	0.136	0.105	1.030	200.0
1001	0.134	0.104	1.026	200.2
1002	0.133	0.105	1.031	200.4
1003	0.133	0.102	1.030	200.6
1004	0.136	0.102	1.035	200.8
1005	0.136	0.104	1.031	201.0
1006	0.133	0.103	1.019	201.2
1007	0.132	0.102	1.034	201.4
1008	0.134	0.103	1.033	201.6
1009	0.134	0.103	1.017	201.8
1010	0.133	0.104	1.028	202.0
1011	0.135	0.104	1.028	202.2
1012	0.134	0.103	1.028	202.4
1013	0.134	0.103	1.024	202.6
1014	0.135	0.103	1.026	202.8
1015	0.136	0.102	1.024	203.0
1016	0.134	0.103	1.026	203.2
1017	0.213	0.168	1.240	203.4
1018	0.357	0.286	1.508	203.6
1019	0.352	0.281	1.472	203.8
1020	0.351	0.278	1.469	204.0
1021	0.352	0.279	1.465	204.2
1022	0.347	0.278	1.472	204.4
1023	0.349	0.277	1.461	204.6
1024	0.350	0.276	1.459	204.8
1025	0.348	0.276	1.468	205.0
1026	0.347	0.276	1.457	205.2
1027	0.347	0.276	1.459	205.4
1028	0.348	0.276	1.469	205.6
1029	0.348	0.274	1.451	205.8
1030	0.348	0.272	1.453	206.0
1031	0.346	0.273	1.468	206.2
1032	0.345	0.272	1.459	206.4
1033	0.345	0.273	1.439	206.6
1034	0.346	0.272	1.455	206.8
1035	0.343	0.274	1.471	207.0
1036	0.344	0.273	1.444	207.2
1037	0.343	0.271	1.451	207.4
1038	0.342	0.271	1.462	207.6
1039	0.345	0.273	1.450	207.8
1040	0.345	0.272	1.451	208.0
1041	0.343	0.272	1.457	208.2
1042	0.343	0.273	1.449	208.4
1043	0.343	0.269	1.455	208.6
1044	0.344	0.270	1.458	208.8
1045	0.343	0.269	1.436	209.0
1046	0.343	0.271	1.456	209.2
1047	0.342	0.273	1.453	209.4
1048	0.340	0.269	1.440	209.6
1049	0.343	0.268	1.455	209.8
1050	0.343	0.271	1.451	210.0
1051	0.342	0.270	1.447	210.2
1052	0.343	0.270	1.451	210.4
1053	0.340	0.273	1.448	210.6
1054	0.341	0.269	1.445	210.8
1055	0.342	0.267	1.447	211.0
1056	0.339	0.269	1.452	211.2
1057	0.341	0.269	1.438	211.4
1058	0.340	0.268	1.447	211.6
1059	0.340	0.270	1.451	211.8
1060	0.340	0.271	1.442	212.0
1061	0.339	0.269	1.443	212.2
1062	0.342	0.268	1.445	212.4
1063	0.341	0.267	1.450	212.6
1064	0.341	0.270	1.442	212.8
1065	0.340	0.269	1.443	213.0
1066	0.340	0.271	1.444	213.2
1067	0.337	0.268	1.450	213.4
1068	0.340	0.269	1.443	213.6
1069	0.341	0.267	1.442	213.8
1070	0.340	0.268	1.451	214.0
1071	0.340	0.269	1.445	214.2
1072	0.341	0.268	1.442	214.4
1073	0.340	0.270	1.449	214.6
1074	0.340	0.269	1.443	214.8
1075	0.339	0.269	1.444	215.0
1076	0.339	0.268	1.447	215.2
1077	0.339	0.266	1.442	215.4
1078	0.339	0.268	1.450	215.6
1079	0.340	0.270	1.443	215.8
1080	0.340	0.269	1.443	216.0
1081	0.341	0.269	1.450	216.2
1082	0.337	0.270	1.439	216.4
1083	0.339	0.269	1.444	216.6
1084	0.337	0.268	1.447	216.8
1085	0.339	0.266	1.447	217.0
1086	0.339	0.266	1.444	217.2
1087	0.338	0.267	1.448	217.4
1088	0.339	0.268	1.443	217.6
1089	0.339	0.269	1.439	217.8
1090	0.339	0.270	1.447	218.0
1091	0.337	0.268	1.444	218.2
1092	0.339	0.268	1.444	218.4
1093	0.340	0.268	1.443	218.6
1094	0.339	0.266	1.440	218.8
1095	0.338	0.267	1.447	219.0
1096	0.338	0.266	1.441	219.2
1097	0.340	0.267	1.449	219.4
1098	0.337	0.268	1.448	219.6
1099	0.339	0.267	1.441	219.8
1100	0.337	0.265	1.441	220.0
1101	0.339	0.267	1.444	220.2
1102	0.338	0.266	1.442	220.4
1103	0.339	0.268	1.446	220.6
1104	0.338	0.267	1.448	220.8
1105	0.337	0.268	1.444	221.0
1106	0.339	0.267	1.435	221.2
1107	0.341	0.265	1.448	221.4
1108	0.338	0.265	1.441	221.6
1109	0.337	0.268	1.439	221.8
1110	0.338	0.268	1.445	222.0
1111	0.337	0.265	1.449	222.2
1112	0.339	0.269	1.436	222.4
1113	0.340	0.266	1.446	222.6
1114	0.338	0.267	1.442	222.8
1115	0.336	0.266	1.439	223.0
1116	0.337	0.265	1.444	223.2
1117	0.337	0.269	1.446	223.4
1118	0.336	0.269	1.431	223.6
1119	0.337	0.266	1.447	223.8
1120	0.334	0.266	1.437	224.0
1121	0.339	0.265	1.439	224.2
1122	0.337	0.268	1.438	224.4
1123	0.337	0.268	1.442	224.6
1124	0.336	0.268	1.437	224.8
1125	0.335	0.268	1.429	225.0
1126	0.337	0.266	1.443	225.2
1127	0.336	0.266	1.444	225.4
1128	0.338	0.266	1.429	225.6
1129	0.336	0.266	1.441	225.8
1130	0.336	0.268	1.442	226.0
1131	0.338	0.268	1.435	226.2
1132	0.335	0.269	1.441	226.4
1133	0.334	0.267	1.434	226.6
1134	0.336	0.264	1.432	226.8
1135	0.336	0.267	1.448	227.0
1136	0.336	0.268	1.430	227.2
1137	0.338	0.268	1.444	227.4
1138	0.335	0.268	1.442	227.6
1139	0.333	0.265	1.433	227.8
1140	0.333	0.265	1.434	228.0
1141	0.335	0.266	1.440	228.2
1142	0.335	0.264	1.440	228.4
1143	0.336	0.267	1.433	228.6
1144	0.334	0.267	1.440	228.8
1145	0.333	0.267	1.439	229.0
1146	0.336	0.267	1.437	229.2
1147	0.337	0.266	1.444	229.4
1148	0.336	0.267	1.430	229.6
1149	0.335	0.264	1.434	229.8
1150	0.334	0.267	1.447	230.0
1151	0.332	0.267	1.423	230.2
1152	0.335	0.264	1.428	230.4
1153	0.333	0.266	1.445	230.6
1154	0.331	0.265	1.429	230.8
1155	0.334	0.262	1.437	231.0
1156	0.334	0.263	1.439	231.2
1157	0.333	0.264	1.429	231.4
1158	0.332	0.262	1.431	231.6
1159	0.333	0.262	1.437	231.8
1160	0.335	0.265	1.438	232.0
1161	0.337	0.266	1.429	232.2
1162	0.333	0.265	1.442	232.4
1163	0.331	0.266	1.432	232.6
1164	0.334	0.265	1.432	232.8
1165	0.333	0.264	1.437	233.0
1166	0.334	0.263	1.433	233.2
1167	0.333	0.263	1.444	233.4
1168	0.334	0.265	1.431	233.6
1169	0.334	0.264	1.436	233.8
1170	0.334	0.262	1.442	234.0
1171	0.335	0.263	1.428	234.2
1172	0.335	0.262	1.433	234.4
1173	0.334	0.264	1.439	234.6
1174	0.331	0.266	1.435	234.8
1175	0.336	0.265	1.431	235.0
1176	0.335	0.264	1.442	235.2
1177	0.334	0.264	1.447	235.4
1178	0.334	0.263	1.419	235.6
1179	0.332	0.263	1.444	235.8
1180	0.333	0.262	1.431	236.0
1181	0.333	0.262	1.431	236.2
1182	0.334	0.264	1.435	236.4
1183	0.332	0.262	1.427	236.6
1184	0.334	0.265	1.438	236.8
1185	0.333	0.264	1.427	237.0
1186	0.331	0.261	1.428	237.2
1187	0.332	0.264	1.430	237.4
1188	0.331	0.264	1.441	237.6
1189	0.333	0.264	1.430	237.8
1190	0.334	0.263	1.421	238.0
1191	0.334	0.263	1.438	238.2
1192	0.332	0.261	1.432	238.4
1193	0.336	0.262	1.433	238.6
1194	0.333	0.263	1.439	238.8
1195	0.333	0.263	1.419	239.0
1196	0.333	0.260	1.426	239.2
1197	0.332	0.261	1.447	239.4
1198	0.332	0.264	1.423	239.6
1199	0.334	0.263	1.423	239.8
1200	0.330	0.261	1.443	240.0
1201	0.329	0.263	1.425	240.2
1202	0.332	0.262	1.429	240.4
1203	0.332	0.263	1.439	240.6
1204	0.332	0.263	1.422	240.8
1205	0.331	0.261	1.426	241.0
1206	0.332	0.262	1.438	241.2
1207	0.331	0.259	1.431	241.4
1208	0.332	0.261	1.425	241.6
1209	0.332	0.261	1.436	241.8
1210	0.331	0.263	1.432	242.0
1211	0.331	0.263	1.430	242.2
1212	0.334	0.262	1.431	242.4
1213	0.330	0.263	1.439	242.6
1214	0.331	0.260	1.428	242.8
1215	0.331	0.263	1.429	243.0
1216	0.330	0.259	1.427	243.2
1217	0.331	0.260	1.431	243.4
1218	0.331	0.261	1.426	243.6
1219	0.332	0.262	1.423	243.8
1220	0.329	0.260	1.434	244.0
1221	0.331	0.264	1.438	244.2
1222	0.334	0.263	1.429	244.4
1223	0.330	0.263	1.433	244.6
1224	0.330	0.261	1.434	244.8
1225	0.332	0.263	1.429	245.0
1226	0.331	0.263	1.426	245.2
1227	0.331	0.259	1.434	245.4
1228	0.331	0.261	1.433	245.6
1229	0.331	0.260	1.421	245.8
1230	0.331	0.260	1.433	246.0
1231	0.330	0.260	1.426	246.2
1232	0.329	0.261	1.423	246.4
1233	0.330	0.262	1.429	246.6
1234	0.331	0.262	1.425	246.8
1235	0.331	0.262	1.425	247.0
1236	0.330	0.262	1.427	247.2
1237	0.330	0.263	1.431	247.4
1238	0.331	0.261	1.415	247.6
1239	0.330	0.260	1.431	247.8
1240	0.330	0.261	1.433	248.0
1241	0.330	0.260	1.422	248.2
1242	0.332	0.259	1.425	248.4
1243	0.330	0.261	1.427	248.6
1244	0.329	0.261	1.437	248.8
1245	0.331	0.259	1.425	249.0
1246	0.329	0.258	1.427	249.2
1247	0.329	0.259	1.430	249.4
1248	0.331	0.259	1.428	249.6
1249	0.330	0.256	1.426	249.8
1250	0.331	0.259	1.431	250.0
1251	0.331	0.260	1.420	250.2
1252	0.330	0.259	1.432	250.4
1253	0.330	0.260	1.435	250.6
1254	0.329	0.261	1.414	250.8
1255	0.330	0.260	1.432	251.0
1256	0.329	0.260	1.437	251.2
1257	0.330	0.259	1.419	251.4
1258	0.329	0.260	1.423	251.6
1259	0.329	0.261	1.431	251.8
1260	0.327	0.260	1.436	252.0
1261	0.329	0.258	1.419	252.2
1262	0.327	0.259	1.430	252.4
1263	0.330	0.259	1.428	252.6
1264	0.331	0.259	1.435	252.8
1265	0.329	0.259	1.428	253.0
1266	0.330	0.259	1.418	253.2
1267	0.327	0.258	1.445	253.4
1268	0.329	0.258	1.420	253.6
1269	0.329	0.257	1.423	253.8
1270	0.328	0.259	1.434	254.0
1271	0.328	0.259	1.429	254.2
1272	0.328	0.262	1.419	254.4
1273	0.329	0.258	1.434	254.6
1274	0.328	0.259	1.427	254.8
1275	0.329	0.260	1.419	255.0
1276	0.329	0.259	1.441	255.2
1277	0.330	0.260	1.415	255.4
1278	0.330	0.256	1.424	255.6
1279	0.327	0.260	1.426	255.8
1280	0.329	0.260	1.424	256.0
1281	0.330	0.261	1.418	256.2
1282	0.329	0.260	1.431	256.4
1283	0.329	0.260	1.419	256.6
1284	0.331	0.260	1.425	256.8
1285	0.328	0.260	1.437	257.0
1286	0.325	0.261	1.417	257.2
1287	0.330	0.260	1.427	257.4
1288	0.328	0.260	1.432	257.6
1289	0.327	0.261	1.421	257.8
1290	0.328	0.258	1.422	258.0
1291	0.328	0.261	1.433	258.2
1292	0.329	0.260	1.417	258.4
1293	0.330	0.258	1.425	258.6
1294	0.328	0.260	1.435	258.8
1295	0.328	0.260	1.417	259.0
1296	0.331	0.256	1.421	259.2
1297	0.328	0.257	1.439	259.4
1298	0.326	0.258	1.421	259.6
1299	0.328	0.258	1.418	259.8
1300	0.329	0.257	1.425	260.0
1301	0.328	0.257	1.420	260.2
1302	0.329	0.258	1.429	260.4
1303	0.327	0.256	1.426	260.6
1304	0.330	0.257	1.427	260.8
1305	0.327	0.259	1.423	261.0
1306	0.325	0.259	1.430	261.2
1307	0.327	0.259	1.423	261.4
1308	0.329	0.259	1.421	261.6
1309	0.328	0.260	1.427	261.8
1310	0.326	0.260	1.422	262.0
1311	0.329	0.260	1.424	262.2
1312	0.325	0.259	1.427	262.4
1313	0.325	0.259	1.421	262.6
1314	0.326	0.258	1.424	262.8
1315	0.327	0.258	1.429	263.0
1316	0.327	0.258	1.421	263.2
1317	0.327	0.258	1.420	263.4
1318	0.326	0.257	1.425	263.6
1319	0.328	0.254	1.417	263.8
1320	0.328	0.258	1.423	264.0
1321	0.325	0.257	1.429	264.2
1322	0.328	0.256	1.419	264.4
1323	0.326	0.257	1.430	264.6
1324	0.328	0.256	1.425	264.8
1325	0.327	0.259	1.410	265.0
1326	0.328	0.256	1.427	265.2
1327	0.325	0.257	1.425	265.4
1328	0.329	0.259	1.414	265.6
1329	0.328	0.257	1.419	265.8
1330	0.327	0.259	1.431	266.0
1331	0.325	0.258	1.425	266.2
1332	0.328	0.257	1.425	266.4
1333	0.326	0.259	1.415	266.6
1334	0.324	0.257	1.429	266.8
1335	0.326	0.257	1.416	267.0
1336	0.324	0.257	1.427	267.2
1337	0.326	0.256	1.424	267.4
1338	0.326	0.258	1.423	267.6
1339	0.324	0.257	1.432	267.8
1340	0.326	0.259	1.417	268.0
1341	0.327	0.260	1.418	268.2
1342	0.325	0.257	1.430	268.4
1343	0.323	0.258	1.413	268.6
1344	0.323	0.256	1.425	268.8
1345	0.322	0.257	1.421	269.0
1346	0.325	0.258	1.419	269.2
1347	0.326	0.257	1.419	269.4
1348	0.326	0.256	1.420	269.6
1349	0.325	0.258	1.424	269.8
1350	0.326	0.256	1.420	270.0
1351	0.328	0.258	1.417	270.2
1352	0.324	0.260	1.425	270.4
1353	0.323	0.258	1.419	270.6
1354	0.324	0.257	1.421	270.8
1355	0.327	0.257	1.413	271.0
1356	0.325	0.256	1.417	271.2
1357	0.323	0.256	1.420	271.4
1358	0.326	0.255	1.418	271.6
1359	0.324	0.256	1.413	271.8
1360	0.326	0.257	1.421	272.0
1361	0.325	0.257	1.423	272.2
1362	0.325	0.256	1.415	272.4
1363	0.324	0.259	1.419	272.6
1364	0.325	0.257	1.424	272.8
1365	0.325	0.258	1.418	273.0
1366	0.325	0.258	1.415	273.2
1367	0.323	0.256	1.423	273.4
1368	0.325	0.258	1.423	273.6
1369	0.325	0.256	1.411	273.8
1370	0.325	0.254	1.419	274.0
1371	0.326	0.257	1.422	274.2
1372	0.323	0.255	1.409	274.4
1373	0.325	0.254	1.423	274.6
1374	0.324	0.255	1.412	274.8
1375	0.324	0.255	1.422	275.0
1376	0.325	0.254	1.413	275.2
1377	0.324	0.256	1.420	275.4
1378	0.325	0.256	1.417	275.6
1379	0.323	0.255	1.423	275.8
1380	0.324	0.255	1.419	276.0
1381	0.325	0.256	1.413	276.2
1382	0.324	0.256	1.415	276.4
1383	0.325	0.255	1.426	276.6
1384	0.325	0.255	1.417	276.8
1385	0.325	0.253	1.416	277.0
1386	0.325	0.255	1.423	277.2
1387	0.324	0.255	1.425	277.4
1388	0.324	0.256	1.419	277.6
1389	0.324	0.254	1.404	277.8
1390	0.324	0.254	1.428	278.0
1391	0.322	0.256	1.421	278.2
1392	0.322	0.255	1.410	278.4
1393	0.322	0.256	1.420	278.6
1394	0.323	0.258	1.417	278.8
1395	0.326	0.257	1.421	279.0
1396	0.323	0.257	1.415	279.2
1397	0.325	0.256	1.404	279.4
1398	0.323	0.254	1.421	279.6
1399	0.321	0.256	1.431	279.8
1400	0.321	0.253	1.413	280.0
1401	0.321	0.254	1.419	280.2
1402	0.323	0.255	1.419	280.4
1403	0.321	0.254	1.414	280.6
1404	0.324	0.252	1.410	280.8
1405	0.324	0.255	1.413	281.0
1406	0.323	0.253	1.419	281.2
1407	0.324	0.253	1.417	281.4
1408	0.322	0.255	1.417	281.6
1409	0.322	0.255	1.414	281.8
1410	0.321	0.252	1.415	282.0
1411	0.322	0.256	1.425	282.2
1412	0.321	0.258	1.413	282.4
1413	0.322	0.253	1.410	282.6
1414	0.321	0.257	1.422	282.8
1415	0.321	0.257	1.412	283.0
1416	0.324	0.256	1.417	283.2
1417	0.322	0.256	1.415	283.4
1418	0.323	0.255	1.417	283.6
1419	0.322	0.255	1.411	283.8
1420	0.322	0.256	1.424	284.0
1421	0.322	0.257	1.411	284.2
1422	0.322	0.256	1.407	284.4
1423	0.323	0.256	1.426	284.6
1424	0.322	0.257	1.413	284.8
1425	0.324	0.254	1.414	285.0
1426	0.322	0.255	1.430	285.2
1427	0.321	0.256	1.407	285.4
1428	0.321	0.256	1.410	285.6
1429	0.323	0.257	1.419	285.8
1430	0.321	0.259	1.414	286.0
1431	0.324	0.255	1.406	286.2
1432	0.322	0.255	1.421	286.4
1433	0.323	0.257	1.410	286.6
1434	0.325	0.255	1.405	286.8
1435	0.322	0.255	1.420	287.0
1436	0.321	0.256	1.417	287.2
1437	0.325	0.253	1.407	287.4
1438	0.322	0.257	1.416	287.6
1439	0.324	0.255	1.405	287.8
1440	0.322	0.254	1.423	288.0
1441	0.322	0.255	1.421	288.2
1442	0.320	0.255	1.404	288.4
1443	0.322	0.254	1.409	288.6
1444	0.321	0.255	1.424	288.8
1445	0.322	0.253	1.414	289.0
1446	0.321	0.254	1.399	289.2
1447	0.323	0.255	1.423	289.4
1448	0.321	0.256	1.419	289.6
1449	0.322	0.255	1.409	289.8
1450	0.322	0.255	1.413	290.0
1451	0.322	0.253	1.415	290.2
1452	0.320	0.253	1.416	290.4
1453	0.322	0.255	1.419	290.6
1454	0.322	0.255	1.410	290.8
1455	0.322	0.254	1.413	291.0
1456	0.321	0.257	1.423	291.2
1457	0.322	0.255	1.420	291.4
1458	0.323	0.256	1.405	291.6
1459	0.321	0.255	1.433	291.8
1460	0.321	0.258	1.415	292.0
1461	0.322	0.255	1.403	292.2
1462	0.324	0.255	1.412	292.4
1463	0.323	0.256	1.418	292.6
1464	0.322	0.256	1.414	292.8
1465	0.323	0.255	1.410	293.0
1466	0.322	0.255	1.417	293.2
1467	0.322	0.253	1.409	293.4
1468	0.323	0.254	1.421	293.6
1469	0.321	0.255	1.413	293.8
1470	0.322	0.254	1.416	294.0
1471	0.322	0.257	1.419	294.2
1472	0.318	0.252	1.415	294.4
1473	0.319	0.254	1.402	294.6
1474	0.321	0.257	1.423	294.8
1475	0.321	0.255	1.419	295.0
1476	0.320	0.254	1.406	295.2
1477	0.322	0.253	1.418	295.4
1478	0.322	0.256	1.420	295.6
1479	0.322	0.256	1.397	295.8
1480	0.321	0.252	1.417	296.0
1481	0.320	0.255	1.429	296.2
1482	0.321	0.254	1.403	296.4
1483	0.321	0.254	1.423	296.6
1484	0.321	0.256	1.418	296.8
1485	0.322	0.255	1.402	297.0
1486	0.322	0.255	1.413	297.2
1487	0.320	0.254	1.419	297.4
1488	0.321	0.255	1.402	297.6
1489	0.322	0.254	1.417	297.8
1490	0.321	0.255	1.418	298.0
1491	0.319	0.255	1.404	298.2
1492	0.322	0.255	1.414	298.4
1493	0.320	0.253	1.421	298.6
1494	0.322	0.252	1.408	298.8
1495	0.321	0.255	1.418	299.0
1496	0.319	0.254	1.423	299.2
1497	0.320	0.255	1.408	299.4
1498	0.321	0.254	1.407	299.6
1499	0.321	0.256	1.415	299.8
1500	0.321	0.253	1.412	300.0
1501	0.320	0.254	1.417	300.2
1502	0.319	0.255	1.413	300.4
1503	0.319	0.255	1.407	300.6
1504	0.320	0.253	1.410	300.8
1505	0.321	0.252	1.413	301.0
1506	0.320	0.254	1.418	301.2
1507	0.320	0.255	1.415	301.4
1508	0.320	0.252	1.419	301.6
1509	0.320	0.254	1.415	301.8
1510	0.321	0.255	1.408	302.0
1511	0.322	0.254	1.417	302.2
1512	0.320	0.253	1.417	302.4
1513	0.322	0.253	1.414	302.6
1514	0.322	0.251	1.411	302.8
1515	0.321	0.253	1.410	303.0
1516	0.320	0.252	1.421	303.2
1517	0.321	0.253	1.409	303.4
1518	0.505	0.405	1.965	303.6
1519	0.594	0.484	1.958	303.8
1520	0.589	0.481	1.962	304.0
1521	0.585	0.477	1.967	304.2
1522	0.586	0.478	1.952	304.4
1523	0.585	0.477	1.961	304.6
1524	0.585	0.477	1.937	304.8
1525	0.580	0.477	1.967	305.0
1526	0.581	0.476	1.957	305.2
1527	0.582	0.480	1.944	305.4
1528	0.581	0.473	1.954	305.6
1529	0.579	0.477	1.955	305.8
1530	0.580	0.475	1.950	306.0
1531	0.581	0.473	1.942	306.2
1532	0.580	0.474	1.949	306.4
1533	0.578	0.471	1.955	306.6
1534	0.580	0.476	1.949	306.8
1535	0.580	0.473	1.949	307.0
1536	0.578	0.474	1.944	307.2
1537	0.575	0.475	1.956	307.4
1538	0.578	0.471	1.935	307.6
1539	0.580	0.476	1.950	307.8
1540	0.579	0.475	1.938	308.0
1541	0.576	0.472	1.943	308.2
1542	0.576	0.473	1.953	308.4
1543	0.576	0.473	1.942	308.6
1544	0.578	0.475	1.937	308.8
1545	0.578	0.473	1.948	309.0
1546	0.576	0.473	1.950	309.2
1547	0.577	0.473	1.928	309.4
1548	0.578	0.474	1.951	309.6
1549	0.576	0.473	1.945	309.8
1550	0.578	0.471	1.937	310.0
1551	0.577	0.474	1.932	310.2
1552	0.576	0.471	1.948	310.4
1553	0.574	0.472	1.938	310.6
1554	0.575	0.475	1.937	310.8
1555	0.576	0.471	1.950	311.0
1556	0.575	0.474	1.940	311.2
1557	0.573	0.473	1.943	311.4
1558	0.574	0.472	1.935	311.6
1559	0.574	0.473	1.947	311.8
1560	0.576	0.472	1.943	312.0
1561	0.573	0.471	1.935	312.2
1562	0.575	0.472	1.943	312.4
1563	0.574	0.470	1.937	312.6
1564	0.573	0.471	1.942	312.8
1565	0.572	0.473	1.942	313.0
1566	0.573	0.473	1.933	313.2
1567	0.574	0.470	1.936	313.4
1568	0.574	0.471	1.941	313.6
1569	0.574	0.472	1.932	313.8
1570	0.577	0.470	1.942	314.0
1571	0.573	0.473	1.935	314.2
1572	0.571	0.471	1.937	314.4
1573	0.574	0.471	1.936	314.6
1574	0.572	0.473	1.935	314.8
1575	0.573	0.470	1.939	315.0
1576	0.574	0.473	1.929	315.2
1577	0.574	0.470	1.943	315.4
1578	0.572	0.473	1.931	315.6
1579	0.572	0.472	1.925	315.8
1580	0.570	0.471	1.946	316.0
1581	0.571	0.473	1.929	316.2
1582	0.573	0.470	1.935	316.4
1583	0.573	0.475	1.940	316.6
1584	0.573	0.470	1.927	316.8
1585	0.572	0.471	1.939	317.0
1586	0.570	0.471	1.935	317.2
1587	0.572	0.473	1.933	317.4
1588	0.572	0.470	1.931	317.6
1589	0.570	0.472	1.932	317.8
1590	0.571	0.470	1.940	318.0
1591	0.570	0.472	1.928	318.2
1592	0.572	0.471	1.936	318.4
1593	0.573	0.470	1.930	318.6
1594	0.570	0.470	1.932	318.8
1595	0.571	0.469	1.935	319.0
1596	0.572	0.472	1.933	319.2
1597	0.572	0.471	1.939	319.4
1598	0.571	0.471	1.931	319.6
1599	0.571	0.470	1.935	319.8
1600	0.572	0.472	1.933	320.0
1601	0.572	0.470	1.935	320.2
1602	0.571	0.470	1.940	320.4
1603	0.572	0.469	1.930	320.6
1604	0.573	0.468	1.924	320.8
1605	0.570	0.473	1.936	321.0
1606	0.568	0.469	1.931	321.2
1607	0.571	0.470	1.928	321.4
1608	0.571	0.469	1.929	321.6
1609	0.570	0.471	1.930	321.8
1610	0.572	0.470	1.936	322.0
1611	0.570	0.470	1.932	322.2
1612	0.570	0.470	1.929	322.4
1613	0.570	0.470	1.934	322.6
1614	0.568	0.469	1.935	322.8
1615	0.570	0.469	1.931	323.0
1616	0.570	0.468	1.926	323.2
1617	0.570	0.471	1.938	323.4
1618	0.568	0.469	1.927	323.6
1619	0.568	0.472	1.934	323.8
1620	0.569	0.470	1.934	324.0
1621	0.570	0.469	1.921	324.2
1622	0.570	0.469	1.935	324.4
1623	0.569	0.469	1.940	324.6
1624	0.570	0.469	1.920	324.8
1625	0.569	0.468	1.928	325.0
1626	0.570	0.469	1.928	325.2
1627	0.569	0.469	1.932	325.4
1628	0.569	0.467	1.931	325.6
1629	0.567	0.470	1.921	325.8
1630	0.569	0.468	1.923	326.0
1631	0.569	0.470	1.945	326.2
1632	0.568	0.468	1.921	326.4
1633	0.570	0.467	1.920	326.6
1634	0.568	0.468	1.940	326.8
1635	0.570	0.468	1.923	327.0
1636	0.571	0.466	1.918	327.2
1637	0.568	0.469	1.933	327.4
1638	0.567	0.467	1.932	327.6
1639	0.569	0.468	1.911	327.8
1640	0.567	0.466	1.940	328.0
1641	0.569	0.470	1.923	328.2
1642	0.571	0.467	1.925	328.4
1643	0.569	0.470	1.935	328.6
1644	0.568	0.469	1.927	328.8
1645	0.567	0.469	1.929	329.0
1646	0.569	0.466	1.937	329.2
1647	0.568	0.469	1.927	329.4
1648	0.566	0.466	1.918	329.6
1649	0.566	0.470	1.935	329.8
1650	0.567	0.465	1.929	330.0
1651	0.568	0.469	1.919	330.2
1652	0.567	0.466	1.934	330.4
1653	0.568	0.468	1.921	330.6
1654	0.568	0.468	1.927	330.8
1655	0.567	0.469	1.928	331.0
1656	0.568	0.467	1.923	331.2
1657	0.568	0.469	1.919	331.4
1658	0.568	0.467	1.927	331.6
1659	0.566	0.469	1.927	331.8
1660	0.568	0.463	1.919	332.0
1661	0.568	0.469	1.935	332.2
1662	0.566	0.466	1.919	332.4
1663	0.567	0.470	1.920	332.6
1664	0.567	0.466	1.935	332.8
1665	0.567	0.469	1.919	333.0
1666	0.567	0.466	1.920	333.2
1667	0.565	0.466	1.933	333.4
1668	0.564	0.467	1.915	333.6
1669	0.566	0.465	1.921	333.8
1670	0.566	0.470	1.931	334.0
1671	0.566	0.466	1.916	334.2
1672	0.562	0.465	1.924	334.4
1673	0.566	0.467	1.929	334.6
1674	0.566	0.464	1.913	334.8
1675	0.566	0.467	1.929	335.0
1676	0.564	0.466	1.929	335.2
1677	0.566	0.469	1.915	335.4
1678	0.566	0.465	1.923	335.6
1679	0.567	0.466	1.925	335.8
1680	0.565	0.465	1.909	336.0
1681	0.566	0.464	1.927	336.2
1682	0.565	0.467	1.921	336.4
1683	0.566	0.465	1.915	336.6
1684	0.564	0.466	1.912	336.8
1685	0.564	0.465	1.928	337.0
1686	0.563	0.466	1.915	337.2
1687	0.564	0.462	1.919	337.4
1688	0.564	0.466	1.922	337.6
1689	0.564	0.464	1.919	337.8
1690	0.565	0.465	1.915	338.0
1691	0.564	0.466	1.917	338.2
1692	0.564	0.465	1.917	338.4
1693	0.564	0.463	1.936	338.6
1694	0.565	0.465	1.915	338.8
1695	0.564	0.461	1.916	339.0
1696	0.565	0.466	1.931	339.2
1697	0.564	0.463	1.923	339.4
1698	0.564	0.464	1.917	339.6
1699	0.566	0.462	1.921	339.8
1700	0.562	0.465	1.925	340.0
1701	0.564	0.461	1.915	340.2
1702	0.562	0.464	1.915	340.4
1703	0.565	0.465	1.920	340.6
1704	0.562	0.466	1.912	340.8
1705	0.565	0.465	1.916	341.0
1706	0.564	0.464	1.931	341.2
1707	0.562	0.464	1.906	341.4
1708	0.562	0.462	1.917	341.6
1709	0.562	0.465	1.927	341.8
1710	0.563	0.464	1.910	342.0
1711	0.564	0.462	1.910	342.2
1712	0.563	0.461	1.929	342.4
1713	0.563	0.466	1.916	342.6
1714	0.563	0.464	1.913	342.8
1715	0.563	0.463	1.917	343.0
1716	0.562	0.462	1.925	343.2
1717	0.562	0.462	1.915	343.4
1718	0.563	0.463	1.916	343.6
1719	0.563	0.463	1.921	343.8
1720	0.561	0.464	1.900	344.0
1721	0.563	0.462	1.923	344.2
1722	0.561	0.462	1.917	344.4
1723	0.561	0.464	1.907	344.6
1724	0.564	0.464	1.910	344.8
1725	0.564	0.463	1.923	345.0
1726	0.562	0.465	1.911	345.2
1727	0.562	0.462	1.911	345.4
1728	0.562	0.464	1.921	345.6
1729	0.560	0.463	1.913	345.8
1730	0.563	0.464	1.905	346.0
1731	0.562	0.464	1.921	346.2
1732	0.559	0.462	1.926	346.4
1733	0.560	0.463	1.909	346.6
1734	0.563	0.461	1.915	346.8
1735	0.562	0.462	1.918	347.0
1736	0.560	0.462	1.909	347.2
1737	0.562	0.464	1.916	347.4
1738	0.562	0.463	1.921	347.6
1739	0.562	0.464	1.904	347.8
1740	0.562	0.462	1.915	348.0
1741	0.560	0.464	1.923	348.2
1742	0.563	0.463	1.908	348.4
1743	0.561	0.463	1.907	348.6
1744	0.561	0.464	1.919	348.8
1745	0.560	0.464	1.919	349.0
1746	0.561	0.463	1.903	349.2
1747	0.562	0.461	1.913	349.4
1748	0.559	0.461	1.913	349.6
1749	0.560	0.463	1.909	349.8
1750	0.561	0.463	1.910	350.0
1751	0.559	0.462	1.913	350.2
1752	0.559	0.463	1.912	350.4
1753	0.560	0.462	1.919	350.6
1754	0.562	0.462	1.910	350.8
1755	0.560	0.463	1.915	351.0
1756	0.559	0.462	1.909	351.2
1757	0.560	0.464	1.913	351.4
1758	0.562	0.461	1.915	351.6
1759	0.559	0.461	1.919	351.8
1760	0.560	0.462	1.905	352.0
1761	0.559	0.463	1.911	352.2
1762	0.560	0.462	1.920	352.4
1763	0.561	0.464	1.910	352.6
1764	0.560	0.459	1.917	352.8
1765	0.558	0.463	1.912	353.0
1766	0.560	0.461	1.903	353.2
1767	0.560	0.462	1.919	353.4
1768	0.557	0.460	1.905	353.6
1769	0.558	0.462	1.910	353.8
1770	0.561	0.457	1.911	354.0
1771	0.559	0.462	1.920	354.2
1772	0.559	0.463	1.905	354.4
1773	0.560	0.459	1.909	354.6
1774	0.559	0.461	1.917	354.8
1775	0.561	0.460	1.897	355.0
1776	0.560	0.462	1.917	355.2
1777	0.559	0.463	1.914	355.4
1778	0.560	0.461	1.910	355.6
1779	0.560	0.460	1.907	355.8
1780	0.559	0.462	1.907	356.0
1781	0.559	0.462	1.909	356.2
1782	0.558	0.460	1.907	356.4
1783	0.560	0.462	1.909	356.6
1784	0.560	0.461	1.906	356.8
1785	0.558	0.461	1.913	357.0
1786	0.561	0.460	1.907	357.2
1787	0.560	0.461	1.909	357.4
1788	0.558	0.458	1.907	357.6
1789	0.556	0.460	1.906	357.8
1790	0.559	0.460	1.910	358.0
1791	0.558	0.461	1.906	358.2
1792	0.559	0.459	1.909	358.4
1793	0.559	0.461	1.910	358.6
1794	0.559	0.458	1.911	358.8
1795	0.559	0.460	1.911	359.0
1796	0.560	0.459	1.903	359.2
1797	0.557	0.461	1.906	359.4
1798	0.560	0.461	1.915	359.6
1799	0.558	0.460	1.909	359.8
1800	0.558	0.461	1.907	360.0
1801	0.559	0.458	1.910	360.2
1802	0.560	0.461	1.899	360.4
1803	0.559	0.461	1.914	360.6
1804	0.560	0.460	1.911	360.8
1805	0.560	0.460	1.901	361.0
1806	0.558	0.461	1.914	361.2
1807	0.559	0.460	1.909	361.4
1808	0.558	0.461	1.903	361.6
1809	0.559	0.460	1.907	361.8
1810	0.558	0.460	1.917	362.0
1811	0.557	0.460	1.892	362.2
1812	0.559	0.461	1.906	362.4
1813	0.558	0.461	1.909	362.6
1814	0.558	0.460	1.903	362.8
1815	0.558	0.462	1.912	363.0
1816	0.561	0.460	1.913	363.2
1817	0.559	0.461	1.900	363.4
1818	0.559	0.460	1.912	363.6
1819	0.557	0.463	1.912	363.8
1820	0.559	0.460	1.913	364.0
1821	0.558	0.462	1.901	364.2
1822	0.560	0.459	1.911	364.4
1823	0.560	0.462	1.906	364.6
1824	0.558	0.461	1.914	364.8
1825	0.560	0.463	1.900	365.0
1826	0.560	0.460	1.915	365.2
1827	0.557	0.463	1.904	365.4
1828	0.560	0.460	1.911	365.6
1829	0.558	0.463	1.905	365.8
1830	0.559	0.462	1.908	366.0
1831	0.559	0.464	1.909	366.2
1832	0.559	0.462	1.899	366.4
1833	0.559	0.462	1.909	366.6
1834	0.560	0.464	1.908	366.8
1835	0.558	0.462	1.903	367.0
1836	0.560	0.464	1.913	367.2
1837	0.559	0.463	1.907	367.4
1838	0.559	0.465	1.919	367.6
1839	0.558	0.461	1.903	367.8
1840	0.560	0.464	1.909	368.0
1841	0.559	0.465	1.909	368.2
1842	0.558	0.463	1.900	368.4
1843	0.556	0.463	1.916	368.6
1844	0.557	0.462	1.909	368.8
1845	0.560	0.462	1.903	369.0
1846	0.559	0.461	1.899	369.2
1847	0.558	0.465	1.917	369.4
1848	0.561	0.462	1.903	369.6
1849	0.559	0.463	1.905	369.8
1850	0.559	0.462	1.909	370.0
1851	0.561	0.463	1.907	370.2
1852	0.558	0.462	1.903	370.4
1853	0.562	0.461	1.907	370.6
1854	0.562	0.462	1.914	370.8
1855	0.561	0.463	1.902	371.0
1856	0.562	0.462	1.905	371.2
1857	0.558	0.462	1.919	371.4
1858	0.559	0.464	1.892	371.6
1859	0.562	0.460	1.909	371.8
1860	0.559	0.463	1.919	372.0
1861	0.558	0.461	1.905	372.2
1862	0.560	0.464	1.912	372.4
1863	0.559	0.462	1.906	372.6
1864	0.560	0.463	1.910	372.8
1865	0.562	0.461	1.901	373.0
1866	0.559	0.460	1.920	373.2
1867	0.559	0.463	1.901	373.4
1868	0.558	0.461	1.904	373.6
1869	0.560	0.464	1.916	373.8
1870	0.559	0.461	1.906	374.0
1871	0.559	0.462	1.899	374.2
1872	0.558	0.461	1.922	374.4
1873	0.559	0.462	1.900	374.6
1874	0.560	0.461	1.916	374.8
1875	0.560	0.461	1.905	375.0
1876	0.559	0.462	1.923	375.2
1877	0.559	0.460	1.898	375.4
1878	0.559	0.464	1.920	375.6
1879	0.559	0.461	1.915	375.8
1880	0.557	0.460	1.883	376.0
1881	0.559	0.461	1.925	376.2
1882	0.559	0.460	1.905	376.4
1883	0.556	0.462	1.923	376.6
1884	0.559	0.463	1.903	376.8
1885	0.560	0.463	1.902	377.0
1886	0.558	0.462	1.909	377.2
1887	0.558	0.462	1.908	377.4
1888	0.559	0.461	1.908	377.6
1889	0.559	0.461	1.901	377.8
1890	0.558	0.462	1.911	378.0
1891	0.559	0.459	1.903	378.2
1892	0.559	0.463	1.911	378.4
1893	0.562	0.461	1.904	378.6
1894	0.559	0.463	1.905	378.8
1895	0.557	0.461	1.911	379.0
1896	0.558	0.461	1.896	379.2
1897	0.558	0.460	1.910	379.4
1898	0.559	0.462	1.905	379.6
1899	0.557	0.462	1.902	379.8
1900	0.559	0.459	1.909	380.0
1901	0.555	0.461	1.915	380.2
1902	0.557	0.460	1.897	380.4
1903	0.558	0.463	1.911	380.6
1904	0.558	0.459	1.903	380.8
1905	0.559	0.461	1.907	381.0
1906	0.558	0.460	1.913	381.2
1907	0.559	0.462	1.906	381.4
1908	0.560	0.461	1.900	381.6
1909	0.558	0.462	1.911	381.8
1910	0.560	0.463	1.905	382.0
1911	0.559	0.461	1.905	382.2
1912	0.559	0.462	1.903	382.4
1913	0.559	0.461	1.909	382.6
1914	0.560	0.462	1.908	382.8
1915	0.560	0.463	1.905	383.0
1916	0.560	0.462	1.897	383.2
1917	0.560	0.460	1.904	383.4
1918	0.560	0.460	1.909	383.6
1919	0.562	0.462	1.901	383.8
1920	0.559	0.460	1.906	384.0
1921	0.559	0.462	1.910	384.2
1922	0.560	0.460	1.902	384.4
1923	0.559	0.463	1.905	384.6
1924	0.559	0.461	1.899	384.8
1925	0.560	0.464	1.905	385.0
1926	0.557	0.461	1.900	385.2
1927	0.559	0.460	1.904	385.4
1928	0.559	0.463	1.903	385.6
1929	0.559	0.461	1.908	385.8
1930	0.560	0.461	1.899	386.0
1931	0.562	0.461	1.911	386.2
1932	0.560	0.460	1.901	386.4
1933	0.560	0.462	1.906	386.6
1934	0.564	0.463	1.913	386.8
1935	0.560	0.460	1.907	387.0
1936	0.563	0.462	1.903	387.2
1937	0.562	0.461	1.906	387.4
1938	0.559	0.461	1.916	387.6
1939	0.562	0.463	1.905	387.8
1940	0.561	0.461	1.900	388.0
1941	0.562	0.463	1.907	388.2
1942	0.560	0.458	1.919	388.4
1943	0.562	0.464	1.897	388.6
1944	0.562	0.463	1.904	388.8
1945	0.562	0.461	1.908	389.0
1946	0.561	0.461	1.908	389.2
1947	0.563	0.457	1.900	389.4
1948	0.561	0.463	1.911	389.6
1949	0.563	0.461	1.900	389.8
1950	0.563	0.462	1.909	390.0
1951	0.563	0.461	1.909	390.2
1952	0.562	0.463	1.901	390.4
1953	0.562	0.462	1.909	390.6
1954	0.562	0.460	1.901	390.8
1955	0.563	0.461	1.912	391.0
1956	0.563	0.464	1.911	391.2
1957	0.560	0.461	1.899	391.4
1958	0.561	0.461	1.911	391.6
1959	0.560	0.461	1.911	391.8
1960	0.561	0.461	1.898	392.0
1961	0.560	0.462	1.909	392.2
1962	0.562	0.458	1.909	392.4
1963	0.560	0.462	1.905	392.6
1964	0.564	0.460	1.909	392.8
1965	0.560	0.460	1.901	393.0
1966	0.560	0.461	1.911	393.2
1967	0.561	0.460	1.908	393.4
1968	0.560	0.462	1.915	393.6
1969	0.560	0.459	1.903	393.8
1970	0.562	0.462	1.907	394.0
1971	0.560	0.461	1.908	394.2
1972	0.562	0.460	1.907	394.4
1973	0.559	0.461	1.907	394.6
1974	0.559	0.461	1.908	394.8
1975	0.559	0.462	1.908	395.0
1976	0.561	0.459	1.909	395.2
1977	0.559	0.460	1.903	395.4
1978	0.560	0.460	1.908	395.6
1979	0.560	0.460	1.911	395.8
1980	0.560	0.461	1.909	396.0
1981	0.562	0.462	1.906	396.2
1982	0.558	0.461	1.902	396.4
1983	0.562	0.460	1.915	396.6
1984	0.560	0.460	1.902	396.8
1985	0.560	0.462	1.898	397.0
1986	0.559	0.462	1.917	397.2
1987	0.559	0.458	1.898	397.4
1988	0.557	0.460	1.915	397.6
1989	0.560	0.460	1.902	397.8
1990	0.561	0.460	1.908	398.0
1991	0.560	0.462	1.907	398.2
1992	0.560	0.458	1.913	398.4
1993	0.556	0.461	1.901	398.6
1994	0.558	0.462	1.901	398.8
1995	0.560	0.461	1.914	399.0
1996	0.560	0.463	1.900	399.2
1997	0.558	0.460	1.911	399.4
1998	0.557	0.459	1.899	399.6
1999	0.558	0.459	1.915	399.8
2000	0.557	0.461	1.903	400.0
2001	0.558	0.462	1.907	400.2
2002	0.560	0.460	1.895	400.4
2003	0.559	0.461	1.913	400.6
2004	0.559	0.459	1.910	400.8
2005	0.559	0.462	1.891	401.0
2006	0.558	0.460	1.911	401.2
2007	0.558	0.459	1.907	401.4
2008	0.560	0.459	1.902	401.6
2009	0.556	0.458	1.895	401.8
2010	0.559	0.462	1.908	402.0
2011	0.558	0.462	1.906	402.2
2012	0.557	0.461	1.899	402.4
2013	0.559	0.458	1.901	402.6
2014	0.557	0.459	1.905	402.8
2015	0.559	0.460	1.907	403.0
2016	0.558	0.458	1.911	403.2
2017	0.558	0.461	1.904	403.4
2018	0.556	0.457	1.909	403.6
2019	0.818	0.672	2.397	403.8
2020	0.832	0.690	2.464	404.0
2021	0.830	0.687	2.471	404.2
2022	0.832	0.685	2.442	404.4
2023	0.831	0.688	2.495	404.6
2024	0.828	0.685	2.454	404.8
2025	0.827	0.687	2.455	405.0
2026	0.827	0.685	2.457	405.2
2027	0.826	0.685	2.463	405.4
2028	0.827	0.686	2.453	405.6
2029	0.826	0.684	2.446	405.8
2030	0.826	0.687	2.462	406.0
2031	0.823	0.683	2.447	406.2
2032	0.824	0.682	2.449	406.4
2033	0.823	0.683	2.456	406.6
2034	0.824	0.681	2.446	406.8
2035	0.825	0.681	2.452	407.0
2036	0.822	0.683	2.447	407.2
2037	0.824	0.682	2.453	407.4
2038	0.821	0.682	2.450	407.6
2039	0.821	0.682	2.451	407.8
2040	0.821	0.683	2.447	408.0
2041	0.822	0.682	2.447	408.2
2042	0.820	0.683	2.456	408.4
2043	0.821	0.681	2.440	408.6
2044	0.818	0.681	2.452	408.8
2045	0.819	0.682	2.455	409.0
2046	0.821	0.679	2.438	409.2
2047	0.821	0.680	2.454	409.4
2048	0.820	0.681	2.454	409.6
2049	0.818	0.681	2.436	409.8
2050	0.820	0.681	2.450	410.0
2051	0.818	0.680	2.444	410.2
2052	0.817	0.682	2.439	410.4
2053	0.819	0.677	2.448	410.6
2054	0.817	0.679	2.455	410.8
2055	0.819	0.680	2.434	411.0
2056	0.817	0.679	2.446	411.2
2057	0.819	0.681	2.438	411.4
2058	0.818	0.681	2.438	411.6
2059	0.818	0.678	2.442	411.8
2060	0.818	0.680	2.454	412.0
2061	0.819	0.681	2.439	412.2
2062	0.818	0.680	2.442	412.4
2063	0.817	0.678	2.452	412.6
2064	0.817	0.680	2.433	412.8
2065	0.818	0.680	2.443	413.0
2066	0.816	0.678	2.449	413.2
2067	0.819	0.680	2.434	413.4
2068	0.818	0.676	2.434	413.6
2069	0.818	0.679	2.446	413.8
2070	0.816	0.679	2.440	414.0
2071	0.815	0.678	2.445	414.2
2072	0.817	0.678	2.438	414.4
2073	0.816	0.680	2.444	414.6
2074	0.816	0.678	2.440	414.8
2075	0.816	0.677	2.440	415.0
2076	0.816	0.677	2.441	415.2
2077	0.815	0.677	2.441	415.4
2078	0.817	0.677	2.433	415.6
2079	0.818	0.676	2.446	415.8
2080	0.815	0.677	2.442	416.0
2081	0.816	0.676	2.428	416.2
2082	0.816	0.678	2.436	416.4
2083	0.815	0.677	2.439	416.6
2084	0.816	0.677	2.436	416.8
2085	0.815	0.676	2.431	417.0
2086	0.813	0.677	2.441	417.2
2087	0.814	0.676	2.433	417.4
2088	0.814	0.677	2.438	417.6
2089	0.812	0.678	2.439	417.8
2090	0.813	0.678	2.436	418.0
2091	0.815	0.677	2.426	418.2
2092	0.814	0.675	2.444	418.4
2093	0.814	0.677	2.436	418.6
2094	0.813	0.676	2.422	418.8
2095	0.815	0.674	2.432	419.0
2096	0.814	0.674	2.437	419.2
2097	0.812	0.676	2.437	419.4
2098	0.814	0.678	2.428	419.6
2099	0.814	0.675	2.437	419.8
2100	0.816	0.674	2.435	420.0
2101	0.815	0.677	2.431	420.2
2102	0.813	0.676	2.437	420.4
2103	0.815	0.675	2.432	420.6
2104	0.814	0.676	2.433	420.8
2105	0.813	0.675	2.435	421.0
2106	0.811	0.675	2.437	421.2
2107	0.813	0.678	2.433	421.4
2108	0.814	0.677	2.427	421.6
2109	0.814	0.675	2.439	421.8
2110	0.812	0.674	2.425	422.0
2111	0.812	0.675	2.434	422.2
2112	0.815	0.674	2.424	422.4
2113	0.813	0.674	2.431	422.6
2114	0.810	0.677	2.434	422.8
2115	0.813	0.676	2.423	423.0
2116	0.813	0.674	2.425	423.2
2117	0.811	0.675	2.443	423.4
2118	0.811	0.677	2.423	423.6
2119	0.812	0.676	2.423	423.8
2120	0.811	0.675	2.425	424.0
2121	0.812	0.676	2.430	424.2
2122	0.811	0.673	2.435	424.4
2123	0.811	0.673	2.432	424.6
2124	0.812	0.677	2.434	424.8
2125	0.812	0.675	2.432	425.0
2126	0.811	0.675	2.422	425.2
2127	0.815	0.673	2.424	425.4
2128	0.813	0.674	2.434	425.6
2129	0.811	0.673	2.432	425.8
2130	0.812	0.674	2.418	426.0
2131	0.809	0.675	2.433	426.2
2132	0.810	0.676	2.428	426.4
2133	0.809	0.671	2.426	426.6
2134	0.810	0.671	2.434	426.8
2135	0.811	0.672	2.419	427.0
2136	0.810	0.673	2.421	427.2
2137	0.808	0.674	2.430	427.4
2138	0.809	0.673	2.422	427.6
2139	0.808	0.674	2.435	427.8
2140	0.807	0.671	2.424	428.0
2141	0.807	0.672	2.422	428.2
2142	0.809	0.672	2.435	428.4
2143	0.808	0.672	2.421	428.6
2144	0.806	0.672	2.425	428.8
2145	0.809	0.672	2.422	429.0
2146	0.807	0.672	2.430	429.2
2147	0.806	0.674	2.419	429.4
2148	0.810	0.673	2.423	429.6
2149	0.808	0.674	2.435	429.8
2150	0.810	0.671	2.418	430.0
2151	0.810	0.670	2.432	430.2
2152	0.807	0.671	2.427	430.4
2153	0.809	0.674	2.425	430.6
2154	0.808	0.673	2.432	430.8
2155	0.809	0.671	2.431	431.0
2156	0.808	0.671	2.417	431.2
2157	0.809	0.672	2.429	431.4
2158	0.809	0.673	2.428	431.6
2159	0.808	0.671	2.415	431.8
2160	0.809	0.670	2.431	432.0
2161	0.809	0.673	2.431	432.2
2162	0.808	0.672	2.419	432.4
2163	0.810	0.671	2.417	432.6
2164	0.807	0.670	2.440	432.8
2165	0.807	0.672	2.424	433.0
2166	0.808	0.671	2.426	433.2
2167	0.809	0.670	2.422	433.4
2168	0.809	0.670	2.431	433.6
2169	0.806	0.673	2.426	433.8
2170	0.808	0.672	2.420	434.0
2171	0.809	0.672	2.427	434.2
2172	0.808	0.669	2.420	434.4
2173	0.808	0.670	2.433	434.6
2174	0.810	0.673	2.427	434.8
2175	0.809	0.671	2.423	435.0
2176	0.806	0.670	2.425	435.2
2177	0.807	0.669	2.433	435.4
2178	0.808	0.671	2.426	435.6
2179	0.810	0.670	2.412	435.8
2180	0.809	0.670	2.433	436.0
2181	0.808	0.670	2.428	436.2
2182	0.806	0.671	2.414	436.4
2183	0.811	0.670	2.422	436.6
2184	0.808	0.670	2.430	436.8
2185	0.808	0.668	2.421	437.0
2186	0.807	0.668	2.427	437.2
2187	0.807	0.671	2.427	437.4
2188	0.808	0.671	2.418	437.6
2189	0.809	0.669	2.433	437.8
2190	0.809	0.669	2.423	438.0
2191	0.807	0.672	2.428	438.2
2192	0.808	0.671	2.424	438.4
2193	0.806	0.671	2.424	438.6
2194	0.808	0.671	2.417	438.8
2195	0.808	0.671	2.427	439.0
2196	0.806	0.671	2.419	439.2
2197	0.809	0.671	2.429	439.4
2198	0.807	0.670	2.417	439.6
2199	0.807	0.669	2.422	439.8
2200	0.808	0.670	2.426	440.0
2201	0.807	0.672	2.422	440.2
2202	0.807	0.673	2.417	440.4
2203	0.806	0.669	2.426	440.6
2204	0.808	0.669	2.425	440.8
2205	0.806	0.670	2.421	441.0
2206	0.808	0.669	2.414	441.2
2207	0.805	0.668	2.425	441.4
2208	0.807	0.669	2.426	441.6
2209	0.806	0.667	2.414	441.8
2210	0.806	0.670	2.429	442.0
2211	0.807	0.670	2.416	442.2
2212	0.806	0.667	2.423	442.4
2213	0.809	0.668	2.418	442.6
2214	0.807	0.670	2.422	442.8
2215	0.806	0.670	2.419	443.0
2216	0.804	0.670	2.424	443.2
2217	0.805	0.669	2.419	443.4
2218	0.805	0.669	2.414	443.6
2219	0.806	0.670	2.430	443.8
2220	0.806	0.671	2.411	444.0
2221	0.806	0.670	2.423	444.2
2222	0.807	0.671	2.420	444.4
2223	0.806	0.669	2.409	444.6
2224	0.804	0.667	2.420	444.8
2225	0.802	0.670	2.410	445.0
2226	0.804	0.671	2.416	445.2
2227	0.805	0.672	2.417	445.4
2228	0.803	0.669	2.419	445.6
2229	0.805	0.669	2.412	445.8
2230	0.805	0.667	2.421	446.0
2231	0.802	0.667	2.430	446.2
2232	0.805	0.669	2.409	446.4
2233	0.805	0.669	2.419	446.6
2234	0.803	0.670	2.418	446.8
2235	0.803	0.668	2.413	447.0
2236	0.803	0.667	2.419	447.2
2237	0.802	0.668	2.406	447.4
2238	0.803	0.667	2.417	447.6
2239	0.802	0.668	2.414	447.8
2240	0.803	0.670	2.418	448.0
2241	0.804	0.668	2.405	448.2
2242	0.801	0.668	2.416	448.4
2243	0.802	0.668	2.425	448.6
2244	0.801	0.670	2.413	448.8
2245	0.804	0.669	2.411	449.0
2246	0.805	0.670	2.415	449.2
2247	0.802	0.669	2.421	449.4
2248	0.801	0.666	2.420	449.6
2249	0.801	0.668	2.408	449.8
2250	0.801	0.667	2.413	450.0
2251	0.803	0.671	2.428	450.2
2252	0.802	0.669	2.415	450.4
2253	0.803	0.669	2.406	450.6
2254	0.803	0.667	2.413	450.8
2255	0.803	0.666	2.417	451.0
2256	0.802	0.667	2.412	451.2
2257	0.804	0.668	2.413	451.4
2258	0.801	0.666	2.408	451.6
2259	0.801	0.666	2.414	451.8
2260	0.802	0.666	2.416	452.0
2261	0.800	0.669	2.417	452.2
2262	0.802	0.668	2.403	452.4
2263	0.800	0.666	2.419	452.6
2264	0.800	0.666	2.421	452.8
2265	0.801	0.667	2.409	453.0
2266	0.800	0.667	2.420	453.2
2267	0.800	0.667	2.411	453.4
2268	0.801	0.665	2.403	453.6
2269	0.801	0.668	2.422	453.8
2270	0.800	0.666	2.418	454.0
2271	0.802	0.667	2.401	454.2
2272	0.799	0.668	2.419	454.4
2273	0.799	0.667	2.412	454.6
2274	0.800	0.667	2.407	454.8
2275	0.800	0.665	2.406	455.0
2276	0.802	0.666	2.411	455.2
2277	0.798	0.665	2.411	455.4
2278	0.800	0.666	2.400	455.6
2279	0.799	0.664	2.422	455.8
2280	0.798	0.665	2.403	456.0
2281	0.802	0.666	2.409	456.2
2282	0.798	0.665	2.412	456.4
2283	0.800	0.666	2.412	456.6
2284	0.799	0.665	2.397	456.8
2285	0.798	0.665	2.421	457.0
2286	0.797	0.664	2.409	457.2
2287	0.798	0.666	2.402	457.4
2288	0.799	0.663	2.415	457.6
2289	0.797	0.664	2.407	457.8
2290	0.797	0.665	2.410	458.0
2291	0.798	0.666	2.410	458.2
2292	0.798	0.665	2.406	458.4
2293	0.797	0.664	2.410	458.6
2294	0.798	0.667	2.410	458.8
2295	0.801	0.666	2.398	459.0
2296	0.799	0.663	2.409	459.2
2297	0.796	0.665	2.412	459.4
2298	0.797	0.665	2.402	459.6
2299	0.799	0.667	2.402	459.8
2300	0.799	0.666	2.405	460.0
2301	0.797	0.663	2.406	460.2
2302	0.799	0.666	2.414	460.4
2303	0.799	0.666	2.409	460.6
2304	0.795	0.667	2.398	460.8
2305	0.800	0.664	2.414	461.0
2306	0.798	0.663	2.398	461.2
2307	0.798	0.667	2.409	461.4
2308	0.797	0.666	2.404	461.6
2309	0.799	0.664	2.411	461.8
2310	0.797	0.666	2.402	462.0
2311	0.798	0.666	2.409	462.2
2312	0.798	0.665	2.402	462.4
2313	0.798	0.664	2.412	462.6
2314	0.798	0.666	2.405	462.8
2315	0.797	0.665	2.409	463.0
2316	0.799	0.667	2.411	463.2
2317	0.799	0.666	2.399	463.4
2318	0.796	0.667	2.410	463.6
2319	0.799	0.669	2.397	463.8
2320	0.797	0.664	2.398	464.0
2321	0.797	0.665	2.409	464.2
2322	0.798	0.667	2.401	464.4
2323	0.797	0.670	2.414	464.6
2324	0.797	0.666	2.405	464.8
2325	0.798	0.665	2.399	465.0
2326	0.797	0.664	2.415	465.2
2327	0.796	0.664	2.403	465.4
2328	0.796	0.666	2.405	465.6
2329	0.796	0.668	2.411	465.8
2330	0.796	0.667	2.402	466.0
2331	0.797	0.663	2.411	466.2
2332	0.796	0.666	2.401	466.4
2333	0.798	0.667	2.414	466.6
2334	0.798	0.667	2.404	466.8
2335	0.799	0.666	2.410	467.0
2336	0.797	0.668	2.411	467.2
2337	0.798	0.665	2.398	467.4
2338	0.797	0.663	2.406	467.6
2339	0.796	0.665	2.400	467.8
2340	0.797	0.666	2.413	468.0
2341	0.798	0.665	2.401	468.2
2342	0.797	0.666	2.409	468.4
2343	0.797	0.663	2.389	468.6
2344	0.796	0.664	2.416	468.8
2345	0.799	0.667	2.398	469.0
2346	0.800	0.665	2.412	469.2
2347	0.798	0.663	2.404	469.4
2348	0.799	0.667	2.405	469.6
2349	0.797	0.665	2.407	469.8
2350	0.798	0.667	2.401	470.0
2351	0.797	0.665	2.415	470.2
2352	0.798	0.666	2.405	470.4
2353	0.796	0.666	2.405	470.6
2354	0.799	0.667	2.414	470.8
2355	0.798	0.665	2.401	471.0
2356	0.800	0.666	2.420	471.2
2357	0.799	0.665	2.400	471.4
2358	0.800	0.665	2.405	471.6
2359	0.800	0.665	2.411	471.8
2360	0.798	0.666	2.409	472.0
2361	0.798	0.666	2.396	472.2
2362	0.800	0.665	2.407	472.4
2363	0.799	0.667	2.417	472.6
2364	0.800	0.667	2.396	472.8
2365	0.799	0.666	2.403	473.0
2366	0.798	0.667	2.417	473.2
2367	0.799	0.664	2.399	473.4
2368	0.800	0.664	2.411	473.6
2369	0.797	0.665	2.405	473.8
2370	0.799	0.664	2.401	474.0
2371	0.799	0.665	2.417	474.2
2372	0.797	0.662	2.399	474.4
2373	0.800	0.662	2.409	474.6
2374	0.798	0.666	2.409	474.8
2375	0.798	0.666	2.410	475.0
2376	0.797	0.665	2.398	475.2
2377	0.800	0.664	2.414	475.4
2378	0.799	0.664	2.402	475.6
2379	0.798	0.666	2.409	475.8
2380	0.797	0.663	2.412	476.0
2381	0.798	0.664	2.403	476.2
2382	0.802	0.664	2.404	476.4
2383	0.799	0.664	2.405	476.6
2384	0.799	0.667	2.408	476.8
2385	0.799	0.664	2.405	477.0
2386	0.800	0.664	2.406	477.2
2387	0.799	0.664	2.405	477.4
2388	0.798	0.664	2.409	477.6
2389	0.799	0.666	2.413	477.8
2390	0.798	0.665	2.392	478.0
2391	0.800	0.664	2.421	478.2
2392	0.797	0.663	2.402	478.4
2393	0.798	0.664	2.399	478.6
2394	0.800	0.663	2.417	478.8
2395	0.796	0.663	2.395	479.0
2396	0.799	0.661	2.401	479.2
2397	0.797	0.663	2.407	479.4
2398	0.797	0.665	2.406	479.6
2399	0.797	0.666	2.395	479.8
2400	0.799	0.663	2.400	480.0
2401	0.799	0.663	2.419	480.2
2402	0.799	0.664	2.393	480.4
2403	0.800	0.666	2.396	480.6
2404	0.801	0.665	2.418	480.8
2405	0.798	0.664	2.394	481.0
2406	0.799	0.663	2.393	481.2
2407	0.797	0.664	2.423	481.4
2408	0.796	0.665	2.396	481.6
2409	0.798	0.662	2.397	481.8
2410	0.800	0.664	2.416	482.0
2411	0.798	0.666	2.401	482.2
2412	0.798	0.663	2.394	482.4
2413	0.799	0.661	2.412	482.6
2414	0.798	0.663	2.413	482.8
2415	0.799	0.667	2.390	483.0
2416	0.799	0.664	2.410	483.2
2417	0.798	0.662	2.410	483.4
2418	0.797	0.665	2.401	483.6
2419	0.798	0.664	2.406	483.8
2420	0.798	0.665	2.409	484.0
2421	0.798	0.664	2.401	484.2
2422	0.798	0.664	2.399	484.4
2423	0.797	0.663	2.407	484.6
2424	0.801	0.662	2.406	484.8
2425	0.798	0.665	2.399	485.0
2426	0.797	0.664	2.412	485.2
2427	0.796	0.664	2.405	485.4
2428	0.801	0.663	2.392	485.6
2429	0.795	0.662	2.408	485.8
2430	0.795	0.666	2.398	486.0
2431	0.797	0.664	2.400	486.2
2432	0.797	0.665	2.410	486.4
2433	0.797	0.665	2.413	486.6
2434	0.797	0.663	2.403	486.8
2435	0.797	0.664	2.397	487.0
2436	0.798	0.665	2.411	487.2
2437	0.796	0.668	2.400	487.4
2438	0.797	0.663	2.400	487.6
2439	0.797	0.663	2.413	487.8
2440	0.795	0.665	2.409	488.0
2441	0.796	0.666	2.392	488.2
2442	0.796	0.664	2.408	488.4
2443	0.796	0.666	2.416	488.6
2444	0.796	0.665	2.396	488.8
2445	0.799	0.664	2.397	489.0
2446	0.799	0.663	2.423	489.2
2447	0.796	0.666	2.405	489.4
2448	0.798	0.664	2.394	489.6
2449	0.799	0.663	2.410	489.8
2450	0.797	0.664	2.402	490.0
2451	0.797	0.663	2.406	490.2
2452	0.797	0.666	2.402	490.4
2453	0.797	0.665	2.410	490.6
2454	0.798	0.663	2.411	490.8
2455	0.797	0.663	2.409	491.0
2456	0.797	0.665	2.411	491.2
2457	0.795	0.664	2.398	491.4
2458	0.799	0.662	2.414	491.6
2459	0.796	0.666	2.408	491.8
2460	0.797	0.664	2.392	492.0
2461	0.799	0.663	2.404	492.2
2462	0.798	0.665	2.410	492.4
2463	0.797	0.666	2.405	492.6
2464	0.800	0.664	2.395	492.8
2465	0.799	0.665	2.414	493.0
2466	0.798	0.665	2.408	493.2
2467	0.798	0.664	2.402	493.4
2468	0.798	0.663	2.403	493.6
2469	0.798	0.667	2.413	493.8
2470	0.797	0.666	2.406	494.0
2471	0.798	0.663	2.402	494.2
2472	0.798	0.665	2.424	494.4
2473	0.796	0.661	2.401	494.6
2474	0.798	0.662	2.404	494.8
2475	0.800	0.663	2.413	495.0
2476	0.801	0.664	2.409	495.2
2477	0.798	0.665	2.401	495.4
2478	0.799	0.664	2.404	495.6
2479	0.797	0.663	2.410	495.8
2480	0.798	0.663	2.409	496.0
2481	0.799	0.662	2.406	496.2
2482	0.796	0.667	2.409	496.4
2483	0.796	0.664	2.406	496.6
2484	0.799	0.664	2.409	496.8
2485	0.799	0.664	2.413	497.0
2486	0.800	0.662	2.403	497.2
2487	0.799	0.663	2.411	497.4
2488	0.799	0.664	2.404	497.6
2489	0.798	0.665	2.408	497.8
2490	0.797	0.663	2.409	498.0
2491	0.799	0.664	2.404	498.2
2492	0.799	0.665	2.408	498.4
2493	0.797	0.663	2.403	498.6
2494	0.798	0.662	2.407	498.8
2495	0.800	0.662	2.406	499.0
2496	0.800	0.661	2.399	499.2
2497	0.799	0.665	2.406	499.4
2498	0.799	0.663	2.409	499.6
2499	0.801	0.662	2.393	499.8
2500	0.799	0.663	2.408	500.0
2501	0.800	0.664	2.402	500.2
2502	0.801	0.664	2.398	500.4
2503	0.798	0.661	2.410	500.6
2504	0.800	0.661	2.405	500.8
2505	0.797	0.663	2.405	501.0
2506	0.801	0.665	2.401	501.2
2507	0.799	0.664	2.405	501.4
2508	0.798	0.662	2.402	501.6
2509	0.799	0.662	2.399	501.8
2510	0.799	0.661	2.406	502.0
2511	0.799	0.663	2.401	502.2
2512	0.798	0.663	2.417	502.4
2513	0.799	0.663	2.396	502.6
2514	0.799	0.664	2.406	502.8
2515	0.798	0.662	2.404	503.0
2516	0.797	0.665	2.408	503.2
2517	0.798	0.662	2.406	503.4
2518	0.797	0.661	2.405	503.6
2519	0.751	0.624	2.131	503.8
2520	0.372	0.311	1.432	504.0
2521	0.046	0.038	0.773	504.2
2522	0.000	0.011	0.773	504.4
2523	0.001	0.010	0.783	504.6
2524	0.000	0.009	0.772	504.8
2525	0.000	0.005	0.767	505.0
2526	0.001	0.007	0.776	505.2
2527	-0.002	0.007	0.775	505.4
2528	0.003	0.009	0.775	505.6
2529	0.001	0.007	0.776	505.8
2530	0.001	0.007	0.779	506.0
2531	0.002	0.008	0.778	506.2
2532	0.002	0.008	0.774	506.4
2533	0.000	0.005	0.770	506.6
2534	0.002	0.004	0.776	506.8
2535	0.001	0.005	0.779	507.0
2536	0.002	0.009	0.776	507.2
2537	0.003	0.008	0.778	507.4
2538	0.000	0.006	0.787	507.6
2539	0.001	0.007	0.771	507.8
2540	0.002	0.009	0.772	508.0
2541	0.001	0.009	0.779	508.2
2542	0.001	0.007	0.774	508.4
2543	-0.001	0.008	0.771	508.6
2544	-0.001	0.008	0.781	508.8
2545	0.000	0.009	0.779	509.0
2546	0.001	0.009	0.778	509.2
2547	0.000	0.013	0.776	509.4
2548	0.001	0.007	0.776	509.6
2549	0.002	0.006	0.777	509.8
2550	-0.001	0.006	0.777	510.0
2551	0.002	0.008	0.779	510.2
2552	-0.001	0.009	0.779	510.4
2553	0.000	0.009	0.774	510.6
2554	0.000	0.009	0.780	510.8
2555	0.001	0.008	0.774	511.0
2556	0.000	0.006	0.775	511.2
2557	-0.001	0.005	0.778	511.4
2558	-0.001	0.006	0.776	511.6
2559	0.000	0.007	0.775	511.8
2560	0.000	0.010	0.776	512.0
2561	0.002	0.007	0.776	512.2
2562	0.000	0.006	0.776	512.4
2563	0.003	0.008	0.779	512.6
2564	0.001	0.008	0.778	512.8
2565	0.000	0.005	0.778	513.0
2566	0.001	0.005	0.778	513.2
2567	-0.001	0.005	0.779	513.4
2568	-0.002	0.008	0.779	513.6
2569	-0.003	0.007	0.778	513.8
2570	-0.001	0.006	0.777	514.0
2571	0.000	0.005	0.776	514.2
2572	-0.001	0.007	0.774	514.4
2573	0.000	0.006	0.776	514.6
2574	0.000	0.005	0.776	514.8
2575	0.000	0.008	0.773	515.0
2576	0.000	0.008	0.773	515.2
2577	-0.001	0.009	0.774	515.4
2578	-0.002	0.007	0.776	515.6
2579	0.000	0.007	0.774	515.8
2580	-0.003	0.008	0.776	516.0
2581	-0.001	0.006	0.774	516.2
2582	-0.002	0.007	0.776	516.4
2583	-0.001	0.009	0.778	516.6
2584	-0.001	0.008	0.781	516.8
2585	-0.001	0.007	0.777	517.0
2586	0.000	0.009	0.778	517.2
2587	0.001	0.010	0.776	517.4
2588	0.001	0.011	0.778	517.6
2589	0.001	0.009	0.776	517.8
2590	0.001	0.008	0.779	518.0
2591	0.002	0.009	0.776	518.2
2592	-0.001	0.010	0.776	518.4
2593	-0.001	0.013	0.776	518.6
2594	0.000	0.011	0.776	518.8
2595	0.001	0.009	0.778	519.0
2596	0.002	0.011	0.778	519.2
2597	0.001	0.009	0.776	519.4
2598	0.000	0.011	0.778	519.6
2599	0.003	0.008	0.779	519.8
2600	0.001	0.011	0.777	520.0
2601	0.002	0.012	0.772	520.2
2602	0.002	0.009	0.776	520.4
2603	0.003	0.010	0.778	520.6
2604	-0.001	0.009	0.778	520.8
2605	0.000	0.011	0.778	521.0
2606	0.003	0.013	0.779	521.2
2607	0.002	0.010	0.775	521.4
2608	0.001	0.011	0.777	521.6
2609	-0.001	0.008	0.774	521.8
2610	0.000	0.012	0.776	522.0
2611	0.001	0.011	0.777	522.2
2612	0.000	0.010	0.778	522.4
2613	0.001	0.007	0.772	522.6
2614	-0.002	0.010	0.773	522.8
2615	0.002	0.009	0.778	523.0
2616	0.001	0.014	0.779	523.2
2617	-0.001	0.011	0.778	523.4
2618	0.002	0.012	0.779	523.6
2619	0.000	0.011	0.781	523.8
2620	-0.001	0.009	0.775	524.0
2621	-0.003	0.009	0.776	524.2
2622	-0.003	0.010	0.777	524.4
2623	-0.002	0.010	0.777	524.6
2624	-0.001	0.010	0.777	524.8
2625	-0.001	0.012	0.778	525.0
2626	-0.003	0.011	0.775	525.2
2627	-0.003	0.009	0.776	525.4
2628	-0.002	0.009	0.773	525.6
2629	-0.001	0.011	0.775	525.8
2630	-0.002	0.007	0.776	526.0
2631	-0.002	0.011	0.778	526.2
2632	-0.001	0.009	0.775	526.4
2633	-0.002	0.011	0.778	526.6
2634	-0.001	0.010	0.776	526.8
2635	0.000	0.008	0.779	527.0
2636	0.001	0.005	0.776	527.2
2637	-0.003	0.007	0.772	527.4
2638	-0.001	0.010	0.775	527.6
2639	0.000	0.011	0.776	527.8
2640	-0.002	0.009	0.781	528.0
2641	-0.002	0.008	0.778	528.2
2642	-0.002	0.006	0.776	528.4
2643	-0.002	0.009	0.782	528.6
2644	0.000	0.008	0.776	528.8
2645	-0.001	0.010	0.779	529.0
2646	-0.002	0.005	0.780	529.2
2647	-0.001	0.008	0.775	529.4
2648	-0.001	0.007	0.776	529.6
2649	0.001	0.010	0.776	529.8
2650	-0.001	0.010	0.777	530.0
2651	0.000	0.009	0.776	530.2
2652	-0.001	0.006	0.775	530.4
2653	-0.001	0.005	0.778	530.6
2654	-0.001	0.006	0.777	530.8
2655	-0.001	0.009	0.774	531.0
2656	-0.001	0.012	0.776	531.2
2657	0.002	0.013	0.778	531.4
2658	-0.001	0.009	0.774	531.6
2659	-0.001	0.006	0.776	531.8
2660	-0.003	0.007	0.777	532.0
2661	-0.003	0.009	0.772	532.2
2662	-0.002	0.009	0.779	532.4
2663	-0.001	0.010	0.776	532.6
2664	-0.005	0.009	0.777	532.8
2665	-0.004	0.009	0.780	533.0
2666	-0.006	0.009	0.779	533.2
2667	-0.004	0.009	0.774	533.4
2668	-0.003	0.010	0.778	533.6
2669	-0.003	0.009	0.777	533.8
2670	-0.005	0.008	0.779	534.0
2671	-0.003	0.011	0.781	534.2
2672	-0.003	0.010	0.779	534.4
2673	-0.002	0.010	0.779	534.6
2674	-0.003	0.011	0.778	534.8
2675	-0.002	0.009	0.779	535.0
2676	-0.001	0.007	0.777	535.2
2677	-0.001	0.009	0.778	535.4
2678	-0.003	0.013	0.774	535.6
2679	-0.002	0.013	0.777	535.8
2680	-0.001	0.010	0.777	536.0
2681	-0.001	0.011	0.776	536.2
2682	0.001	0.011	0.776	536.4
2683	0.001	0.009	0.779	536.6
2684	-0.001	0.007	0.777	536.8
2685	-0.002	0.007	0.773	537.0
2686	0.002	0.010	0.774	537.2
2687	-0.001	0.010	0.773	537.4
2688	0.000	0.013	0.776	537.6
2689	0.000	0.010	0.775	537.8
2690	-0.001	0.011	0.776	538.0
2691	-0.001	0.010	0.778	538.2
2692	-0.002	0.009	0.778	538.4
2693	-0.002	0.011	0.777	538.6
2694	0.000	0.011	0.778	538.8
2695	-0.001	0.010	0.777	539.0
2696	-0.003	0.010	0.773	539.2
2697	-0.003	0.009	0.778	539.4
2698	0.000	0.010	0.772	539.6
2699	0.001	0.009	0.779	539.8
2700	-0.002	0.010	0.773	540.0
2701	-0.002	0.011	0.776	540.2
2702	0.000	0.009	0.775	540.4
2703	-0.001	0.011	0.774	540.6
2704	-0.002	0.011	0.779	540.8
2705	-0.002	0.010	0.776	541.0
2706	-0.002	0.009	0.776	541.2
2707	-0.002	0.009	0.773	541.4
2708	-0.001	0.008	0.772	541.6
2709	-0.003	0.011	0.775	541.8
2710	-0.004	0.013	0.775	542.0
2711	-0.003	0.010	0.778	542.2
2712	-0.003	0.008	0.777	542.4
2713	-0.003	0.009	0.777	542.6
2714	-0.002	0.011	0.775	542.8
2715	-0.003	0.012	0.776	543.0
2716	-0.004	0.010	0.775	543.2
2717	-0.003	0.011	0.776	543.4
2718	-0.003	0.012	0.776	543.6
2719	-0.002	0.013	0.772	543.8
2720	-0.002	0.008	0.776	544.0
2721	-0.002	0.010	0.772	544.2
2722	-0.002	0.010	0.777	544.4
2723	-0.003	0.011	0.777	544.6
2724	-0.003	0.011	0.778	544.8
2725	-0.001	0.010	0.776	545.0
2726	-0.002	0.007	0.773	545.2
2727	-0.002	0.011	0.779	545.4
2728	-0.002	0.011	0.774	545.6
2729	-0.001	0.013	0.778	545.8
2730	0.000	0.010	0.776	546.0
2731	-0.001	0.011	0.779	546.2
2732	-0.005	0.009	0.778	546.4
2733	-0.001	0.010	0.778	546.6
2734	-0.003	0.012	0.777	546.8
2735	-0.005	0.011	0.776	547.0
2736	-0.003	0.012	0.777	547.2
2737	-0.004	0.007	0.774	547.4
2738	-0.003	0.009	0.778	547.6
2739	-0.001	0.008	0.778	547.8
2740	-0.003	0.012	0.778	548.0
2741	-0.003	0.013	0.778	548.2
2742	-0.002	0.013	0.775	548.4
2743	-0.003	0.011	0.777	548.6
2744	-0.003	0.009	0.779	548.8
2745	-0.003	0.012	0.778	549.0
2746	-0.003	0.010	0.775	549.2
2747	-0.006	0.011	0.777	549.4
2748	-0.003	0.011	0.775	549.6
2749	-0.004	0.013	0.780	549.8
2750	-0.004	0.012	0.777	550.0
2751	-0.003	0.014	0.775	550.2
2752	-0.005	0.010	0.776	550.4
2753	-0.003	0.011	0.777	550.6
2754	-0.002	0.007	0.777	550.8
2755	-0.002	0.009	0.777	551.0
2756	-0.003	0.010	0.780	551.2
2757	-0.005	0.012	0.776	551.4
2758	-0.004	0.014	0.777	551.6
2759	-0.001	0.012	0.778	551.8
2760	-0.004	0.010	0.781	552.0
2761	-0.002	0.009	0.776	552.2
2762	-0.001	0.008	0.774	552.4
2763	-0.002	0.006	0.777	552.6
2764	-0.002	0.009	0.776	552.8
2765	-0.002	0.010	0.779	553.0
2766	-0.004	0.011	0.776	553.2
2767	-0.001	0.010	0.779	553.4
2768	-0.001	0.010	0.777	553.6
2769	-0.004	0.007	0.777	553.8
2770	-0.002	0.007	0.775	554.0
2771	-0.003	0.011	0.778	554.2
2772	-0.005	0.011	0.774	554.4
2773	-0.004	0.012	0.777	554.6
2774	-0.003	0.008	0.778	554.8
2775	-0.005	0.009	0.778	555.0
2776	-0.005	0.009	0.774	555.2
2777	-0.002	0.010	0.779	555.4
2778	-0.005	0.011	0.776	555.6
2779	-0.003	0.013	0.776	555.8
2780	-0.003	0.014	0.772	556.0
2781	-0.003	0.012	0.775	556.2
2782	-0.003	0.009	0.779	556.4
2783	-0.005	0.011	0.776	556.6
2784	-0.003	0.011	0.780	556.8
2785	-0.002	0.011	0.780	557.0
2786	-0.003	0.013	0.775	557.2
2787	-0.003	0.012	0.780	557.4
2788	-0.002	0.012	0.774	557.6
2789	-0.003	0.011	0.778	557.8
2790	-0.001	0.011	0.774	558.0
2791	-0.002	0.011	0.772	558.2
2792	-0.002	0.012	0.774	558.4
2793	-0.004	0.012	0.775	558.6
2794	-0.002	0.014	0.775	558.8
2795	-0.001	0.011	0.778	559.0
2796	-0.003	0.014	0.780	559.2
2797	-0.005	0.013	0.775	559.4
2798	-0.004	0.013	0.776	559.6
2799	-0.003	0.010	0.773	559.8
2800	-0.005	0.013	0.777	560.0
2801	-0.001	0.014	0.776	560.2
2802	-0.004	0.015	0.775	560.4
2803	-0.004	0.013	0.777	560.6
2804	-0.003	0.013	0.775	560.8
2805	-0.005	0.011	0.772	561.0
2806	-0.002	0.010	0.775	561.2
2807	-0.003	0.013	0.779	561.4
2808	-0.003	0.012	0.773	561.6
2809	-0.004	0.012	0.774	561.8
2810	-0.003	0.011	0.773	562.0
2811	-0.002	0.011	0.775	562.2
2812	-0.001	0.012	0.775	562.4
2813	-0.001	0.012	0.772	562.6
2814	0.000	0.012	0.776	562.8
2815	0.000	0.012	0.776	563.0
2816	-0.002	0.013	0.776	563.2
2817	0.001	0.013	0.775	563.4
2818	-0.002	0.012	0.777	563.6
2819	-0.001	0.013	0.775	563.8
2820	0.000	0.011	0.778	564.0
2821	0.001	0.010	0.778	564.2
2822	-0.001	0.011	0.778	564.4
2823	-0.001	0.013	0.774	564.6
2824	-0.002	0.011	0.776	564.8
2825	-0.002	0.011	0.777	565.0
2826	0.001	0.011	0.779	565.2
2827	-0.001	0.011	0.778	565.4
2828	-0.001	0.011	0.775	565.6
2829	-0.001	0.013	0.777	565.8
2830	-0.001	0.013	0.776	566.0
2831	-0.004	0.013	0.774	566.2
2832	-0.003	0.011	0.776	566.4
2833	-0.003	0.012	0.774	566.6
2834	-0.003	0.011	0.779	566.8
2835	-0.003	0.013	0.777	567.0
2836	-0.003	0.009	0.777	567.2
2837	-0.002	0.012	0.775	567.4
2838	0.000	0.011	0.777	567.6
2839	-0.002	0.012	0.774	567.8
2840	0.001	0.013	0.777	568.0
2841	-0.001	0.015	0.778	568.2
2842	-0.001	0.010	0.776	568.4
2843	0.001	0.012	0.779	568.6
2844	0.001	0.010	0.777	568.8
2845	0.000	0.011	0.773	569.0
2846	0.002	0.013	0.777	569.2
2847	0.002	0.013	0.777	569.4
2848	0.003	0.013	0.774	569.6
2849	0.002	0.011	0.774	569.8
2850	0.004	0.014	0.779	570.0
2851	0.001	0.013	0.777	570.2
2852	0.003	0.012	0.776	570.4
2853	0.002	0.011	0.774	570.6
2854	0.002	0.013	0.773	570.8
2855	0.002	0.015	0.772	571.0
2856	0.001	0.015	0.777	571.2
2857	0.001	0.011	0.774	571.4
2858	0.002	0.013	0.775	571.6
2859	-0.001	0.011	0.774	571.8
2860	-0.001	0.014	0.774	572.0
2861	0.001	0.014	0.774	572.2
2862	0.000	0.016	0.773	572.4
2863	-0.002	0.013	0.777	572.6
2864	0.000	0.015	0.779	572.8
2865	0.001	0.011	0.776	573.0
2866	-0.002	0.015	0.770	573.2
2867	0.000	0.013	0.774	573.4
2868	0.000	0.015	0.779	573.6
2869	0.000	0.011	0.778	573.8
2870	-0.002	0.012	0.778	574.0
2871	0.001	0.011	0.774	574.2
2872	0.000	0.015	0.776	574.4
2873	0.001	0.014	0.779	574.6
2874	-0.001	0.013	0.775	574.8
2875	-0.002	0.011	0.774	575.0
2876	-0.001	0.011	0.775	575.2
2877	0.001	0.013	0.777	575.4
2878	-0.001	0.013	0.775	575.6
2879	0.001	0.012	0.776	575.8
2880	0.002	0.011	0.775	576.0
2881	-0.001	0.014	0.775	576.2
2882	0.001	0.014	0.776	576.4
2883	0.000	0.013	0.777	576.6
2884	0.001	0.012	0.776	576.8
2885	0.002	0.014	0.779	577.0
2886	0.001	0.015	0.776	577.2
2887	0.001	0.015	0.778	577.4
2888	0.000	0.015	0.778	577.6
2889	-0.001	0.013	0.776	577.8
2890	0.000	0.010	0.777	578.0
2891	0.001	0.012	0.774	578.2
2892	0.000	0.011	0.780	578.4
2893	0.002	0.013	0.778	578.6
2894	0.002	0.013	0.776	578.8
2895	-0.001	0.013	0.776	579.0
2896	0.001	0.012	0.778	579.2
2897	0.003	0.011	0.778	579.4
2898	-0.001	0.012	0.777	579.6
2899	0.001	0.011	0.778	579.8
2900	0.004	0.010	0.776	580.0
2901	-0.002	0.011	0.776	580.2
2902	-0.002	0.013	0.777	580.4
2903	-0.001	0.015	0.779	580.6
2904	-0.001	0.015	0.776	580.8
2905	0.001	0.010	0.778	581.0
2906	-0.001	0.011	0.775	581.2
2907	-0.002	0.011	0.778	581.4
2908	-0.001	0.013	0.775	581.6
2909	-0.001	0.017	0.776	581.8
2910	0.002	0.015	0.774	582.0
2911	-0.002	0.015	0.774	582.2
2912	-0.001	0.011	0.775	582.4
2913	-0.001	0.013	0.776	582.6
2914	-0.002	0.012	0.777	582.8
2915	-0.001	0.014	0.772	583.0
2916	-0.002	0.011	0.781	583.2
2917	-0.003	0.010	0.780	583.4
2918	-0.003	0.013	0.775	583.6
2919	-0.001	0.015	0.778	583.8
2920	-0.003	0.015	0.776	584.0
2921	-0.003	0.013	0.776	584.2
2922	-0.003	0.012	0.778	584.4
2923	-0.003	0.011	0.776	584.6
2924	-0.002	0.016	0.776	584.8
2925	-0.001	0.013	0.773	585.0
2926	-0.002	0.011	0.778	585.2
2927	0.000	0.011	0.778	585.4
2928	-0.001	0.010	0.775	585.6
2929	-0.001	0.010	0.775	585.8
2930	-0.003	0.008	0.775	586.0
2931	-0.002	0.009	0.778	586.2
2932	-0.001	0.009	0.774	586.4
2933	-0.001	0.008	0.774	586.6
2934	-0.002	0.012	0.778	586.8
2935	-0.001	0.012	0.779	587.0
2936	-0.002	0.012	0.772	587.2
2937	-0.003	0.010	0.778	587.4
2938	-0.003	0.010	0.778	587.6
2939	0.001	0.012	0.778	587.8
2940	-0.003	0.012	0.776	588.0
2941	-0.003	0.013	0.772	588.2
2942	-0.001	0.011	0.777	588.4
2943	-0.004	0.011	0.777	588.6
2944	-0.001	0.009	0.775	588.8
2945	-0.003	0.012	0.777	589.0
2946	-0.003	0.012	0.776	589.2
2947	-0.002	0.011	0.774	589.4
2948	-0.004	0.008	0.772	589.6
2949	-0.004	0.009	0.778	589.8
2950	-0.002	0.008	0.776	590.0
2951	-0.001	0.010	0.773	590.2
2952	-0.003	0.012	0.775	590.4
2953	-0.003	0.011	0.772	590.6
2954	0.001	0.011	0.774	590.8
2955	-0.001	0.009	0.776	591.0
2956	-0.002	0.010	0.777	591.2
2957	-0.002	0.011	0.775	591.4
2958	-0.001	0.009	0.778	591.6
2959	-0.002	0.013	0.780	591.8
2960	-0.001	0.011	0.776	592.0
2961	-0.001	0.009	0.776	592.2
2962	0.000	0.009	0.774	592.4
2963	0.000	0.012	0.778	592.6
2964	0.001	0.009	0.774	592.8
2965	-0.001	0.012	0.777	593.0
2966	0.001	0.011	0.778	593.2
2967	0.002	0.013	0.776	593.4
2968	0.002	0.011	0.777	593.6
2969	-0.001	0.012	0.775	593.8
2970	0.000	0.011	0.773	594.0
2971	0.001	0.012	0.775	594.2
2972	0.002	0.009	0.778	594.4
2973	0.000	0.011	0.777	594.6
2974	-0.002	0.009	0.776	594.8
2975	0.002	0.010	0.774	595.0
2976	0.003	0.007	0.774	595.2
2977	0.001	0.011	0.776	595.4
2978	0.001	0.007	0.779	595.6
2979	0.002	0.011	0.777	595.8
2980	0.002	0.011	0.779	596.0
2981	-0.001	0.011	0.776	596.2
2982	0.000	0.011	0.778	596.4
2983	0.000	0.010	0.777	596.6
2984	0.001	0.009	0.780	596.8
2985	0.000	0.009	0.780	597.0
2986	0.002	0.010	0.777	597.2
2987	0.002	0.011	0.779	597.4
2988	-0.001	0.008	0.777	597.6
2989	0.000	0.011	0.776	597.8
2990	0.001	0.009	0.775	598.0
2991	0.001	0.012	0.778	598.2
2992	0.001	0.009	0.778	598.4
2993	-0.002	0.011	0.777	598.6
2994	-0.001	0.009	0.778	598.8
2995	-0.002	0.011	0.777	599.0
2996	-0.001	0.009	0.775	599.2
2997	-0.002	0.011	0.774	599.4
2998	-0.002	0.013	0.777	599.6
2999	-0.003	0.011	0.776	599.8
3000	-0.003	0.007	0.773	600.0
3001	-0.002	0.008	0.777	600.2
3002	-0.004	0.008	0.778	600.4
3003	-0.001	0.007	0.777	600.6
3004	0.003	0.010	0.779	600.8
3005	-0.001	0.007	0.778	601.0
3006	-0.001	0.009	0.781	601.2
3007	-0.001	0.010	0.778	601.4
3008	0.002	0.008	0.777	601.6
3009	0.000	0.010	0.777	601.8
3010	0.001	0.007	0.774	602.0
3011	0.002	0.008	0.783	602.2
3012	0.000	0.007	0.776	602.4
