0	-0.027825	-0.038539	-0.062530	-0.013379
1	-0.028332	-0.040668	-0.062633	-0.010367
2	-0.028840	-0.041069	-0.062736	-0.011719
3	-0.029347	-0.040108	-0.062840	-0.016615
4	-0.029855	-0.032509	-0.062943	-0.024148
5	-0.030362	-0.028093	-0.063047	-0.027680
6	-0.030870	-0.016675	-0.063150	-0.027214
7	-0.031377	-0.009714	-0.063253	-0.047020
8	-0.031885	0.010340	-0.063357	-0.034007
9	-0.032392	0.021210	-0.063460	-0.012813
10	-0.032900	0.014900	-0.063564	0.002291
11	-0.033407	0.012498	-0.063667	0.016667
12	-0.033915	0.013915	-0.063770	0.002770
13	-0.034423	0.021696	-0.063874	-0.003853
14	-0.034930	0.011475	-0.063977	0.000795
15	-0.035438	0.001165	-0.064081	0.006808
16	-0.035945	0.005036	-0.064184	-0.019634
17	-0.036453	-0.010911	-0.064287	-0.012440
18	-0.036960	-0.015131	-0.064391	0.006391
19	-0.037468	-0.023714	-0.064494	-0.022415
20	-0.037975	-0.027934	-0.064598	-0.004402
21	-0.038483	-0.011699	-0.064701	-0.025935
22	-0.038990	-0.001555	-0.064804	-0.060832
23	-0.039498	-0.008138	-0.064908	-0.063183
24	-0.040005	-0.014359	-0.065011	-0.067625
25	-0.040513	-0.005942	-0.065114	-0.076159
26	-0.041020	-0.009071	-0.065218	-0.070146
27	-0.041528	-0.010290	-0.065321	-0.041315
28	-0.042036	0.013854	-0.065425	-0.054030
29	-0.042543	0.001907	-0.065528	-0.065199
30	-0.043051	-0.009222	-0.065631	-0.050187
31	-0.043558	0.004740	-0.065735	-0.094356
32	-0.044066	-0.023116	-0.065838	-0.075344
33	-0.044573	-0.023972	-0.065942	-0.075967
34	-0.045081	-0.017374	-0.066045	-0.067228
35	-0.045588	-0.008957	-0.066148	-0.038397
36	-0.046096	-0.011540	-0.066252	-0.039384
37	-0.046603	-0.001397	-0.066355	-0.042190
38	-0.047111	-0.000434	-0.066459	-0.041177
39	-0.047618	-0.017564	-0.066562	-0.058893
40	-0.048126	-0.007783	-0.066665	-0.058426
41	-0.048634	-0.000275	-0.066769	-0.065413
42	-0.049141	-0.028859	-0.066872	-0.068128
43	-0.049649	-0.008442	-0.066976	-0.097115
44	-0.050156	-0.016299	-0.067079	-0.080648
45	-0.050664	0.002755	-0.067182	-0.076363
46	-0.051171	-0.003920	-0.067286	-0.102896
47	-0.051679	0.002952	-0.067389	-0.094793
48	-0.052186	-0.015359	-0.067493	-0.107689
49	-0.052694	-0.030488	-0.067596	-0.083677
50	-0.053201	-0.021981	-0.067699	-0.065756
51	-0.053709	-0.011655	-0.067803	-0.062015
52	-0.054216	-0.018148	-0.067906	-0.053367
53	-0.054724	0.000906	-0.068010	-0.041172
54	-0.055232	-0.016859	-0.068113	-0.008251
55	-0.055739	-0.030443	-0.068216	-0.011693
56	-0.056247	-0.062026	-0.068320	-0.018044
57	-0.056754	-0.055973	-0.068423	-0.007304
58	-0.057262	-0.058829	-0.068527	-0.017473
59	-0.057769	-0.037413	-0.068630	-0.005097
60	-0.058277	-0.037359	-0.068733	-0.036449
61	-0.058784	-0.047216	-0.068837	-0.023254
62	-0.059292	-0.052526	-0.068940	-0.022696
63	-0.059799	-0.056474	-0.069044	-0.042865
64	-0.060307	-0.073329	-0.069147	-0.044126
65	-0.060814	-0.066459	-0.069250	-0.065023
66	-0.061322	-0.053496	-0.069354	-0.045010
67	-0.061829	-0.022898	-0.069457	-0.030998
68	-0.062337	-0.021845	-0.069561	-0.020075
69	-0.062845	-0.011064	-0.069664	-0.004518
70	-0.063352	-0.006921	-0.069767	-0.014415
71	-0.063860	-0.009322	-0.069871	0.007235
72	-0.064367	-0.001724	-0.069974	-0.000935
73	-0.064875	-0.009034	-0.070078	-0.014922
74	-0.065382	-0.009163	-0.070181	0.007272
75	-0.065890	-0.007928	-0.070284	0.023648
76	-0.066397	-0.007694	-0.070388	0.045752
77	-0.066905	-0.014277	-0.070491	0.003855
78	-0.067412	-0.023043	-0.070595	-0.003587
79	-0.067920	-0.036716	-0.070698	-0.017757
80	-0.068427	-0.054573	-0.070801	-0.040926
81	-0.068935	-0.066156	-0.070905	-0.031640
82	-0.069443	-0.057466	-0.071008	-0.054356
83	-0.069950	-0.066141	-0.071112	-0.068070
84	-0.070458	-0.060997	-0.071215	-0.046240
85	-0.070965	-0.043762	-0.071318	-0.055591
86	-0.071473	-0.048800	-0.071422	-0.074396
87	-0.071980	-0.032384	-0.071525	-0.084930
88	-0.072488	-0.013421	-0.071629	-0.066644
89	-0.072995	-0.017641	-0.071732	-0.063450
90	-0.073503	-0.009588	-0.071835	-0.073892
91	-0.074010	0.018010	-0.071939	-0.038788
92	-0.074518	0.026700	-0.072042	-0.036049
93	-0.075025	0.017298	-0.072146	-0.003763
94	-0.075533	0.026078	-0.072249	-0.000024
95	-0.076040	0.032313	-0.072352	-0.019557
96	-0.076548	0.017639	-0.072456	-0.010544
97	-0.077056	0.028601	-0.072559	-0.010259
98	-0.077563	0.029018	-0.072663	0.003845
99	-0.078071	0.017071	-0.072766	-0.009507
100	-0.078578	0.016123	-0.072869	-0.021858
101	-0.079086	0.022359	-0.072973	-0.018300
102	-0.079593	-0.001952	-0.073076	-0.039288
103	-0.080101	-0.014444	-0.073180	-0.050729
104	-0.080608	0.017790	-0.073283	-0.084990
105	-0.081116	0.017934	-0.073386	-0.074069
106	-0.081623	0.016532	-0.073490	-0.047874
107	-0.082131	0.005404	-0.073593	-0.054407
108	-0.082638	0.008729	-0.073697	-0.044939
109	-0.083146	0.009873	-0.073800	-0.064018
110	-0.083654	0.003472	-0.073903	-0.012006
111	-0.084161	0.026070	-0.074007	-0.011084
112	-0.084669	0.004214	-0.074110	-0.008163
113	-0.085176	0.018267	-0.074214	0.022305
114	-0.085684	0.034502	-0.074317	0.046772
115	-0.086191	0.012464	-0.074420	0.078056
116	-0.086699	-0.000937	-0.074524	0.040706
117	-0.087206	-0.003067	-0.074627	0.034082
118	-0.087714	0.020987	-0.074731	0.040549
119	-0.088221	0.021221	-0.074834	0.041561
120	-0.088729	0.024002	-0.074937	0.044755
121	-0.089236	0.029509	-0.075041	0.009041
122	-0.089744	0.013562	-0.075144	0.020871
123	-0.090252	0.035979	-0.075248	0.027975
124	-0.090759	0.035304	-0.075351	-0.009104
125	-0.091267	0.015722	-0.075454	-0.026273
126	-0.091774	0.013865	-0.075558	-0.019806
127	-0.092282	0.017009	-0.075661	0.011116
128	-0.092789	0.026971	-0.075765	0.010947
129	-0.093297	0.023842	-0.075868	0.006413
130	-0.093804	0.032895	-0.075971	0.015426
131	-0.094312	0.026676	-0.076075	0.037257
132	-0.094819	0.022183	-0.076178	0.067542
133	-0.095327	0.016872	-0.076282	0.050009
134	-0.095834	0.003834	-0.076385	0.051112
135	-0.096342	0.000615	-0.076488	0.072033
136	-0.096849	0.015940	-0.076592	0.081592
137	-0.097357	0.017175	-0.076695	0.072513
138	-0.097865	0.017865	-0.076799	0.064799
139	-0.098372	0.006099	-0.076902	0.070811
140	-0.098880	-0.005575	-0.077005	0.071460
141	-0.099387	-0.015340	-0.077109	0.078654
142	-0.099895	-0.010560	-0.077212	0.063394
143	-0.100402	0.008766	-0.077316	0.068498
144	-0.100910	0.012910	-0.077419	0.074874
145	-0.101417	0.028326	-0.077522	0.088431
146	-0.101925	0.021925	-0.077626	0.084626
147	-0.102432	0.007705	-0.077729	0.073911
148	-0.102940	0.002849	-0.077833	0.054469
149	-0.103447	0.008720	-0.077936	0.071845
150	-0.103955	0.023955	-0.078039	0.074675
151	-0.104463	0.036099	-0.078143	0.071870
152	-0.104970	0.048515	-0.078246	0.060973
153	-0.105478	0.067478	-0.078350	0.052895
154	-0.105985	0.039803	-0.078453	0.057453
155	-0.106493	0.038948	-0.078556	0.042101
156	-0.107000	0.035545	-0.078660	0.011751
157	-0.107508	0.035781	-0.078763	0.001399
158	-0.108015	0.044197	-0.078867	-0.004769
159	-0.108523	0.065978	-0.078970	0.017879
160	-0.109030	0.055485	-0.079073	-0.007836
161	-0.109538	0.035629	-0.079177	-0.018005
162	-0.110045	0.021863	-0.079280	-0.009265
163	-0.110553	0.014280	-0.079384	-0.026434
164	-0.111060	-0.016122	-0.079487	-0.024331
165	-0.111568	0.009750	-0.079590	-0.034046
166	-0.112076	0.009803	-0.079694	-0.012761
167	-0.112583	0.002856	-0.079797	0.015161
168	-0.113091	0.009273	-0.079901	0.030356
169	-0.113598	-0.017584	-0.080004	-0.003087
170	-0.114106	-0.047439	-0.080107	0.014380
171	-0.114613	-0.000296	-0.080211	0.152120
172	-0.115121	0.033485	-0.080314	0.044678
173	-0.115628	0.100537	-0.080418	-0.029309
174	-0.116136	0.115409	-0.080521	-0.045570
175	-0.116643	0.117370	-0.080624	-0.152285
176	-0.117151	0.122878	-0.080728	-0.253090
177	-0.117658	0.154749	-0.080831	-0.406714
178	-0.118166	0.211711	-0.080935	-0.244974
179	-0.118674	0.246401	-0.081038	-0.341598
180	-0.119181	0.395181	-0.081141	-0.316041
181	-0.119689	0.568144	-0.081245	-0.144028
182	-0.120196	0.624105	-0.081348	-0.220197
183	-0.120704	0.681704	-0.081452	-0.128730
184	-0.121211	0.632029	-0.081555	-0.118627
185	-0.121719	0.690901	-0.081658	-0.252524
186	-0.122226	0.645681	-0.081762	-0.081420
187	-0.122734	0.725461	-0.081865	-0.069590
188	-0.123241	0.783150	-0.081969	0.149060
189	-0.123749	0.768749	-0.082072	0.054163
190	-0.124256	0.781256	-0.082175	0.096993
191	-0.124764	0.777037	-0.082279	0.076370
192	-0.125272	0.644999	-0.082382	-0.090982
193	-0.125779	0.660597	-0.082486	-0.166332
194	-0.126287	0.665560	-0.082589	0.017680
195	-0.126794	0.787249	-0.082692	0.079328
196	-0.127302	0.775575	-0.082796	0.177978
197	-0.127809	0.868900	-0.082899	0.164172
198	-0.128317	0.871681	-0.083002	0.215547
199	-0.128824	0.816642	-0.083106	0.054106
200	-0.129332	0.858968	-0.083209	-0.141155
201	-0.129839	0.906384	-0.083313	-0.104232
202	-0.130347	0.919074	-0.083416	-0.036584
203	-0.130854	0.984399	-0.083519	-0.108299
204	-0.131362	0.993271	-0.083623	-0.082650
205	-0.131869	1.053142	-0.083726	-0.233274
206	-0.132377	0.980650	-0.083830	-0.241352
207	-0.132885	0.967158	-0.083933	-0.235612
208	-0.133392	1.080392	-0.084036	-0.230782
209	-0.133900	1.093355	-0.084140	-0.205587
210	-0.134407	1.125771	-0.084243	-0.213212
211	-0.134915	1.148460	-0.084347	-0.126653
212	-0.135422	1.171695	-0.084450	-0.201277
213	-0.135930	1.117112	-0.084553	-0.255811
214	-0.136437	1.153255	-0.084657	-0.196161
215	-0.136945	1.152945	-0.084760	-0.139604
216	-0.137452	1.133270	-0.084864	-0.225227
217	-0.137960	1.150415	-0.084967	-0.245942
218	-0.138467	1.112194	-0.085070	-0.351294
219	-0.138975	1.061611	-0.085174	-0.459826
220	-0.139483	1.102392	-0.085277	-0.387723
221	-0.139990	1.074445	-0.085381	-0.363983
222	-0.140498	1.135589	-0.085484	-0.364698
223	-0.141005	1.121914	-0.085587	-0.285140
224	-0.141513	1.157240	-0.085691	-0.296945
225	-0.142020	1.174838	-0.085794	-0.179933
226	-0.142528	1.170073	-0.085898	-0.251193
227	-0.143035	1.086399	-0.086001	-0.226999
228	-0.143543	1.138179	-0.086104	0.227104
229	-0.144050	1.112414	-0.086208	0.210663
230	-0.144558	1.029831	-0.086311	0.186675
231	-0.145065	1.016792	-0.086415	0.098233
232	-0.145573	1.096391	-0.086518	0.239882
233	-0.146080	1.064353	-0.086621	0.170348
234	-0.146588	1.032588	-0.086725	0.109089
235	-0.147096	0.975278	-0.086828	0.102283
236	-0.147603	0.877694	-0.086932	-0.073795
237	-0.148111	0.897747	-0.087035	-0.114420
238	-0.148618	0.920073	-0.087138	-0.124589
239	-0.149126	0.907671	-0.087242	-0.518940
240	-0.149633	0.952542	-0.087345	-0.271564
241	-0.150141	1.027868	-0.087449	-0.000733
242	-0.150648	0.960193	-0.087552	0.107552
243	-0.151156	1.024065	-0.087655	0.026200
244	-0.151663	0.990118	-0.087759	0.080304
245	-0.152171	0.999989	-0.087862	0.026407
246	-0.152678	1.060223	-0.087966	-0.030307
247	-0.153186	1.086550	-0.088069	-0.175840
248	-0.153694	0.998876	-0.088172	-0.313919
249	-0.154201	1.048656	-0.088276	-0.131633
250	-0.154709	1.005891	-0.088379	-0.123076
251	-0.155216	1.171398	-0.088483	-0.146608
252	-0.155724	1.163633	-0.088586	-0.329232
253	-0.156231	1.256686	-0.088689	-0.444220
254	-0.156739	1.107103	-0.088793	-0.500662
255	-0.157246	1.112701	-0.088896	-0.586559
256	-0.157754	1.098936	-0.089000	-0.692091
257	-0.158261	1.142170	-0.089103	-0.606715
258	-0.158769	1.222951	-0.089206	-0.321158
259	-0.159276	1.265003	-0.089310	0.115219
260	-0.159784	1.177329	-0.089413	-0.151496
261	-0.160292	1.217201	-0.089517	-0.112938
262	-0.160799	1.192526	-0.089620	-0.109925
263	-0.161307	1.137489	-0.089723	-0.260186
264	-0.161814	1.119541	-0.089827	0.027827
265	-0.162322	1.273595	-0.089930	0.109839
266	-0.162829	1.247102	-0.090034	0.147307
267	-0.163337	1.299701	-0.090137	0.238046
268	-0.163844	1.263935	-0.090240	0.111695
269	-0.164352	1.166170	-0.090344	-0.016201
270	-0.164859	1.242677	-0.090447	-0.397917
271	-0.165367	1.309912	-0.090551	-0.189085
272	-0.165874	1.305419	-0.090654	-0.116619
273	-0.166382	1.162837	-0.090757	-0.142425
274	-0.166889	1.254525	-0.090861	-0.030866
275	-0.167397	1.208942	-0.090964	-0.378218
276	-0.167905	1.037541	-0.091068	-0.319477
277	-0.168412	1.005957	-0.091171	-0.255284
278	-0.168920	0.972920	-0.091274	-0.218817
279	-0.169427	0.930882	-0.091378	-0.086349
280	-0.169935	0.994662	-0.091481	-0.081792
281	-0.170442	0.888987	-0.091585	-0.003415
282	-0.170950	1.021132	-0.091688	-0.103585
283	-0.171457	0.992548	-0.091791	-0.345754
284	-0.171965	1.014238	-0.091895	-0.580469
285	-0.172472	0.977836	-0.091998	-0.620457
286	-0.172980	1.009162	-0.092102	-0.570898
287	-0.173487	1.045487	-0.092205	-0.881704
288	-0.173995	1.111359	-0.092308	-0.636783
289	-0.174503	1.133503	-0.092412	-0.717133
290	-0.175010	1.194555	-0.092515	-0.683212
291	-0.175518	1.125791	-0.092619	-0.791745
292	-0.176025	1.108752	-0.092722	-0.925823
293	-0.176533	0.924078	-0.092825	-0.913357
294	-0.177040	0.956404	-0.092929	-0.818162
295	-0.177548	1.053912	-0.093032	-0.550332
296	-0.178055	1.079419	-0.093136	-0.428319
297	-0.178563	0.993472	-0.093239	-0.524397
298	-0.179070	1.033434	-0.093342	-0.324022
299	-0.179578	0.936123	-0.093446	-0.733372
300	-0.180085	0.952267	-0.093549	-0.599360
301	-0.180593	0.800684	-0.093653	-0.889256
302	-0.181100	0.816100	-0.093756	-0.899971
303	-0.181608	0.941790	-0.093859	-0.714596
304	-0.182116	0.998025	-0.093963	-0.591764
305	-0.182623	0.959078	-0.094066	-0.794025
306	-0.183131	0.909676	-0.094170	-0.991921
307	-0.183638	0.936093	-0.094273	-1.021545
308	-0.184146	0.936782	-0.094376	-0.747715
309	-0.184653	1.037198	-0.094480	-0.720520
310	-0.185161	1.142979	-0.094583	-0.579962
311	-0.185668	1.079577	-0.094687	-0.475949
312	-0.186176	1.204903	-0.094790	-0.239665
313	-0.186683	1.304138	-0.094893	0.054802
314	-0.187191	1.283918	-0.094997	0.016542
315	-0.187698	1.228880	-0.095100	-0.347809
316	-0.188206	1.123842	-0.095204	-0.207160
317	-0.188714	1.078259	-0.095307	-0.173420
318	-0.189221	1.067221	-0.095410	-0.392681
319	-0.189729	1.214274	-0.095514	-0.425850
320	-0.190236	1.124418	-0.095617	-0.401747
321	-0.190744	0.993380	-0.095721	-0.404461
322	-0.191251	0.988706	-0.095824	-0.573631
323	-0.191759	0.917941	-0.095927	-0.584709
324	-0.192266	0.822266	-0.096031	-0.861242
325	-0.192774	0.772501	-0.096134	-0.953775
326	-0.193281	0.845008	-0.096238	-0.629126
327	-0.193789	0.999153	-0.096341	-0.493114
328	-0.194296	1.052932	-0.096444	-0.378101
329	-0.194804	1.057713	-0.096548	-0.234907
330	-0.195312	1.007221	-0.096651	-0.433167
331	-0.195819	1.028546	-0.096755	-0.374881
332	-0.196327	1.137691	-0.096858	-0.124687
333	-0.196834	1.194925	-0.096961	-0.123857
334	-0.197342	1.292797	-0.097065	-0.040935
335	-0.197849	1.376122	-0.097168	0.028804
336	-0.198357	1.349993	-0.097272	0.194272
337	-0.198864	1.331682	-0.097375	-0.084443
338	-0.199372	1.331190	-0.097478	-0.182431
339	-0.199879	1.366152	-0.097582	-0.258145
340	-0.200387	1.326205	-0.097685	-0.017315
341	-0.200894	1.256894	-0.097789	-0.055302
342	-0.201402	1.280947	-0.097892	-0.102563
343	-0.201909	1.251545	-0.097995	-0.288096
344	-0.202417	1.192326	-0.098099	-0.266356
345	-0.202925	1.256652	-0.098202	-0.388071
346	-0.203432	1.155705	-0.098306	-0.506967
347	-0.203940	1.316849	-0.098409	-0.306409
348	-0.204447	1.356265	-0.098512	-0.213033
349	-0.204955	1.365046	-0.098616	-0.088657
350	-0.205462	1.316917	-0.098719	0.006537
351	-0.205970	1.305697	-0.098823	-0.188541
352	-0.206477	1.349386	-0.098926	-0.066256
353	-0.206985	1.405349	-0.099029	-0.203789
354	-0.207492	1.397583	-0.099133	-0.120412
355	-0.208000	1.464818	-0.099236	-0.001491
356	-0.208507	1.418325	-0.099340	0.062795
357	-0.209015	1.529924	-0.099443	0.330534
358	-0.209523	1.385614	-0.099546	0.058182
359	-0.210030	1.359848	-0.099650	0.335468
360	-0.210538	1.278811	-0.099753	0.128753
361	-0.211045	1.342863	-0.099857	0.366675
362	-0.211553	1.314462	-0.099960	0.176051
363	-0.212060	1.271787	-0.100063	0.143063
364	-0.212568	1.159295	-0.100167	0.179167
365	-0.213075	1.235984	-0.100270	0.053906
366	-0.213583	1.201765	-0.100374	-0.058353
367	-0.214090	1.169090	-0.100477	-0.109887
368	-0.214598	1.120780	-0.100580	-0.154693
369	-0.215105	1.094378	-0.100684	-0.073771
370	-0.215613	1.129704	-0.100787	-0.181304
371	-0.216120	1.235756	-0.100891	-0.022836
372	-0.216628	1.171537	-0.100994	-0.352188
373	-0.217136	1.239409	-0.101097	-0.166630
374	-0.217643	1.277916	-0.101201	-0.138163
375	-0.218151	1.365242	-0.101304	0.015304
376	-0.218658	1.321203	-0.101407	0.068952
377	-0.219166	1.295439	-0.101511	0.137420
378	-0.219673	1.297400	-0.101614	0.158159
379	-0.220181	1.347272	-0.101718	-0.095191
380	-0.220688	1.356143	-0.101821	-0.110270
381	-0.221196	1.410378	-0.101924	-0.161258
382	-0.221703	1.406339	-0.102028	-0.206427
383	-0.222211	1.482393	-0.102131	0.090495
384	-0.222718	1.449718	-0.102235	0.056962
385	-0.223226	1.426317	-0.102338	-0.015753
386	-0.223734	1.384098	-0.102441	-0.007741
387	-0.224241	1.382241	-0.102545	0.092818
388	-0.224749	1.436385	-0.102648	0.079466
389	-0.225256	1.430529	-0.102752	-0.042884
390	-0.225764	1.371946	-0.102855	0.055128
391	-0.226271	1.407998	-0.102958	-0.032224
392	-0.226779	1.271688	-0.103062	-0.097483
393	-0.227286	1.227104	-0.103165	-0.208926
394	-0.227794	1.233339	-0.103269	-0.502458
395	-0.228301	1.241483	-0.103372	-0.412173
396	-0.228809	1.241354	-0.103475	-0.327616
397	-0.229316	1.205861	-0.103579	-0.376148
398	-0.229824	1.182824	-0.103682	-0.633773
399	-0.230332	1.229787	-0.103786	-0.610214
400	-0.230839	1.253112	-0.103889	-0.523838
401	-0.231347	1.278256	-0.103992	-0.364099
402	-0.231854	1.228763	-0.104096	-0.310904
403	-0.232362	1.317180	-0.104199	-0.165892
404	-0.232869	1.365051	-0.104303	-0.075879
405	-0.233377	1.295650	-0.104406	-0.031412
406	-0.233884	1.344339	-0.104509	-0.092491
407	-0.234392	1.286301	-0.104613	-0.195387
408	-0.234899	1.401263	-0.104716	-0.039011
409	-0.235407	1.406589	-0.104820	-0.012453
410	-0.235914	1.340823	-0.104923	0.028378
411	-0.236422	1.221058	-0.105026	0.085481
412	-0.236929	1.196474	-0.105130	-0.121143
413	-0.237437	1.246619	-0.105233	-0.040312
414	-0.237945	1.168036	-0.105337	-0.103118
415	-0.238452	1.091179	-0.105440	-0.075469
416	-0.238960	1.150415	-0.105543	-0.110366
417	-0.239467	1.070558	-0.105647	0.007647
418	-0.239975	1.149520	-0.105750	0.236750
419	-0.240482	1.033846	-0.105854	-0.077873
420	-0.240990	1.032172	-0.105957	0.060321
421	-0.241497	1.127770	-0.106060	-0.155395
422	-0.242005	1.169005	-0.106164	-0.193836
423	-0.242512	1.195785	-0.106267	-0.034369
424	-0.243020	1.153929	-0.106371	-0.095447
425	-0.243527	1.199072	-0.106474	0.040474
426	-0.244035	1.230399	-0.106577	-0.127605
427	-0.244543	1.129543	-0.106681	0.035045
428	-0.245050	1.101505	-0.106784	-0.033489
429	-0.245558	1.108558	-0.106888	-0.280112
430	-0.246065	1.147610	-0.106991	-0.088009
431	-0.246573	1.149846	-0.107094	-0.126633
432	-0.247080	1.027625	-0.107198	0.101834
433	-0.247588	1.106588	-0.107301	0.063483
434	-0.248095	1.151731	-0.107405	0.055041
435	-0.248603	1.136148	-0.107508	-0.038310
436	-0.249110	1.054019	-0.107611	-0.368480
437	-0.249618	1.059891	-0.107715	0.050442
438	-0.250125	1.019216	-0.107818	-0.207091
439	-0.250633	1.048451	-0.107922	-0.217078
440	-0.251141	1.068959	-0.108025	-0.329066
441	-0.251648	1.004557	-0.108128	-0.432690
442	-0.252156	1.119883	-0.108232	-0.299223
443	-0.252663	1.152936	-0.108335	-0.368756
444	-0.253171	1.124080	-0.108439	-0.328652
445	-0.253678	0.993314	-0.108542	-0.507094
446	-0.254186	0.997095	-0.108645	-0.522264
447	-0.254693	1.085238	-0.108749	-0.336342
448	-0.255201	1.163837	-0.108852	-0.672875
449	-0.255708	1.263253	-0.108956	-0.494408
450	-0.256216	1.263489	-0.109059	-0.520668
451	-0.256723	1.251450	-0.109162	-0.332111
452	-0.257231	1.309140	-0.109266	-0.353461
453	-0.257738	1.261011	-0.109369	-0.433449
454	-0.258246	1.304882	-0.109473	-0.209163
455	-0.258754	1.261209	-0.109576	-0.201060
456	-0.259261	1.351625	-0.109679	-0.015321
457	-0.259769	1.371496	-0.109783	0.217874
458	-0.260276	1.314912	-0.109886	0.150431
459	-0.260784	1.163966	-0.109990	0.289354
460	-0.261291	1.127382	-0.110093	0.095366
461	-0.261799	1.069890	-0.110196	-0.086077
462	-0.262306	0.985124	-0.110300	-0.229155
463	-0.262814	0.992723	-0.110403	-0.203233
464	-0.263321	0.988503	-0.110507	-0.205220
465	-0.263829	0.913011	-0.110610	-0.518845
466	-0.264336	0.940972	-0.110713	-0.367469
467	-0.264844	0.867117	-0.110817	-0.500001
468	-0.265352	0.897807	-0.110920	-0.691171
469	-0.265859	0.979677	-0.111024	-0.553703
470	-0.266367	0.994458	-0.111127	-0.613328
471	-0.266874	1.047692	-0.111230	-0.366679
472	-0.267382	1.090564	-0.111334	-0.250030
473	-0.267889	1.190253	-0.111437	-0.018472
474	-0.268397	1.124579	-0.111541	-0.200095
475	-0.268904	1.116813	-0.111644	-0.295447
476	-0.269412	1.075867	-0.111747	-0.323162
477	-0.269919	1.105737	-0.111851	-0.377149
478	-0.270427	1.113154	-0.111954	-0.253591
479	-0.270934	1.126843	-0.112058	-0.083578
480	-0.271442	1.061806	-0.112161	-0.208839
481	-0.271949	1.071404	-0.112264	0.040082
482	-0.272457	0.909639	-0.112368	-0.131541
483	-0.272965	0.990692	-0.112471	0.012289
484	-0.273472	0.970381	-0.112575	0.103302
485	-0.273980	0.956889	-0.112678	0.155860
486	-0.274487	0.965032	-0.112781	0.219326
487	-0.274995	1.114450	-0.112885	0.435249
488	-0.275502	1.156957	-0.112988	0.497533
489	-0.276010	1.218646	-0.113092	0.498819
490	-0.276517	1.227881	-0.113195	0.561740
491	-0.277025	1.240661	-0.113298	0.582662
492	-0.277532	1.331805	-0.113402	0.234402
493	-0.278040	1.499585	-0.113505	0.382960
494	-0.278547	1.456911	-0.113609	0.227791
495	-0.279055	1.455419	-0.113712	0.002985
496	-0.279563	1.554108	-0.113815	0.221724
497	-0.280070	1.503525	-0.113919	0.167374
498	-0.280578	1.438214	-0.114022	0.006113
499	-0.281085	1.384358	-0.114126	-0.156783
500	-0.281593	1.378866	-0.114229	-0.088953
501	-0.282100	1.301827	-0.114332	-0.142032
502	-0.282608	1.297153	-0.114436	-0.182564
503	-0.283115	1.263751	-0.114539	-0.327461
504	-0.283623	1.243805	-0.114643	-0.461902
505	-0.284130	1.270948	-0.114746	-0.370527
506	-0.284638	1.208093	-0.114849	-0.143969
507	-0.285145	1.092236	-0.114953	-0.162411
508	-0.285653	1.120926	-0.115056	-0.141580
509	-0.286161	1.061343	-0.115160	0.056069
510	-0.286668	1.058668	-0.115263	0.072627
511	-0.287176	1.038267	-0.115366	-0.013179
512	-0.287683	1.116956	-0.115470	-0.153348
513	-0.288191	1.151736	-0.115573	-0.113336
514	-0.288698	1.138880	-0.115677	-0.044141
515	-0.289206	1.115570	-0.115780	0.056416
516	-0.289713	1.072895	-0.115883	-0.269844
517	-0.290221	1.087221	-0.115987	-0.397558
518	-0.290728	1.070910	-0.116090	-0.349910
519	-0.291236	1.059236	-0.116194	-0.440533
520	-0.291743	1.130470	-0.116297	-0.500612
521	-0.292251	1.082524	-0.116400	-0.622327
522	-0.292758	1.119031	-0.116504	-0.751132
523	-0.293266	1.043084	-0.116607	-0.513120
524	-0.293774	1.125138	-0.116711	-0.543380
525	-0.294281	1.071554	-0.116814	-0.264459
526	-0.294789	1.098153	-0.116917	-0.332356
527	-0.295296	1.135478	-0.117021	0.009748
528	-0.295804	1.154168	-0.117124	-0.139421
529	-0.296311	1.189856	-0.117228	-0.126954
530	-0.296819	1.175001	-0.117331	-0.219669
531	-0.297326	1.131053	-0.117434	-0.169839
532	-0.297834	1.207561	-0.117538	-0.000280
533	-0.298341	1.133886	-0.117641	0.076732
534	-0.298849	1.133394	-0.117745	-0.220255
535	-0.299356	1.077538	-0.117848	-0.113879
536	-0.299864	1.143591	-0.117951	-0.294413
537	-0.300372	1.160099	-0.118055	-0.108490
538	-0.300879	1.108697	-0.118158	-0.128569
539	-0.301387	1.109660	-0.118262	0.002717
540	-0.301894	1.129530	-0.118365	-0.198090
541	-0.302402	1.162311	-0.118468	-0.037168
542	-0.302909	1.243636	-0.118572	0.012754
543	-0.303417	1.213326	-0.118675	0.210584
544	-0.303924	1.238469	-0.118779	0.299324
545	-0.304432	1.293432	-0.118882	0.328700
546	-0.304939	1.189484	-0.118985	0.259712
547	-0.305447	1.208720	-0.119089	0.323907
548	-0.305954	1.184227	-0.119192	-0.038172
549	-0.306462	1.224462	-0.119295	-0.079705
550	-0.306969	1.296696	-0.119399	-0.126965
551	-0.307477	1.358750	-0.119502	-0.076316
552	-0.307985	1.353621	-0.119606	-0.100849
553	-0.308492	1.251674	-0.119709	-0.264382
554	-0.309000	1.234182	-0.119812	-0.407006
555	-0.309507	1.282416	-0.119916	-0.487357
556	-0.310015	1.326470	-0.120019	-0.328254
557	-0.310522	1.435795	-0.120123	-0.025059
558	-0.311030	1.399666	-0.120226	-0.014774
559	-0.311537	1.362355	-0.120329	0.216420
560	-0.312045	1.309136	-0.120433	0.278978
561	-0.312552	1.243461	-0.120536	0.278354
562	-0.313060	1.217242	-0.120640	0.262367
563	-0.313567	1.297476	-0.120743	0.285288
564	-0.314075	1.293530	-0.120846	0.152028
565	-0.314583	1.301038	-0.120950	0.040859
566	-0.315090	1.200454	-0.121053	-0.139765
567	-0.315598	1.187143	-0.121157	-0.114116
568	-0.316105	1.127560	-0.121260	-0.410195
569	-0.316613	1.122704	-0.121363	-0.575455
570	-0.317120	1.173938	-0.121467	-0.626988
571	-0.317628	1.212901	-0.121570	-0.444339
572	-0.318135	1.324953	-0.121674	-0.443871
573	-0.318643	1.282370	-0.121777	-0.463223
574	-0.319150	1.122332	-0.121880	-0.460756
575	-0.319658	1.145385	-0.121984	-0.437380
576	-0.320165	1.142529	-0.122087	-0.418731
577	-0.320673	1.184582	-0.122191	-0.171354
578	-0.321181	1.174363	-0.122294	-0.448433
579	-0.321688	1.158506	-0.122397	-0.436421
580	-0.322196	1.196014	-0.122501	-0.345681
581	-0.322703	1.119248	-0.122604	-0.524760
582	-0.323211	1.089847	-0.122708	-0.695837
583	-0.323718	1.013354	-0.122811	-0.715916
584	-0.324226	1.098135	-0.122914	-0.493631
585	-0.324733	1.122006	-0.123018	-0.358164
586	-0.325241	1.135423	-0.123121	-0.177061
587	-0.325748	1.076748	-0.123225	-0.246957
588	-0.326256	1.052256	-0.123328	-0.318036
589	-0.326763	1.015127	-0.123431	-0.084387
590	-0.327271	1.013907	-0.123535	-0.083738
591	-0.327778	0.854142	-0.123638	-0.137907
592	-0.328286	0.829377	-0.123742	0.078924
593	-0.328794	0.752976	-0.123845	-0.137337
594	-0.329301	0.618665	-0.123948	-0.005688
595	-0.329809	0.424173	-0.124052	-0.201039
596	-0.330316	0.411316	-0.124155	-0.128300
597	-0.330824	0.331642	-0.124259	-0.167105
598	-0.331331	0.263513	-0.124362	-0.036729
599	-0.331839	0.191839	-0.124465	0.023101
600	-0.332346	0.098346	-0.124569	-0.059795
601	-0.332854	-0.004510	-0.124672	-0.049146
602	-0.333361	-0.004003	-0.124776	0.064140
603	-0.333869	-0.036949	-0.124879	0.074152
604	-0.334376	-0.040715	-0.124982	0.238982
605	-0.334884	-0.058843	-0.125086	0.195722
606	-0.335392	-0.042244	-0.125189	0.242462
607	-0.335899	-0.115556	-0.125293	0.072202
608	-0.336407	-0.145411	-0.125396	0.053305
609	-0.336914	-0.109813	-0.125499	0.024317
610	-0.337422	-0.099033	-0.125603	0.002512
611	-0.337929	-0.085344	-0.125706	0.009979
612	-0.338437	-0.068381	-0.125810	-0.012190
613	-0.338944	-0.044420	-0.125913	0.001731
614	-0.339452	-0.063912	-0.126016	-0.013893
615	-0.339959	-0.059677	-0.126120	0.026029
616	-0.340467	-0.026624	-0.126223	-0.015686
617	-0.340974	-0.003935	-0.126327	0.002691
618	-0.341482	0.010755	-0.126430	0.004612
619	-0.341989	0.029989	-0.126533	-0.000922
620	-0.342497	0.009861	-0.126637	0.010273
621	-0.343005	0.007369	-0.126740	0.017740
622	-0.343512	0.006148	-0.126844	0.012844
623	-0.344020	0.016929	-0.126947	0.018402
624	-0.344527	0.019800	-0.127050	-0.002950
625	-0.345035	0.037762	-0.127154	-0.001755
626	-0.345542	0.046997	-0.127257	-0.036198
627	-0.346050	0.025050	-0.127361	-0.062548
628	-0.346557	0.018375	-0.127464	-0.057445
629	-0.347065	0.029065	-0.127567	-0.066160
630	-0.347572	0.016663	-0.127671	-0.073056
631	-0.348080	0.017353	-0.127774	-0.090499
632	-0.348587	0.023587	-0.127878	-0.071849
633	-0.349095	0.014095	-0.127981	-0.072383
634	-0.349603	0.004148	-0.128084	-0.061916
635	-0.350110	0.002565	-0.128188	-0.040903
636	-0.350618	0.002345	-0.128291	-0.052800
637	-0.351125	-0.016784	-0.128395	-0.035060
638	-0.351633	0.007815	-0.128498	0.005225
639	-0.352140	0.010140	-0.128601	0.005146
640	-0.352648	0.011739	-0.128705	0.010887
641	-0.353155	0.017882	-0.128808	0.007626
642	-0.353663	0.028754	-0.128912	0.003003
643	-0.354170	0.027625	-0.129015	0.002197
644	-0.354678	0.028496	-0.129118	0.006391
645	-0.355185	0.026549	-0.129222	-0.002778
646	-0.355693	0.021420	-0.129325	-0.013130
647	-0.356201	0.019656	-0.129429	-0.005480
648	-0.356708	0.042435	-0.129532	-0.028104
649	-0.357216	0.032671	-0.129635	-0.027729
650	-0.357723	0.028359	-0.129739	-0.036170
651	-0.358231	0.024776	-0.129842	-0.026158
652	-0.358738	0.026738	-0.129946	-0.022418
653	-0.359246	0.026519	-0.130049	-0.017951
654	-0.359753	0.028298	-0.130152	-0.025484
655	-0.360261	0.031079	-0.130256	-0.027744
656	-0.360768	0.030586	-0.130359	-0.024186
657	-0.361276	0.030731	-0.130463	-0.022537
658	-0.361783	0.032874	-0.130566	-0.016979
659	-0.362291	0.033200	-0.130669	0.001851
660	-0.362798	0.031707	-0.130773	-0.002682
661	-0.363306	0.032670	-0.130876	0.002512
662	-0.363814	0.030814	-0.130980	0.006616
663	-0.364321	0.026321	-0.131083	0.008356
664	-0.364829	0.025647	-0.131186	0.008913
665	-0.365336	0.024154	-0.131290	0.012563
666	-0.365844	0.022026	-0.131393	0.016666
667	-0.366351	0.022715	-0.131497	0.013497
668	-0.366859	0.023041	-0.131600	0.012964
669	-0.367366	0.018457	-0.131703	0.010339
670	-0.367874	0.015965	-0.131807	-0.003375
671	-0.368381	0.016199	-0.131910	0.004455
672	-0.368889	0.013434	-0.132014	0.005378
673	-0.369396	0.014396	-0.132117	0.002390
674	-0.369904	0.016540	-0.132220	0.003675
675	-0.370412	0.018139	-0.132324	0.005233
676	-0.370919	0.015919	-0.132427	0.002427
677	-0.371427	0.015972	-0.132531	-0.005560
678	-0.371934	0.014389	-0.132634	-0.000457
