0	-0.027938	-0.031244	-0.171737	0.074646
1	-0.028419	-0.031126	-0.171719	0.070628
2	-0.028899	-0.030283	-0.171702	0.071066
3	-0.029379	-0.033166	-0.171685	0.077867
4	-0.029860	-0.016958	-0.171667	0.082576
5	-0.030340	-0.019933	-0.171650	0.102832
6	-0.030821	-0.027452	-0.171632	0.114632
7	-0.031301	-0.038699	-0.171615	0.128160
8	-0.031782	-0.028854	-0.171598	0.128325
9	-0.032262	-0.024738	-0.171580	0.133125
10	-0.032743	-0.022530	-0.171563	0.143108
11	-0.033223	-0.022504	-0.171545	0.157818
12	-0.033703	-0.011479	-0.171528	0.145801
13	-0.034184	-0.021271	-0.171511	0.148966
14	-0.034664	-0.025518	-0.171493	0.138129
15	-0.035145	-0.046673	-0.171476	0.131112
16	-0.035625	-0.052920	-0.171458	0.106640
17	-0.036106	-0.060803	-0.171441	0.111168
18	-0.036586	-0.034141	-0.171424	0.073969
19	-0.037066	-0.048207	-0.171406	0.062315
20	-0.037547	-0.057635	-0.171389	0.041025
21	-0.038027	-0.062882	-0.171371	0.031007
22	-0.038508	-0.063401	-0.171354	0.022809
23	-0.038988	-0.087739	-0.171337	0.039064
24	-0.039469	-0.062531	-0.171319	0.031046
25	-0.039949	-0.044960	-0.171302	0.037666
26	-0.040430	-0.045206	-0.171284	0.028102
27	-0.040910	-0.020999	-0.171267	0.026358
28	-0.041390	-0.024337	-0.171250	0.028432
29	-0.041871	-0.049584	-0.171232	0.001414
30	-0.042351	-0.044194	-0.171215	-0.001603
31	-0.042832	-0.029804	-0.171197	0.017288
32	-0.043312	-0.020415	-0.171180	0.005544
33	-0.043793	-0.014752	-0.171163	0.013072
34	-0.044273	-0.004727	-0.171145	0.008418
35	-0.044753	-0.007792	-0.171128	0.005855
36	-0.045234	-0.025493	-0.171110	-0.002799
37	-0.045714	-0.016468	-0.171093	-0.025725
38	-0.046195	-0.038078	-0.171076	-0.032106
39	-0.046675	-0.018052	-0.171058	-0.046487
40	-0.047156	-0.005026	-0.171041	0.005768
41	-0.047636	0.002818	-0.171023	0.014023
42	-0.048117	-0.007156	-0.171006	-0.001176
43	-0.048597	-0.004130	-0.170989	0.019625
44	-0.049077	-0.008014	-0.170971	0.005971
45	-0.049558	-0.024169	-0.170954	0.015590
46	-0.050038	-0.026962	-0.170936	0.015663
47	-0.050519	-0.018390	-0.170919	0.010010
48	-0.050999	-0.018001	-0.170902	0.020175
49	-0.051480	0.002480	-0.170884	0.029248
50	-0.051960	-0.017222	-0.170867	0.033231
51	-0.052441	-0.035559	-0.170849	-0.002060
52	-0.052921	-0.047443	-0.170832	-0.011713
53	-0.053401	-0.051963	-0.170815	-0.011730
54	-0.053882	-0.044300	-0.170797	-0.042476
55	-0.054362	-0.034820	-0.170780	-0.039584
56	-0.054843	-0.013066	-0.170762	-0.046965
57	-0.055323	-0.017041	-0.170745	-0.072073
58	-0.055804	-0.022832	-0.170728	-0.080817
59	-0.056284	-0.011261	-0.170710	-0.067745
60	-0.056764	-0.027781	-0.170693	-0.072398
61	-0.057245	0.004336	-0.170675	-0.074234
62	-0.057725	0.002725	-0.170658	-0.027251
63	-0.058206	0.012751	-0.170641	-0.013904
64	-0.058686	0.021595	-0.170623	-0.012195
65	-0.059167	0.018349	-0.170606	0.009788
66	-0.059647	0.006738	-0.170588	-0.009957
67	-0.060128	-0.018781	-0.170571	0.004207
68	-0.060608	-0.036574	-0.170554	0.022554
69	-0.061088	-0.021821	-0.170536	0.023627
70	-0.061569	-0.029249	-0.170519	0.027064
71	-0.062049	-0.031678	-0.170501	0.037046
72	-0.062530	-0.044015	-0.170484	0.030939
73	-0.063010	-0.003626	-0.170466	-0.023079
74	-0.063491	-0.011509	-0.170449	-0.025460
75	-0.063971	-0.011847	-0.170432	-0.030477
76	-0.064452	-0.038639	-0.170414	-0.037222
77	-0.064932	-0.034613	-0.170397	-0.022421
78	-0.065412	-0.012315	-0.170379	-0.058530
79	-0.065893	0.026438	-0.170362	-0.075638
80	-0.066373	0.045918	-0.170345	-0.055473
81	-0.066854	0.038854	-0.170327	-0.079491
82	-0.067334	0.057243	-0.170310	-0.078054
83	-0.067815	0.067542	-0.170292	-0.072435
84	-0.068295	0.036659	-0.170275	-0.021543
85	-0.068775	0.043320	-0.170258	-0.014742
86	-0.069256	0.032256	-0.170240	-0.007578
87	-0.069736	0.061554	-0.170223	0.002132
88	-0.070217	0.062308	-0.170205	0.032750
89	-0.070697	0.051515	-0.170188	0.067097
90	-0.071178	0.033633	-0.170171	0.088353
91	-0.071658	0.012385	-0.170153	0.073608
92	-0.072139	0.014412	-0.170136	0.108591
93	-0.072619	-0.009926	-0.170118	0.092391
94	-0.073099	-0.010628	-0.170101	0.092465
95	-0.073580	-0.010965	-0.170084	0.080993
96	-0.074060	-0.005122	-0.170066	0.053066
97	-0.074541	0.007086	-0.170049	0.059140
98	-0.075021	-0.001797	-0.170031	0.029758
99	-0.075502	-0.010134	-0.170014	-0.008350
100	-0.075982	-0.005109	-0.169997	-0.017639
101	-0.076462	-0.000720	-0.169979	-0.025112
102	-0.076943	0.009034	-0.169962	-0.004402
103	-0.077423	0.001423	-0.169944	-0.020238
104	-0.077904	0.025722	-0.169927	-0.011891
105	-0.078384	0.032111	-0.169910	-0.014908
106	-0.078865	0.019774	-0.169892	-0.008472
107	-0.079345	-0.021110	-0.169875	0.005875
108	-0.079826	-0.010719	-0.169857	-0.006779
109	-0.080306	-0.016330	-0.169840	0.018022
110	-0.080786	0.017786	-0.169823	0.037914
111	-0.081267	0.028085	-0.169805	0.040532
112	-0.081747	0.026202	-0.169788	0.040061
113	-0.082228	0.008046	-0.169770	0.029770
114	-0.082708	0.023344	-0.169753	0.026480
115	-0.083189	0.014098	-0.169736	0.023191
116	-0.083669	-0.001422	-0.169718	0.010900
117	-0.084150	0.014059	-0.169701	-0.009390
118	-0.084630	0.036357	-0.169683	-0.017862
119	-0.085110	0.002474	-0.169666	-0.006334
120	-0.085591	0.016682	-0.169649	-0.009533
121	-0.086071	-0.012384	-0.169631	-0.022369
122	-0.086552	-0.003539	-0.169614	-0.030022
123	-0.087032	-0.021877	-0.169596	-0.009222
124	-0.087513	-0.010214	-0.169579	-0.029239
125	-0.087993	0.001357	-0.169562	-0.010438
126	-0.088473	0.012837	-0.169544	0.011453
127	-0.088954	0.021681	-0.169527	0.028709
128	-0.089434	0.013161	-0.169509	0.037418
129	-0.089915	-0.007540	-0.169492	0.050128
130	-0.090395	0.026213	-0.169475	0.047384
131	-0.090876	0.010876	-0.169457	0.047002
132	-0.091356	-0.004189	-0.169440	0.033531
133	-0.091837	-0.005618	-0.169422	0.044604
134	-0.092317	-0.015410	-0.169405	0.021405
135	-0.092797	-0.030930	-0.169388	0.052843
136	-0.093278	-0.064358	-0.169370	0.026825
137	-0.093758	-0.084515	-0.169353	0.008808
138	-0.094239	-0.092579	-0.169335	-0.008029
139	-0.094719	-0.079917	-0.169318	-0.014046
140	-0.095200	-0.054345	-0.169301	-0.039426
141	-0.095680	-0.054775	-0.169283	-0.045626
142	-0.096160	-0.044749	-0.169266	-0.038098
143	-0.096641	-0.010723	-0.169248	-0.023025
144	-0.097121	-0.023152	-0.169231	-0.045133
145	-0.097602	-0.015398	-0.169214	-0.005877
146	-0.098082	0.007809	-0.169196	-0.011895
147	-0.098563	0.023381	-0.169179	-0.014276
148	-0.099043	0.034043	-0.169161	-0.010475
149	-0.099524	0.035615	-0.169144	-0.016129
150	-0.100004	0.016913	-0.169126	0.022490
151	-0.100484	0.005666	-0.169109	0.029745
152	-0.100965	-0.010671	-0.169092	0.034365
153	-0.101445	-0.021373	-0.169074	0.025710
154	-0.101926	-0.045256	-0.169057	0.024057
155	-0.102406	-0.030776	-0.169039	0.042039
156	-0.102887	-0.010840	-0.169022	-0.001705
157	-0.103367	-0.022088	-0.169005	-0.020722
158	-0.103848	-0.014970	-0.168987	0.006805
159	-0.104328	0.005419	-0.168970	-0.009121
160	-0.104808	0.004263	-0.168952	-0.007048
161	-0.105289	0.040198	-0.168935	-0.046610
162	-0.105769	0.049224	-0.168918	-0.006627
163	-0.106250	0.054068	-0.168900	-0.015555
164	-0.106730	0.049457	-0.168883	-0.012662
165	-0.107211	0.061120	-0.168865	-0.000953
166	-0.107691	0.063964	-0.168848	-0.007516
167	-0.108171	0.045171	-0.168831	0.016831
168	-0.108652	0.039743	-0.168813	0.017904
169	-0.109132	0.036950	-0.168796	-0.010840
170	-0.109613	-0.008751	-0.168778	-0.019313
171	-0.110093	-0.034634	-0.168761	-0.104512
172	-0.110574	-0.016881	-0.168744	-0.092347
173	-0.111054	0.032599	-0.168726	-0.174910
174	-0.111535	0.113444	-0.168709	-0.112655
175	-0.112015	0.166379	-0.168691	-0.050309
176	-0.112495	0.189040	-0.168674	-0.088781
177	-0.112976	0.238794	-0.168657	-0.019979
178	-0.113456	0.513365	-0.168639	0.034912
179	-0.113937	0.585846	-0.168622	0.155986
180	-0.114417	0.730417	-0.168604	0.031422
181	-0.114898	0.870262	-0.168587	-0.031322
182	-0.115378	0.962923	-0.168570	-0.207248
183	-0.115859	1.099859	-0.168552	-0.110903
184	-0.116339	1.195521	-0.168535	-0.117647
185	-0.116819	1.264637	-0.168517	-0.239847
186	-0.117300	1.309664	-0.168500	-0.290500
187	-0.117780	1.387235	-0.168483	-0.132881
188	-0.118261	1.470897	-0.168465	-0.209444
189	-0.118741	1.400286	-0.168448	-0.353007
190	-0.119222	1.397677	-0.168430	-0.218025
191	-0.119702	1.339247	-0.168413	-0.145132
192	-0.120182	1.379364	-0.168396	-0.083786
193	-0.120663	1.352390	-0.168378	0.305014
194	-0.121143	1.227416	-0.168361	0.279543
195	-0.121624	1.280806	-0.168343	0.315888
196	-0.122104	1.245831	-0.168326	0.361781
197	-0.122585	1.302767	-0.168309	0.370673
198	-0.123065	1.269701	-0.168291	0.061018
199	-0.123546	1.186819	-0.168274	0.004365
200	-0.124026	1.083208	-0.168256	-0.051199
201	-0.124506	1.087142	-0.168239	-0.438488
202	-0.124987	1.071078	-0.168222	-0.371687
203	-0.125467	1.023012	-0.168204	-0.456069
204	-0.125948	1.070493	-0.168187	-0.747449
205	-0.126428	1.172610	-0.168169	-0.853376
206	-0.126909	1.048636	-0.168152	-0.746303
207	-0.127389	1.027571	-0.168135	-0.783956
208	-0.127869	0.977778	-0.168117	-0.729156
209	-0.128350	1.115532	-0.168100	-0.633627
210	-0.128830	1.214648	-0.168082	-0.589554
211	-0.129311	1.213856	-0.168065	-0.388571
212	-0.129791	1.216336	-0.168048	-0.382588
213	-0.130272	1.283727	-0.168030	-0.519606
214	-0.130752	1.290479	-0.168013	-0.413532
215	-0.131233	1.236869	-0.167995	-0.283823
216	-0.131713	1.288531	-0.167978	-0.037113
217	-0.132193	1.263557	-0.167961	-0.048221
218	-0.132674	1.279856	-0.167943	0.078943
219	-0.133154	1.261609	-0.167926	-0.290529
220	-0.133635	1.212544	-0.167908	-0.207183
221	-0.134115	1.259297	-0.167891	0.017618
222	-0.134596	1.297869	-0.167874	-0.102671
223	-0.135076	1.288894	-0.167856	-0.077326
224	-0.135557	1.216193	-0.167839	0.181657
225	-0.136037	1.209401	-0.167821	0.290094
226	-0.136517	1.286062	-0.167804	0.266077
227	-0.136998	1.179634	-0.167786	-0.066123
228	-0.137478	1.245205	-0.167769	-0.031231
229	-0.137959	1.173868	-0.167752	-0.253793
230	-0.138439	1.206803	-0.167734	0.022552
231	-0.138920	1.177829	-0.167717	0.189717
232	-0.139400	0.991945	-0.167699	-0.043574
233	-0.139880	0.959880	-0.167682	0.190682
234	-0.140361	1.000361	-0.167665	0.372210
235	-0.140841	1.020114	-0.167647	0.250556
236	-0.141322	1.015322	-0.167630	0.443085
237	-0.141802	1.047893	-0.167612	0.461794
238	-0.142283	1.021283	-0.167595	0.525231
239	-0.142763	1.066763	-0.167578	0.500305
240	-0.143244	1.159153	-0.167560	0.488287
241	-0.143724	1.162906	-0.167543	0.600998
242	-0.144204	1.074749	-0.167525	0.481161
243	-0.144685	1.101412	-0.167508	0.398326
244	-0.145165	1.137801	-0.167491	0.228946
245	-0.145646	1.154464	-0.167473	0.228109
246	-0.146126	1.213762	-0.167456	0.273365
247	-0.146607	1.177243	-0.167438	-0.286471
248	-0.147087	1.113814	-0.167421	-0.473670
249	-0.147568	1.238750	-0.167404	-0.299687
250	-0.148048	1.222775	-0.167386	-0.380250
251	-0.148528	1.210983	-0.167369	-0.234267
252	-0.149009	1.206645	-0.167351	-0.393194
253	-0.149489	1.241034	-0.167334	-0.525666
254	-0.149970	1.293243	-0.167317	-0.488501
255	-0.150450	1.320723	-0.167299	-0.637701
256	-0.150931	1.353022	-0.167282	-0.607082
257	-0.151411	1.338775	-0.167264	-0.588009
258	-0.151891	1.377709	-0.167247	-0.294480
259	-0.152372	1.471463	-0.167230	0.002503
260	-0.152852	1.431216	-0.167212	-0.070152
261	-0.153333	1.397969	-0.167195	0.011740
262	-0.153813	1.403268	-0.167177	-0.009096
263	-0.154294	1.432112	-0.167160	-0.077749
264	-0.154774	1.396501	-0.167143	-0.087221
265	-0.155255	1.408800	-0.167125	-0.157784
266	-0.155735	1.360735	-0.167108	-0.044983
267	-0.156215	1.350033	-0.167090	-0.125637
268	-0.156696	1.279423	-0.167073	-0.155472
269	-0.157176	1.270085	-0.167056	-0.464035
270	-0.157657	1.197657	-0.167038	-0.587053
271	-0.158137	1.174955	-0.167021	-0.718070
272	-0.158618	1.199982	-0.167003	-0.663452
273	-0.159098	1.128734	-0.166986	-0.630105
274	-0.159578	1.063942	-0.166969	-0.530576
275	-0.160059	1.167877	-0.166951	-0.536231
276	-0.160539	1.131539	-0.166934	-0.498521
277	-0.161020	1.187656	-0.166916	-0.380629
278	-0.161500	1.187045	-0.166899	-0.393919
279	-0.161981	1.234890	-0.166882	-0.455027
280	-0.162461	1.249006	-0.166864	-0.389591
281	-0.162942	1.257215	-0.166847	-0.364517
282	-0.163422	1.201604	-0.166829	-0.318353
283	-0.163902	1.193084	-0.166812	-0.493097
284	-0.164383	1.246474	-0.166795	-0.505478
285	-0.164863	1.291499	-0.166777	-0.428496
286	-0.165344	1.164071	-0.166760	-0.465785
287	-0.165824	1.198551	-0.166742	-0.229440
288	-0.166305	1.208214	-0.166725	-0.315457
289	-0.166785	1.118603	-0.166708	-0.471201
290	-0.167266	1.184630	-0.166690	-0.634037
291	-0.167746	1.140019	-0.166673	-0.358145
292	-0.168226	1.152681	-0.166655	-0.164800
293	-0.168707	1.156071	-0.166638	-0.185362
294	-0.169187	1.068642	-0.166621	-0.364470
295	-0.169668	1.110123	-0.166603	-0.318033
296	-0.170148	1.086512	-0.166586	-0.519778
297	-0.170629	1.080902	-0.166568	-0.414523
298	-0.171109	1.047200	-0.166551	-0.638631
299	-0.171589	1.000225	-0.166534	-0.493375
300	-0.172070	1.071434	-0.166516	-0.435211
301	-0.172550	1.057732	-0.166499	-0.228410
302	-0.173031	1.087940	-0.166481	-0.196610
303	-0.173511	1.067420	-0.166464	-0.539536
304	-0.173992	0.983537	-0.166446	-0.370190
305	-0.174472	1.013927	-0.166429	-0.370662
306	-0.174953	0.942771	-0.166412	-0.409861
307	-0.175433	0.947251	-0.166394	-0.301879
308	-0.175913	0.963822	-0.166377	-0.315350
309	-0.176394	0.974667	-0.166359	-0.292096
310	-0.176874	1.005238	-0.166342	-0.321476
311	-0.177355	0.987537	-0.166325	-0.404675
312	-0.177835	0.825017	-0.166307	-0.377602
313	-0.178316	0.897316	-0.166290	-0.331255
314	-0.178796	0.876796	-0.166272	-0.098001
315	-0.179277	0.922641	-0.166255	-0.263472
316	-0.179757	0.980575	-0.166238	-0.073671
317	-0.180237	1.010692	-0.166220	-0.028780
318	-0.180718	1.039354	-0.166203	0.081748
319	-0.181198	1.093107	-0.166185	0.067640
320	-0.181679	1.056134	-0.166168	0.067623
321	-0.182159	0.989068	-0.166151	-0.192667
322	-0.182640	1.007276	-0.166133	0.053315
323	-0.183120	1.160211	-0.166116	-0.043157
324	-0.183600	1.047509	-0.166098	-0.109175
325	-0.184081	0.963536	-0.166081	-0.411283
326	-0.184561	0.951925	-0.166064	-0.564572
327	-0.185042	0.960769	-0.166046	-0.404499
328	-0.185522	0.948431	-0.166029	-0.343698
329	-0.186003	0.928912	-0.166011	-0.459807
330	-0.186483	0.908028	-0.165994	-0.379097
331	-0.186964	0.949873	-0.165977	-0.320568
332	-0.187444	1.000535	-0.165959	-0.089950
333	-0.187924	1.054924	-0.165942	-0.110785
334	-0.188405	1.023132	-0.165924	-0.089076
335	-0.188885	1.041885	-0.165907	-0.214729
336	-0.189366	1.158366	-0.165890	-0.108565
337	-0.189846	1.261937	-0.165872	0.089054
338	-0.190327	1.308236	-0.165855	0.059764
339	-0.190807	1.439443	-0.165837	0.083292
340	-0.191287	1.439742	-0.165820	0.077638
341	-0.191768	1.488768	-0.165803	-0.078106
342	-0.192248	1.474248	-0.165785	-0.138033
343	-0.192729	1.484547	-0.165768	-0.426868
344	-0.193209	1.463482	-0.165750	-0.494523
345	-0.193690	1.435599	-0.165733	-0.479722
346	-0.194170	1.545625	-0.165716	-0.486648
347	-0.194651	1.511560	-0.165698	-0.382575
348	-0.195131	1.512586	-0.165681	-0.349592
349	-0.195611	1.416611	-0.165663	-0.342610
350	-0.196092	1.206365	-0.165646	-0.522172
351	-0.196572	1.131027	-0.165629	-0.398280
352	-0.197053	1.078780	-0.165611	-0.434753
353	-0.197533	1.103260	-0.165594	-0.207042
354	-0.198014	1.082650	-0.165576	-0.023424
355	-0.198494	1.048767	-0.165559	-0.180259
356	-0.198975	1.057157	-0.165542	-0.099731
357	-0.199455	0.967728	-0.165524	-0.100658
358	-0.199935	1.015753	-0.165507	0.059962
359	-0.200416	0.969143	-0.165489	-0.088056
360	-0.200896	0.987987	-0.165472	-0.273073
361	-0.201377	1.091104	-0.165455	-0.130909
362	-0.201857	1.127857	-0.165437	-0.247472
363	-0.202338	1.104611	-0.165420	-0.291489
364	-0.202818	1.080363	-0.165402	-0.523598
365	-0.203298	0.973116	-0.165385	-0.499342
366	-0.203779	0.995870	-0.165368	-0.342359
367	-0.204259	1.028804	-0.165350	-0.463741
368	-0.204740	1.068195	-0.165333	-0.291485
369	-0.205220	1.066765	-0.165315	-0.338958
370	-0.205701	1.055519	-0.165298	-0.265247
371	-0.206181	1.059090	-0.165281	-0.341264
372	-0.206662	1.030571	-0.165263	-0.472919
373	-0.207142	1.001142	-0.165246	-0.458663
374	-0.207622	1.081258	-0.165228	-0.338408
375	-0.208103	1.104467	-0.165211	0.007484
376	-0.208583	1.140219	-0.165194	-0.072806
377	-0.209064	1.142609	-0.165176	-0.074188
378	-0.209544	1.085362	-0.165159	0.001795
379	-0.210025	1.027298	-0.165141	-0.098495
380	-0.210505	0.978960	-0.165124	-0.250149
381	-0.210986	0.932804	-0.165106	-0.293438
382	-0.211466	0.962102	-0.165089	-0.240002
383	-0.211946	0.906946	-0.165072	-0.160746
384	-0.212427	0.964700	-0.165054	-0.087219
385	-0.212907	0.899089	-0.165037	-0.029418
386	-0.213388	0.882297	-0.165019	-0.304799
387	-0.213868	1.003050	-0.165002	-0.405543
388	-0.214349	0.898531	-0.164985	-0.409651
389	-0.214829	0.852647	-0.164967	-0.286669
390	-0.215309	0.914309	-0.164950	-0.330323
391	-0.215790	0.923335	-0.164932	-0.356795
392	-0.216270	1.002725	-0.164915	-0.421630
393	-0.216751	0.966387	-0.164898	-0.425920
394	-0.217231	1.027867	-0.164880	-0.545302
395	-0.217712	1.068167	-0.164863	-0.624592
396	-0.218192	1.147192	-0.164845	-0.711882
397	-0.218673	1.121218	-0.164828	-0.666081
398	-0.219153	1.017335	-0.164811	-0.583280
399	-0.219633	1.063088	-0.164793	-0.271116
400	-0.220114	1.142841	-0.164776	-0.591042
401	-0.220594	1.064503	-0.164758	-0.652787
402	-0.221075	1.119802	-0.164741	-0.494895
403	-0.221555	1.178191	-0.164724	-0.248640
404	-0.222036	1.172854	-0.164706	-0.185021
405	-0.222516	1.208425	-0.164689	0.112144
406	-0.222996	1.168814	-0.164671	0.245944
407	-0.223477	1.172932	-0.164654	0.206927
408	-0.223957	1.121866	-0.164637	0.040182
409	-0.224438	1.170620	-0.164619	0.008983
410	-0.224918	1.211009	-0.164602	-0.368671
411	-0.225399	1.164581	-0.164584	-0.212416
412	-0.225879	1.194788	-0.164567	-0.172160
413	-0.226360	1.181905	-0.164550	-0.112450
414	-0.226840	1.102567	-0.164532	-0.272013
415	-0.227320	1.074593	-0.164515	-0.225394
416	-0.227801	1.023346	-0.164497	-0.549867
417	-0.228281	1.083190	-0.164480	-0.758247
418	-0.228762	1.009217	-0.164463	-0.667901
419	-0.229242	1.030333	-0.164445	-0.519010
420	-0.229723	1.043632	-0.164428	-0.356936
421	-0.230203	0.997476	-0.164410	-0.188681
422	-0.230684	0.993593	-0.164393	-0.175152
423	-0.231164	0.997800	-0.164376	-0.092988
424	-0.231644	1.004917	-0.164358	-0.437915
425	-0.232125	0.964670	-0.164341	-0.358386
426	-0.232605	1.021969	-0.164323	-0.320859
427	-0.233086	1.095359	-0.164306	-0.126603
428	-0.233566	0.983748	-0.164289	-0.041438
429	-0.234047	1.017592	-0.164271	0.087362
430	-0.234527	1.095254	-0.164254	0.122618
431	-0.235007	1.057189	-0.164236	0.101509
432	-0.235488	1.073670	-0.164219	-0.051508
433	-0.235968	1.102241	-0.164202	-0.278343
434	-0.236449	1.036449	-0.164184	-0.271907
435	-0.236929	1.038838	-0.164167	-0.069197
436	-0.237410	1.174683	-0.164149	-0.121215
437	-0.237890	1.142163	-0.164132	-0.105959
438	-0.238371	1.108007	-0.164115	0.133206
439	-0.238851	1.131669	-0.164097	0.116915
440	-0.239331	1.144058	-0.164080	-0.015738
441	-0.239812	1.166085	-0.164062	-0.113574
442	-0.240292	1.200292	-0.164045	-0.095228
443	-0.240773	1.133773	-0.164028	-0.310154
444	-0.241253	1.059708	-0.164010	-0.036263
445	-0.241734	1.159189	-0.163993	-0.060007
446	-0.242214	1.011305	-0.163975	-0.147025
447	-0.242694	1.000239	-0.163958	-0.147315
448	-0.243175	0.991448	-0.163941	-0.404332
449	-0.243655	1.000291	-0.163923	-0.623259
450	-0.244136	0.993954	-0.163906	-0.660276
451	-0.244616	1.058071	-0.163888	-0.537385
452	-0.245097	1.018552	-0.163871	-0.598584
453	-0.245577	1.027304	-0.163854	-0.570419
454	-0.246058	1.102785	-0.163836	-0.405982
455	-0.246538	1.306629	-0.163819	-0.193181
456	-0.247018	1.215382	-0.163801	-0.484654
457	-0.247499	1.277954	-0.163784	-0.450761
458	-0.247979	1.151161	-0.163767	-0.503688
459	-0.248460	1.146096	-0.163749	-0.335615
460	-0.248940	1.096304	-0.163732	-0.384995
461	-0.249421	1.171785	-0.163714	-0.377377
462	-0.249901	1.000446	-0.163697	-0.489848
463	-0.250382	1.010200	-0.163679	-0.360776
464	-0.250862	0.907407	-0.163662	-0.547338
465	-0.251342	0.970069	-0.163645	-0.354173
466	-0.251823	0.896187	-0.163627	-0.747918
467	-0.252303	0.956394	-0.163610	-0.427845
468	-0.252784	1.036784	-0.163592	-0.371499
469	-0.253264	1.202173	-0.163575	-0.190425
470	-0.253745	1.208200	-0.163558	-0.110078
471	-0.254225	1.294770	-0.163540	-0.229642
472	-0.254705	1.293160	-0.163523	-0.188113
473	-0.255186	1.413822	-0.163505	-0.026768
474	-0.255666	1.381121	-0.163488	-0.236330
475	-0.256147	1.426783	-0.163471	0.121016
476	-0.256627	1.413082	-0.163453	0.013635
477	-0.257108	1.386653	-0.163436	0.239254
478	-0.257588	1.347224	-0.163418	0.222418
479	-0.258069	1.306160	-0.163401	0.162492
480	-0.258549	1.254458	-0.163384	-0.019071
481	-0.259029	1.387029	-0.163366	-0.014816
482	-0.259510	1.311146	-0.163349	-0.151287
483	-0.259990	1.255808	-0.163331	-0.234669
484	-0.260471	1.273835	-0.163314	-0.589686
485	-0.260951	1.361496	-0.163297	-0.469885
486	-0.261432	1.411705	-0.163279	-0.698085
487	-0.261912	1.360276	-0.163262	-0.699102
488	-0.262393	1.286393	-0.163244	-0.909301
489	-0.262873	1.318691	-0.163227	-1.057500
490	-0.263353	1.320808	-0.163210	-1.081699
491	-0.263834	1.254289	-0.163192	-0.850626
492	-0.264314	1.102314	-0.163175	-0.777825
493	-0.264795	1.053250	-0.163157	-0.738207
494	-0.265275	1.055184	-0.163140	-0.563224
495	-0.265756	1.044756	-0.163123	-0.212150
496	-0.266236	1.036145	-0.163105	-0.125895
497	-0.266716	1.080352	-0.163088	0.039452
498	-0.267197	1.057652	-0.163070	-0.043021
499	-0.267677	1.124950	-0.163053	0.111962
500	-0.268158	1.059067	-0.163036	0.315672
501	-0.268638	1.083820	-0.163018	0.369654
502	-0.269119	1.122301	-0.163001	0.128728
503	-0.269599	1.172235	-0.162983	-0.043017
504	-0.270080	1.270989	-0.162966	0.173239
505	-0.270560	1.218015	-0.162949	0.003313
506	-0.271040	1.172676	-0.162931	-0.186978
507	-0.271521	1.108521	-0.162914	-0.209268
508	-0.272001	1.001546	-0.162896	-0.454740
509	-0.272482	0.988391	-0.162879	-0.550303
510	-0.272962	0.905507	-0.162862	-0.597411
511	-0.273443	1.005807	-0.162844	-0.718247
512	-0.273923	1.065741	-0.162827	-0.488264
513	-0.274403	1.046767	-0.162809	-0.651646
514	-0.274884	1.091702	-0.162792	-0.685299
515	-0.275364	0.980455	-0.162775	-0.773589
516	-0.275845	1.069663	-0.162757	-0.837879
517	-0.276325	1.066870	-0.162740	-0.930805
518	-0.276806	1.074442	-0.162722	-0.909005
519	-0.277286	1.145741	-0.162705	-0.987022
520	-0.277767	1.152858	-0.162688	-0.837676
521	-0.278247	1.213883	-0.162670	-0.865330
522	-0.278727	1.256182	-0.162653	-0.710802
523	-0.279208	1.133117	-0.162635	-0.846274
524	-0.279688	1.078870	-0.162618	-0.513382
525	-0.280169	1.060078	-0.162601	-0.303944
526	-0.280649	1.094558	-0.162583	-0.432872
527	-0.281130	1.042312	-0.162566	-0.177616
528	-0.281610	1.034610	-0.162548	0.045003
529	-0.282091	1.027182	-0.162531	0.171258
530	-0.282571	0.913935	-0.162514	0.177787
531	-0.283051	1.061506	-0.162496	0.269223
532	-0.283532	1.017714	-0.162479	0.232843
533	-0.284012	0.969285	-0.162461	0.187097
534	-0.284493	0.966129	-0.162444	0.027989
535	-0.284973	0.945973	-0.162427	-0.007937
536	-0.285454	0.851181	-0.162409	-0.161227
537	-0.285934	0.836934	-0.162392	-0.087426
538	-0.286414	0.974414	-0.162374	-0.176535
539	-0.286895	0.897622	-0.162357	-0.306370
540	-0.287375	0.871193	-0.162339	-0.474934
541	-0.287856	0.947401	-0.162322	-0.381769
542	-0.288336	0.847154	-0.162305	-0.483059
543	-0.288817	0.889090	-0.162287	-0.578258
544	-0.289297	0.839933	-0.162270	-0.562457
545	-0.289778	0.844960	-0.162252	-0.721203
546	-0.290258	0.920985	-0.162235	-0.724674
547	-0.290738	0.930738	-0.162218	-0.879782
548	-0.291219	1.020946	-0.162200	-0.858164
549	-0.291699	0.857608	-0.162183	-1.092817
550	-0.292180	0.967544	-0.162165	-0.895290
551	-0.292660	1.004478	-0.162148	-0.852943
552	-0.293141	0.955232	-0.162131	-0.971687
553	-0.293621	0.943257	-0.162113	-0.836614
554	-0.294102	0.935284	-0.162096	-0.744177
555	-0.294582	0.910218	-0.162078	-0.652649
556	-0.295062	1.052335	-0.162061	-0.414030
557	-0.295543	1.030270	-0.162044	-0.513320
558	-0.296023	1.068023	-0.162026	-0.598429
559	-0.296504	1.035959	-0.162009	-0.512264
560	-0.296984	1.067075	-0.161991	-0.167736
561	-0.297465	1.044374	-0.161974	-0.416481
562	-0.297945	1.075763	-0.161957	-0.460770
563	-0.298425	1.132243	-0.161939	-0.166606
564	-0.298906	1.108997	-0.161922	-0.372896
565	-0.299386	1.196931	-0.161904	-0.161732
566	-0.299867	1.204685	-0.161887	-0.377386
567	-0.300347	1.118529	-0.161870	-0.394312
568	-0.300828	1.117464	-0.161852	-0.583421
569	-0.301308	1.137490	-0.161835	-0.356620
570	-0.301789	1.098334	-0.161817	-0.352365
571	-0.302269	1.178087	-0.161800	-0.395655
572	-0.302749	1.298658	-0.161783	-0.253944
573	-0.303230	1.280230	-0.161765	-0.274508
574	-0.303710	1.258074	-0.161748	-0.541161
575	-0.304191	1.239373	-0.161730	-0.462270
576	-0.304671	1.159944	-0.161713	-0.684105
577	-0.305152	1.200879	-0.161696	-0.584122
578	-0.305632	1.151723	-0.161678	-0.700140
579	-0.306112	1.148112	-0.161661	-0.231703
580	-0.306593	1.141048	-0.161643	-0.220993
581	-0.307073	1.149164	-0.161626	-0.201010
582	-0.307554	1.076736	-0.161609	-0.404482
583	-0.308034	0.913579	-0.161591	-0.350591
584	-0.308515	0.843606	-0.161574	-0.476426
585	-0.308995	0.930177	-0.161556	-0.255080
586	-0.309476	0.907476	-0.161539	-0.182825
587	-0.309956	0.952320	-0.161522	-0.363023
588	-0.310436	0.952891	-0.161504	-0.559678
589	-0.310917	1.032826	-0.161487	-0.278149
590	-0.311397	1.063761	-0.161469	-0.404076
591	-0.311878	1.061242	-0.161452	-0.296821
592	-0.312358	1.057358	-0.161435	-0.336201
593	-0.312839	1.101748	-0.161417	-0.268219
594	-0.313319	1.188410	-0.161400	-0.286691
595	-0.313800	1.271255	-0.161382	-0.444436
596	-0.314280	1.182189	-0.161365	-0.788726
597	-0.314760	1.243124	-0.161348	-0.694379
598	-0.315241	1.201423	-0.161330	-0.453852
599	-0.315721	1.194903	-0.161313	-0.477960
600	-0.316202	1.195475	-0.161295	-0.540796
601	-0.316682	1.168591	-0.161278	-0.764086
602	-0.317163	1.230072	-0.161261	-0.713557
603	-0.317643	1.213734	-0.161243	-0.943030
604	-0.318123	1.219214	-0.161226	-0.779047
605	-0.318604	1.213331	-0.161208	-0.846156
606	-0.319084	1.189175	-0.161191	-0.450809
607	-0.319565	1.185474	-0.161174	-0.115462
608	-0.320045	1.148863	-0.161156	-0.215480
609	-0.320526	1.172708	-0.161139	-0.065316
610	-0.321006	1.148642	-0.161121	0.181121
611	-0.321487	1.025305	-0.161104	0.084922
612	-0.321967	0.951785	-0.161087	0.312087
613	-0.322447	0.876538	-0.161069	0.026887
614	-0.322928	0.777746	-0.161052	0.260325
615	-0.323408	0.622317	-0.161034	0.188307
616	-0.323889	0.496980	-0.161017	0.163108
617	-0.324369	0.388642	-0.160999	0.092817
618	-0.324850	0.286577	-0.160982	0.045255
619	-0.325330	0.204875	-0.160965	0.047965
620	-0.325811	0.095720	-0.160947	-0.062235
621	-0.326291	0.018655	-0.160930	-0.152706
622	-0.326771	-0.000684	-0.160912	-0.091088
623	-0.327252	-0.017566	-0.160895	-0.176560
624	-0.327732	-0.101813	-0.160878	-0.015304
625	-0.328213	-0.061151	-0.160860	-0.029140
626	-0.328693	-0.036489	-0.160843	-0.035521
627	-0.329174	-0.029008	-0.160825	0.038461
628	-0.329654	-0.017073	-0.160808	0.039899
629	-0.330134	0.012043	-0.160791	0.022700
630	-0.330615	0.019615	-0.160773	0.012864
631	-0.331095	0.008186	-0.160756	0.023483
632	-0.331576	0.024031	-0.160738	0.031193
633	-0.332056	0.000874	-0.160721	0.054085
634	-0.332537	-0.005372	-0.160704	0.050340
635	-0.333017	-0.006347	-0.160686	0.050141
636	-0.333498	-0.009775	-0.160669	0.060487
637	-0.333978	-0.020567	-0.160651	0.079015
638	-0.334458	-0.020815	-0.160634	0.085907
639	-0.334939	-0.021516	-0.160617	0.069617
640	-0.335419	-0.044126	-0.160599	0.055235
641	-0.335900	-0.040827	-0.160582	0.069400
642	-0.336380	-0.034075	-0.160564	0.041109
643	-0.336861	-0.040230	-0.160547	0.032820
644	-0.337341	-0.029841	-0.160530	0.013166
645	-0.337821	-0.025906	-0.160512	-0.012215
646	-0.338302	-0.020425	-0.160495	-0.018232
647	-0.338782	-0.011763	-0.160477	-0.012068
648	-0.339263	0.001990	-0.160460	-0.025813
649	-0.339743	0.004470	-0.160443	-0.000284
650	-0.340224	-0.006231	-0.160425	0.020334
651	-0.340704	0.011068	-0.160408	0.034499
652	-0.341185	0.004549	-0.160390	0.017208
653	-0.341665	0.000938	-0.160373	0.027918
654	-0.342145	0.009509	-0.160356	0.028811
655	-0.342626	0.027990	-0.160338	0.005793
656	-0.343106	0.034742	-0.160321	0.032048
657	-0.343587	0.026496	-0.160303	0.028303
658	-0.344067	0.023885	-0.160286	0.030377
659	-0.344548	0.019184	-0.160269	0.020451
660	-0.345028	0.015483	-0.160251	-0.025840
661	-0.345509	0.027509	-0.160234	-0.041311
662	-0.345989	0.017989	-0.160216	-0.052966
663	-0.346469	0.021742	-0.160199	-0.049256
664	-0.346950	0.021859	-0.160182	-0.047182
665	-0.347430	0.016975	-0.160164	-0.049654
666	-0.347911	0.012638	-0.160147	-0.039580
667	-0.348391	0.013118	-0.160129	-0.034871
668	-0.348872	0.014236	-0.160112	-0.032161
669	-0.349352	0.014807	-0.160095	-0.033814
670	-0.349832	0.015196	-0.160077	-0.033832
671	-0.350313	0.014677	-0.160060	-0.030667
672	-0.350793	0.015066	-0.160042	-0.027049
673	-0.351274	0.016274	-0.160025	-0.026884
674	-0.351754	0.015390	-0.160008	-0.023265
675	-0.352235	0.013780	-0.159990	-0.020374
676	-0.352715	0.015624	-0.159973	-0.020754
677	-0.353196	0.013378	-0.159955	-0.020409
678	-0.353676	0.012585	-0.159938	-0.020517
679	-0.354156	0.012247	-0.159921	-0.021261
680	-0.354637	0.012728	-0.159903	-0.021461
681	-0.355117	0.011208	-0.159886	-0.021296
682	-0.355598	0.012416	-0.159868	-0.026223
683	-0.356078	0.012442	-0.159851	-0.029876
