0	-0.004674	1.106568	0.007681	-0.293018
1	-0.004674	1.106568	0.007681	-0.293018
2	-0.004674	1.106568	0.007681	-0.293018
3	-0.004674	1.106568	0.007681	-0.293018
4	-0.004674	1.106568	0.007681	-0.293018
5	-0.004674	1.106568	0.007681	-0.293018
6	-0.004674	1.106568	0.007681	-0.293018
7	-0.004674	1.106568	0.007681	-0.293018
8	-0.004674	1.106568	0.007681	-0.293018
9	-0.004674	1.106568	0.007681	-0.293018
10	-0.004674	1.106568	0.007681	-0.293018
11	-0.004674	1.106568	0.007681	-0.293018
12	-0.004674	1.106568	0.007681	-0.293018
13	-0.004674	1.106568	0.007681	-0.293018
14	-0.004674	1.106568	0.007681	-0.293018
15	-0.004674	1.106568	0.007681	-0.293018
16	-0.004674	1.106568	0.007681	-0.293018
17	-0.004674	1.106568	0.007681	-0.293018
18	-0.004674	1.106568	0.007681	-0.293018
19	-0.004674	1.106568	0.007681	-0.293018
20	-0.004674	1.106568	0.007681	-0.293018
21	-0.004674	1.106568	0.007681	-0.293018
22	-0.004674	1.106568	0.007681	-0.293018
23	-0.004674	1.106568	0.007681	-0.293018
24	-0.004674	1.106568	0.007681	-0.293018
25	-0.004674	1.106568	0.007681	-0.293018
26	-0.004674	1.106568	0.007681	-0.293018
27	-0.004674	1.106568	0.007681	-0.293018
28	-0.004674	1.106568	0.007681	-0.293018
29	-0.004674	1.106568	0.007681	-0.293018
30	-0.004674	1.106568	0.007681	-0.293018
31	-0.004674	1.106568	0.007681	-0.293018
32	-0.004674	1.106568	0.007681	-0.293018
33	-0.004674	1.106568	0.007681	-0.293018
34	-0.004674	1.106568	0.007681	-0.293018
35	-0.004674	1.106568	0.007681	-0.293018
36	-0.004674	1.106568	0.007681	-0.293018
37	-0.004674	1.106568	0.007681	-0.293018
38	-0.004674	1.106568	0.007681	-0.293018
39	-0.004674	1.106568	0.007681	-0.293018
40	-0.004674	1.106568	0.007681	-0.293018
41	-0.004674	1.106568	0.007681	-0.293018
42	-0.004674	1.106568	0.007681	-0.293018
43	-0.004674	1.106568	0.007681	-0.293018
44	-0.004674	1.106568	0.007681	-0.293018
45	-0.004674	1.106568	0.007681	-0.293018
46	-0.004674	1.106568	0.007681	-0.293018
47	-0.004674	1.106568	0.007681	-0.293018
48	-0.004674	1.106568	0.007681	-0.293018
49	-0.004674	1.106568	0.007681	-0.293018
50	-0.004674	1.106568	0.007681	-0.293018
51	-0.004674	1.106568	0.007681	-0.293018
52	-0.004674	1.106568	0.007681	-0.293018
53	-0.004674	1.106568	0.007681	-0.293018
54	-0.004674	1.106568	0.007681	-0.293018
55	-0.004674	1.106568	0.007681	-0.293018
56	-0.004674	1.106568	0.007681	-0.293018
57	-0.004674	1.106568	0.007681	-0.293018
58	-0.004674	1.106568	0.007681	-0.293018
59	-0.004674	1.106568	0.007681	-0.293018
60	-0.004674	1.106568	0.007681	-0.293018
61	-0.004674	1.106568	0.007681	-0.293018
62	-0.004674	1.106568	0.007681	-0.293018
63	-0.004674	1.106568	0.007681	-0.293018
64	-0.004674	1.106568	0.007681	-0.293018
65	-0.004674	1.106568	0.007681	-0.293018
66	-0.004674	1.106568	0.007681	-0.293018
67	-0.004674	1.106568	0.007681	-0.293018
68	-0.004674	1.106568	0.007681	-0.293018
69	-0.004674	1.106568	0.007681	-0.293018
70	-0.004674	1.106568	0.007681	-0.293018
71	-0.004674	1.106568	0.007681	-0.293018
72	-0.004674	1.106568	0.007681	-0.293018
73	-0.004674	1.106568	0.007681	-0.293018
74	-0.004674	1.106568	0.007681	-0.293018
75	-0.004674	1.106568	0.007681	-0.293018
76	-0.004674	1.106568	0.007681	-0.293018
77	-0.004674	1.106568	0.007681	-0.293018
78	-0.004674	1.106568	0.007681	-0.293018
79	-0.004674	1.106568	0.007681	-0.293018
80	-0.004674	1.106568	0.007681	-0.293018
81	-0.004674	1.106568	0.007681	-0.293018
82	-0.004674	1.106568	0.007681	-0.293018
83	-0.004674	1.106568	0.007681	-0.293018
84	-0.004674	1.106568	0.007681	-0.293018
85	-0.004674	1.106568	0.007681	-0.293018
86	-0.004674	1.106568	0.007681	-0.293018
87	-0.004674	1.106568	0.007681	-0.293018
88	-0.004674	1.106568	0.007681	-0.293018
89	-0.004674	1.106568	0.007681	-0.293018
90	-0.004674	1.106568	0.007681	-0.293018
91	-0.004674	1.106568	0.007681	-0.293018
92	-0.004674	1.106568	0.007681	-0.293018
93	-0.004674	1.106568	0.007681	-0.293018
94	-0.004674	1.106568	0.007681	-0.293018
95	-0.004674	1.106568	0.007681	-0.293018
96	-0.004674	1.106568	0.007681	-0.293018
97	-0.004674	1.106568	0.007681	-0.293018
98	-0.004674	1.106568	0.007681	-0.293018
99	-0.004674	1.106568	0.007681	-0.293018
100	-0.004674	1.106568	0.007681	-0.293018
101	-0.004674	1.106568	0.007681	-0.293018
102	-0.004674	1.106568	0.007681	-0.293018
103	-0.004674	1.106568	0.007681	-0.293018
104	-0.004674	1.106568	0.007681	-0.293018
105	-0.004674	1.106568	0.007681	-0.293018
106	-0.004674	1.106568	0.007681	-0.293018
107	-0.004674	1.106568	0.007681	-0.293018
108	-0.004674	1.106568	0.007681	-0.293018
109	-0.004674	1.106568	0.007681	-0.293018
110	-0.004674	1.106568	0.007681	-0.293018
111	-0.004674	1.106568	0.007681	-0.293018
112	-0.004674	1.106568	0.007681	-0.293018
113	-0.004674	1.106568	0.007681	-0.293018
114	-0.004674	1.106568	0.007681	-0.293018
115	-0.004674	1.106568	0.007681	-0.293018
116	-0.004674	1.106568	0.007681	-0.293018
117	-0.004674	1.106568	0.007681	-0.293018
118	-0.004674	1.106568	0.007681	-0.293018
119	-0.004674	1.106568	0.007681	-0.293018
120	-0.004674	1.106568	0.007681	-0.293018
121	-0.004674	1.106568	0.007681	-0.293018
122	-0.004674	1.106568	0.007681	-0.293018
123	-0.004674	1.106568	0.007681	-0.293018
124	-0.004674	1.106568	0.007681	-0.293018
125	-0.004674	1.106568	0.007681	-0.293018
126	-0.004674	1.106568	0.007681	-0.293018
127	-0.004674	1.106568	0.007681	-0.293018
128	-0.004674	1.106568	0.007681	-0.293018
129	-0.004674	1.106568	0.007681	-0.293018
130	-0.004674	1.106568	0.007681	-0.293018
131	-0.004674	1.106568	0.007681	-0.293018
132	-0.004674	1.106568	0.007681	-0.293018
133	-0.004674	1.106568	0.007681	-0.293018
134	-0.004674	1.106568	0.007681	-0.293018
135	-0.004674	1.106568	0.007681	-0.293018
136	-0.004674	1.106568	0.007681	-0.293018
137	-0.004674	1.106568	0.007681	-0.293018
138	-0.004674	1.106568	0.007681	-0.293018
139	-0.004674	1.106568	0.007681	-0.293018
140	-0.004674	1.106568	0.007681	-0.293018
141	-0.004674	1.106568	0.007681	-0.293018
142	-0.004674	1.106568	0.007681	-0.293018
143	-0.004674	1.106568	0.007681	-0.293018
144	-0.004674	1.106568	0.007681	-0.293018
145	-0.004674	1.106568	0.007681	-0.293018
146	-0.004674	1.106568	0.007681	-0.293018
147	-0.004674	1.106568	0.007681	-0.293018
148	-0.004674	1.106568	0.007681	-0.293018
149	-0.004674	1.106568	0.007681	-0.293018
150	-0.004674	1.106568	0.007681	-0.293018
151	-0.004674	1.106568	0.007681	-0.293018
152	-0.004674	1.106568	0.007681	-0.293018
153	-0.004674	1.106568	0.007681	-0.293018
154	-0.004674	1.106568	0.007681	-0.293018
155	-0.004674	1.106568	0.007681	-0.293018
156	-0.004674	1.106568	0.007681	-0.293018
157	-0.004674	1.106568	0.007681	-0.293018
158	-0.004674	1.106568	0.007681	-0.293018
159	-0.004674	1.106568	0.007681	-0.293018
160	-0.004674	1.106568	0.007681	-0.293018
161	-0.004674	1.106568	0.007681	-0.293018
162	-0.004674	1.106568	0.007681	-0.293018
163	-0.004674	1.106568	0.007681	-0.293018
164	-0.004674	1.106568	0.007681	-0.293018
165	-0.004674	1.106568	0.007681	-0.293018
166	-0.004674	1.106568	0.007681	-0.293018
167	-0.004674	1.106568	0.007681	-0.293018
168	-0.004674	1.106568	0.007681	-0.293018
169	-0.004674	1.106568	0.007681	-0.293018
170	-0.004674	1.106568	0.007681	-0.293018
171	-0.004674	1.106568	0.007681	-0.293018
172	-0.004674	1.106568	0.007681	-0.293018
173	-0.004674	1.106568	0.007681	-0.293018
174	-0.004674	1.106568	0.007681	-0.293018
175	-0.004674	1.106568	0.007681	-0.293018
176	-0.004674	1.106568	0.007681	-0.293018
177	-0.004674	1.106568	0.007681	-0.293018
178	-0.004674	1.106568	0.007681	-0.293018
179	-0.004674	1.106568	0.007681	-0.293018
180	-0.004674	1.106568	0.007681	-0.293018
181	-0.004674	1.106568	0.007681	-0.293018
182	-0.004674	1.106568	0.007681	-0.293018
183	-0.004674	1.106568	0.007681	-0.293018
184	-0.004674	1.106568	0.007681	-0.293018
185	-0.004674	1.106568	0.007681	-0.293018
186	-0.004674	1.106568	0.007681	-0.293018
187	-0.004674	1.106568	0.007681	-0.293018
188	-0.004674	1.106568	0.007681	-0.293018
189	-0.004674	1.106568	0.007681	-0.293018
190	-0.004674	1.106568	0.007681	-0.293018
191	-0.004674	1.106568	0.007681	-0.293018
192	-0.004674	1.106568	0.007681	-0.293018
193	-0.004674	1.106568	0.007681	-0.293018
194	-0.004674	1.106568	0.007681	-0.293018
195	-0.004674	1.106568	0.007681	-0.293018
196	-0.004674	1.106568	0.007681	-0.293018
197	-0.004674	1.106568	0.007681	-0.293018
198	-0.004674	1.106568	0.007681	-0.293018
199	-0.004674	1.106568	0.007681	-0.293018
200	-0.004674	1.106568	0.007681	-0.293018
201	-0.004674	1.106568	0.007681	-0.293018
202	-0.004674	1.106568	0.007681	-0.293018
203	-0.004674	1.106568	0.007681	-0.293018
204	-0.004674	1.106568	0.007681	-0.293018
205	-0.004674	1.106568	0.007681	-0.293018
206	-0.004674	1.106568	0.007681	-0.293018
207	-0.004674	1.106568	0.007681	-0.293018
208	-0.004674	1.106568	0.007681	-0.293018
209	-0.004674	1.106568	0.007681	-0.293018
210	-0.004674	1.106568	0.007681	-0.293018
211	-0.004674	1.106568	0.007681	-0.293018
212	-0.004674	1.106568	0.007681	-0.293018
213	-0.004674	1.106568	0.007681	-0.293018
214	-0.004674	1.106568	0.007681	-0.293018
215	-0.004674	1.106568	0.007681	-0.293018
216	-0.004674	1.106568	0.007681	-0.293018
217	-0.004674	1.106568	0.007681	-0.293018
218	-0.004674	1.106568	0.007681	-0.293018
219	-0.004674	1.106568	0.007681	-0.293018
220	-0.004674	1.106568	0.007681	-0.293018
221	-0.004674	1.106568	0.007681	-0.293018
222	-0.004674	1.106568	0.007681	-0.293018
223	-0.004674	1.106568	0.007681	-0.293018
224	-0.004674	1.106568	0.007681	-0.293018
225	-0.004674	1.106568	0.007681	-0.293018
226	-0.004674	1.106568	0.007681	-0.293018
227	-0.004674	1.106568	0.007681	-0.293018
228	-0.004674	1.106568	0.007681	-0.293018
229	-0.004674	1.106568	0.007681	-0.293018
230	-0.004674	1.106568	0.007681	-0.293018
231	-0.004674	1.106568	0.007681	-0.293018
232	-0.004674	1.106568	0.007681	-0.293018
233	-0.004674	1.106568	0.007681	-0.293018
234	-0.004674	1.106568	0.007681	-0.293018
235	-0.004674	1.106568	0.007681	-0.293018
236	-0.004674	1.106568	0.007681	-0.293018
237	-0.004674	1.106568	0.007681	-0.293018
238	-0.004674	1.106568	0.007681	-0.293018
239	-0.004674	1.106568	0.007681	-0.293018
240	-0.004674	1.106568	0.007681	-0.293018
241	-0.004674	1.106568	0.007681	-0.293018
242	-0.004674	1.106568	0.007681	-0.293018
243	-0.004674	1.106568	0.007681	-0.293018
244	-0.004674	1.106568	0.007681	-0.293018
245	-0.004674	1.106568	0.007681	-0.293018
246	-0.004674	1.106568	0.007681	-0.293018
247	-0.004674	1.106568	0.007681	-0.293018
248	-0.004674	1.106568	0.007681	-0.293018
249	-0.004674	1.106568	0.007681	-0.293018
250	-0.004674	1.106568	0.007681	-0.293018
251	-0.004674	1.106568	0.007681	-0.293018
252	-0.004674	1.106568	0.007681	-0.293018
253	-0.004674	1.106568	0.007681	-0.293018
254	-0.004674	1.106568	0.007681	-0.293018
255	-0.004674	1.106568	0.007681	-0.293018
256	-0.004674	1.106568	0.007681	-0.293018
257	-0.004674	1.106568	0.007681	-0.293018
258	-0.004674	1.106568	0.007681	-0.293018
259	-0.004674	1.106568	0.007681	-0.293018
260	-0.004674	1.106568	0.007681	-0.293018
261	-0.004674	1.106568	0.007681	-0.293018
262	-0.004674	1.106568	0.007681	-0.293018
263	-0.004674	1.106568	0.007681	-0.293018
264	-0.004674	1.106568	0.007681	-0.293018
265	-0.004674	1.106568	0.007681	-0.293018
266	-0.004674	1.106568	0.007681	-0.293018
267	-0.004674	1.106568	0.007681	-0.293018
268	-0.004674	1.106568	0.007681	-0.293018
269	-0.004674	1.106568	0.007681	-0.293018
270	-0.004674	1.106568	0.007681	-0.293018
271	-0.004674	1.106568	0.007681	-0.293018
272	-0.004674	1.106568	0.007681	-0.293018
273	-0.004674	1.106568	0.007681	-0.293018
274	-0.004674	1.106568	0.007681	-0.293018
275	-0.004674	1.106568	0.007681	-0.293018
276	-0.004674	1.106568	0.007681	-0.293018
277	-0.004674	1.106568	0.007681	-0.293018
278	-0.004674	1.106568	0.007681	-0.293018
279	-0.004674	1.106568	0.007681	-0.293018
280	-0.004674	1.106568	0.007681	-0.293018
281	-0.004674	1.106568	0.007681	-0.293018
282	-0.004674	1.106568	0.007681	-0.293018
283	-0.004674	1.106568	0.007681	-0.293018
284	-0.004674	1.106568	0.007681	-0.293018
285	-0.004674	1.106568	0.007681	-0.293018
286	-0.004674	1.106568	0.007681	-0.293018
287	-0.004674	1.106568	0.007681	-0.293018
288	-0.004674	1.106568	0.007681	-0.293018
289	-0.004674	1.106568	0.007681	-0.293018
290	-0.004674	1.106568	0.007681	-0.293018
291	-0.004674	1.106568	0.007681	-0.293018
292	-0.004674	1.106568	0.007681	-0.293018
293	-0.004674	1.106568	0.007681	-0.293018
294	-0.004674	1.106568	0.007681	-0.293018
295	-0.004674	1.106568	0.007681	-0.293018
296	-0.004674	1.106568	0.007681	-0.293018
297	-0.004674	1.106568	0.007681	-0.293018
298	-0.004674	1.106568	0.007681	-0.293018
299	-0.004674	1.106568	0.007681	-0.293018
300	-0.004674	1.106568	0.007681	-0.293018
301	-0.004674	1.106568	0.007681	-0.293018
302	-0.004674	1.106568	0.007681	-0.293018
303	-0.004674	1.106568	0.007681	-0.293018
304	-0.004674	1.106568	0.007681	-0.293018
305	-0.004674	1.106568	0.007681	-0.293018
306	-0.004674	1.106568	0.007681	-0.293018
307	-0.004674	1.106568	0.007681	-0.293018
308	-0.004674	1.106568	0.007681	-0.293018
309	-0.004674	1.106568	0.007681	-0.293018
310	-0.004674	1.106568	0.007681	-0.293018
311	-0.004674	1.106568	0.007681	-0.293018
312	-0.004674	1.106568	0.007681	-0.293018
313	-0.004674	1.106568	0.007681	-0.293018
314	-0.004674	1.106568	0.007681	-0.293018
315	-0.004674	1.106568	0.007681	-0.293018
316	-0.004674	1.106568	0.007681	-0.293018
317	-0.004674	1.106568	0.007681	-0.293018
318	-0.004674	1.106568	0.007681	-0.293018
319	-0.004674	1.106568	0.007681	-0.293018
320	-0.004674	1.106568	0.007681	-0.293018
321	-0.004674	1.106568	0.007681	-0.293018
322	-0.004674	1.106568	0.007681	-0.293018
323	-0.004674	1.106568	0.007681	-0.293018
324	-0.004674	1.106568	0.007681	-0.293018
325	-0.004674	1.106568	0.007681	-0.293018
326	-0.004674	1.106568	0.007681	-0.293018
327	-0.004674	1.106568	0.007681	-0.293018
328	-0.004674	1.106568	0.007681	-0.293018
329	-0.004674	1.106568	0.007681	-0.293018
330	-0.004674	1.106568	0.007681	-0.293018
331	-0.004674	1.106568	0.007681	-0.293018
332	-0.004674	1.106568	0.007681	-0.293018
333	-0.004674	1.106568	0.007681	-0.293018
334	-0.004674	1.106568	0.007681	-0.293018
335	-0.004674	1.106568	0.007681	-0.293018
336	-0.004674	1.106568	0.007681	-0.293018
337	-0.004674	1.106568	0.007681	-0.293018
338	-0.004674	1.106568	0.007681	-0.293018
339	-0.004674	1.106568	0.007681	-0.293018
340	-0.004674	1.106568	0.007681	-0.293018
341	-0.004674	1.106568	0.007681	-0.293018
342	-0.004674	1.106568	0.007681	-0.293018
343	-0.004674	1.106568	0.007681	-0.293018
344	-0.004674	1.106568	0.007681	-0.293018
345	-0.004674	1.106568	0.007681	-0.293018
346	-0.004674	1.106568	0.007681	-0.293018
347	-0.004674	1.106568	0.007681	-0.293018
348	-0.004674	1.106568	0.007681	-0.293018
349	-0.004674	1.106568	0.007681	-0.293018
350	-0.004674	1.106568	0.007681	-0.293018
351	-0.004674	1.106568	0.007681	-0.293018
352	-0.004674	1.106568	0.007681	-0.293018
353	-0.004674	1.106568	0.007681	-0.293018
354	-0.004674	1.106568	0.007681	-0.293018
355	-0.004674	1.106568	0.007681	-0.293018
356	-0.004674	1.106568	0.007681	-0.293018
357	-0.004674	1.106568	0.007681	-0.293018
358	-0.004674	1.106568	0.007681	-0.293018
359	-0.004674	1.106568	0.007681	-0.293018
360	-0.004674	1.106568	0.007681	-0.293018
361	-0.004674	1.106568	0.007681	-0.293018
362	-0.004674	1.106568	0.007681	-0.293018
363	-0.004674	1.106568	0.007681	-0.293018
364	-0.004674	1.106568	0.007681	-0.293018
365	-0.004674	1.106568	0.007681	-0.293018
366	-0.004674	1.106568	0.007681	-0.293018
367	-0.004674	1.106568	0.007681	-0.293018
368	-0.004674	1.106568	0.007681	-0.293018
369	-0.004674	1.106568	0.007681	-0.293018
370	-0.004674	1.106568	0.007681	-0.293018
371	-0.004674	1.106568	0.007681	-0.293018
372	-0.004674	1.106568	0.007681	-0.293018
373	-0.004674	1.106568	0.007681	-0.293018
374	-0.004674	1.106568	0.007681	-0.293018
375	-0.004674	1.106568	0.007681	-0.293018
376	-0.004674	1.106568	0.007681	-0.293018
377	-0.004674	1.106568	0.007681	-0.293018
378	-0.004674	1.106568	0.007681	-0.293018
379	-0.004674	1.106568	0.007681	-0.293018
380	-0.004674	1.106568	0.007681	-0.293018
381	-0.004674	1.106568	0.007681	-0.293018
382	-0.004674	1.106568	0.007681	-0.293018
383	-0.004674	1.106568	0.007681	-0.293018
384	-0.004674	1.106568	0.007681	-0.293018
385	-0.004674	1.106568	0.007681	-0.293018
386	-0.004674	1.106568	0.007681	-0.293018
387	-0.004674	1.106568	0.007681	-0.293018
388	-0.004674	1.106568	0.007681	-0.293018
389	-0.004674	1.106568	0.007681	-0.293018
390	-0.004674	1.106568	0.007681	-0.293018
391	-0.004674	1.106568	0.007681	-0.293018
392	-0.004674	1.106568	0.007681	-0.293018
393	-0.004674	1.106568	0.007681	-0.293018
394	-0.004674	1.106568	0.007681	-0.293018
395	-0.004674	1.106568	0.007681	-0.293018
396	-0.004674	1.106568	0.007681	-0.293018
397	-0.004674	1.106568	0.007681	-0.293018
398	-0.004674	1.106568	0.007681	-0.293018
399	-0.004674	1.106568	0.007681	-0.293018
400	-0.004674	1.106568	0.007681	-0.293018
401	-0.004674	1.106568	0.007681	-0.293018
402	-0.004674	1.106568	0.007681	-0.293018
403	-0.004674	1.106568	0.007681	-0.293018
404	-0.004674	1.106568	0.007681	-0.293018
405	-0.004674	1.106568	0.007681	-0.293018
406	-0.004674	1.106568	0.007681	-0.293018
407	-0.004674	1.106568	0.007681	-0.293018
408	-0.004674	1.106568	0.007681	-0.293018
409	-0.004674	1.106568	0.007681	-0.293018
410	-0.004674	1.106568	0.007681	-0.293018
411	-0.004674	1.106568	0.007681	-0.293018
412	-0.004674	1.106568	0.007681	-0.293018
413	-0.004674	1.106568	0.007681	-0.293018
414	-0.004674	1.106568	0.007681	-0.293018
415	-0.004674	1.106568	0.007681	-0.293018
416	-0.004674	1.106568	0.007681	-0.293018
417	-0.004674	1.106568	0.007681	-0.293018
418	-0.004674	1.106568	0.007681	-0.293018
419	-0.004674	1.106568	0.007681	-0.293018
420	-0.004674	1.106568	0.007681	-0.293018
421	-0.004674	1.106568	0.007681	-0.293018
422	-0.004674	1.106568	0.007681	-0.293018
423	-0.004674	1.106568	0.007681	-0.293018
424	-0.004674	1.106568	0.007681	-0.293018
425	-0.004674	1.106568	0.007681	-0.293018
426	-0.004674	1.106568	0.007681	-0.293018
427	-0.004674	1.106568	0.007681	-0.293018
428	-0.004674	1.106568	0.007681	-0.293018
429	-0.004674	1.106568	0.007681	-0.293018
430	-0.004674	1.106568	0.007681	-0.293018
431	-0.004674	1.106568	0.007681	-0.293018
432	-0.004674	1.106568	0.007681	-0.293018
433	-0.004674	1.106568	0.007681	-0.293018
434	-0.004674	1.106568	0.007681	-0.293018
435	-0.004674	1.106568	0.007681	-0.293018
436	-0.004674	1.106568	0.007681	-0.293018
437	-0.004674	1.106568	0.007681	-0.293018
438	-0.004674	1.106568	0.007681	-0.293018
439	-0.004674	1.106568	0.007681	-0.293018
440	-0.004674	1.106568	0.007681	-0.293018
441	-0.004674	1.106568	0.007681	-0.293018
442	-0.004674	1.106568	0.007681	-0.293018
443	-0.004674	1.106568	0.007681	-0.293018
444	-0.004674	1.106568	0.007681	-0.293018
445	-0.004674	1.106568	0.007681	-0.293018
446	-0.004674	1.106568	0.007681	-0.293018
447	-0.004674	1.106568	0.007681	-0.293018
448	-0.004674	1.106568	0.007681	-0.293018
449	-0.004674	1.106568	0.007681	-0.293018
450	-0.004674	1.106568	0.007681	-0.293018
451	-0.004674	1.106568	0.007681	-0.293018
452	-0.004674	1.106568	0.007681	-0.293018
453	-0.004674	1.106568	0.007681	-0.293018
454	-0.004674	1.106568	0.007681	-0.293018
455	-0.004674	1.106568	0.007681	-0.293018
456	-0.004674	1.106568	0.007681	-0.293018
457	-0.004674	1.106568	0.007681	-0.293018
458	-0.004674	1.106568	0.007681	-0.293018
459	-0.004674	1.106568	0.007681	-0.293018
460	-0.004674	1.106568	0.007681	-0.293018
461	-0.004674	1.106568	0.007681	-0.293018
462	-0.004674	1.106568	0.007681	-0.293018
463	-0.004674	1.106568	0.007681	-0.293018
464	-0.004674	1.106568	0.007681	-0.293018
465	-0.004674	1.106568	0.007681	-0.293018
466	-0.004674	1.106568	0.007681	-0.293018
467	-0.004674	1.106568	0.007681	-0.293018
468	-0.004674	1.106568	0.007681	-0.293018
469	-0.004674	1.106568	0.007681	-0.293018
470	-0.004674	1.106568	0.007681	-0.293018
471	-0.004674	1.106568	0.007681	-0.293018
472	-0.004674	1.106568	0.007681	-0.293018
473	-0.004674	1.106568	0.007681	-0.293018
474	-0.004674	1.106568	0.007681	-0.293018
475	-0.004674	1.106568	0.007681	-0.293018
476	-0.004674	1.106568	0.007681	-0.293018
477	-0.004674	1.106568	0.007681	-0.293018
478	-0.004674	1.106568	0.007681	-0.293018
479	-0.004674	1.106568	0.007681	-0.293018
480	-0.004674	1.106568	0.007681	-0.293018
481	-0.004674	1.106568	0.007681	-0.293018
482	-0.004674	1.106568	0.007681	-0.293018
483	-0.004674	1.106568	0.007681	-0.293018
484	-0.004674	1.106568	0.007681	-0.293018
485	-0.004674	1.106568	0.007681	-0.293018
486	-0.004674	1.106568	0.007681	-0.293018
487	-0.004674	1.106568	0.007681	-0.293018
488	-0.004674	1.106568	0.007681	-0.293018
489	-0.004674	1.106568	0.007681	-0.293018
490	-0.004674	1.106568	0.007681	-0.293018
491	-0.004674	1.106568	0.007681	-0.293018
492	-0.004674	1.106568	0.007681	-0.293018
493	-0.004674	1.106568	0.007681	-0.293018
494	-0.004674	1.106568	0.007681	-0.293018
495	-0.004674	1.106568	0.007681	-0.293018
496	-0.004674	1.106568	0.007681	-0.293018
497	-0.004674	1.106568	0.007681	-0.293018
498	-0.004674	1.106568	0.007681	-0.293018
499	-0.004674	1.106568	0.007681	-0.293018
500	-0.004674	1.106568	0.007681	-0.293018
501	-0.004674	1.106568	0.007681	-0.293018
502	-0.004674	1.106568	0.007681	-0.293018
503	-0.004674	1.106568	0.007681	-0.293018
504	-0.004674	1.106568	0.007681	-0.293018
505	-0.004674	1.106568	0.007681	-0.293018
506	-0.004674	1.106568	0.007681	-0.293018
507	-0.004674	1.106568	0.007681	-0.293018
508	-0.004674	1.106568	0.007681	-0.293018
509	-0.004674	1.106568	0.007681	-0.293018
510	-0.004674	1.106568	0.007681	-0.293018
511	-0.004674	1.106568	0.007681	-0.293018
512	-0.004674	1.106568	0.007681	-0.293018
513	-0.004674	1.106568	0.007681	-0.293018
514	-0.004674	1.106568	0.007681	-0.293018
515	-0.004674	1.106568	0.007681	-0.293018
516	-0.004674	1.106568	0.007681	-0.293018
517	-0.004674	1.106568	0.007681	-0.293018
518	-0.004674	1.106568	0.007681	-0.293018
519	-0.004674	1.106568	0.007681	-0.293018
520	-0.004674	1.106568	0.007681	-0.293018
521	-0.004674	1.106568	0.007681	-0.293018
522	-0.004674	1.106568	0.007681	-0.293018
523	-0.004674	1.106568	0.007681	-0.293018
524	-0.004674	1.106568	0.007681	-0.293018
525	-0.004674	1.106568	0.007681	-0.293018
526	-0.004674	1.106568	0.007681	-0.293018
527	-0.004674	1.106568	0.007681	-0.293018
528	-0.004674	1.106568	0.007681	-0.293018
529	-0.004674	1.106568	0.007681	-0.293018
530	-0.004674	1.106568	0.007681	-0.293018
531	-0.004674	1.106568	0.007681	-0.293018
532	-0.004674	1.106568	0.007681	-0.293018
533	-0.004674	1.106568	0.007681	-0.293018
534	-0.004674	1.106568	0.007681	-0.293018
535	-0.004674	1.106568	0.007681	-0.293018
536	-0.004674	1.106568	0.007681	-0.293018
537	-0.004674	1.106568	0.007681	-0.293018
538	-0.004674	1.106568	0.007681	-0.293018
539	-0.004674	1.106568	0.007681	-0.293018
540	-0.004674	1.106568	0.007681	-0.293018
541	-0.004674	1.106568	0.007681	-0.293018
542	-0.004674	1.106568	0.007681	-0.293018
543	-0.004674	1.106568	0.007681	-0.293018
544	-0.004674	1.106568	0.007681	-0.293018
545	-0.004674	1.106568	0.007681	-0.293018
546	-0.004674	1.106568	0.007681	-0.293018
547	-0.004674	1.106568	0.007681	-0.293018
548	-0.004674	1.106568	0.007681	-0.293018
549	-0.004674	1.106568	0.007681	-0.293018
550	-0.004674	1.106568	0.007681	-0.293018
551	-0.004674	1.106568	0.007681	-0.293018
552	-0.004674	1.106568	0.007681	-0.293018
553	-0.004674	1.106568	0.007681	-0.293018
554	-0.004674	1.106568	0.007681	-0.293018
555	-0.004674	1.106568	0.007681	-0.293018
556	-0.004674	1.106568	0.007681	-0.293018
557	-0.004674	1.106568	0.007681	-0.293018
558	-0.004674	1.106568	0.007681	-0.293018
559	-0.004674	1.106568	0.007681	-0.293018
560	-0.004674	1.106568	0.007681	-0.293018
561	-0.004674	1.106568	0.007681	-0.293018
562	-0.004674	1.106568	0.007681	-0.293018
563	-0.004674	1.106568	0.007681	-0.293018
564	-0.004674	1.106568	0.007681	-0.293018
565	-0.004674	1.106568	0.007681	-0.293018
566	-0.004674	1.106568	0.007681	-0.293018
567	-0.004674	1.106568	0.007681	-0.293018
568	-0.004674	1.106568	0.007681	-0.293018
569	-0.004674	1.106568	0.007681	-0.293018
570	-0.004674	1.106568	0.007681	-0.293018
571	-0.004674	1.106568	0.007681	-0.293018
572	-0.004674	1.106568	0.007681	-0.293018
573	-0.004674	1.106568	0.007681	-0.293018
574	-0.004674	1.106568	0.007681	-0.293018
575	-0.004674	1.106568	0.007681	-0.293018
576	-0.004674	1.106568	0.007681	-0.293018
577	-0.004674	1.106568	0.007681	-0.293018
578	-0.004674	1.106568	0.007681	-0.293018
579	-0.004674	1.106568	0.007681	-0.293018
580	-0.004674	1.106568	0.007681	-0.293018
581	-0.004674	1.106568	0.007681	-0.293018
582	-0.004674	1.106568	0.007681	-0.293018
583	-0.004674	1.106568	0.007681	-0.293018
584	-0.004674	1.106568	0.007681	-0.293018
585	-0.004674	1.106568	0.007681	-0.293018
586	-0.004674	1.106568	0.007681	-0.293018
587	-0.004674	1.106568	0.007681	-0.293018
588	-0.004674	1.106568	0.007681	-0.293018
589	-0.004674	1.106568	0.007681	-0.293018
590	-0.004674	1.106568	0.007681	-0.293018
591	-0.004674	1.106568	0.007681	-0.293018
592	-0.004674	1.106568	0.007681	-0.293018
593	-0.004674	1.106568	0.007681	-0.293018
594	-0.004674	1.106568	0.007681	-0.293018
595	-0.004674	1.106568	0.007681	-0.293018
596	-0.004674	1.106568	0.007681	-0.293018
597	-0.004674	1.106568	0.007681	-0.293018
598	-0.004674	1.106568	0.007681	-0.293018
599	-0.004674	1.106568	0.007681	-0.293018
600	-0.004674	1.106568	0.007681	-0.293018
601	-0.004674	1.106568	0.007681	-0.293018
602	-0.004674	1.106568	0.007681	-0.293018
603	-0.004674	1.106568	0.007681	-0.293018
604	-0.004674	1.106568	0.007681	-0.293018
605	-0.004674	1.106568	0.007681	-0.293018
606	-0.004674	1.106568	0.007681	-0.293018
607	-0.004674	1.106568	0.007681	-0.293018
608	-0.004674	1.106568	0.007681	-0.293018
609	-0.004674	1.106568	0.007681	-0.293018
610	-0.004674	1.106568	0.007681	-0.293018
611	-0.004674	1.106568	0.007681	-0.293018
612	-0.004674	1.106568	0.007681	-0.293018
613	-0.004674	1.106568	0.007681	-0.293018
614	-0.004674	1.106568	0.007681	-0.293018
615	-0.004674	1.106568	0.007681	-0.293018
616	-0.004674	1.106568	0.007681	-0.293018
617	-0.004674	1.106568	0.007681	-0.293018
618	-0.004674	1.106568	0.007681	-0.293018
619	-0.004674	1.106568	0.007681	-0.293018
620	-0.004674	1.106568	0.007681	-0.293018
621	-0.004674	1.106568	0.007681	-0.293018
622	-0.004674	1.106568	0.007681	-0.293018
623	-0.004674	1.106568	0.007681	-0.293018
624	-0.004674	1.106568	0.007681	-0.293018
625	-0.004674	1.106568	0.007681	-0.293018
626	-0.004674	1.106568	0.007681	-0.293018
627	-0.004674	1.106568	0.007681	-0.293018
628	-0.004674	1.106568	0.007681	-0.293018
629	-0.004674	1.106568	0.007681	-0.293018
630	-0.004674	1.106568	0.007681	-0.293018
631	-0.004674	1.106568	0.007681	-0.293018
632	-0.004674	1.106568	0.007681	-0.293018
633	-0.004674	1.106568	0.007681	-0.293018
634	-0.004674	1.106568	0.007681	-0.293018
635	-0.004674	1.106568	0.007681	-0.293018
636	-0.004674	1.106568	0.007681	-0.293018
637	-0.004674	1.106568	0.007681	-0.293018
638	-0.004674	1.106568	0.007681	-0.293018
639	-0.004674	1.106568	0.007681	-0.293018
640	-0.004674	1.106568	0.007681	-0.293018
641	-0.004674	1.106568	0.007681	-0.293018
642	-0.004674	1.106568	0.007681	-0.293018
643	-0.004674	1.106568	0.007681	-0.293018
644	-0.004674	1.106568	0.007681	-0.293018
645	-0.004674	1.106568	0.007681	-0.293018
646	-0.004674	1.106568	0.007681	-0.293018
647	-0.004674	1.106568	0.007681	-0.293018
648	-0.004674	1.106568	0.007681	-0.293018
649	-0.004674	1.106568	0.007681	-0.293018
650	-0.004674	1.106568	0.007681	-0.293018
651	-0.004674	1.106568	0.007681	-0.293018
652	-0.004674	1.106568	0.007681	-0.293018
653	-0.004674	1.106568	0.007681	-0.293018
654	-0.004674	1.106568	0.007681	-0.293018
655	-0.004674	1.106568	0.007681	-0.293018
656	-0.004674	1.106568	0.007681	-0.293018
657	-0.004674	1.106568	0.007681	-0.293018
658	-0.004674	1.106568	0.007681	-0.293018
659	-0.004674	1.106568	0.007681	-0.293018
660	-0.004674	1.106568	0.007681	-0.293018
661	-0.004674	1.106568	0.007681	-0.293018
662	-0.004674	1.106568	0.007681	-0.293018
663	-0.004674	1.106568	0.007681	-0.293018
664	-0.004674	1.106568	0.007681	-0.293018
665	-0.004674	1.106568	0.007681	-0.293018
666	-0.004674	1.106568	0.007681	-0.293018
667	-0.004674	1.106568	0.007681	-0.293018
668	-0.004674	1.106568	0.007681	-0.293018
669	-0.004674	1.106568	0.007681	-0.293018
670	-0.004674	1.106568	0.007681	-0.293018
671	-0.004674	1.106568	0.007681	-0.293018
672	-0.004674	1.106568	0.007681	-0.293018
673	-0.004674	1.106568	0.007681	-0.293018
674	-0.004674	1.106568	0.007681	-0.293018
675	-0.004674	1.106568	0.007681	-0.293018
676	-0.004674	1.106568	0.007681	-0.293018
677	-0.004674	1.106568	0.007681	-0.293018
678	-0.004674	1.106568	0.007681	-0.293018
679	-0.004674	1.106568	0.007681	-0.293018
680	-0.004674	1.106568	0.007681	-0.293018
681	-0.004674	1.106568	0.007681	-0.293018
682	-0.004674	1.106568	0.007681	-0.293018
683	-0.004674	1.106568	0.007681	-0.293018
684	-0.004674	1.106568	0.007681	-0.293018
685	-0.004674	1.106568	0.007681	-0.293018
686	-0.004674	1.106568	0.007681	-0.293018
687	-0.004674	1.106568	0.007681	-0.293018
688	-0.004674	1.106568	0.007681	-0.293018
689	-0.004674	1.106568	0.007681	-0.293018
