0	-0.005	-0.012	0.786	0.0
1	-0.005	-0.011	0.784	0.2
2	-0.003	-0.014	0.785	0.4
3	-0.006	-0.013	0.792	0.6
4	-0.007	-0.013	0.783	0.8
5	-0.004	-0.013	0.782	1.0
6	-0.004	-0.014	0.785	1.2
7	-0.004	-0.015	0.786	1.4
8	-0.005	-0.013	0.786	1.6
9	-0.004	-0.013	0.787	1.8
10	-0.006	-0.012	0.786	2.0
11	-0.003	-0.013	0.787	2.2
12	-0.005	-0.017	0.785	2.4
13	-0.005	-0.015	0.783	2.6
14	-0.005	-0.011	0.788	2.8
15	-0.004	-0.012	0.792	3.0
16	-0.008	-0.014	0.780	3.2
17	-0.005	-0.015	0.786	3.4
18	-0.005	-0.012	0.785	3.6
19	-0.002	-0.013	0.790	3.8
20	-0.003	-0.014	0.778	4.0
21	-0.005	-0.014	0.792	4.2
22	-0.006	-0.012	0.787	4.4
23	-0.004	-0.014	0.787	4.6
24	-0.003	-0.014	0.783	4.8
25	-0.005	-0.014	0.788	5.0
26	-0.003	-0.012	0.787	5.2
27	-0.002	-0.013	0.777	5.4
28	-0.003	-0.012	0.787	5.6
29	-0.003	-0.011	0.788	5.8
30	-0.005	-0.012	0.787	6.0
31	-0.005	-0.013	0.780	6.2
32	-0.003	-0.013	0.789	6.4
33	-0.006	-0.014	0.789	6.6
34	-0.004	-0.012	0.791	6.8
35	-0.004	-0.013	0.783	7.0
36	-0.007	-0.014	0.787	7.2
37	-0.006	-0.013	0.782	7.4
38	-0.003	-0.015	0.778	7.6
39	-0.006	-0.016	0.780	7.8
40	-0.006	-0.014	0.786	8.0
41	-0.005	-0.011	0.785	8.2
42	-0.005	-0.012	0.789	8.4
43	-0.006	-0.013	0.785	8.6
44	-0.005	-0.013	0.782	8.8
45	-0.004	-0.013	0.790	9.0
46	-0.003	-0.013	0.787	9.2
47	-0.005	-0.012	0.782	9.4
48	-0.005	-0.017	0.787	9.6
49	-0.004	-0.015	0.788	9.8
50	-0.003	-0.013	0.779	10.0
51	-0.005	-0.011	0.784	10.2
52	-0.005	-0.014	0.785	10.4
53	-0.007	-0.013	0.788	10.6
54	-0.004	-0.014	0.780	10.8
55	-0.003	-0.015	0.780	11.0
56	-0.004	-0.013	0.783	11.2
57	-0.007	-0.010	0.780	11.4
58	-0.008	-0.011	0.782	11.6
59	-0.006	-0.015	0.790	11.8
60	-0.005	-0.014	0.785	12.0
61	-0.005	-0.013	0.779	12.2
62	-0.007	-0.014	0.782	12.4
63	-0.006	-0.015	0.786	12.6
64	-0.005	-0.017	0.784	12.8
65	-0.006	-0.016	0.785	13.0
66	-0.005	-0.015	0.790	13.2
67	-0.007	-0.014	0.788	13.4
68	-0.005	-0.015	0.786	13.6
69	-0.006	-0.014	0.784	13.8
70	-0.004	-0.015	0.784	14.0
71	-0.005	-0.015	0.793	14.2
72	-0.004	-0.015	0.783	14.4
73	-0.006	-0.017	0.782	14.6
74	-0.005	-0.015	0.789	14.8
75	-0.005	-0.015	0.788	15.0
76	-0.007	-0.014	0.784	15.2
77	-0.004	-0.017	0.786	15.4
78	-0.005	-0.015	0.794	15.6
79	-0.007	-0.017	0.787	15.8
80	-0.004	-0.015	0.786	16.0
81	-0.007	-0.014	0.790	16.2
82	-0.006	-0.016	0.787	16.4
83	-0.006	-0.018	0.788	16.6
84	-0.005	-0.018	0.791	16.8
85	-0.005	-0.019	0.792	17.0
86	-0.007	-0.018	0.788	17.2
87	-0.006	-0.017	0.785	17.4
88	-0.005	-0.014	0.789	17.6
89	-0.006	-0.017	0.789	17.8
90	-0.007	-0.015	0.786	18.0
91	-0.005	-0.020	0.787	18.2
92	-0.005	-0.016	0.783	18.4
93	-0.004	-0.017	0.779	18.6
94	-0.003	-0.016	0.788	18.8
95	-0.006	-0.019	0.790	19.0
96	-0.005	-0.017	0.789	19.2
97	-0.006	-0.017	0.783	19.4
98	-0.006	-0.017	0.779	19.6
99	-0.006	-0.018	0.787	19.8
100	-0.004	-0.018	0.792	20.0
101	-0.004	-0.016	0.777	20.2
102	-0.003	-0.017	0.780	20.4
103	-0.005	-0.017	0.787	20.6
104	-0.006	-0.017	0.790	20.8
105	-0.007	-0.015	0.778	21.0
106	-0.007	-0.015	0.787	21.2
107	-0.005	-0.018	0.783	21.4
108	-0.005	-0.017	0.788	21.6
109	-0.007	-0.017	0.789	21.8
110	-0.007	-0.017	0.788	22.0
111	-0.008	-0.018	0.785	22.2
112	-0.007	-0.017	0.779	22.4
113	-0.007	-0.017	0.783	22.6
114	-0.006	-0.017	0.788	22.8
115	-0.005	-0.018	0.782	23.0
116	-0.007	-0.019	0.785	23.2
117	-0.007	-0.017	0.789	23.4
118	-0.007	-0.019	0.782	23.6
119	-0.008	-0.015	0.778	23.8
120	-0.006	-0.017	0.786	24.0
121	-0.004	-0.019	0.789	24.2
122	-0.008	-0.018	0.781	24.4
123	-0.006	-0.018	0.785	24.6
124	-0.006	-0.017	0.785	24.8
125	-0.007	-0.018	0.783	25.0
126	-0.007	-0.019	0.782	25.2
127	-0.005	-0.016	0.788	25.4
128	-0.007	-0.017	0.783	25.6
129	-0.006	-0.016	0.782	25.8
130	-0.005	-0.018	0.786	26.0
131	-0.007	-0.016	0.791	26.2
132	-0.005	-0.019	0.784	26.4
133	-0.007	-0.017	0.785	26.6
134	-0.006	-0.018	0.784	26.8
135	-0.006	-0.019	0.782	27.0
136	-0.008	-0.017	0.781	27.2
137	-0.007	-0.019	0.786	27.4
138	-0.006	-0.017	0.781	27.6
139	-0.006	-0.017	0.786	27.8
140	-0.005	-0.018	0.790	28.0
141	-0.008	-0.016	0.787	28.2
142	-0.006	-0.018	0.784	28.4
143	-0.005	-0.016	0.784	28.6
144	-0.005	-0.017	0.780	28.8
145	-0.005	-0.017	0.786	29.0
146	-0.008	-0.019	0.787	29.2
147	-0.004	-0.017	0.786	29.4
148	-0.006	-0.017	0.786	29.6
149	-0.006	-0.019	0.784	29.8
150	-0.005	-0.019	0.778	30.0
151	-0.005	-0.017	0.779	30.2
152	-0.007	-0.019	0.790	30.4
153	-0.007	-0.019	0.786	30.6
154	-0.007	-0.021	0.786	30.8
155	-0.007	-0.017	0.784	31.0
156	-0.007	-0.018	0.786	31.2
157	-0.009	-0.020	0.786	31.4
158	-0.008	-0.018	0.777	31.6
159	-0.008	-0.015	0.791	31.8
160	-0.007	-0.019	0.788	32.0
161	-0.009	-0.017	0.788	32.2
162	-0.009	-0.017	0.787	32.4
163	-0.009	-0.019	0.785	32.6
164	-0.009	-0.017	0.785	32.8
165	-0.011	-0.018	0.790	33.0
166	-0.009	-0.017	0.792	33.2
167	-0.009	-0.015	0.788	33.4
168	-0.009	-0.017	0.786	33.6
169	-0.011	-0.017	0.790	33.8
170	-0.008	-0.015	0.787	34.0
171	-0.009	-0.015	0.788	34.2
172	-0.010	-0.015	0.790	34.4
173	-0.009	-0.015	0.792	34.6
174	-0.010	-0.014	0.786	34.8
175	-0.010	-0.017	0.786	35.0
176	-0.010	-0.018	0.789	35.2
177	-0.011	-0.018	0.789	35.4
178	-0.009	-0.017	0.790	35.6
179	-0.009	-0.018	0.790	35.8
180	-0.008	-0.018	0.787	36.0
181	-0.006	-0.019	0.783	36.2
182	-0.007	-0.017	0.788	36.4
183	-0.009	-0.017	0.785	36.6
184	-0.008	-0.018	0.779	36.8
185	-0.009	-0.018	0.790	37.0
186	-0.009	-0.018	0.794	37.2
187	-0.009	-0.018	0.779	37.4
188	-0.010	-0.018	0.782	37.6
189	-0.009	-0.018	0.787	37.8
190	-0.010	-0.018	0.788	38.0
191	-0.008	-0.018	0.785	38.2
192	-0.007	-0.018	0.779	38.4
193	-0.008	-0.019	0.790	38.6
194	-0.008	-0.015	0.790	38.8
195	-0.008	-0.016	0.788	39.0
196	-0.006	-0.018	0.780	39.2
197	-0.007	-0.017	0.786	39.4
198	-0.011	-0.018	0.791	39.6
199	-0.008	-0.018	0.787	39.8
200	-0.007	-0.022	0.783	40.0
201	-0.009	-0.019	0.785	40.2
202	-0.009	-0.017	0.783	40.4
203	-0.008	-0.018	0.783	40.6
204	-0.007	-0.017	0.786	40.8
205	-0.009	-0.019	0.796	41.0
206	-0.006	-0.017	0.784	41.2
207	-0.008	-0.018	0.782	41.4
208	-0.005	-0.019	0.789	41.6
209	-0.009	-0.016	0.790	41.8
210	-0.009	-0.017	0.790	42.0
211	-0.006	-0.018	0.791	42.2
212	-0.007	-0.022	0.786	42.4
213	-0.008	-0.018	0.782	42.6
214	-0.008	-0.020	0.778	42.8
215	-0.006	-0.019	0.789	43.0
216	-0.007	-0.020	0.787	43.2
217	-0.006	-0.018	0.787	43.4
218	-0.007	-0.020	0.784	43.6
219	-0.008	-0.019	0.787	43.8
220	-0.007	-0.018	0.790	44.0
221	-0.005	-0.019	0.784	44.2
222	-0.005	-0.019	0.788	44.4
223	-0.009	-0.019	0.788	44.6
224	-0.006	-0.016	0.791	44.8
225	-0.007	-0.019	0.788	45.0
226	-0.005	-0.018	0.788	45.2
227	-0.007	-0.018	0.786	45.4
228	-0.009	-0.021	0.787	45.6
229	-0.005	-0.019	0.793	45.8
230	-0.008	-0.017	0.790	46.0
231	-0.009	-0.017	0.783	46.2
232	-0.008	-0.020	0.786	46.4
233	-0.007	-0.017	0.795	46.6
234	-0.007	-0.018	0.793	46.8
235	-0.007	-0.017	0.782	47.0
236	-0.007	-0.020	0.788	47.2
237	-0.008	-0.017	0.794	47.4
238	-0.009	-0.018	0.794	47.6
239	-0.009	-0.018	0.789	47.8
240	-0.009	-0.017	0.791	48.0
241	-0.008	-0.018	0.793	48.2
242	-0.008	-0.019	0.791	48.4
243	-0.007	-0.017	0.788	48.6
244	-0.007	-0.018	0.792	48.8
245	-0.008	-0.018	0.792	49.0
246	-0.008	-0.021	0.791	49.2
247	-0.008	-0.017	0.787	49.4
248	-0.007	-0.018	0.788	49.6
249	-0.006	-0.017	0.792	49.8
250	-0.007	-0.018	0.796	50.0
251	-0.007	-0.019	0.792	50.2
252	-0.009	-0.020	0.785	50.4
253	-0.008	-0.019	0.787	50.6
254	-0.008	-0.019	0.794	50.8
255	-0.006	-0.020	0.795	51.0
256	-0.007	-0.019	0.787	51.2
257	-0.006	-0.017	0.781	51.4
258	-0.007	-0.019	0.783	51.6
259	-0.007	-0.019	0.788	51.8
260	-0.008	-0.019	0.787	52.0
261	-0.008	-0.018	0.790	52.2
262	-0.009	-0.018	0.785	52.4
263	-0.006	-0.019	0.785	52.6
264	-0.006	-0.018	0.785	52.8
265	-0.006	-0.017	0.783	53.0
266	-0.007	-0.017	0.791	53.2
267	-0.007	-0.018	0.788	53.4
268	-0.007	-0.021	0.787	53.6
269	-0.006	-0.017	0.790	53.8
270	-0.007	-0.020	0.783	54.0
271	-0.007	-0.018	0.779	54.2
272	-0.006	-0.017	0.790	54.4
273	-0.007	-0.021	0.790	54.6
274	-0.006	-0.019	0.776	54.8
275	-0.006	-0.016	0.785	55.0
276	-0.008	-0.018	0.790	55.2
277	-0.009	-0.017	0.790	55.4
278	-0.009	-0.019	0.782	55.6
279	-0.005	-0.020	0.784	55.8
280	-0.006	-0.019	0.791	56.0
281	-0.009	-0.018	0.790	56.2
282	-0.007	-0.018	0.785	56.4
283	-0.007	-0.019	0.785	56.6
284	-0.009	-0.019	0.786	56.8
285	-0.008	-0.017	0.789	57.0
286	-0.008	-0.019	0.791	57.2
287	-0.008	-0.018	0.786	57.4
288	-0.007	-0.020	0.782	57.6
289	-0.006	-0.021	0.786	57.8
290	-0.006	-0.018	0.790	58.0
291	-0.009	-0.020	0.787	58.2
292	-0.007	-0.018	0.784	58.4
293	-0.007	-0.019	0.789	58.6
294	-0.007	-0.020	0.792	58.8
295	-0.007	-0.019	0.792	59.0
296	-0.007	-0.020	0.786	59.2
297	-0.007	-0.018	0.786	59.4
298	-0.008	-0.018	0.790	59.6
299	-0.009	-0.021	0.790	59.8
300	-0.008	-0.018	0.784	60.0
301	-0.007	-0.018	0.789	60.2
302	-0.007	-0.020	0.788	60.4
303	-0.007	-0.018	0.794	60.6
304	-0.010	-0.018	0.788	60.8
305	-0.007	-0.021	0.793	61.0
306	-0.007	-0.018	0.787	61.2
307	-0.008	-0.018	0.789	61.4
308	-0.007	-0.018	0.789	61.6
309	-0.006	-0.018	0.784	61.8
310	-0.006	-0.017	0.786	62.0
311	-0.009	-0.018	0.795	62.2
312	-0.009	-0.018	0.788	62.4
313	-0.007	-0.018	0.785	62.6
314	-0.007	-0.019	0.786	62.8
315	-0.010	-0.018	0.783	63.0
316	-0.009	-0.017	0.784	63.2
317	-0.011	-0.017	0.788	63.4
318	-0.008	-0.016	0.785	63.6
319	-0.009	-0.020	0.780	63.8
320	-0.009	-0.018	0.789	64.0
321	-0.008	-0.017	0.787	64.2
322	-0.009	-0.018	0.778	64.4
323	-0.009	-0.018	0.786	64.6
324	-0.010	-0.021	0.788	64.8
325	-0.007	-0.019	0.785	65.0
326	-0.010	-0.018	0.784	65.2
327	-0.008	-0.020	0.787	65.4
328	-0.009	-0.018	0.788	65.6
329	-0.007	-0.019	0.787	65.8
330	-0.007	-0.019	0.787	66.0
331	-0.007	-0.016	0.791	66.2
332	-0.009	-0.019	0.790	66.4
333	-0.009	-0.019	0.786	66.6
334	-0.008	-0.016	0.790	66.8
335	-0.007	-0.021	0.786	67.0
336	-0.011	-0.019	0.787	67.2
337	-0.009	-0.018	0.787	67.4
338	-0.009	-0.017	0.797	67.6
339	-0.009	-0.019	0.788	67.8
340	-0.007	-0.019	0.783	68.0
341	-0.009	-0.019	0.786	68.2
342	-0.009	-0.018	0.789	68.4
343	-0.009	-0.019	0.791	68.6
344	-0.009	-0.019	0.787	68.8
345	-0.008	-0.016	0.786	69.0
346	-0.008	-0.019	0.783	69.2
347	-0.011	-0.017	0.789	69.4
348	-0.009	-0.016	0.788	69.6
349	-0.009	-0.019	0.785	69.8
350	-0.010	-0.018	0.788	70.0
351	-0.008	-0.021	0.786	70.2
352	-0.007	-0.017	0.784	70.4
353	-0.007	-0.017	0.786	70.6
354	-0.006	-0.019	0.788	70.8
355	-0.009	-0.018	0.788	71.0
356	-0.009	-0.017	0.791	71.2
357	-0.008	-0.018	0.785	71.4
358	-0.007	-0.019	0.790	71.6
359	-0.007	-0.017	0.787	71.8
360	-0.008	-0.018	0.778	72.0
361	-0.009	-0.019	0.781	72.2
362	-0.010	-0.016	0.789	72.4
363	-0.007	-0.021	0.783	72.6
364	-0.007	-0.018	0.783	72.8
365	-0.007	-0.018	0.786	73.0
366	-0.009	-0.021	0.786	73.2
367	-0.009	-0.016	0.776	73.4
368	-0.008	-0.018	0.788	73.6
369	-0.008	-0.015	0.787	73.8
370	-0.009	-0.016	0.785	74.0
371	-0.006	-0.020	0.786	74.2
372	-0.007	-0.017	0.786	74.4
373	-0.007	-0.018	0.783	74.6
374	-0.009	-0.020	0.788	74.8
375	-0.007	-0.018	0.787	75.0
376	-0.009	-0.019	0.790	75.2
377	-0.006	-0.019	0.783	75.4
378	-0.007	-0.017	0.785	75.6
379	-0.007	-0.019	0.786	75.8
380	-0.010	-0.018	0.788	76.0
381	-0.009	-0.018	0.783	76.2
382	-0.009	-0.019	0.786	76.4
383	-0.007	-0.019	0.787	76.6
384	-0.007	-0.017	0.782	76.8
385	-0.009	-0.019	0.784	77.0
386	-0.010	-0.018	0.784	77.2
387	-0.010	-0.018	0.786	77.4
388	-0.009	-0.018	0.785	77.6
389	-0.009	-0.017	0.784	77.8
390	-0.007	-0.019	0.792	78.0
391	-0.008	-0.019	0.785	78.2
392	-0.006	-0.015	0.784	78.4
393	-0.007	-0.019	0.788	78.6
394	-0.010	-0.019	0.792	78.8
395	-0.008	-0.018	0.791	79.0
396	-0.009	-0.018	0.780	79.2
397	-0.008	-0.019	0.789	79.4
398	-0.008	-0.019	0.789	79.6
399	-0.009	-0.018	0.786	79.8
400	-0.009	-0.017	0.788	80.0
401	-0.007	-0.018	0.793	80.2
402	-0.009	-0.018	0.780	80.4
403	-0.007	-0.018	0.785	80.6
404	-0.007	-0.018	0.789	80.8
405	-0.009	-0.020	0.786	81.0
406	-0.005	-0.017	0.781	81.2
407	-0.010	-0.019	0.790	81.4
408	-0.006	-0.018	0.788	81.6
409	-0.009	-0.019	0.787	81.8
410	-0.008	-0.020	0.782	82.0
411	-0.007	-0.019	0.787	82.2
412	-0.009	-0.019	0.788	82.4
413	-0.006	-0.018	0.786	82.6
414	-0.009	-0.020	0.783	82.8
415	-0.007	-0.017	0.783	83.0
416	-0.009	-0.019	0.787	83.2
417	-0.005	-0.018	0.782	83.4
418	-0.009	-0.020	0.788	83.6
419	-0.009	-0.019	0.789	83.8
420	-0.009	-0.018	0.787	84.0
421	-0.007	-0.018	0.789	84.2
422	-0.006	-0.017	0.788	84.4
423	-0.007	-0.020	0.789	84.6
424	-0.007	-0.018	0.792	84.8
425	-0.005	-0.019	0.791	85.0
426	-0.008	-0.019	0.792	85.2
427	-0.007	-0.015	0.781	85.4
428	-0.006	-0.018	0.790	85.6
429	-0.008	-0.020	0.784	85.8
430	-0.007	-0.018	0.786	86.0
431	-0.007	-0.017	0.786	86.2
432	-0.006	-0.021	0.782	86.4
433	-0.009	-0.017	0.788	86.6
434	-0.010	-0.018	0.782	86.8
435	-0.007	-0.019	0.782	87.0
436	-0.005	-0.019	0.786	87.2
437	-0.007	-0.018	0.784	87.4
438	-0.006	-0.019	0.783	87.6
439	-0.007	-0.019	0.788	87.8
440	-0.007	-0.019	0.784	88.0
441	-0.008	-0.019	0.784	88.2
442	-0.007	-0.019	0.785	88.4
443	-0.007	-0.019	0.790	88.6
444	-0.007	-0.018	0.788	88.8
445	-0.008	-0.018	0.786	89.0
446	-0.006	-0.019	0.789	89.2
447	-0.007	-0.017	0.784	89.4
448	-0.005	-0.017	0.787	89.6
449	-0.008	-0.017	0.788	89.8
450	-0.006	-0.016	0.790	90.0
451	-0.009	-0.018	0.784	90.2
452	-0.007	-0.017	0.787	90.4
453	-0.007	-0.018	0.783	90.6
454	-0.009	-0.017	0.782	90.8
455	-0.009	-0.018	0.788	91.0
456	-0.007	-0.017	0.783	91.2
457	-0.006	-0.018	0.787	91.4
458	-0.009	-0.017	0.790	91.6
459	-0.009	-0.018	0.789	91.8
460	-0.008	-0.017	0.786	92.0
461	-0.008	-0.017	0.785	92.2
462	-0.008	-0.018	0.787	92.4
463	-0.007	-0.018	0.788	92.6
464	-0.010	-0.019	0.788	92.8
465	-0.007	-0.018	0.782	93.0
466	-0.009	-0.018	0.786	93.2
467	-0.009	-0.017	0.785	93.4
468	-0.008	-0.018	0.780	93.6
469	-0.008	-0.017	0.787	93.8
470	-0.007	-0.018	0.791	94.0
471	-0.009	-0.019	0.784	94.2
472	-0.008	-0.017	0.778	94.4
473	-0.008	-0.016	0.788	94.6
474	-0.009	-0.018	0.782	94.8
475	-0.009	-0.018	0.785	95.0
476	-0.009	-0.017	0.780	95.2
477	-0.007	-0.017	0.789	95.4
478	-0.005	-0.017	0.791	95.6
479	-0.005	-0.020	0.784	95.8
480	-0.010	-0.017	0.780	96.0
481	-0.009	-0.019	0.784	96.2
482	-0.008	-0.016	0.783	96.4
483	-0.008	-0.018	0.785	96.6
484	-0.008	-0.017	0.785	96.8
485	-0.007	-0.017	0.789	97.0
486	-0.008	-0.017	0.786	97.2
487	-0.009	-0.020	0.784	97.4
488	-0.009	-0.018	0.788	97.6
489	-0.009	-0.018	0.792	97.8
490	-0.008	-0.017	0.781	98.0
491	-0.008	-0.019	0.787	98.2
492	-0.008	-0.016	0.790	98.4
493	-0.007	-0.018	0.791	98.6
494	-0.009	-0.017	0.781	98.8
495	-0.008	-0.021	0.785	99.0
496	-0.007	-0.017	0.786	99.2
497	-0.009	-0.019	0.780	99.4
498	-0.009	-0.017	0.780	99.6
499	-0.009	-0.020	0.785	99.8
500	-0.008	-0.017	0.789	100.0
501	-0.010	-0.020	0.782	100.2
502	-0.009	-0.017	0.787	100.4
503	-0.009	-0.018	0.786	100.6
504	-0.009	-0.017	0.783	100.8
505	-0.008	-0.020	0.777	101.0
506	-0.009	-0.018	0.786	101.2
507	-0.009	-0.019	0.792	101.4
508	-0.009	-0.018	0.786	101.6
509	-0.008	-0.018	0.778	101.8
510	-0.008	-0.017	0.784	102.0
511	-0.009	-0.017	0.787	102.2
512	-0.007	-0.018	0.789	102.4
513	-0.009	-0.020	0.780	102.6
514	-0.008	-0.018	0.783	102.8
515	-0.008	-0.017	0.787	103.0
516	-0.008	-0.017	0.783	103.2
517	-0.008	-0.018	0.776	103.4
518	-0.009	-0.017	0.779	103.6
519	0.038	-0.256	1.177	103.8
520	0.041	-0.246	1.144	104.0
521	0.041	-0.238	1.129	104.2
522	0.037	-0.233	1.133	104.4
523	0.038	-0.226	1.126	104.6
524	0.036	-0.226	1.111	104.8
525	0.037	-0.226	1.119	105.0
526	0.037	-0.223	1.121	105.2
527	0.035	-0.219	1.105	105.4
528	0.037	-0.221	1.101	105.6
529	0.038	-0.217	1.107	105.8
530	0.036	-0.214	1.106	106.0
531	0.036	-0.215	1.098	106.2
532	0.036	-0.212	1.099	106.4
533	0.035	-0.213	1.101	106.6
534	0.036	-0.212	1.099	106.8
535	0.036	-0.212	1.092	107.0
536	0.037	-0.211	1.097	107.2
537	0.035	-0.209	1.093	107.4
538	0.035	-0.209	1.091	107.6
539	0.037	-0.209	1.089	107.8
540	0.037	-0.207	1.091	108.0
541	0.035	-0.206	1.088	108.2
542	0.034	-0.206	1.090	108.4
543	0.034	-0.207	1.085	108.6
544	0.034	-0.207	1.083	108.8
545	0.034	-0.203	1.094	109.0
546	0.034	-0.205	1.090	109.2
547	0.035	-0.203	1.076	109.4
548	0.033	-0.202	1.086	109.6
549	0.033	-0.203	1.092	109.8
550	0.033	-0.203	1.071	110.0
551	0.032	-0.203	1.075	110.2
552	0.033	-0.203	1.089	110.4
553	0.033	-0.199	1.082	110.6
554	0.030	-0.203	1.068	110.8
555	0.033	-0.201	1.077	111.0
556	0.032	-0.200	1.085	111.2
557	0.033	-0.200	1.077	111.4
558	0.033	-0.201	1.073	111.6
559	0.031	-0.200	1.082	111.8
560	0.032	-0.197	1.081	112.0
561	0.032	-0.199	1.068	112.2
562	0.035	-0.199	1.079	112.4
563	0.033	-0.199	1.080	112.6
564	0.030	-0.199	1.076	112.8
565	0.030	-0.198	1.066	113.0
566	0.032	-0.198	1.076	113.2
567	0.030	-0.197	1.078	113.4
568	0.032	-0.198	1.071	113.6
569	0.033	-0.195	1.070	113.8
570	0.031	-0.198	1.075	114.0
571	0.030	-0.195	1.072	114.2
572	0.032	-0.195	1.073	114.4
573	0.032	-0.197	1.073	114.6
574	0.032	-0.195	1.073	114.8
575	0.032	-0.198	1.065	115.0
576	0.030	-0.196	1.066	115.2
577	0.032	-0.194	1.074	115.4
578	0.031	-0.195	1.072	115.6
579	0.029	-0.195	1.069	115.8
580	0.032	-0.194	1.066	116.0
581	0.030	-0.196	1.074	116.2
582	0.030	-0.194	1.069	116.4
583	0.032	-0.196	1.060	116.6
584	0.030	-0.195	1.062	116.8
585	0.031	-0.194	1.079	117.0
586	0.030	-0.194	1.064	117.2
587	0.030	-0.193	1.057	117.4
588	0.032	-0.195	1.062	117.6
589	0.028	-0.192	1.070	117.8
590	0.030	-0.195	1.066	118.0
591	0.032	-0.193	1.057	118.2
592	0.030	-0.194	1.065	118.4
593	0.032	-0.194	1.069	118.6
594	0.030	-0.194	1.062	118.8
595	0.029	-0.195	1.064	119.0
596	0.031	-0.192	1.065	119.2
597	0.028	-0.193	1.065	119.4
598	0.030	-0.192	1.063	119.6
599	0.030	-0.194	1.060	119.8
600	0.029	-0.192	1.061	120.0
601	0.027	-0.193	1.065	120.2
602	0.032	-0.193	1.067	120.4
603	0.031	-0.194	1.065	120.6
604	0.029	-0.191	1.065	120.8
605	0.030	-0.191	1.060	121.0
606	0.029	-0.192	1.060	121.2
607	0.029	-0.193	1.066	121.4
608	0.031	-0.193	1.061	121.6
609	0.032	-0.192	1.061	121.8
610	0.030	-0.192	1.061	122.0
611	0.031	-0.194	1.061	122.2
612	0.030	-0.192	1.065	122.4
613	0.030	-0.191	1.065	122.6
614	0.030	-0.191	1.060	122.8
615	0.029	-0.192	1.065	123.0
616	0.029	-0.191	1.071	123.2
617	0.030	-0.190	1.059	123.4
618	0.029	-0.190	1.058	123.6
619	0.030	-0.191	1.065	123.8
620	0.030	-0.192	1.065	124.0
621	0.028	-0.190	1.062	124.2
622	0.030	-0.192	1.069	124.4
623	0.030	-0.190	1.060	124.6
624	0.032	-0.191	1.064	124.8
625	0.028	-0.189	1.061	125.0
626	0.029	-0.190	1.062	125.2
627	0.030	-0.191	1.065	125.4
628	0.030	-0.190	1.061	125.6
629	0.030	-0.189	1.064	125.8
630	0.029	-0.189	1.060	126.0
631	0.031	-0.190	1.057	126.2
632	0.029	-0.191	1.069	126.4
633	0.028	-0.192	1.061	126.6
634	0.028	-0.189	1.058	126.8
635	0.028	-0.189	1.061	127.0
636	0.030	-0.187	1.060	127.2
637	0.027	-0.190	1.058	127.4
638	0.028	-0.188	1.058	127.6
639	0.030	-0.190	1.058	127.8
640	0.028	-0.188	1.060	128.0
641	0.028	-0.188	1.061	128.2
642	0.028	-0.190	1.059	128.4
643	0.026	-0.187	1.059	128.6
644	0.026	-0.190	1.054	128.8
645	0.028	-0.187	1.061	129.0
646	0.026	-0.189	1.062	129.2
647	0.027	-0.191	1.060	129.4
648	0.026	-0.192	1.056	129.6
649	0.029	-0.188	1.064	129.8
650	0.026	-0.187	1.052	130.0
651	0.029	-0.187	1.062	130.2
652	0.027	-0.190	1.059	130.4
653	0.027	-0.190	1.058	130.6
654	0.026	-0.187	1.056	130.8
655	0.028	-0.189	1.062	131.0
656	0.026	-0.188	1.055	131.2
657	0.026	-0.188	1.058	131.4
658	0.027	-0.187	1.064	131.6
659	0.028	-0.189	1.058	131.8
660	0.026	-0.189	1.053	132.0
661	0.026	-0.187	1.061	132.2
662	0.025	-0.189	1.061	132.4
663	0.026	-0.190	1.058	132.6
664	0.027	-0.188	1.059	132.8
665	0.026	-0.187	1.058	133.0
666	0.028	-0.185	1.057	133.2
667	0.027	-0.189	1.060	133.4
668	0.026	-0.189	1.052	133.6
669	0.027	-0.189	1.060	133.8
670	0.024	-0.188	1.057	134.0
671	0.025	-0.188	1.058	134.2
672	0.025	-0.189	1.054	134.4
673	0.026	-0.188	1.054	134.6
674	0.027	-0.188	1.063	134.8
675	0.025	-0.189	1.055	135.0
676	0.026	-0.187	1.054	135.2
677	0.026	-0.187	1.057	135.4
678	0.023	-0.189	1.054	135.6
679	0.028	-0.189	1.060	135.8
680	0.025	-0.188	1.055	136.0
681	0.026	-0.186	1.057	136.2
682	0.026	-0.189	1.057	136.4
683	0.026	-0.188	1.053	136.6
684	0.026	-0.187	1.060	136.8
685	0.024	-0.187	1.058	137.0
686	0.027	-0.187	1.057	137.2
687	0.026	-0.187	1.052	137.4
688	0.025	-0.188	1.054	137.6
689	0.027	-0.187	1.059	137.8
690	0.023	-0.189	1.047	138.0
691	0.026	-0.187	1.055	138.2
692	0.027	-0.185	1.059	138.4
693	0.024	-0.188	1.048	138.6
694	0.026	-0.187	1.060	138.8
695	0.023	-0.190	1.056	139.0
696	0.027	-0.187	1.056	139.2
697	0.025	-0.187	1.059	139.4
698	0.025	-0.184	1.054	139.6
699	0.026	-0.190	1.058	139.8
700	0.025	-0.187	1.054	140.0
701	0.027	-0.186	1.054	140.2
702	0.026	-0.187	1.055	140.4
703	0.024	-0.188	1.054	140.6
704	0.027	-0.186	1.056	140.8
705	0.025	-0.187	1.057	141.0
706	0.026	-0.185	1.052	141.2
707	0.026	-0.187	1.056	141.4
708	0.024	-0.186	1.056	141.6
709	0.024	-0.187	1.061	141.8
710	0.025	-0.186	1.052	142.0
711	0.025	-0.188	1.050	142.2
712	0.028	-0.184	1.057	142.4
713	0.024	-0.186	1.052	142.6
714	0.026	-0.185	1.051	142.8
715	0.025	-0.186	1.055	143.0
716	0.024	-0.187	1.051	143.2
717	0.026	-0.185	1.052	143.4
718	0.025	-0.185	1.056	143.6
719	0.025	-0.185	1.046	143.8
720	0.025	-0.185	1.050	144.0
721	0.023	-0.185	1.055	144.2
722	0.027	-0.185	1.052	144.4
723	0.026	-0.186	1.051	144.6
724	0.023	-0.185	1.054	144.8
725	0.026	-0.186	1.048	145.0
726	0.025	-0.187	1.049	145.2
727	0.025	-0.186	1.056	145.4
728	0.025	-0.185	1.054	145.6
729	0.023	-0.185	1.056	145.8
730	0.025	-0.186	1.048	146.0
731	0.026	-0.184	1.058	146.2
732	0.024	-0.184	1.051	146.4
733	0.028	-0.186	1.053	146.6
734	0.022	-0.184	1.056	146.8
735	0.025	-0.183	1.048	147.0
736	0.025	-0.185	1.055	147.2
737	0.025	-0.184	1.048	147.4
738	0.025	-0.180	1.049	147.6
739	0.022	-0.183	1.051	147.8
740	0.023	-0.179	1.055	148.0
741	0.025	-0.183	1.056	148.2
742	0.023	-0.182	1.046	148.4
743	0.029	-0.180	1.054	148.6
744	0.024	-0.183	1.059	148.8
745	0.026	-0.181	1.045	149.0
746	0.026	-0.183	1.053	149.2
747	0.024	-0.182	1.052	149.4
748	0.028	-0.184	1.054	149.6
749	0.024	-0.180	1.055	149.8
750	0.025	-0.182	1.045	150.0
751	0.026	-0.184	1.053	150.2
752	0.024	-0.181	1.052	150.4
753	0.028	-0.181	1.054	150.6
754	0.025	-0.181	1.056	150.8
755	0.025	-0.181	1.048	151.0
756	0.025	-0.182	1.047	151.2
757	0.025	-0.181	1.049	151.4
758	0.026	-0.181	1.043	151.6
759	0.024	-0.181	1.056	151.8
760	0.023	-0.179	1.050	152.0
761	0.025	-0.179	1.051	152.2
762	0.026	-0.182	1.048	152.4
763	0.026	-0.180	1.048	152.6
764	0.024	-0.180	1.046	152.8
765	0.026	-0.181	1.053	153.0
766	0.024	-0.181	1.051	153.2
767	0.026	-0.182	1.046	153.4
768	0.025	-0.180	1.050	153.6
769	0.025	-0.179	1.051	153.8
770	0.026	-0.181	1.052	154.0
771	0.026	-0.179	1.052	154.2
772	0.026	-0.183	1.047	154.4
773	0.025	-0.179	1.054	154.6
774	0.026	-0.180	1.047	154.8
775	0.026	-0.182	1.046	155.0
776	0.026	-0.180	1.048	155.2
777	0.024	-0.179	1.053	155.4
778	0.024	-0.180	1.046	155.6
779	0.026	-0.181	1.050	155.8
780	0.027	-0.181	1.054	156.0
781	0.025	-0.179	1.050	156.2
782	0.026	-0.181	1.043	156.4
783	0.026	-0.182	1.051	156.6
784	0.026	-0.180	1.054	156.8
785	0.028	-0.181	1.045	157.0
786	0.024	-0.181	1.043	157.2
787	0.026	-0.181	1.054	157.4
788	0.026	-0.182	1.044	157.6
789	0.026	-0.180	1.045	157.8
790	0.026	-0.180	1.049	158.0
791	0.025	-0.180	1.054	158.2
792	0.024	-0.179	1.052	158.4
793	0.025	-0.181	1.044	158.6
794	0.027	-0.180	1.040	158.8
795	0.025	-0.183	1.051	159.0
796	0.026	-0.179	1.053	159.2
797	0.025	-0.180	1.047	159.4
798	0.026	-0.183	1.052	159.6
799	0.027	-0.179	1.052	159.8
800	0.026	-0.181	1.048	160.0
801	0.025	-0.183	1.041	160.2
802	0.027	-0.178	1.052	160.4
803	0.025	-0.181	1.052	160.6
804	0.026	-0.181	1.045	160.8
805	0.028	-0.180	1.045	161.0
806	0.027	-0.179	1.048	161.2
807	0.026	-0.181	1.047	161.4
808	0.024	-0.181	1.047	161.6
809	0.029	-0.182	1.047	161.8
810	0.024	-0.181	1.051	162.0
811	0.024	-0.179	1.050	162.2
812	0.026	-0.179	1.046	162.4
813	0.027	-0.180	1.053	162.6
814	0.024	-0.177	1.048	162.8
815	0.026	-0.181	1.044	163.0
816	0.024	-0.180	1.049	163.2
817	0.025	-0.180	1.052	163.4
818	0.025	-0.178	1.058	163.6
819	0.024	-0.183	1.051	163.8
820	0.026	-0.182	1.042	164.0
821	0.026	-0.179	1.052	164.2
822	0.025	-0.182	1.050	164.4
823	0.026	-0.180	1.046	164.6
824	0.026	-0.179	1.054	164.8
825	0.026	-0.181	1.048	165.0
826	0.026	-0.181	1.048	165.2
827	0.026	-0.180	1.046	165.4
828	0.023	-0.179	1.048	165.6
829	0.026	-0.180	1.050	165.8
830	0.027	-0.181	1.050	166.0
831	0.025	-0.179	1.049	166.2
832	0.025	-0.180	1.048	166.4
833	0.026	-0.180	1.051	166.6
834	0.025	-0.181	1.046	166.8
835	0.026	-0.180	1.051	167.0
836	0.025	-0.181	1.051	167.2
837	0.024	-0.180	1.042	167.4
838	0.025	-0.179	1.046	167.6
839	0.025	-0.181	1.050	167.8
840	0.024	-0.179	1.048	168.0
841	0.025	-0.180	1.045	168.2
842	0.025	-0.181	1.049	168.4
843	0.023	-0.182	1.055	168.6
844	0.025	-0.179	1.045	168.8
845	0.026	-0.180	1.040	169.0
846	0.023	-0.180	1.046	169.2
847	0.025	-0.180	1.053	169.4
848	0.026	-0.178	1.047	169.6
849	0.025	-0.179	1.046	169.8
850	0.023	-0.180	1.050	170.0
851	0.024	-0.179	1.045	170.2
852	0.023	-0.179	1.045	170.4
853	0.024	-0.181	1.040	170.6
854	0.025	-0.180	1.052	170.8
855	0.025	-0.179	1.049	171.0
856	0.024	-0.179	1.040	171.2
857	0.024	-0.182	1.041	171.4
858	0.024	-0.180	1.048	171.6
859	0.021	-0.179	1.047	171.8
860	0.025	-0.180	1.048	172.0
861	0.023	-0.181	1.046	172.2
862	0.023	-0.181	1.043	172.4
863	0.024	-0.179	1.047	172.6
864	0.023	-0.180	1.040	172.8
865	0.024	-0.180	1.047	173.0
866	0.023	-0.180	1.048	173.2
867	0.023	-0.179	1.046	173.4
868	0.024	-0.180	1.047	173.6
869	0.024	-0.178	1.043	173.8
870	0.025	-0.180	1.042	174.0
871	0.024	-0.181	1.042	174.2
872	0.023	-0.180	1.048	174.4
873	0.025	-0.179	1.052	174.6
874	0.022	-0.180	1.040	174.8
875	0.024	-0.180	1.040	175.0
876	0.024	-0.181	1.051	175.2
877	0.022	-0.181	1.051	175.4
878	0.025	-0.181	1.046	175.6
879	0.026	-0.181	1.051	175.8
880	0.024	-0.179	1.046	176.0
881	0.024	-0.180	1.050	176.2
882	0.024	-0.180	1.041	176.4
883	0.022	-0.180	1.042	176.6
884	0.025	-0.176	1.045	176.8
885	0.022	-0.178	1.040	177.0
886	0.024	-0.181	1.046	177.2
887	0.022	-0.180	1.049	177.4
888	0.024	-0.176	1.044	177.6
889	0.022	-0.180	1.044	177.8
890	0.024	-0.181	1.044	178.0
891	0.022	-0.181	1.048	178.2
892	0.024	-0.177	1.048	178.4
893	0.024	-0.181	1.046	178.6
894	0.023	-0.182	1.041	178.8
895	0.023	-0.179	1.048	179.0
896	0.023	-0.181	1.046	179.2
897	0.024	-0.180	1.041	179.4
898	0.026	-0.180	1.044	179.6
899	0.023	-0.177	1.050	179.8
900	0.021	-0.179	1.044	180.0
901	0.022	-0.180	1.034	180.2
902	0.024	-0.178	1.044	180.4
903	0.022	-0.178	1.046	180.6
904	0.024	-0.181	1.046	180.8
905	0.023	-0.181	1.046	181.0
906	0.024	-0.179	1.038	181.2
907	0.022	-0.179	1.040	181.4
908	0.023	-0.180	1.045	181.6
909	0.025	-0.179	1.044	181.8
910	0.023	-0.180	1.046	182.0
911	0.025	-0.181	1.046	182.2
912	0.023	-0.181	1.045	182.4
913	0.023	-0.178	1.041	182.6
914	0.024	-0.180	1.048	182.8
915	0.024	-0.178	1.047	183.0
916	0.024	-0.179	1.049	183.2
917	0.024	-0.179	1.048	183.4
918	0.023	-0.180	1.044	183.6
919	0.025	-0.180	1.044	183.8
920	0.022	-0.177	1.048	184.0
921	0.024	-0.177	1.043	184.2
922	0.024	-0.178	1.050	184.4
923	0.022	-0.181	1.044	184.6
924	0.025	-0.179	1.040	184.8
925	0.026	-0.178	1.042	185.0
926	0.022	-0.177	1.041	185.2
927	0.022	-0.181	1.041	185.4
928	0.023	-0.177	1.042	185.6
929	0.024	-0.176	1.036	185.8
930	0.025	-0.179	1.040	186.0
931	0.024	-0.178	1.040	186.2
932	0.021	-0.177	1.045	186.4
933	0.023	-0.176	1.035	186.6
934	0.024	-0.178	1.048	186.8
935	0.024	-0.177	1.046	187.0
936	0.025	-0.176	1.039	187.2
937	0.023	-0.179	1.045	187.4
938	0.023	-0.178	1.042	187.6
939	0.024	-0.177	1.047	187.8
940	0.022	-0.178	1.050	188.0
941	0.024	-0.177	1.040	188.2
942	0.022	-0.177	1.045	188.4
943	0.024	-0.177	1.050	188.6
944	0.023	-0.178	1.038	188.8
945	0.024	-0.176	1.045	189.0
946	0.021	-0.177	1.050	189.2
947	0.024	-0.178	1.039	189.4
948	0.024	-0.177	1.045	189.6
949	0.022	-0.176	1.048	189.8
950	0.022	-0.176	1.041	190.0
951	0.023	-0.178	1.038	190.2
952	0.023	-0.177	1.040	190.4
953	0.024	-0.178	1.050	190.6
954	0.023	-0.176	1.040	190.8
955	0.024	-0.175	1.036	191.0
956	0.022	-0.180	1.043	191.2
957	0.026	-0.178	1.046	191.4
958	0.024	-0.178	1.043	191.6
959	0.023	-0.177	1.035	191.8
960	0.024	-0.176	1.039	192.0
961	0.022	-0.177	1.052	192.2
962	0.024	-0.179	1.044	192.4
963	0.023	-0.179	1.043	192.6
964	0.022	-0.178	1.035	192.8
965	0.023	-0.177	1.046	193.0
966	0.023	-0.176	1.046	193.2
967	0.021	-0.177	1.044	193.4
968	0.022	-0.178	1.040	193.6
969	0.022	-0.180	1.034	193.8
970	0.023	-0.177	1.042	194.0
971	0.021	-0.176	1.047	194.2
972	0.023	-0.176	1.038	194.4
973	0.022	-0.177	1.039	194.6
974	0.021	-0.179	1.046	194.8
975	0.023	-0.178	1.039	195.0
976	0.021	-0.176	1.042	195.2
977	0.023	-0.176	1.039	195.4
978	0.022	-0.175	1.046	195.6
979	0.020	-0.178	1.047	195.8
980	0.023	-0.179	1.037	196.0
981	0.023	-0.176	1.041	196.2
982	0.023	-0.177	1.043	196.4
983	0.022	-0.177	1.039	196.6
984	0.023	-0.177	1.042	196.8
985	0.021	-0.179	1.043	197.0
986	0.022	-0.178	1.041	197.2
987	0.024	-0.177	1.038	197.4
988	0.023	-0.178	1.038	197.6
989	0.019	-0.178	1.042	197.8
990	0.021	-0.177	1.048	198.0
991	0.021	-0.178	1.038	198.2
992	0.021	-0.177	1.040	198.4
993	0.023	-0.176	1.042	198.6
994	0.023	-0.176	1.041	198.8
995	0.025	-0.176	1.040	199.0
996	0.022	-0.177	1.037	199.2
997	0.024	-0.176	1.044	199.4
998	0.021	-0.175	1.044	199.6
999	0.023	-0.174	1.041	199.8
1000	0.023	-0.176	1.035	200.0
1001	0.023	-0.178	1.041	200.2
1002	0.022	-0.177	1.044	200.4
1003	0.022	-0.176	1.045	200.6
1004	0.024	-0.173	1.039	200.8
1005	0.023	-0.176	1.043	201.0
1006	0.022	-0.176	1.040	201.2
1007	0.024	-0.178	1.035	201.4
1008	0.020	-0.176	1.042	201.6
1009	0.022	-0.176	1.042	201.8
1010	0.022	-0.176	1.048	202.0
1011	0.024	-0.176	1.038	202.2
1012	0.022	-0.180	1.039	202.4
1013	0.020	-0.176	1.039	202.6
1014	0.023	-0.176	1.041	202.8
1015	0.022	-0.174	1.039	203.0
1016	0.021	-0.176	1.042	203.2
1017	0.022	-0.177	1.041	203.4
1018	0.024	-0.177	1.039	203.6
1019	0.030	-0.216	1.211	203.8
1020	0.072	-0.421	1.435	204.0
1021	0.072	-0.410	1.426	204.2
1022	0.068	-0.404	1.409	204.4
1023	0.071	-0.401	1.390	204.6
1024	0.071	-0.394	1.393	204.8
1025	0.069	-0.391	1.391	205.0
1026	0.069	-0.391	1.380	205.2
1027	0.068	-0.389	1.374	205.4
1028	0.070	-0.386	1.380	205.6
1029	0.067	-0.383	1.376	205.8
1030	0.070	-0.383	1.366	206.0
1031	0.069	-0.379	1.368	206.2
1032	0.068	-0.381	1.369	206.4
1033	0.068	-0.378	1.367	206.6
1034	0.071	-0.376	1.361	206.8
1035	0.068	-0.378	1.360	207.0
1036	0.067	-0.373	1.362	207.2
1037	0.069	-0.374	1.357	207.4
1038	0.069	-0.372	1.353	207.6
1039	0.068	-0.371	1.359	207.8
1040	0.068	-0.372	1.361	208.0
1041	0.069	-0.369	1.357	208.2
1042	0.066	-0.371	1.353	208.4
1043	0.067	-0.369	1.356	208.6
1044	0.067	-0.368	1.355	208.8
1045	0.068	-0.369	1.353	209.0
1046	0.067	-0.365	1.346	209.2
1047	0.067	-0.367	1.353	209.4
1048	0.068	-0.364	1.348	209.6
1049	0.066	-0.365	1.340	209.8
1050	0.069	-0.364	1.347	210.0
1051	0.069	-0.363	1.349	210.2
1052	0.065	-0.366	1.349	210.4
1053	0.068	-0.365	1.345	210.6
1054	0.068	-0.363	1.347	210.8
1055	0.067	-0.361	1.339	211.0
1056	0.069	-0.364	1.344	211.2
1057	0.067	-0.362	1.342	211.4
1058	0.066	-0.362	1.343	211.6
1059	0.067	-0.362	1.336	211.8
1060	0.069	-0.362	1.339	212.0
1061	0.067	-0.359	1.342	212.2
1062	0.068	-0.358	1.336	212.4
1063	0.064	-0.359	1.337	212.6
1064	0.068	-0.363	1.342	212.8
1065	0.066	-0.359	1.342	213.0
1066	0.069	-0.357	1.341	213.2
1067	0.067	-0.360	1.335	213.4
1068	0.067	-0.360	1.335	213.6
1069	0.068	-0.358	1.344	213.8
1070	0.067	-0.360	1.338	214.0
1071	0.067	-0.357	1.337	214.2
1072	0.067	-0.358	1.340	214.4
1073	0.068	-0.358	1.340	214.6
1074	0.068	-0.357	1.331	214.8
1075	0.066	-0.358	1.332	215.0
1076	0.068	-0.356	1.336	215.2
1077	0.067	-0.357	1.338	215.4
1078	0.068	-0.356	1.334	215.6
1079	0.070	-0.356	1.331	215.8
1080	0.066	-0.356	1.329	216.0
1081	0.067	-0.356	1.331	216.2
1082	0.069	-0.355	1.329	216.4
1083	0.067	-0.356	1.338	216.6
1084	0.067	-0.353	1.332	216.8
1085	0.067	-0.355	1.336	217.0
1086	0.067	-0.356	1.332	217.2
1087	0.066	-0.352	1.329	217.4
1088	0.068	-0.355	1.334	217.6
1089	0.066	-0.355	1.331	217.8
1090	0.068	-0.352	1.331	218.0
1091	0.067	-0.355	1.328	218.2
1092	0.066	-0.353	1.327	218.4
1093	0.066	-0.353	1.326	218.6
1094	0.067	-0.353	1.333	218.8
1095	0.066	-0.352	1.331	219.0
1096	0.068	-0.357	1.326	219.2
1097	0.067	-0.355	1.330	219.4
1098	0.067	-0.354	1.333	219.6
1099	0.065	-0.353	1.330	219.8
1100	0.067	-0.352	1.331	220.0
1101	0.066	-0.354	1.330	220.2
1102	0.065	-0.351	1.329	220.4
1103	0.067	-0.352	1.329	220.6
1104	0.066	-0.353	1.326	220.8
1105	0.067	-0.353	1.332	221.0
1106	0.065	-0.353	1.330	221.2
1107	0.066	-0.351	1.325	221.4
1108	0.066	-0.351	1.332	221.6
1109	0.065	-0.352	1.324	221.8
1110	0.068	-0.352	1.324	222.0
1111	0.065	-0.350	1.325	222.2
1112	0.067	-0.349	1.325	222.4
1113	0.067	-0.353	1.325	222.6
1114	0.065	-0.355	1.327	222.8
1115	0.064	-0.354	1.329	223.0
1116	0.066	-0.352	1.327	223.2
1117	0.065	-0.350	1.322	223.4
1118	0.066	-0.349	1.326	223.6
1119	0.065	-0.351	1.330	223.8
1120	0.067	-0.350	1.329	224.0
1121	0.065	-0.352	1.326	224.2
1122	0.065	-0.353	1.330	224.4
1123	0.065	-0.352	1.327	224.6
1124	0.068	-0.353	1.324	224.8
1125	0.065	-0.349	1.322	225.0
1126	0.065	-0.352	1.326	225.2
1127	0.065	-0.351	1.329	225.4
1128	0.064	-0.352	1.324	225.6
1129	0.066	-0.352	1.315	225.8
1130	0.065	-0.352	1.325	226.0
1131	0.066	-0.352	1.325	226.2
1132	0.069	-0.353	1.319	226.4
1133	0.064	-0.352	1.329	226.6
1134	0.064	-0.351	1.324	226.8
1135	0.067	-0.350	1.329	227.0
1136	0.066	-0.352	1.329	227.2
1137	0.067	-0.352	1.319	227.4
1138	0.065	-0.348	1.324	227.6
1139	0.064	-0.354	1.323	227.8
1140	0.065	-0.353	1.318	228.0
1141	0.064	-0.350	1.326	228.2
1142	0.066	-0.350	1.321	228.4
1143	0.066	-0.352	1.321	228.6
1144	0.063	-0.351	1.323	228.8
1145	0.065	-0.352	1.323	229.0
1146	0.065	-0.351	1.323	229.2
1147	0.064	-0.352	1.323	229.4
1148	0.067	-0.351	1.313	229.6
1149	0.065	-0.352	1.319	229.8
1150	0.065	-0.350	1.325	230.0
1151	0.065	-0.352	1.320	230.2
1152	0.066	-0.352	1.321	230.4
1153	0.065	-0.350	1.319	230.6
1154	0.065	-0.350	1.317	230.8
1155	0.067	-0.351	1.323	231.0
1156	0.064	-0.352	1.320	231.2
1157	0.063	-0.350	1.321	231.4
1158	0.064	-0.349	1.325	231.6
1159	0.065	-0.348	1.319	231.8
1160	0.064	-0.350	1.323	232.0
1161	0.064	-0.351	1.317	232.2
1162	0.065	-0.350	1.326	232.4
1163	0.066	-0.348	1.326	232.6
1164	0.066	-0.348	1.323	232.8
1165	0.065	-0.350	1.318	233.0
1166	0.064	-0.349	1.324	233.2
1167	0.064	-0.350	1.317	233.4
1168	0.065	-0.348	1.317	233.6
1169	0.066	-0.347	1.321	233.8
1170	0.064	-0.349	1.322	234.0
1171	0.064	-0.351	1.316	234.2
1172	0.064	-0.349	1.318	234.4
1173	0.064	-0.350	1.321	234.6
1174	0.064	-0.353	1.318	234.8
1175	0.066	-0.349	1.319	235.0
1176	0.065	-0.348	1.313	235.2
1177	0.063	-0.349	1.319	235.4
1178	0.064	-0.348	1.318	235.6
1179	0.065	-0.349	1.312	235.8
1180	0.067	-0.348	1.316	236.0
1181	0.066	-0.346	1.323	236.2
1182	0.066	-0.347	1.317	236.4
1183	0.064	-0.348	1.315	236.6
1184	0.064	-0.349	1.318	236.8
1185	0.066	-0.344	1.320	237.0
1186	0.063	-0.348	1.319	237.2
1187	0.064	-0.348	1.314	237.4
1188	0.065	-0.350	1.318	237.6
1189	0.066	-0.345	1.318	237.8
1190	0.065	-0.346	1.319	238.0
1191	0.063	-0.349	1.316	238.2
1192	0.064	-0.347	1.315	238.4
1193	0.065	-0.345	1.320	238.6
1194	0.063	-0.348	1.317	238.8
1195	0.066	-0.346	1.317	239.0
1196	0.064	-0.346	1.315	239.2
1197	0.066	-0.346	1.314	239.4
1198	0.064	-0.346	1.316	239.6
1199	0.064	-0.346	1.311	239.8
1200	0.065	-0.345	1.317	240.0
1201	0.064	-0.345	1.314	240.2
1202	0.065	-0.346	1.308	240.4
1203	0.064	-0.347	1.312	240.6
1204	0.064	-0.348	1.311	240.8
1205	0.063	-0.346	1.314	241.0
1206	0.064	-0.346	1.315	241.2
1207	0.063	-0.346	1.319	241.4
1208	0.063	-0.346	1.314	241.6
1209	0.064	-0.342	1.314	241.8
1210	0.064	-0.344	1.314	242.0
1211	0.061	-0.345	1.317	242.2
1212	0.066	-0.346	1.314	242.4
1213	0.064	-0.345	1.308	242.6
1214	0.064	-0.345	1.316	242.8
1215	0.065	-0.345	1.317	243.0
1216	0.063	-0.346	1.311	243.2
1217	0.064	-0.348	1.313	243.4
1218	0.065	-0.342	1.316	243.6
1219	0.063	-0.344	1.314	243.8
1220	0.062	-0.345	1.313	244.0
1221	0.066	-0.345	1.311	244.2
1222	0.063	-0.345	1.319	244.4
1223	0.065	-0.345	1.310	244.6
1224	0.065	-0.344	1.310	244.8
1225	0.062	-0.344	1.318	245.0
1226	0.064	-0.346	1.314	245.2
1227	0.066	-0.345	1.310	245.4
1228	0.063	-0.345	1.313	245.6
1229	0.063	-0.342	1.313	245.8
1230	0.065	-0.343	1.314	246.0
1231	0.063	-0.342	1.314	246.2
1232	0.063	-0.345	1.315	246.4
1233	0.064	-0.344	1.312	246.6
1234	0.064	-0.344	1.312	246.8
1235	0.064	-0.342	1.311	247.0
1236	0.064	-0.343	1.308	247.2
1237	0.065	-0.343	1.315	247.4
1238	0.064	-0.344	1.312	247.6
1239	0.063	-0.343	1.310	247.8
1240	0.063	-0.346	1.313	248.0
1241	0.062	-0.344	1.314	248.2
1242	0.064	-0.344	1.317	248.4
1243	0.064	-0.345	1.314	248.6
1244	0.061	-0.344	1.313	248.8
1245	0.065	-0.343	1.314	249.0
1246	0.063	-0.343	1.311	249.2
1247	0.064	-0.342	1.307	249.4
1248	0.064	-0.345	1.314	249.6
1249	0.062	-0.342	1.313	249.8
1250	0.064	-0.342	1.306	250.0
1251	0.064	-0.342	1.315	250.2
1252	0.064	-0.344	1.312	250.4
1253	0.062	-0.345	1.304	250.6
1254	0.065	-0.343	1.305	250.8
1255	0.063	-0.341	1.310	251.0
1256	0.062	-0.342	1.315	251.2
1257	0.063	-0.341	1.309	251.4
1258	0.063	-0.345	1.304	251.6
1259	0.063	-0.341	1.310	251.8
1260	0.063	-0.340	1.308	252.0
1261	0.062	-0.342	1.309	252.2
1262	0.062	-0.341	1.308	252.4
1263	0.064	-0.343	1.306	252.6
1264	0.062	-0.344	1.309	252.8
1265	0.064	-0.343	1.307	253.0
1266	0.061	-0.342	1.305	253.2
1267	0.061	-0.340	1.309	253.4
1268	0.062	-0.341	1.309	253.6
1269	0.061	-0.344	1.309	253.8
1270	0.061	-0.343	1.308	254.0
1271	0.063	-0.342	1.307	254.2
1272	0.063	-0.342	1.309	254.4
1273	0.060	-0.343	1.307	254.6
1274	0.062	-0.340	1.305	254.8
1275	0.062	-0.340	1.310	255.0
1276	0.060	-0.340	1.311	255.2
1277	0.064	-0.340	1.308	255.4
1278	0.063	-0.344	1.311	255.6
1279	0.063	-0.341	1.305	255.8
1280	0.063	-0.344	1.313	256.0
1281	0.062	-0.341	1.304	256.2
1282	0.060	-0.342	1.304	256.4
1283	0.062	-0.342	1.312	256.6
1284	0.062	-0.344	1.305	256.8
1285	0.061	-0.343	1.309	257.0
1286	0.061	-0.344	1.311	257.2
1287	0.064	-0.342	1.309	257.4
1288	0.064	-0.340	1.308	257.6
1289	0.060	-0.346	1.306	257.8
1290	0.063	-0.343	1.307	258.0
1291	0.063	-0.343	1.310	258.2
1292	0.064	-0.341	1.310	258.4
1293	0.060	-0.341	1.306	258.6
1294	0.060	-0.344	1.312	258.8
1295	0.061	-0.344	1.307	259.0
1296	0.060	-0.342	1.306	259.2
1297	0.061	-0.341	1.310	259.4
1298	0.063	-0.340	1.313	259.6
1299	0.062	-0.343	1.308	259.8
1300	0.061	-0.342	1.308	260.0
1301	0.061	-0.343	1.314	260.2
1302	0.063	-0.341	1.307	260.4
1303	0.062	-0.343	1.309	260.6
1304	0.062	-0.341	1.308	260.8
1305	0.062	-0.341	1.312	261.0
1306	0.061	-0.341	1.304	261.2
1307	0.061	-0.341	1.306	261.4
1308	0.062	-0.342	1.313	261.6
1309	0.062	-0.344	1.309	261.8
1310	0.060	-0.342	1.309	262.0
1311	0.063	-0.344	1.307	262.2
1312	0.062	-0.343	1.307	262.4
1313	0.062	-0.341	1.310	262.6
1314	0.062	-0.343	1.309	262.8
1315	0.063	-0.342	1.310	263.0
1316	0.063	-0.343	1.309	263.2
1317	0.060	-0.342	1.306	263.4
1318	0.060	-0.344	1.306	263.6
1319	0.060	-0.342	1.308	263.8
1320	0.060	-0.346	1.306	264.0
1321	0.061	-0.345	1.308	264.2
1322	0.063	-0.342	1.313	264.4
1323	0.063	-0.342	1.314	264.6
1324	0.064	-0.341	1.311	264.8
1325	0.061	-0.343	1.307	265.0
1326	0.061	-0.341	1.304	265.2
1327	0.061	-0.344	1.307	265.4
1328	0.062	-0.343	1.310	265.6
1329	0.063	-0.343	1.312	265.8
1330	0.061	-0.340	1.306	266.0
1331	0.059	-0.341	1.305	266.2
1332	0.061	-0.341	1.307	266.4
1333	0.061	-0.344	1.310	266.6
1334	0.061	-0.342	1.309	266.8
1335	0.063	-0.343	1.310	267.0
1336	0.060	-0.342	1.311	267.2
1337	0.061	-0.342	1.307	267.4
1338	0.060	-0.341	1.311	267.6
1339	0.060	-0.342	1.305	267.8
1340	0.062	-0.341	1.305	268.0
1341	0.060	-0.344	1.310	268.2
1342	0.061	-0.342	1.303	268.4
1343	0.060	-0.342	1.310	268.6
1344	0.061	-0.341	1.309	268.8
1345	0.061	-0.340	1.304	269.0
1346	0.060	-0.341	1.313	269.2
1347	0.059	-0.341	1.307	269.4
1348	0.060	-0.344	1.303	269.6
1349	0.063	-0.344	1.304	269.8
1350	0.060	-0.341	1.302	270.0
1351	0.058	-0.342	1.299	270.2
1352	0.061	-0.341	1.305	270.4
1353	0.060	-0.340	1.305	270.6
1354	0.060	-0.340	1.304	270.8
1355	0.060	-0.341	1.308	271.0
1356	0.060	-0.342	1.298	271.2
1357	0.061	-0.338	1.306	271.4
1358	0.062	-0.340	1.310	271.6
1359	0.062	-0.337	1.310	271.8
1360	0.060	-0.339	1.305	272.0
1361	0.061	-0.340	1.304	272.2
1362	0.061	-0.338	1.301	272.4
1363	0.061	-0.340	1.298	272.6
1364	0.062	-0.336	1.303	272.8
1365	0.060	-0.340	1.305	273.0
1366	0.060	-0.339	1.308	273.2
1367	0.061	-0.340	1.297	273.4
1368	0.060	-0.341	1.302	273.6
1369	0.060	-0.338	1.299	273.8
1370	0.060	-0.339	1.302	274.0
1371	0.060	-0.338	1.306	274.2
1372	0.060	-0.337	1.306	274.4
1373	0.061	-0.339	1.307	274.6
1374	0.062	-0.338	1.297	274.8
1375	0.061	-0.337	1.304	275.0
1376	0.060	-0.339	1.310	275.2
1377	0.062	-0.337	1.304	275.4
1378	0.059	-0.340	1.308	275.6
1379	0.060	-0.339	1.303	275.8
1380	0.060	-0.339	1.305	276.0
1381	0.060	-0.340	1.307	276.2
1382	0.059	-0.339	1.302	276.4
1383	0.062	-0.339	1.305	276.6
1384	0.061	-0.338	1.308	276.8
1385	0.063	-0.338	1.300	277.0
1386	0.059	-0.337	1.303	277.2
1387	0.059	-0.337	1.307	277.4
1388	0.060	-0.339	1.301	277.6
1389	0.060	-0.338	1.305	277.8
1390	0.059	-0.337	1.304	278.0
1391	0.061	-0.338	1.301	278.2
1392	0.061	-0.338	1.302	278.4
1393	0.059	-0.340	1.298	278.6
1394	0.060	-0.341	1.311	278.8
1395	0.060	-0.341	1.307	279.0
1396	0.059	-0.340	1.301	279.2
1397	0.060	-0.337	1.301	279.4
1398	0.058	-0.337	1.307	279.6
1399	0.060	-0.337	1.302	279.8
1400	0.061	-0.338	1.296	280.0
1401	0.058	-0.338	1.306	280.2
1402	0.060	-0.336	1.306	280.4
1403	0.059	-0.337	1.302	280.6
1404	0.061	-0.337	1.303	280.8
1405	0.057	-0.337	1.308	281.0
1406	0.060	-0.337	1.299	281.2
1407	0.060	-0.337	1.304	281.4
1408	0.060	-0.337	1.296	281.6
1409	0.059	-0.335	1.303	281.8
1410	0.060	-0.334	1.300	282.0
1411	0.060	-0.338	1.296	282.2
1412	0.061	-0.339	1.302	282.4
1413	0.057	-0.338	1.302	282.6
1414	0.059	-0.338	1.304	282.8
1415	0.062	-0.337	1.302	283.0
1416	0.059	-0.338	1.296	283.2
1417	0.059	-0.335	1.305	283.4
1418	0.059	-0.337	1.303	283.6
1419	0.061	-0.335	1.301	283.8
1420	0.061	-0.336	1.300	284.0
1421	0.059	-0.336	1.302	284.2
1422	0.059	-0.336	1.306	284.4
1423	0.059	-0.337	1.294	284.6
1424	0.059	-0.337	1.297	284.8
1425	0.060	-0.336	1.303	285.0
1426	0.059	-0.334	1.298	285.2
1427	0.060	-0.335	1.298	285.4
1428	0.059	-0.335	1.300	285.6
1429	0.060	-0.334	1.302	285.8
1430	0.059	-0.337	1.313	286.0
1431	0.060	-0.338	1.292	286.2
1432	0.060	-0.337	1.304	286.4
1433	0.059	-0.333	1.302	286.6
1434	0.060	-0.337	1.298	286.8
1435	0.060	-0.338	1.293	287.0
1436	0.059	-0.337	1.300	287.2
1437	0.060	-0.335	1.305	287.4
1438	0.060	-0.337	1.300	287.6
1439	0.059	-0.336	1.298	287.8
1440	0.061	-0.333	1.304	288.0
1441	0.061	-0.334	1.300	288.2
1442	0.060	-0.335	1.298	288.4
1443	0.058	-0.334	1.300	288.6
1444	0.059	-0.334	1.301	288.8
1445	0.059	-0.335	1.298	289.0
1446	0.061	-0.334	1.294	289.2
1447	0.059	-0.333	1.300	289.4
1448	0.058	-0.334	1.300	289.6
1449	0.059	-0.333	1.292	289.8
1450	0.059	-0.333	1.304	290.0
1451	0.057	-0.334	1.298	290.2
1452	0.061	-0.331	1.304	290.4
1453	0.059	-0.332	1.292	290.6
1454	0.058	-0.334	1.298	290.8
1455	0.057	-0.332	1.298	291.0
1456	0.060	-0.332	1.296	291.2
1457	0.057	-0.333	1.296	291.4
1458	0.059	-0.333	1.300	291.6
1459	0.060	-0.332	1.300	291.8
1460	0.060	-0.334	1.293	292.0
1461	0.059	-0.333	1.294	292.2
1462	0.060	-0.333	1.302	292.4
1463	0.059	-0.333	1.298	292.6
1464	0.060	-0.333	1.293	292.8
1465	0.059	-0.331	1.294	293.0
1466	0.061	-0.333	1.297	293.2
1467	0.058	-0.336	1.298	293.4
1468	0.060	-0.333	1.296	293.6
1469	0.060	-0.334	1.297	293.8
1470	0.060	-0.334	1.299	294.0
1471	0.059	-0.334	1.298	294.2
1472	0.059	-0.334	1.295	294.4
1473	0.060	-0.331	1.299	294.6
1474	0.060	-0.331	1.302	294.8
1475	0.059	-0.331	1.301	295.0
1476	0.058	-0.333	1.292	295.2
1477	0.059	-0.330	1.297	295.4
1478	0.061	-0.332	1.293	295.6
1479	0.059	-0.331	1.295	295.8
1480	0.060	-0.333	1.301	296.0
1481	0.059	-0.330	1.295	296.2
1482	0.058	-0.332	1.289	296.4
1483	0.056	-0.335	1.292	296.6
1484	0.058	-0.332	1.298	296.8
1485	0.058	-0.333	1.298	297.0
1486	0.059	-0.333	1.291	297.2
1487	0.059	-0.334	1.295	297.4
1488	0.060	-0.333	1.296	297.6
1489	0.059	-0.334	1.296	297.8
1490	0.059	-0.333	1.298	298.0
1491	0.060	-0.334	1.299	298.2
1492	0.059	-0.333	1.294	298.4
1493	0.058	-0.332	1.296	298.6
1494	0.060	-0.331	1.294	298.8
1495	0.060	-0.333	1.293	299.0
1496	0.057	-0.334	1.298	299.2
1497	0.059	-0.332	1.296	299.4
1498	0.059	-0.333	1.297	299.6
1499	0.059	-0.333	1.294	299.8
1500	0.057	-0.332	1.293	300.0
1501	0.060	-0.334	1.297	300.2
1502	0.058	-0.335	1.295	300.4
1503	0.059	-0.334	1.293	300.6
1504	0.059	-0.334	1.297	300.8
1505	0.056	-0.333	1.296	301.0
1506	0.059	-0.332	1.290	301.2
1507	0.059	-0.335	1.296	301.4
1508	0.059	-0.331	1.295	301.6
1509	0.058	-0.331	1.294	301.8
1510	0.060	-0.333	1.292	302.0
1511	0.059	-0.332	1.301	302.2
1512	0.058	-0.336	1.296	302.4
1513	0.057	-0.334	1.296	302.6
1514	0.060	-0.333	1.294	302.8
1515	0.058	-0.332	1.296	303.0
1516	0.057	-0.333	1.297	303.2
1517	0.057	-0.334	1.295	303.4
1518	0.057	-0.333	1.297	303.6
1519	0.060	-0.332	1.295	303.8
1520	0.082	-0.482	1.655	304.0
1521	0.113	-0.593	1.701	304.2
1522	0.112	-0.580	1.684	304.4
1523	0.111	-0.574	1.677	304.6
1524	0.111	-0.566	1.681	304.8
1525	0.113	-0.563	1.664	305.0
1526	0.110	-0.561	1.653	305.2
1527	0.111	-0.559	1.659	305.4
1528	0.111	-0.555	1.664	305.6
1529	0.111	-0.553	1.653	305.8
1530	0.111	-0.552	1.645	306.0
1531	0.110	-0.552	1.649	306.2
1532	0.110	-0.549	1.647	306.4
1533	0.109	-0.547	1.638	306.6
1534	0.113	-0.549	1.639	306.8
1535	0.111	-0.546	1.647	307.0
1536	0.110	-0.542	1.639	307.2
1537	0.111	-0.542	1.630	307.4
1538	0.108	-0.540	1.632	307.6
1539	0.110	-0.539	1.634	307.8
1540	0.110	-0.539	1.632	308.0
1541	0.111	-0.539	1.628	308.2
1542	0.110	-0.534	1.632	308.4
1543	0.110	-0.537	1.628	308.6
1544	0.107	-0.534	1.625	308.8
1545	0.109	-0.533	1.621	309.0
1546	0.111	-0.532	1.629	309.2
1547	0.109	-0.534	1.621	309.4
1548	0.108	-0.532	1.620	309.6
1549	0.108	-0.531	1.619	309.8
1550	0.107	-0.529	1.618	310.0
1551	0.108	-0.530	1.614	310.2
1552	0.109	-0.529	1.614	310.4
1553	0.107	-0.528	1.619	310.6
1554	0.106	-0.529	1.617	310.8
1555	0.107	-0.527	1.608	311.0
1556	0.107	-0.527	1.613	311.2
1557	0.108	-0.527	1.613	311.4
1558	0.109	-0.526	1.609	311.6
1559	0.107	-0.527	1.609	311.8
1560	0.105	-0.525	1.605	312.0
1561	0.108	-0.523	1.605	312.2
1562	0.108	-0.524	1.605	312.4
1563	0.108	-0.525	1.604	312.6
1564	0.106	-0.522	1.611	312.8
1565	0.107	-0.522	1.605	313.0
1566	0.107	-0.521	1.601	313.2
1567	0.105	-0.522	1.607	313.4
1568	0.107	-0.521	1.601	313.6
1569	0.106	-0.521	1.604	313.8
1570	0.106	-0.520	1.600	314.0
1571	0.109	-0.521	1.603	314.2
1572	0.107	-0.523	1.597	314.4
1573	0.107	-0.518	1.599	314.6
1574	0.106	-0.519	1.599	314.8
1575	0.105	-0.522	1.603	315.0
1576	0.107	-0.519	1.597	315.2
1577	0.106	-0.516	1.599	315.4
1578	0.105	-0.519	1.599	315.6
1579	0.106	-0.520	1.593	315.8
1580	0.108	-0.519	1.599	316.0
1581	0.103	-0.519	1.603	316.2
1582	0.104	-0.519	1.592	316.4
1583	0.106	-0.517	1.596	316.6
1584	0.104	-0.515	1.595	316.8
1585	0.105	-0.517	1.591	317.0
1586	0.105	-0.517	1.597	317.2
1587	0.105	-0.517	1.589	317.4
1588	0.104	-0.516	1.592	317.6
1589	0.105	-0.515	1.596	317.8
1590	0.103	-0.512	1.592	318.0
1591	0.105	-0.511	1.589	318.2
1592	0.105	-0.514	1.588	318.4
1593	0.104	-0.515	1.593	318.6
1594	0.103	-0.513	1.589	318.8
1595	0.104	-0.515	1.589	319.0
1596	0.103	-0.513	1.588	319.2
1597	0.107	-0.513	1.586	319.4
1598	0.104	-0.512	1.590	319.6
1599	0.103	-0.514	1.584	319.8
1600	0.104	-0.514	1.583	320.0
1601	0.103	-0.511	1.592	320.2
1602	0.103	-0.512	1.591	320.4
1603	0.104	-0.513	1.582	320.6
1604	0.103	-0.513	1.588	320.8
1605	0.102	-0.512	1.593	321.0
1606	0.104	-0.510	1.589	321.2
1607	0.103	-0.512	1.588	321.4
1608	0.103	-0.512	1.586	321.6
1609	0.102	-0.511	1.586	321.8
1610	0.104	-0.512	1.583	322.0
1611	0.104	-0.511	1.587	322.2
1612	0.101	-0.510	1.590	322.4
1613	0.104	-0.509	1.587	322.6
1614	0.102	-0.508	1.584	322.8
1615	0.104	-0.507	1.579	323.0
1616	0.103	-0.510	1.584	323.2
1617	0.103	-0.509	1.581	323.4
1618	0.104	-0.507	1.578	323.6
1619	0.102	-0.508	1.581	323.8
1620	0.102	-0.510	1.585	324.0
1621	0.100	-0.511	1.578	324.2
1622	0.101	-0.507	1.580	324.4
1623	0.103	-0.506	1.586	324.6
1624	0.101	-0.508	1.587	324.8
1625	0.101	-0.510	1.578	325.0
1626	0.101	-0.509	1.581	325.2
1627	0.103	-0.508	1.576	325.4
1628	0.102	-0.507	1.588	325.6
1629	0.101	-0.509	1.579	325.8
1630	0.103	-0.507	1.577	326.0
1631	0.102	-0.505	1.575	326.2
1632	0.100	-0.509	1.578	326.4
1633	0.102	-0.507	1.575	326.6
1634	0.102	-0.507	1.581	326.8
1635	0.101	-0.506	1.577	327.0
1636	0.102	-0.509	1.576	327.2
1637	0.101	-0.507	1.576	327.4
1638	0.101	-0.503	1.578	327.6
1639	0.100	-0.504	1.576	327.8
1640	0.102	-0.506	1.572	328.0
1641	0.102	-0.506	1.580	328.2
1642	0.100	-0.506	1.582	328.4
1643	0.102	-0.506	1.573	328.6
1644	0.102	-0.507	1.577	328.8
1645	0.100	-0.507	1.580	329.0
1646	0.102	-0.504	1.575	329.2
1647	0.099	-0.504	1.572	329.4
1648	0.101	-0.504	1.576	329.6
1649	0.102	-0.505	1.581	329.8
1650	0.100	-0.506	1.573	330.0
1651	0.101	-0.503	1.570	330.2
1652	0.099	-0.505	1.582	330.4
1653	0.101	-0.508	1.579	330.6
1654	0.101	-0.505	1.573	330.8
1655	0.101	-0.503	1.574	331.0
1656	0.101	-0.504	1.580	331.2
1657	0.100	-0.505	1.578	331.4
1658	0.098	-0.503	1.571	331.6
1659	0.102	-0.504	1.577	331.8
1660	0.099	-0.504	1.581	332.0
1661	0.100	-0.505	1.578	332.2
1662	0.101	-0.507	1.579	332.4
1663	0.100	-0.504	1.571	332.6
1664	0.102	-0.500	1.580	332.8
1665	0.099	-0.504	1.573	333.0
1666	0.102	-0.506	1.573	333.2
1667	0.101	-0.505	1.581	333.4
1668	0.102	-0.504	1.578	333.6
1669	0.099	-0.504	1.574	333.8
1670	0.100	-0.504	1.575	334.0
1671	0.101	-0.503	1.573	334.2
1672	0.098	-0.507	1.580	334.4
1673	0.101	-0.503	1.572	334.6
1674	0.100	-0.505	1.578	334.8
1675	0.098	-0.503	1.576	335.0
1676	0.099	-0.503	1.567	335.2
1677	0.101	-0.507	1.576	335.4
1678	0.101	-0.505	1.579	335.6
1679	0.101	-0.502	1.574	335.8
1680	0.099	-0.502	1.571	336.0
1681	0.101	-0.504	1.568	336.2
1682	0.099	-0.504	1.580	336.4
1683	0.097	-0.503	1.578	336.6
1684	0.100	-0.503	1.576	336.8
1685	0.098	-0.502	1.573	337.0
1686	0.100	-0.505	1.572	337.2
1687	0.102	-0.504	1.574	337.4
1688	0.099	-0.504	1.570	337.6
1689	0.102	-0.503	1.573	337.8
1690	0.099	-0.504	1.584	338.0
1691	0.101	-0.504	1.570	338.2
1692	0.102	-0.503	1.570	338.4
1693	0.099	-0.501	1.580	338.6
1694	0.099	-0.504	1.574	338.8
1695	0.101	-0.506	1.575	339.0
1696	0.099	-0.504	1.574	339.2
1697	0.102	-0.503	1.577	339.4
1698	0.099	-0.500	1.574	339.6
1699	0.103	-0.502	1.570	339.8
1700	0.099	-0.503	1.579	340.0
1701	0.098	-0.503	1.577	340.2
1702	0.103	-0.502	1.573	340.4
1703	0.101	-0.501	1.574	340.6
1704	0.101	-0.501	1.571	340.8
1705	0.099	-0.504	1.578	341.0
1706	0.097	-0.502	1.567	341.2
1707	0.103	-0.502	1.568	341.4
1708	0.099	-0.500	1.584	341.6
1709	0.099	-0.503	1.565	341.8
1710	0.100	-0.504	1.568	342.0
1711	0.099	-0.500	1.576	342.2
1712	0.100	-0.500	1.574	342.4
1713	0.101	-0.502	1.574	342.6
1714	0.099	-0.503	1.571	342.8
1715	0.101	-0.503	1.573	343.0
1716	0.099	-0.504	1.578	343.2
1717	0.103	-0.499	1.565	343.4
1718	0.101	-0.501	1.575	343.6
1719	0.098	-0.500	1.571	343.8
1720	0.101	-0.500	1.577	344.0
1721	0.100	-0.500	1.573	344.2
1722	0.101	-0.499	1.564	344.4
1723	0.099	-0.498	1.573	344.6
1724	0.098	-0.503	1.571	344.8
1725	0.100	-0.500	1.566	345.0
1726	0.100	-0.499	1.567	345.2
1727	0.102	-0.500	1.571	345.4
1728	0.098	-0.500	1.569	345.6
1729	0.099	-0.499	1.565	345.8
1730	0.101	-0.498	1.569	346.0
1731	0.099	-0.499	1.567	346.2
1732	0.100	-0.498	1.571	346.4
1733	0.100	-0.498	1.569	346.6
1734	0.099	-0.500	1.560	346.8
1735	0.101	-0.499	1.565	347.0
1736	0.099	-0.501	1.573	347.2
1737	0.099	-0.499	1.567	347.4
1738	0.098	-0.497	1.567	347.6
1739	0.101	-0.497	1.570	347.8
1740	0.098	-0.502	1.565	348.0
1741	0.100	-0.500	1.566	348.2
1742	0.099	-0.498	1.568	348.4
1743	0.099	-0.497	1.560	348.6
1744	0.100	-0.499	1.561	348.8
1745	0.096	-0.501	1.568	349.0
1746	0.097	-0.498	1.564	349.2
1747	0.099	-0.499	1.562	349.4
1748	0.100	-0.496	1.565	349.6
1749	0.099	-0.495	1.570	349.8
1750	0.099	-0.498	1.571	350.0
1751	0.098	-0.501	1.563	350.2
1752	0.099	-0.497	1.564	350.4
1753	0.101	-0.499	1.569	350.6
1754	0.100	-0.497	1.564	350.8
1755	0.098	-0.497	1.567	351.0
1756	0.097	-0.499	1.565	351.2
1757	0.097	-0.497	1.568	351.4
1758	0.099	-0.499	1.562	351.6
1759	0.099	-0.497	1.564	351.8
1760	0.099	-0.496	1.567	352.0
1761	0.097	-0.500	1.569	352.2
1762	0.102	-0.502	1.568	352.4
1763	0.099	-0.496	1.565	352.6
1764	0.097	-0.498	1.563	352.8
1765	0.100	-0.496	1.566	353.0
1766	0.098	-0.499	1.567	353.2
1767	0.098	-0.500	1.570	353.4
1768	0.098	-0.497	1.563	353.6
1769	0.096	-0.496	1.567	353.8
1770	0.098	-0.497	1.565	354.0
1771	0.098	-0.500	1.565	354.2
1772	0.096	-0.498	1.567	354.4
1773	0.096	-0.499	1.564	354.6
1774	0.098	-0.499	1.562	354.8
1775	0.098	-0.496	1.572	355.0
1776	0.099	-0.497	1.563	355.2
1777	0.098	-0.499	1.562	355.4
1778	0.098	-0.501	1.567	355.6
1779	0.098	-0.494	1.566	355.8
1780	0.100	-0.497	1.568	356.0
1781	0.097	-0.499	1.568	356.2
1782	0.099	-0.498	1.568	356.4
1783	0.097	-0.495	1.565	356.6
1784	0.098	-0.496	1.566	356.8
1785	0.098	-0.498	1.570	357.0
1786	0.096	-0.499	1.563	357.2
1787	0.098	-0.500	1.561	357.4
1788	0.097	-0.497	1.562	357.6
1789	0.096	-0.498	1.568	357.8
1790	0.099	-0.497	1.569	358.0
1791	0.097	-0.498	1.563	358.2
1792	0.095	-0.497	1.567	358.4
1793	0.097	-0.495	1.564	358.6
1794	0.096	-0.501	1.564	358.8
1795	0.094	-0.500	1.563	359.0
1796	0.095	-0.498	1.566	359.2
1797	0.096	-0.497	1.565	359.4
1798	0.096	-0.497	1.564	359.6
1799	0.101	-0.498	1.566	359.8
1800	0.097	-0.496	1.563	360.0
1801	0.095	-0.498	1.564	360.2
1802	0.098	-0.499	1.566	360.4
1803	0.096	-0.497	1.569	360.6
1804	0.096	-0.498	1.566	360.8
1805	0.098	-0.495	1.564	361.0
1806	0.096	-0.497	1.561	361.2
1807	0.095	-0.495	1.565	361.4
1808	0.097	-0.497	1.564	361.6
1809	0.100	-0.496	1.564	361.8
1810	0.098	-0.497	1.560	362.0
1811	0.096	-0.497	1.567	362.2
1812	0.096	-0.495	1.562	362.4
1813	0.097	-0.496	1.559	362.6
1814	0.097	-0.497	1.564	362.8
1815	0.098	-0.496	1.562	363.0
1816	0.095	-0.496	1.566	363.2
1817	0.097	-0.492	1.562	363.4
1818	0.099	-0.496	1.558	363.6
1819	0.096	-0.496	1.559	363.8
1820	0.097	-0.495	1.563	364.0
1821	0.096	-0.494	1.562	364.2
1822	0.095	-0.495	1.559	364.4
1823	0.096	-0.495	1.558	364.6
1824	0.095	-0.494	1.565	364.8
1825	0.096	-0.496	1.559	365.0
1826	0.097	-0.494	1.562	365.2
1827	0.097	-0.496	1.560	365.4
1828	0.095	-0.494	1.560	365.6
1829	0.097	-0.491	1.551	365.8
1830	0.095	-0.493	1.557	366.0
1831	0.095	-0.491	1.552	366.2
1832	0.097	-0.492	1.559	366.4
1833	0.096	-0.494	1.559	366.6
1834	0.096	-0.494	1.560	366.8
1835	0.097	-0.491	1.560	367.0
1836	0.097	-0.494	1.554	367.2
1837	0.098	-0.493	1.559	367.4
1838	0.097	-0.494	1.564	367.6
1839	0.098	-0.493	1.558	367.8
1840	0.096	-0.491	1.556	368.0
1841	0.098	-0.493	1.560	368.2
1842	0.095	-0.493	1.558	368.4
1843	0.098	-0.493	1.556	368.6
1844	0.098	-0.493	1.558	368.8
1845	0.098	-0.492	1.562	369.0
1846	0.097	-0.492	1.560	369.2
1847	0.099	-0.496	1.559	369.4
1848	0.099	-0.493	1.566	369.6
1849	0.097	-0.495	1.554	369.8
1850	0.098	-0.492	1.556	370.0
1851	0.097	-0.491	1.564	370.2
1852	0.097	-0.492	1.560	370.4
1853	0.099	-0.495	1.554	370.6
1854	0.097	-0.493	1.560	370.8
1855	0.096	-0.492	1.560	371.0
1856	0.098	-0.490	1.559	371.2
1857	0.098	-0.494	1.557	371.4
1858	0.096	-0.493	1.554	371.6
1859	0.097	-0.492	1.556	371.8
1860	0.097	-0.489	1.560	372.0
1861	0.095	-0.492	1.556	372.2
1862	0.097	-0.491	1.559	372.4
1863	0.097	-0.492	1.562	372.6
1864	0.097	-0.489	1.560	372.8
1865	0.096	-0.489	1.554	373.0
1866	0.098	-0.489	1.557	373.2
1867	0.096	-0.491	1.558	373.4
1868	0.096	-0.489	1.560	373.6
1869	0.097	-0.490	1.555	373.8
1870	0.096	-0.487	1.554	374.0
1871	0.096	-0.487	1.549	374.2
1872	0.096	-0.488	1.557	374.4
1873	0.095	-0.489	1.555	374.6
1874	0.097	-0.489	1.558	374.8
1875	0.097	-0.489	1.560	375.0
1876	0.096	-0.486	1.558	375.2
1877	0.096	-0.489	1.552	375.4
1878	0.095	-0.492	1.556	375.6
1879	0.096	-0.490	1.558	375.8
1880	0.097	-0.489	1.557	376.0
1881	0.097	-0.489	1.552	376.2
1882	0.097	-0.487	1.551	376.4
1883	0.094	-0.489	1.554	376.6
1884	0.094	-0.491	1.552	376.8
1885	0.097	-0.488	1.553	377.0
1886	0.096	-0.490	1.561	377.2
1887	0.097	-0.491	1.554	377.4
1888	0.098	-0.492	1.552	377.6
1889	0.093	-0.489	1.552	377.8
1890	0.096	-0.489	1.560	378.0
1891	0.096	-0.490	1.559	378.2
1892	0.096	-0.491	1.554	378.4
1893	0.095	-0.491	1.556	378.6
1894	0.095	-0.491	1.555	378.8
1895	0.095	-0.489	1.547	379.0
1896	0.098	-0.490	1.560	379.2
1897	0.096	-0.491	1.556	379.4
1898	0.095	-0.489	1.554	379.6
1899	0.095	-0.490	1.556	379.8
1900	0.093	-0.489	1.552	380.0
1901	0.096	-0.489	1.550	380.2
1902	0.096	-0.490	1.560	380.4
1903	0.095	-0.489	1.555	380.6
1904	0.096	-0.491	1.554	380.8
1905	0.096	-0.490	1.555	381.0
1906	0.094	-0.490	1.555	381.2
1907	0.096	-0.489	1.547	381.4
1908	0.095	-0.490	1.548	381.6
1909	0.094	-0.490	1.559	381.8
1910	0.097	-0.491	1.559	382.0
1911	0.097	-0.493	1.552	382.2
1912	0.096	-0.490	1.555	382.4
1913	0.094	-0.489	1.558	382.6
1914	0.093	-0.492	1.555	382.8
1915	0.092	-0.490	1.558	383.0
1916	0.094	-0.489	1.554	383.2
1917	0.095	-0.488	1.556	383.4
1918	0.093	-0.494	1.552	383.6
1919	0.095	-0.490	1.551	383.8
1920	0.093	-0.489	1.556	384.0
1921	0.094	-0.492	1.552	384.2
1922	0.095	-0.491	1.559	384.4
1923	0.094	-0.491	1.555	384.6
1924	0.096	-0.490	1.548	384.8
1925	0.095	-0.491	1.552	385.0
1926	0.095	-0.490	1.556	385.2
1927	0.096	-0.490	1.553	385.4
1928	0.096	-0.489	1.550	385.6
1929	0.094	-0.488	1.554	385.8
1930	0.094	-0.489	1.552	386.0
1931	0.097	-0.488	1.549	386.2
1932	0.096	-0.492	1.548	386.4
1933	0.095	-0.489	1.556	386.6
1934	0.092	-0.489	1.555	386.8
1935	0.096	-0.487	1.545	387.0
1936	0.095	-0.489	1.553	387.2
1937	0.095	-0.489	1.555	387.4
1938	0.098	-0.488	1.552	387.6
1939	0.095	-0.489	1.549	387.8
1940	0.097	-0.489	1.550	388.0
1941	0.095	-0.484	1.550	388.2
1942	0.094	-0.487	1.549	388.4
1943	0.095	-0.486	1.549	388.6
1944	0.095	-0.488	1.555	388.8
1945	0.093	-0.489	1.548	389.0
1946	0.095	-0.485	1.547	389.2
1947	0.097	-0.486	1.551	389.4
1948	0.096	-0.487	1.550	389.6
1949	0.096	-0.489	1.550	389.8
1950	0.096	-0.488	1.546	390.0
1951	0.094	-0.488	1.555	390.2
1952	0.094	-0.485	1.553	390.4
1953	0.095	-0.487	1.547	390.6
1954	0.093	-0.488	1.545	390.8
1955	0.097	-0.487	1.556	391.0
1956	0.095	-0.487	1.555	391.2
1957	0.093	-0.488	1.552	391.4
1958	0.095	-0.489	1.554	391.6
1959	0.096	-0.488	1.556	391.8
1960	0.094	-0.487	1.551	392.0
1961	0.096	-0.486	1.545	392.2
1962	0.094	-0.490	1.554	392.4
1963	0.095	-0.489	1.552	392.6
1964	0.097	-0.485	1.553	392.8
1965	0.093	-0.485	1.548	393.0
1966	0.095	-0.490	1.544	393.2
1967	0.094	-0.489	1.553	393.4
1968	0.097	-0.486	1.552	393.6
1969	0.095	-0.486	1.552	393.8
1970	0.094	-0.487	1.552	394.0
1971	0.096	-0.489	1.544	394.2
1972	0.096	-0.488	1.546	394.4
1973	0.095	-0.488	1.552	394.6
1974	0.095	-0.488	1.548	394.8
1975	0.098	-0.488	1.549	395.0
1976	0.095	-0.485	1.549	395.2
1977	0.094	-0.486	1.549	395.4
1978	0.095	-0.487	1.541	395.6
1979	0.097	-0.488	1.547	395.8
1980	0.096	-0.486	1.556	396.0
1981	0.093	-0.486	1.551	396.2
1982	0.094	-0.487	1.547	396.4
1983	0.094	-0.490	1.550	396.6
1984	0.097	-0.489	1.553	396.8
1985	0.097	-0.487	1.552	397.0
1986	0.094	-0.487	1.554	397.2
1987	0.096	-0.489	1.555	397.4
1988	0.095	-0.488	1.551	397.6
1989	0.098	-0.487	1.544	397.8
1990	0.097	-0.488	1.552	398.0
1991	0.095	-0.485	1.556	398.2
1992	0.093	-0.488	1.552	398.4
1993	0.097	-0.489	1.554	398.6
1994	0.096	-0.487	1.556	398.8
1995	0.096	-0.488	1.551	399.0
1996	0.099	-0.486	1.554	399.2
1997	0.097	-0.488	1.554	399.4
1998	0.095	-0.489	1.550	399.6
1999	0.097	-0.489	1.554	399.8
2000	0.097	-0.485	1.552	400.0
2001	0.097	-0.487	1.546	400.2
2002	0.095	-0.486	1.551	400.4
2003	0.096	-0.487	1.551	400.6
2004	0.097	-0.485	1.547	400.8
2005	0.098	-0.484	1.553	401.0
2006	0.099	-0.484	1.552	401.2
2007	0.097	-0.486	1.544	401.4
2008	0.098	-0.486	1.548	401.6
2009	0.097	-0.485	1.554	401.8
2010	0.097	-0.483	1.547	402.0
2011	0.098	-0.485	1.549	402.2
2012	0.097	-0.486	1.550	402.4
2013	0.098	-0.485	1.553	402.6
2014	0.098	-0.486	1.546	402.8
2015	0.096	-0.483	1.547	403.0
2016	0.099	-0.484	1.552	403.2
2017	0.096	-0.486	1.551	403.4
2018	0.097	-0.487	1.544	403.6
2019	0.098	-0.486	1.549	403.8
2020	0.098	-0.482	1.551	404.0
2021	0.144	-0.727	1.961	404.2
2022	0.152	-0.750	1.971	404.4
2023	0.151	-0.743	1.969	404.6
2024	0.150	-0.738	1.959	404.8
2025	0.151	-0.734	1.942	405.0
2026	0.149	-0.729	1.948	405.2
2027	0.151	-0.729	1.943	405.4
2028	0.149	-0.727	1.929	405.6
2029	0.150	-0.724	1.931	405.8
2030	0.149	-0.722	1.927	406.0
2031	0.150	-0.717	1.923	406.2
2032	0.151	-0.715	1.915	406.4
2033	0.148	-0.714	1.915	406.6
2034	0.149	-0.713	1.917	406.8
2035	0.150	-0.711	1.911	407.0
2036	0.150	-0.709	1.903	407.2
2037	0.149	-0.705	1.907	407.4
2038	0.152	-0.706	1.910	407.6
2039	0.149	-0.706	1.903	407.8
2040	0.151	-0.703	1.895	408.0
2041	0.151	-0.698	1.901	408.2
2042	0.151	-0.701	1.900	408.4
2043	0.152	-0.700	1.893	408.6
2044	0.150	-0.698	1.892	408.8
2045	0.150	-0.697	1.890	409.0
2046	0.149	-0.693	1.897	409.2
2047	0.151	-0.696	1.888	409.4
2048	0.152	-0.694	1.883	409.6
2049	0.148	-0.693	1.883	409.8
2050	0.150	-0.694	1.887	410.0
2051	0.150	-0.694	1.881	410.2
2052	0.147	-0.693	1.878	410.4
2053	0.149	-0.689	1.882	410.6
2054	0.149	-0.689	1.879	410.8
2055	0.150	-0.691	1.876	411.0
2056	0.150	-0.688	1.872	411.2
2057	0.151	-0.686	1.885	411.4
2058	0.150	-0.688	1.879	411.6
2059	0.151	-0.689	1.871	411.8
2060	0.150	-0.686	1.874	412.0
2061	0.151	-0.683	1.877	412.2
2062	0.149	-0.686	1.874	412.4
2063	0.148	-0.686	1.874	412.6
2064	0.149	-0.684	1.877	412.8
2065	0.150	-0.683	1.869	413.0
2066	0.148	-0.683	1.867	413.2
2067	0.147	-0.683	1.865	413.4
2068	0.147	-0.682	1.873	413.6
2069	0.147	-0.681	1.867	413.8
2070	0.149	-0.683	1.866	414.0
2071	0.147	-0.682	1.869	414.2
2072	0.149	-0.679	1.863	414.4
2073	0.150	-0.683	1.865	414.6
2074	0.147	-0.681	1.867	414.8
2075	0.147	-0.679	1.866	415.0
2076	0.149	-0.680	1.863	415.2
2077	0.150	-0.680	1.857	415.4
2078	0.147	-0.679	1.862	415.6
2079	0.147	-0.678	1.865	415.8
2080	0.148	-0.677	1.862	416.0
2081	0.148	-0.680	1.862	416.2
2082	0.149	-0.675	1.856	416.4
2083	0.149	-0.679	1.858	416.6
2084	0.147	-0.677	1.860	416.8
2085	0.150	-0.677	1.858	417.0
2086	0.149	-0.675	1.861	417.2
2087	0.146	-0.676	1.854	417.4
2088	0.150	-0.677	1.855	417.6
2089	0.147	-0.678	1.857	417.8
2090	0.148	-0.676	1.858	418.0
2091	0.149	-0.676	1.858	418.2
2092	0.147	-0.677	1.857	418.4
2093	0.148	-0.675	1.855	418.6
2094	0.147	-0.672	1.853	418.8
2095	0.146	-0.676	1.851	419.0
2096	0.147	-0.674	1.854	419.2
2097	0.145	-0.673	1.859	419.4
2098	0.147	-0.675	1.850	419.6
2099	0.147	-0.673	1.856	419.8
2100	0.144	-0.672	1.849	420.0
2101	0.150	-0.670	1.853	420.2
2102	0.146	-0.670	1.852	420.4
2103	0.146	-0.671	1.846	420.6
2104	0.150	-0.671	1.854	420.8
2105	0.147	-0.668	1.846	421.0
2106	0.147	-0.670	1.842	421.2
2107	0.147	-0.667	1.850	421.4
2108	0.145	-0.667	1.848	421.6
2109	0.148	-0.671	1.843	421.8
2110	0.145	-0.667	1.845	422.0
2111	0.148	-0.668	1.845	422.2
2112	0.145	-0.666	1.844	422.4
2113	0.147	-0.670	1.850	422.6
2114	0.146	-0.666	1.846	422.8
2115	0.144	-0.667	1.845	423.0
2116	0.145	-0.669	1.845	423.2
2117	0.146	-0.664	1.844	423.4
2118	0.146	-0.666	1.841	423.6
2119	0.146	-0.667	1.842	423.8
2120	0.146	-0.664	1.846	424.0
2121	0.145	-0.665	1.840	424.2
2122	0.145	-0.665	1.841	424.4
2123	0.144	-0.667	1.845	424.6
2124	0.143	-0.665	1.843	424.8
2125	0.145	-0.666	1.844	425.0
2126	0.144	-0.662	1.841	425.2
2127	0.144	-0.664	1.846	425.4
2128	0.144	-0.665	1.843	425.6
2129	0.144	-0.663	1.842	425.8
2130	0.144	-0.662	1.839	426.0
2131	0.144	-0.663	1.845	426.2
2132	0.143	-0.660	1.841	426.4
2133	0.144	-0.662	1.838	426.6
2134	0.143	-0.663	1.840	426.8
2135	0.144	-0.662	1.840	427.0
2136	0.143	-0.660	1.832	427.2
2137	0.142	-0.662	1.833	427.4
2138	0.141	-0.661	1.843	427.6
2139	0.143	-0.662	1.837	427.8
2140	0.141	-0.664	1.834	428.0
2141	0.143	-0.661	1.841	428.2
2142	0.143	-0.660	1.835	428.4
2143	0.142	-0.662	1.835	428.6
2144	0.142	-0.659	1.836	428.8
2145	0.144	-0.662	1.843	429.0
2146	0.142	-0.658	1.834	429.2
2147	0.142	-0.661	1.837	429.4
2148	0.141	-0.661	1.835	429.6
2149	0.143	-0.660	1.837	429.8
2150	0.142	-0.660	1.836	430.0
2151	0.142	-0.660	1.832	430.2
2152	0.143	-0.659	1.836	430.4
2153	0.140	-0.660	1.834	430.6
2154	0.142	-0.658	1.828	430.8
2155	0.142	-0.659	1.835	431.0
2156	0.142	-0.660	1.836	431.2
2157	0.143	-0.658	1.829	431.4
2158	0.143	-0.659	1.832	431.6
2159	0.142	-0.659	1.831	431.8
2160	0.143	-0.659	1.829	432.0
2161	0.140	-0.661	1.832	432.2
2162	0.140	-0.660	1.832	432.4
2163	0.142	-0.658	1.827	432.6
2164	0.141	-0.661	1.830	432.8
2165	0.139	-0.660	1.828	433.0
2166	0.142	-0.658	1.831	433.2
2167	0.141	-0.661	1.835	433.4
2168	0.138	-0.659	1.829	433.6
2169	0.141	-0.660	1.832	433.8
2170	0.140	-0.659	1.831	434.0
2171	0.142	-0.657	1.827	434.2
2172	0.141	-0.660	1.825	434.4
2173	0.140	-0.658	1.830	434.6
2174	0.140	-0.657	1.831	434.8
2175	0.141	-0.659	1.830	435.0
2176	0.141	-0.658	1.820	435.2
2177	0.141	-0.657	1.828	435.4
2178	0.140	-0.656	1.826	435.6
2179	0.139	-0.656	1.827	435.8
2180	0.139	-0.658	1.825	436.0
2181	0.140	-0.656	1.830	436.2
2182	0.137	-0.655	1.827	436.4
2183	0.141	-0.655	1.823	436.6
2184	0.141	-0.655	1.831	436.8
2185	0.140	-0.657	1.830	437.0
2186	0.141	-0.656	1.826	437.2
2187	0.141	-0.657	1.823	437.4
2188	0.138	-0.655	1.823	437.6
2189	0.140	-0.655	1.820	437.8
2190	0.141	-0.655	1.827	438.0
2191	0.139	-0.653	1.832	438.2
2192	0.139	-0.652	1.821	438.4
2193	0.139	-0.654	1.821	438.6
2194	0.139	-0.655	1.820	438.8
2195	0.140	-0.656	1.829	439.0
2196	0.139	-0.655	1.825	439.2
2197	0.140	-0.654	1.827	439.4
2198	0.137	-0.656	1.830	439.6
2199	0.138	-0.655	1.826	439.8
2200	0.138	-0.655	1.819	440.0
2201	0.138	-0.657	1.820	440.2
2202	0.138	-0.655	1.831	440.4
2203	0.140	-0.655	1.827	440.6
2204	0.140	-0.654	1.820	440.8
2205	0.140	-0.654	1.819	441.0
2206	0.138	-0.655	1.821	441.2
2207	0.140	-0.654	1.819	441.4
2208	0.139	-0.653	1.819	441.6
2209	0.137	-0.653	1.818	441.8
2210	0.138	-0.652	1.828	442.0
2211	0.139	-0.651	1.821	442.2
2212	0.139	-0.651	1.817	442.4
2213	0.140	-0.651	1.821	442.6
2214	0.138	-0.652	1.827	442.8
2215	0.138	-0.652	1.816	443.0
2216	0.138	-0.651	1.821	443.2
2217	0.138	-0.651	1.827	443.4
2218	0.138	-0.649	1.821	443.6
2219	0.139	-0.649	1.820	443.8
2220	0.138	-0.651	1.822	444.0
2221	0.137	-0.649	1.821	444.2
2222	0.140	-0.648	1.820	444.4
2223	0.139	-0.645	1.821	444.6
2224	0.140	-0.647	1.819	444.8
2225	0.140	-0.645	1.819	445.0
2226	0.139	-0.644	1.817	445.2
2227	0.139	-0.643	1.814	445.4
2228	0.138	-0.645	1.827	445.6
2229	0.139	-0.647	1.816	445.8
2230	0.140	-0.647	1.812	446.0
2231	0.139	-0.646	1.821	446.2
2232	0.139	-0.646	1.817	446.4
2233	0.140	-0.647	1.818	446.6
2234	0.141	-0.649	1.818	446.8
2235	0.137	-0.646	1.813	447.0
2236	0.141	-0.647	1.822	447.2
2237	0.138	-0.647	1.818	447.4
2238	0.139	-0.645	1.810	447.6
2239	0.139	-0.650	1.818	447.8
2240	0.138	-0.647	1.827	448.0
2241	0.138	-0.647	1.815	448.2
2242	0.140	-0.648	1.810	448.4
2243	0.138	-0.648	1.819	448.6
2244	0.137	-0.649	1.818	448.8
2245	0.138	-0.647	1.818	449.0
2246	0.137	-0.648	1.814	449.2
2247	0.138	-0.647	1.817	449.4
2248	0.138	-0.650	1.821	449.6
2249	0.140	-0.647	1.813	449.8
2250	0.137	-0.647	1.817	450.0
2251	0.139	-0.648	1.815	450.2
2252	0.139	-0.648	1.816	450.4
2253	0.136	-0.649	1.808	450.6
2254	0.139	-0.646	1.812	450.8
2255	0.137	-0.646	1.818	451.0
2256	0.138	-0.647	1.812	451.2
2257	0.138	-0.647	1.810	451.4
2258	0.137	-0.645	1.813	451.6
2259	0.137	-0.647	1.806	451.8
2260	0.137	-0.646	1.813	452.0
2261	0.136	-0.646	1.810	452.2
2262	0.137	-0.646	1.814	452.4
2263	0.139	-0.646	1.811	452.6
2264	0.136	-0.647	1.813	452.8
2265	0.136	-0.646	1.808	453.0
2266	0.137	-0.647	1.811	453.2
2267	0.134	-0.647	1.816	453.4
2268	0.134	-0.646	1.809	453.6
2269	0.136	-0.646	1.808	453.8
2270	0.135	-0.644	1.812	454.0
2271	0.134	-0.648	1.810	454.2
2272	0.137	-0.646	1.810	454.4
2273	0.134	-0.645	1.814	454.6
2274	0.133	-0.644	1.810	454.8
2275	0.132	-0.646	1.810	455.0
2276	0.134	-0.646	1.808	455.2
2277	0.133	-0.644	1.809	455.4
2278	0.132	-0.647	1.813	455.6
2279	0.133	-0.644	1.815	455.8
2280	0.134	-0.648	1.802	456.0
2281	0.133	-0.646	1.807	456.2
2282	0.134	-0.644	1.813	456.4
2283	0.136	-0.644	1.806	456.6
2284	0.137	-0.640	1.804	456.8
2285	0.137	-0.643	1.816	457.0
2286	0.137	-0.638	1.812	457.2
2287	0.137	-0.640	1.804	457.4
2288	0.139	-0.642	1.815	457.6
2289	0.138	-0.639	1.811	457.8
2290	0.141	-0.639	1.811	458.0
2291	0.139	-0.641	1.805	458.2
2292	0.141	-0.642	1.813	458.4
2293	0.142	-0.641	1.812	458.6
2294	0.140	-0.642	1.809	458.8
2295	0.140	-0.643	1.806	459.0
2296	0.140	-0.644	1.813	459.2
2297	0.139	-0.644	1.810	459.4
2298	0.140	-0.644	1.810	459.6
2299	0.141	-0.642	1.804	459.8
2300	0.141	-0.645	1.811	460.0
2301	0.140	-0.642	1.810	460.2
2302	0.139	-0.644	1.809	460.4
2303	0.139	-0.643	1.815	460.6
2304	0.136	-0.643	1.811	460.8
2305	0.141	-0.643	1.809	461.0
2306	0.139	-0.642	1.815	461.2
2307	0.138	-0.643	1.811	461.4
2308	0.140	-0.643	1.810	461.6
2309	0.137	-0.644	1.811	461.8
2310	0.139	-0.643	1.806	462.0
2311	0.138	-0.645	1.810	462.2
2312	0.137	-0.644	1.812	462.4
2313	0.137	-0.644	1.804	462.6
2314	0.140	-0.646	1.810	462.8
2315	0.138	-0.645	1.814	463.0
2316	0.138	-0.644	1.808	463.2
2317	0.138	-0.645	1.801	463.4
2318	0.138	-0.644	1.805	463.6
2319	0.141	-0.645	1.815	463.8
2320	0.140	-0.648	1.806	464.0
2321	0.138	-0.643	1.808	464.2
2322	0.140	-0.645	1.812	464.4
2323	0.141	-0.642	1.804	464.6
2324	0.142	-0.643	1.800	464.8
2325	0.141	-0.645	1.808	465.0
2326	0.139	-0.643	1.807	465.2
2327	0.141	-0.643	1.812	465.4
2328	0.142	-0.645	1.801	465.6
2329	0.142	-0.643	1.805	465.8
2330	0.142	-0.644	1.808	466.0
2331	0.141	-0.640	1.810	466.2
2332	0.144	-0.645	1.800	466.4
2333	0.144	-0.644	1.806	466.6
2334	0.143	-0.644	1.817	466.8
2335	0.144	-0.645	1.801	467.0
2336	0.144	-0.644	1.801	467.2
2337	0.143	-0.644	1.813	467.4
2338	0.142	-0.644	1.808	467.6
2339	0.144	-0.642	1.801	467.8
2340	0.144	-0.644	1.811	468.0
2341	0.141	-0.642	1.809	468.2
2342	0.142	-0.642	1.807	468.4
2343	0.143	-0.644	1.805	468.6
2344	0.141	-0.640	1.802	468.8
2345	0.143	-0.642	1.806	469.0
2346	0.143	-0.640	1.802	469.2
2347	0.140	-0.639	1.796	469.4
2348	0.142	-0.640	1.804	469.6
2349	0.143	-0.642	1.806	469.8
2350	0.142	-0.640	1.804	470.0
2351	0.142	-0.641	1.805	470.2
2352	0.143	-0.642	1.806	470.4
2353	0.142	-0.640	1.806	470.6
2354	0.141	-0.642	1.807	470.8
2355	0.144	-0.642	1.800	471.0
2356	0.145	-0.642	1.816	471.2
2357	0.142	-0.641	1.802	471.4
2358	0.144	-0.640	1.801	471.6
2359	0.144	-0.641	1.800	471.8
2360	0.143	-0.641	1.812	472.0
2361	0.145	-0.641	1.810	472.2
2362	0.143	-0.640	1.794	472.4
2363	0.145	-0.641	1.803	472.6
2364	0.143	-0.642	1.808	472.8
2365	0.146	-0.638	1.799	473.0
2366	0.144	-0.643	1.802	473.2
2367	0.144	-0.643	1.806	473.4
2368	0.145	-0.639	1.801	473.6
2369	0.144	-0.642	1.801	473.8
2370	0.144	-0.642	1.804	474.0
2371	0.143	-0.639	1.806	474.2
2372	0.142	-0.643	1.804	474.4
2373	0.143	-0.641	1.802	474.6
2374	0.144	-0.642	1.802	474.8
2375	0.143	-0.644	1.804	475.0
2376	0.142	-0.645	1.803	475.2
2377	0.142	-0.642	1.806	475.4
2378	0.145	-0.644	1.806	475.6
2379	0.142	-0.642	1.803	475.8
2380	0.144	-0.643	1.799	476.0
2381	0.143	-0.644	1.799	476.2
2382	0.145	-0.642	1.806	476.4
2383	0.142	-0.643	1.806	476.6
2384	0.144	-0.644	1.805	476.8
2385	0.143	-0.643	1.803	477.0
2386	0.142	-0.646	1.804	477.2
2387	0.143	-0.643	1.798	477.4
2388	0.142	-0.642	1.803	477.6
2389	0.142	-0.645	1.804	477.8
2390	0.143	-0.642	1.808	478.0
2391	0.142	-0.643	1.795	478.2
2392	0.143	-0.642	1.794	478.4
2393	0.142	-0.642	1.798	478.6
2394	0.142	-0.643	1.798	478.8
2395	0.142	-0.642	1.802	479.0
2396	0.141	-0.642	1.802	479.2
2397	0.143	-0.645	1.799	479.4
2398	0.141	-0.639	1.791	479.6
2399	0.140	-0.641	1.794	479.8
2400	0.142	-0.640	1.807	480.0
2401	0.143	-0.641	1.791	480.2
2402	0.143	-0.639	1.791	480.4
2403	0.141	-0.640	1.798	480.6
2404	0.141	-0.639	1.794	480.8
2405	0.144	-0.639	1.794	481.0
2406	0.139	-0.641	1.800	481.2
2407	0.139	-0.639	1.802	481.4
2408	0.142	-0.639	1.799	481.6
2409	0.138	-0.641	1.792	481.8
2410	0.138	-0.640	1.799	482.0
2411	0.138	-0.640	1.801	482.2
2412	0.137	-0.642	1.793	482.4
2413	0.137	-0.641	1.793	482.6
2414	0.139	-0.643	1.800	482.8
2415	0.137	-0.642	1.801	483.0
2416	0.136	-0.639	1.790	483.2
2417	0.136	-0.642	1.801	483.4
2418	0.136	-0.642	1.806	483.6
2419	0.136	-0.641	1.795	483.8
2420	0.137	-0.641	1.806	484.0
2421	0.136	-0.641	1.805	484.2
2422	0.136	-0.642	1.796	484.4
2423	0.135	-0.642	1.797	484.6
2424	0.135	-0.641	1.807	484.8
2425	0.136	-0.641	1.798	485.0
2426	0.136	-0.639	1.797	485.2
2427	0.134	-0.640	1.797	485.4
2428	0.135	-0.639	1.809	485.6
2429	0.134	-0.637	1.800	485.8
2430	0.133	-0.641	1.795	486.0
2431	0.134	-0.640	1.800	486.2
2432	0.134	-0.639	1.804	486.4
2433	0.132	-0.639	1.791	486.6
2434	0.133	-0.639	1.798	486.8
2435	0.135	-0.640	1.801	487.0
2436	0.133	-0.639	1.805	487.2
2437	0.135	-0.636	1.786	487.4
2438	0.138	-0.637	1.796	487.6
2439	0.134	-0.635	1.799	487.8
2440	0.138	-0.634	1.802	488.0
2441	0.137	-0.633	1.804	488.2
2442	0.137	-0.632	1.799	488.4
2443	0.141	-0.631	1.799	488.6
2444	0.138	-0.635	1.797	488.8
2445	0.140	-0.631	1.790	489.0
2446	0.139	-0.634	1.801	489.2
2447	0.140	-0.633	1.808	489.4
2448	0.141	-0.630	1.794	489.6
2449	0.140	-0.635	1.795	489.8
2450	0.141	-0.634	1.794	490.0
2451	0.140	-0.632	1.801	490.2
2452	0.139	-0.634	1.797	490.4
2453	0.140	-0.637	1.796	490.6
2454	0.139	-0.635	1.802	490.8
2455	0.140	-0.637	1.802	491.0
2456	0.138	-0.635	1.798	491.2
2457	0.138	-0.636	1.796	491.4
2458	0.141	-0.637	1.802	491.6
2459	0.137	-0.636	1.800	491.8
2460	0.138	-0.639	1.793	492.0
2461	0.138	-0.636	1.800	492.2
2462	0.135	-0.638	1.796	492.4
2463	0.137	-0.638	1.794	492.6
2464	0.137	-0.636	1.806	492.8
2465	0.135	-0.638	1.798	493.0
2466	0.136	-0.638	1.802	493.2
2467	0.136	-0.636	1.791	493.4
2468	0.135	-0.638	1.799	493.6
2469	0.134	-0.638	1.803	493.8
2470	0.133	-0.639	1.790	494.0
2471	0.135	-0.636	1.808	494.2
2472	0.134	-0.637	1.810	494.4
2473	0.135	-0.639	1.783	494.6
2474	0.136	-0.639	1.800	494.8
2475	0.132	-0.634	1.816	495.0
2476	0.135	-0.638	1.800	495.2
2477	0.134	-0.641	1.783	495.4
2478	0.133	-0.640	1.809	495.6
2479	0.134	-0.637	1.810	495.8
2480	0.134	-0.639	1.788	496.0
2481	0.135	-0.640	1.790	496.2
2482	0.133	-0.635	1.816	496.4
2483	0.131	-0.638	1.800	496.6
2484	0.135	-0.640	1.782	496.8
2485	0.134	-0.639	1.805	497.0
2486	0.130	-0.635	1.811	497.2
2487	0.133	-0.640	1.791	497.4
2488	0.134	-0.639	1.790	497.6
2489	0.134	-0.636	1.814	497.8
2490	0.135	-0.638	1.800	498.0
2491	0.134	-0.639	1.780	498.2
2492	0.133	-0.640	1.800	498.4
2493	0.133	-0.635	1.815	498.6
2494	0.136	-0.637	1.789	498.8
2495	0.135	-0.639	1.788	499.0
2496	0.132	-0.639	1.806	499.2
2497	0.135	-0.635	1.802	499.4
2498	0.132	-0.636	1.787	499.6
2499	0.135	-0.640	1.785	499.8
2500	0.135	-0.634	1.814	500.0
2501	0.133	-0.637	1.796	500.2
2502	0.135	-0.638	1.780	500.4
2503	0.135	-0.636	1.799	500.6
2504	0.133	-0.636	1.804	500.8
2505	0.134	-0.638	1.794	501.0
2506	0.134	-0.635	1.787	501.2
2507	0.135	-0.636	1.800	501.4
2508	0.133	-0.636	1.798	501.6
2509	0.134	-0.637	1.783	501.8
2510	0.136	-0.636	1.800	502.0
2511	0.133	-0.636	1.803	502.2
2512	0.138	-0.637	1.788	502.4
2513	0.133	-0.638	1.798	502.6
2514	0.134	-0.637	1.798	502.8
2515	0.136	-0.636	1.796	503.0
2516	0.133	-0.638	1.792	503.2
2517	0.134	-0.635	1.792	503.4
2518	0.135	-0.636	1.803	503.6
2519	0.135	-0.635	1.796	503.8
2520	0.136	-0.636	1.788	504.0
2521	0.133	-0.630	1.605	504.2
2522	0.065	-0.275	1.175	504.4
2523	-0.003	-0.054	0.784	504.6
2524	-0.011	-0.011	0.781	504.8
2525	-0.010	-0.007	0.771	505.0
2526	-0.012	-0.006	0.772	505.2
2527	-0.010	-0.007	0.788	505.4
2528	-0.011	-0.011	0.772	505.6
2529	-0.011	-0.009	0.773	505.8
2530	-0.011	-0.012	0.785	506.0
2531	-0.011	-0.009	0.778	506.2
2532	-0.007	-0.007	0.775	506.4
2533	-0.009	-0.004	0.783	506.6
2534	-0.010	-0.005	0.778	506.8
2535	-0.010	-0.005	0.776	507.0
2536	-0.010	-0.006	0.780	507.2
2537	-0.009	-0.007	0.767	507.4
2538	-0.010	-0.010	0.772	507.6
2539	-0.009	-0.008	0.778	507.8
2540	-0.008	-0.008	0.773	508.0
2541	-0.010	-0.003	0.769	508.2
2542	-0.009	-0.003	0.781	508.4
2543	-0.011	-0.001	0.794	508.6
2544	-0.011	-0.005	0.787	508.8
2545	-0.009	-0.005	0.783	509.0
2546	-0.010	-0.008	0.782	509.2
2547	-0.008	-0.005	0.783	509.4
2548	-0.011	-0.005	0.777	509.6
2549	-0.009	-0.004	0.775	509.8
2550	-0.011	-0.005	0.778	510.0
2551	-0.011	-0.004	0.780	510.2
2552	-0.011	-0.006	0.777	510.4
2553	-0.012	-0.005	0.776	510.6
2554	-0.011	-0.007	0.775	510.8
2555	-0.010	-0.007	0.774	511.0
2556	-0.011	-0.006	0.779	511.2
2557	-0.009	-0.005	0.780	511.4
2558	-0.010	-0.006	0.777	511.6
2559	-0.010	-0.004	0.777	511.8
2560	-0.009	-0.005	0.777	512.0
2561	-0.011	-0.007	0.773	512.2
2562	-0.009	-0.009	0.781	512.4
2563	-0.012	-0.008	0.778	512.6
2564	-0.008	-0.008	0.775	512.8
2565	-0.010	-0.009	0.777	513.0
2566	-0.009	-0.008	0.777	513.2
2567	-0.009	-0.009	0.777	513.4
2568	-0.011	-0.006	0.779	513.6
2569	-0.010	-0.007	0.779	513.8
2570	-0.009	-0.005	0.774	514.0
2571	-0.008	-0.006	0.775	514.2
2572	-0.009	-0.007	0.776	514.4
2573	-0.009	-0.006	0.779	514.6
2574	-0.010	-0.006	0.776	514.8
2575	-0.010	-0.009	0.781	515.0
2576	-0.010	-0.007	0.776	515.2
2577	-0.009	-0.005	0.779	515.4
2578	-0.009	-0.006	0.775	515.6
2579	-0.009	-0.003	0.778	515.8
2580	-0.012	-0.005	0.779	516.0
2581	-0.009	-0.007	0.778	516.2
2582	-0.011	-0.007	0.777	516.4
2583	-0.007	-0.006	0.775	516.6
2584	-0.007	-0.009	0.776	516.8
2585	-0.010	-0.005	0.778	517.0
2586	-0.010	-0.005	0.778	517.2
2587	-0.009	-0.007	0.779	517.4
2588	-0.010	-0.005	0.776	517.6
2589	-0.011	-0.007	0.775	517.8
2590	-0.009	-0.009	0.777	518.0
2591	-0.010	-0.007	0.779	518.2
2592	-0.010	-0.009	0.779	518.4
2593	-0.011	-0.006	0.778	518.6
2594	-0.011	-0.008	0.777	518.8
2595	-0.009	-0.005	0.776	519.0
2596	-0.007	-0.010	0.777	519.2
2597	-0.006	-0.009	0.779	519.4
2598	-0.006	-0.009	0.779	519.6
2599	-0.008	-0.009	0.774	519.8
2600	-0.008	-0.008	0.775	520.0
2601	-0.009	-0.007	0.774	520.2
2602	-0.009	-0.011	0.778	520.4
2603	-0.007	-0.011	0.780	520.6
2604	-0.007	-0.009	0.778	520.8
2605	-0.008	-0.009	0.778	521.0
2606	-0.010	-0.006	0.778	521.2
2607	-0.009	-0.010	0.777	521.4
2608	-0.010	-0.008	0.782	521.6
2609	-0.007	-0.009	0.782	521.8
2610	-0.009	-0.007	0.782	522.0
2611	-0.009	-0.007	0.773	522.2
2612	-0.009	-0.011	0.774	522.4
2613	-0.009	-0.011	0.777	522.6
2614	-0.011	-0.011	0.779	522.8
2615	-0.010	-0.011	0.778	523.0
2616	-0.009	-0.010	0.777	523.2
2617	-0.007	-0.012	0.775	523.4
2618	-0.009	-0.009	0.778	523.6
2619	-0.011	-0.007	0.776	523.8
2620	-0.011	-0.009	0.778	524.0
2621	-0.011	-0.011	0.779	524.2
2622	-0.011	-0.016	0.779	524.4
2623	-0.012	-0.015	0.775	524.6
2624	-0.012	-0.014	0.781	524.8
2625	-0.010	-0.011	0.773	525.0
2626	-0.012	-0.007	0.780	525.2
2627	-0.013	-0.006	0.776	525.4
2628	-0.012	-0.009	0.775	525.6
2629	-0.013	-0.010	0.776	525.8
2630	-0.013	-0.013	0.779	526.0
2631	-0.013	-0.011	0.779	526.2
2632	-0.014	-0.009	0.780	526.4
2633	-0.011	-0.010	0.777	526.6
2634	-0.011	-0.006	0.777	526.8
2635	-0.011	-0.005	0.776	527.0
2636	-0.013	-0.006	0.777	527.2
2637	-0.011	-0.010	0.778	527.4
2638	-0.009	-0.009	0.777	527.6
2639	-0.010	-0.010	0.776	527.8
2640	-0.010	-0.009	0.775	528.0
2641	-0.009	-0.010	0.779	528.2
2642	-0.008	-0.007	0.776	528.4
2643	-0.008	-0.008	0.778	528.6
2644	-0.010	-0.007	0.775	528.8
2645	-0.007	-0.006	0.777	529.0
2646	-0.010	-0.008	0.774	529.2
2647	-0.010	-0.007	0.778	529.4
2648	-0.009	-0.007	0.775	529.6
2649	-0.010	-0.009	0.777	529.8
2650	-0.009	-0.004	0.780	530.0
2651	-0.010	-0.009	0.777	530.2
2652	-0.010	-0.007	0.778	530.4
2653	-0.011	-0.006	0.775	530.6
2654	-0.011	-0.006	0.777	530.8
2655	-0.009	-0.008	0.778	531.0
2656	-0.010	-0.005	0.780	531.2
2657	-0.009	-0.007	0.777	531.4
2658	-0.012	-0.007	0.775	531.6
2659	-0.011	-0.008	0.778	531.8
2660	-0.010	-0.005	0.777	532.0
2661	-0.011	-0.003	0.776	532.2
2662	-0.011	-0.003	0.777	532.4
2663	-0.011	-0.010	0.779	532.6
2664	-0.008	-0.009	0.776	532.8
2665	-0.008	-0.008	0.776	533.0
2666	-0.007	-0.009	0.780	533.2
2667	-0.007	-0.008	0.775	533.4
2668	-0.008	-0.003	0.778	533.6
2669	-0.007	-0.006	0.773	533.8
2670	-0.007	-0.007	0.776	534.0
2671	-0.007	-0.004	0.775	534.2
2672	-0.005	-0.006	0.777	534.4
2673	-0.006	-0.009	0.779	534.6
2674	-0.007	-0.006	0.776	534.8
2675	-0.005	-0.009	0.777	535.0
2676	-0.005	-0.008	0.779	535.2
2677	-0.005	-0.008	0.778	535.4
2678	-0.007	-0.005	0.775	535.6
2679	-0.006	-0.006	0.774	535.8
2680	-0.006	-0.005	0.775	536.0
2681	-0.007	-0.008	0.776	536.2
2682	-0.006	-0.008	0.777	536.4
2683	-0.006	-0.009	0.776	536.6
2684	-0.006	-0.006	0.778	536.8
2685	-0.005	-0.004	0.779	537.0
2686	-0.004	-0.004	0.777	537.2
2687	-0.006	-0.002	0.775	537.4
2688	-0.006	-0.006	0.779	537.6
2689	-0.007	-0.007	0.778	537.8
2690	-0.009	-0.007	0.778	538.0
2691	-0.007	-0.007	0.777	538.2
2692	-0.007	-0.006	0.775	538.4
2693	-0.006	-0.003	0.776	538.6
2694	-0.007	-0.005	0.779	538.8
2695	-0.007	-0.005	0.777	539.0
2696	-0.005	-0.008	0.781	539.2
2697	-0.007	-0.009	0.778	539.4
2698	-0.005	-0.009	0.775	539.6
2699	-0.004	-0.005	0.775	539.8
2700	-0.005	-0.005	0.776	540.0
2701	-0.005	-0.005	0.777	540.2
2702	-0.003	-0.002	0.777	540.4
2703	-0.005	-0.004	0.775	540.6
2704	-0.006	-0.005	0.776	540.8
2705	-0.005	-0.006	0.780	541.0
2706	-0.006	-0.007	0.776	541.2
2707	-0.004	-0.007	0.778	541.4
2708	-0.004	-0.005	0.776	541.6
2709	-0.003	-0.003	0.776	541.8
2710	-0.001	-0.003	0.777	542.0
2711	-0.001	-0.005	0.779	542.2
2712	-0.001	-0.005	0.777	542.4
2713	-0.001	-0.006	0.777	542.6
2714	-0.003	-0.007	0.780	542.8
2715	-0.001	-0.007	0.778	543.0
2716	-0.003	-0.007	0.775	543.2
2717	-0.001	-0.006	0.780	543.4
2718	0.001	-0.004	0.778	543.6
2719	-0.001	-0.005	0.776	543.8
2720	0.000	-0.007	0.778	544.0
2721	-0.001	-0.006	0.778	544.2
2722	0.002	-0.008	0.778	544.4
2723	0.002	-0.007	0.778	544.6
2724	0.001	-0.005	0.779	544.8
2725	0.001	-0.005	0.778	545.0
2726	0.001	-0.005	0.774	545.2
2727	0.003	-0.007	0.776	545.4
2728	0.001	-0.005	0.778	545.6
2729	0.002	-0.005	0.777	545.8
2730	0.003	-0.007	0.779	546.0
2731	0.002	-0.008	0.778	546.2
2732	0.002	-0.009	0.776	546.4
2733	0.004	-0.009	0.779	546.6
2734	0.004	-0.007	0.774	546.8
2735	0.002	-0.007	0.776	547.0
2736	0.005	-0.011	0.779	547.2
2737	0.004	-0.013	0.780	547.4
2738	0.002	-0.013	0.779	547.6
2739	0.004	-0.011	0.778	547.8
2740	0.003	-0.009	0.776	548.0
2741	0.006	-0.009	0.777	548.2
2742	0.005	-0.010	0.780	548.4
2743	0.006	-0.009	0.777	548.6
2744	0.005	-0.009	0.776	548.8
2745	0.005	-0.009	0.775	549.0
2746	0.005	-0.011	0.779	549.2
2747	0.004	-0.010	0.775	549.4
2748	0.005	-0.011	0.775	549.6
2749	0.005	-0.011	0.772	549.8
2750	0.003	-0.007	0.776	550.0
2751	0.004	-0.009	0.773	550.2
2752	0.006	-0.006	0.781	550.4
2753	0.005	-0.007	0.780	550.6
2754	0.006	-0.007	0.779	550.8
2755	0.006	-0.006	0.779	551.0
2756	0.003	-0.005	0.778	551.2
2757	0.005	-0.005	0.777	551.4
2758	0.006	-0.005	0.780	551.6
2759	0.005	-0.005	0.778	551.8
2760	0.004	-0.007	0.779	552.0
2761	0.005	-0.008	0.776	552.2
2762	0.003	-0.007	0.777	552.4
2763	0.003	-0.006	0.776	552.6
2764	0.003	-0.005	0.778	552.8
2765	0.004	-0.004	0.779	553.0
2766	0.004	-0.005	0.780	553.2
2767	0.003	-0.006	0.779	553.4
2768	0.005	-0.007	0.774	553.6
2769	0.003	-0.009	0.780	553.8
2770	0.003	-0.008	0.778	554.0
2771	0.003	-0.008	0.780	554.2
2772	0.003	-0.006	0.780	554.4
2773	0.002	-0.005	0.779	554.6
2774	0.001	-0.004	0.776	554.8
2775	0.001	-0.006	0.779	555.0
2776	0.001	-0.007	0.781	555.2
2777	0.002	-0.008	0.777	555.4
2778	0.000	-0.009	0.775	555.6
2779	0.002	-0.007	0.779	555.8
2780	0.001	-0.009	0.777	556.0
2781	0.002	-0.004	0.776	556.2
2782	0.002	-0.005	0.777	556.4
2783	0.000	-0.005	0.779	556.6
2784	-0.002	-0.007	0.775	556.8
2785	0.001	-0.010	0.778	557.0
2786	-0.001	-0.009	0.780	557.2
2787	0.001	-0.007	0.777	557.4
2788	0.003	-0.007	0.779	557.6
2789	0.000	-0.005	0.776	557.8
2790	0.001	-0.002	0.778	558.0
2791	0.002	-0.007	0.780	558.2
2792	0.001	-0.008	0.779	558.4
2793	0.003	-0.009	0.777	558.6
2794	0.003	-0.009	0.777	558.8
2795	0.002	-0.009	0.778	559.0
2796	0.001	-0.008	0.777	559.2
2797	0.005	-0.005	0.777	559.4
2798	0.002	-0.007	0.775	559.6
2799	0.001	-0.009	0.779	559.8
2800	0.002	-0.009	0.775	560.0
2801	0.003	-0.009	0.775	560.2
2802	0.002	-0.009	0.775	560.4
2803	0.003	-0.010	0.775	560.6
2804	0.003	-0.009	0.776	560.8
2805	0.001	-0.011	0.780	561.0
2806	0.003	-0.011	0.777	561.2
2807	0.001	-0.010	0.775	561.4
2808	0.001	-0.007	0.776	561.6
2809	0.001	-0.008	0.778	561.8
2810	-0.001	-0.010	0.776	562.0
2811	0.001	-0.008	0.780	562.2
2812	0.004	-0.009	0.778	562.4
2813	0.002	-0.009	0.778	562.6
2814	0.002	-0.007	0.779	562.8
2815	0.005	-0.007	0.778	563.0
2816	0.005	-0.007	0.779	563.2
2817	0.001	-0.009	0.779	563.4
2818	0.001	-0.009	0.775	563.6
2819	0.005	-0.010	0.775	563.8
2820	0.006	-0.009	0.778	564.0
2821	0.004	-0.007	0.779	564.2
2822	0.005	-0.007	0.775	564.4
2823	0.003	-0.006	0.776	564.6
2824	0.002	-0.007	0.775	564.8
2825	0.003	-0.006	0.774	565.0
2826	0.002	-0.007	0.777	565.2
2827	0.000	-0.008	0.776	565.4
2828	0.002	-0.008	0.777	565.6
2829	0.001	-0.007	0.779	565.8
2830	0.002	-0.007	0.777	566.0
2831	0.001	-0.003	0.777	566.2
2832	0.002	-0.003	0.779	566.4
2833	-0.001	-0.005	0.778	566.6
2834	0.001	-0.006	0.777	566.8
2835	0.000	-0.005	0.775	567.0
2836	0.002	-0.005	0.778	567.2
2837	0.003	-0.004	0.775	567.4
2838	0.001	-0.002	0.775	567.6
2839	0.000	-0.006	0.779	567.8
2840	0.001	-0.005	0.776	568.0
2841	-0.001	-0.006	0.774	568.2
2842	0.001	-0.007	0.775	568.4
2843	0.003	-0.008	0.777	568.6
2844	-0.001	-0.006	0.777	568.8
2845	0.001	-0.007	0.775	569.0
2846	0.000	-0.007	0.776	569.2
2847	-0.003	-0.007	0.776	569.4
2848	-0.003	-0.007	0.774	569.6
2849	-0.003	-0.005	0.776	569.8
2850	-0.003	-0.006	0.775	570.0
2851	-0.002	-0.007	0.778	570.2
2852	-0.002	-0.005	0.776	570.4
2853	-0.004	-0.006	0.778	570.6
2854	-0.004	-0.008	0.775	570.8
2855	-0.005	-0.003	0.778	571.0
2856	-0.003	-0.006	0.779	571.2
2857	-0.004	-0.005	0.779	571.4
2858	-0.007	-0.006	0.777	571.6
2859	-0.006	-0.007	0.777	571.8
2860	-0.004	-0.007	0.775	572.0
2861	-0.006	-0.009	0.779	572.2
2862	-0.007	-0.004	0.778	572.4
2863	-0.004	-0.004	0.777	572.6
2864	-0.006	-0.005	0.775	572.8
2865	-0.007	-0.007	0.771	573.0
2866	-0.005	-0.007	0.775	573.2
2867	-0.008	-0.008	0.776	573.4
2868	-0.011	-0.006	0.778	573.6
2869	-0.010	-0.006	0.779	573.8
2870	-0.009	-0.006	0.773	574.0
2871	-0.011	-0.005	0.775	574.2
2872	-0.010	-0.005	0.781	574.4
2873	-0.009	-0.005	0.774	574.6
2874	-0.010	-0.006	0.778	574.8
2875	-0.011	-0.008	0.776	575.0
2876	-0.012	-0.009	0.777	575.2
2877	-0.013	-0.010	0.775	575.4
2878	-0.010	-0.010	0.776	575.6
2879	-0.013	-0.009	0.778	575.8
2880	-0.011	-0.007	0.778	576.0
2881	-0.011	-0.009	0.776	576.2
2882	-0.010	-0.006	0.777	576.4
2883	-0.010	-0.011	0.773	576.6
2884	-0.010	-0.008	0.778	576.8
2885	-0.008	-0.009	0.778	577.0
2886	-0.009	-0.007	0.777	577.2
2887	-0.008	-0.008	0.776	577.4
2888	-0.009	-0.006	0.777	577.6
2889	-0.006	-0.008	0.778	577.8
2890	-0.005	-0.005	0.777	578.0
2891	-0.005	-0.006	0.778	578.2
2892	-0.005	-0.008	0.778	578.4
2893	-0.004	-0.008	0.778	578.6
2894	-0.003	-0.006	0.777	578.8
2895	-0.002	-0.004	0.776	579.0
2896	0.002	-0.007	0.779	579.2
2897	0.001	-0.005	0.777	579.4
2898	0.002	-0.007	0.777	579.6
2899	0.005	-0.005	0.776	579.8
2900	0.004	-0.007	0.777	580.0
2901	0.004	-0.006	0.779	580.2
2902	0.002	-0.008	0.780	580.4
2903	0.002	-0.008	0.779	580.6
2904	0.004	-0.003	0.776	580.8
2905	0.004	-0.003	0.776	581.0
2906	0.004	-0.002	0.775	581.2
2907	0.004	-0.002	0.779	581.4
2908	0.002	-0.005	0.780	581.6
2909	-0.002	-0.004	0.776	581.8
2910	-0.001	-0.010	0.776	582.0
2911	0.000	-0.009	0.776	582.2
2912	-0.002	-0.007	0.774	582.4
2913	-0.003	-0.005	0.777	582.6
2914	-0.004	-0.003	0.777	582.8
2915	-0.002	-0.003	0.776	583.0
2916	-0.003	-0.007	0.772	583.2
2917	-0.003	-0.011	0.778	583.4
2918	-0.004	-0.011	0.778	583.6
2919	-0.002	-0.009	0.777	583.8
2920	0.000	-0.011	0.779	584.0
2921	-0.002	-0.005	0.776	584.2
2922	-0.002	-0.002	0.774	584.4
2923	-0.001	-0.006	0.778	584.6
2924	-0.001	-0.006	0.778	584.8
2925	0.000	-0.007	0.778	585.0
2926	-0.001	-0.011	0.778	585.2
2927	-0.003	-0.013	0.775	585.4
2928	0.001	-0.013	0.775	585.6
2929	0.000	-0.012	0.776	585.8
2930	0.001	-0.010	0.778	586.0
2931	-0.001	-0.010	0.781	586.2
2932	-0.001	-0.008	0.777	586.4
2933	0.002	-0.013	0.777	586.6
2934	-0.001	-0.013	0.774	586.8
2935	0.000	-0.015	0.775	587.0
2936	0.001	-0.015	0.775	587.2
2937	-0.002	-0.014	0.778	587.4
2938	0.002	-0.011	0.774	587.6
2939	0.002	-0.009	0.774	587.8
2940	0.000	-0.008	0.777	588.0
2941	-0.001	-0.010	0.777	588.2
2942	0.000	-0.011	0.774	588.4
2943	-0.002	-0.013	0.780	588.6
2944	-0.003	-0.015	0.777	588.8
2945	-0.002	-0.014	0.773	589.0
2946	-0.002	-0.014	0.774	589.2
2947	-0.001	-0.009	0.778	589.4
2948	-0.002	-0.009	0.777	589.6
2949	-0.002	-0.006	0.780	589.8
2950	0.000	-0.007	0.778	590.0
2951	-0.002	-0.010	0.778	590.2
2952	-0.003	-0.013	0.779	590.4
2953	-0.002	-0.014	0.779	590.6
2954	-0.001	-0.011	0.777	590.8
2955	-0.001	-0.011	0.776	591.0
2956	-0.002	-0.007	0.776	591.2
2957	-0.002	-0.005	0.778	591.4
2958	-0.002	-0.006	0.774	591.6
2959	-0.003	-0.007	0.778	591.8
2960	-0.002	-0.007	0.778	592.0
2961	0.000	-0.013	0.775	592.2
2962	-0.001	-0.014	0.778	592.4
2963	-0.002	-0.011	0.777	592.6
2964	0.001	-0.010	0.779	592.8
2965	-0.001	-0.009	0.779	593.0
2966	0.001	-0.008	0.775	593.2
2967	0.000	-0.010	0.772	593.4
2968	0.002	-0.013	0.777	593.6
2969	0.003	-0.013	0.776	593.8
2970	-0.001	-0.013	0.777	594.0
2971	0.001	-0.011	0.779	594.2
2972	0.001	-0.011	0.781	594.4
2973	0.002	-0.009	0.779	594.6
2974	0.002	-0.010	0.777	594.8
2975	0.001	-0.007	0.777	595.0
2976	0.004	-0.009	0.776	595.2
2977	0.001	-0.009	0.777	595.4
2978	0.002	-0.011	0.778	595.6
2979	0.003	-0.011	0.777	595.8
2980	0.002	-0.011	0.775	596.0
2981	0.003	-0.007	0.777	596.2
2982	0.001	-0.006	0.777	596.4
2983	0.000	-0.009	0.778	596.6
2984	0.001	-0.008	0.783	596.8
2985	-0.002	-0.008	0.776	597.0
2986	-0.002	-0.011	0.777	597.2
2987	-0.002	-0.009	0.778	597.4
2988	-0.002	-0.009	0.776	597.6
2989	-0.004	-0.010	0.780	597.8
2990	-0.004	-0.006	0.778	598.0
2991	0.000	-0.007	0.775	598.2
2992	-0.003	-0.007	0.776	598.4
2993	-0.003	-0.010	0.776	598.6
2994	-0.004	-0.011	0.779	598.8
2995	-0.007	-0.009	0.776	599.0
2996	-0.006	-0.007	0.778	599.2
2997	-0.005	-0.007	0.778	599.4
2998	-0.004	-0.007	0.780	599.6
2999	-0.005	-0.009	0.775	599.8
3000	-0.005	-0.008	0.779	600.0
3001	-0.006	-0.009	0.779	600.2
3002	-0.005	-0.010	0.776	600.4
3003	-0.006	-0.009	0.776	600.6
3004	-0.006	-0.009	0.776	600.8
3005	-0.005	-0.006	0.778	601.0
3006	-0.005	-0.007	0.776	601.2
3007	-0.005	-0.009	0.775	601.4
3008	-0.005	-0.007	0.776	601.6
3009	-0.007	-0.008	0.776	601.8
3010	-0.004	-0.012	0.775	602.0
3011	-0.005	-0.011	0.776	602.2
3012	-0.005	-0.007	0.775	602.4
