0	-0.007	-0.004	0.770
1	-0.007	-0.001	0.773
2	-0.010	0.000	0.776
3	-0.008	0.000	0.768
4	-0.011	-0.002	0.769
5	-0.012	0.001	0.770
6	-0.010	-0.001	0.771
7	-0.010	0.000	0.753
8	-0.015	0.003	0.762
9	-0.011	0.001	0.772
10	-0.011	0.003	0.769
11	-0.012	0.001	0.767
12	-0.011	0.001	0.768
13	-0.012	0.002	0.771
14	-0.013	0.003	0.773
15	-0.013	0.002	0.775
16	-0.011	0.000	0.770
17	-0.013	0.001	0.768
18	-0.014	0.001	0.769
19	-0.012	0.003	0.763
20	-0.015	0.002	0.772
21	-0.012	-0.001	0.768
22	-0.012	0.001	0.771
23	-0.010	0.003	0.772
24	-0.014	-0.002	0.770
25	-0.011	0.004	0.767
26	-0.010	0.003	0.773
27	-0.011	0.002	0.772
28	-0.011	0.003	0.771
29	-0.009	0.001	0.771
30	-0.012	-0.001	0.771
31	-0.011	-0.002	0.770
32	-0.012	0.000	0.771
33	-0.013	0.001	0.772
34	-0.014	0.002	0.769
35	-0.011	-0.004	0.768
36	-0.012	-0.002	0.771
37	-0.013	-0.001	0.770
38	-0.009	0.004	0.767
39	-0.007	0.003	0.770
40	-0.012	-0.002	0.768
41	-0.007	-0.003	0.766
42	-0.008	-0.001	0.771
43	-0.007	-0.004	0.770
44	-0.009	-0.005	0.773
45	-0.005	-0.004	0.771
46	-0.004	-0.003	0.775
47	-0.007	0.003	0.792
48	-0.007	-0.001	0.770
49	-0.010	-0.008	0.771
50	-0.011	-0.006	0.774
51	-0.011	-0.005	0.774
52	-0.011	-0.003	0.771
53	-0.009	-0.005	0.771
54	-0.011	-0.007	0.769
55	-0.013	-0.006	0.767
56	-0.012	-0.005	0.769
57	-0.011	-0.005	0.768
58	-0.013	-0.006	0.770
59	-0.011	-0.006	0.771
60	-0.011	-0.008	0.770
61	-0.011	-0.009	0.769
62	-0.011	-0.007	0.768
63	-0.007	-0.007	0.771
64	-0.009	-0.006	0.770
65	-0.007	-0.008	0.767
66	-0.007	-0.005	0.772
67	-0.007	-0.008	0.771
68	-0.007	-0.007	0.774
69	-0.006	-0.007	0.771
70	-0.006	-0.006	0.770
71	-0.006	-0.010	0.771
72	-0.006	-0.008	0.770
73	-0.003	-0.008	0.770
74	-0.005	-0.007	0.770
75	-0.004	-0.009	0.767
76	-0.003	-0.008	0.769
77	-0.003	-0.007	0.772
78	-0.005	-0.012	0.768
79	-0.003	-0.012	0.770
80	-0.005	-0.011	0.768
81	-0.006	-0.009	0.770
82	-0.004	-0.011	0.770
83	-0.005	-0.012	0.771
84	-0.004	-0.010	0.767
85	-0.007	-0.011	0.771
86	-0.005	-0.011	0.774
87	-0.004	-0.013	0.771
88	-0.004	-0.010	0.771
89	-0.003	-0.010	0.768
90	-0.004	-0.010	0.770
91	-0.003	-0.009	0.770
92	-0.005	-0.009	0.768
93	-0.004	-0.005	0.769
94	-0.004	-0.005	0.767
95	-0.003	-0.006	0.767
96	-0.003	-0.006	0.769
97	-0.002	-0.009	0.771
98	-0.003	-0.009	0.767
99	-0.003	-0.009	0.772
100	-0.004	-0.002	0.770
101	-0.003	0.001	0.771
102	-0.003	0.001	0.771
103	-0.003	-0.001	0.769
104	-0.004	-0.001	0.772
105	-0.003	-0.002	0.770
106	-0.005	0.003	0.770
107	-0.005	0.000	0.770
108	-0.005	-0.001	0.769
109	-0.003	-0.001	0.771
110	-0.004	-0.002	0.770
111	-0.004	0.001	0.769
112	-0.004	0.001	0.771
113	-0.003	-0.002	0.771
114	-0.004	-0.005	0.771
115	-0.004	-0.005	0.769
116	-0.003	-0.003	0.770
117	-0.005	-0.001	0.771
118	-0.005	-0.003	0.771
119	-0.003	-0.002	0.772
120	-0.007	-0.002	0.770
121	-0.005	-0.007	0.768
122	-0.006	-0.005	0.770
123	-0.005	-0.007	0.770
124	-0.006	-0.005	0.769
125	-0.006	-0.005	0.770
126	-0.006	-0.003	0.770
127	-0.005	-0.005	0.769
128	-0.005	-0.003	0.769
129	-0.007	-0.004	0.770
130	-0.005	-0.004	0.770
131	-0.005	-0.005	0.771
132	-0.004	-0.005	0.771
133	-0.004	-0.006	0.770
134	-0.003	-0.005	0.770
135	-0.005	-0.004	0.771
136	-0.004	-0.005	0.771
137	-0.003	-0.003	0.771
138	-0.004	-0.005	0.771
139	-0.004	-0.008	0.768
140	-0.004	-0.007	0.771
141	-0.005	-0.007	0.771
142	-0.006	-0.005	0.769
143	-0.002	-0.006	0.767
144	-0.005	-0.005	0.767
145	-0.002	-0.006	0.769
146	-0.005	-0.007	0.771
147	-0.003	-0.006	0.770
148	-0.005	-0.007	0.768
149	-0.005	-0.007	0.771
150	-0.005	-0.007	0.770
151	-0.005	-0.008	0.772
152	-0.007	-0.003	0.770
153	-0.006	-0.005	0.769
154	-0.005	-0.005	0.769
155	-0.009	-0.005	0.771
156	-0.008	-0.006	0.771
157	-0.007	-0.005	0.773
158	-0.007	-0.005	0.770
159	-0.008	-0.004	0.772
160	-0.008	-0.006	0.772
161	-0.005	-0.006	0.768
162	-0.005	-0.006	0.770
163	-0.005	-0.005	0.771
164	-0.004	-0.005	0.770
165	-0.005	-0.003	0.767
166	-0.003	-0.004	0.768
167	-0.005	-0.005	0.768
168	-0.004	-0.009	0.768
169	-0.004	-0.006	0.770
170	-0.005	-0.007	0.772
171	-0.005	-0.006	0.769
172	-0.006	-0.007	0.768
173	-0.005	-0.007	0.773
174	-0.007	-0.008	0.772
175	-0.006	-0.007	0.773
176	-0.009	-0.007	0.772
177	-0.005	-0.005	0.771
178	-0.006	-0.006	0.769
179	-0.005	-0.006	0.772
180	-0.007	-0.005	0.767
181	-0.006	-0.005	0.769
182	-0.009	-0.005	0.770
183	-0.006	-0.005	0.772
184	-0.007	-0.004	0.770
185	-0.005	-0.007	0.773
186	-0.007	-0.006	0.773
187	-0.005	-0.006	0.773
188	-0.005	-0.005	0.767
189	-0.005	-0.004	0.770
190	-0.008	-0.006	0.780
191	-0.005	-0.003	0.772
192	-0.007	-0.006	0.775
193	-0.005	-0.005	0.772
194	-0.006	-0.006	0.772
195	-0.008	-0.006	0.771
196	-0.006	-0.003	0.774
197	-0.007	-0.006	0.770
198	-0.006	-0.005	0.772
199	-0.005	-0.005	0.772
200	-0.005	-0.005	0.774
201	-0.007	-0.005	0.773
202	-0.007	-0.004	0.769
203	-0.007	-0.002	0.768
204	-0.009	-0.003	0.772
205	-0.009	-0.003	0.770
206	-0.009	-0.004	0.770
207	-0.008	-0.003	0.773
208	-0.007	-0.006	0.773
209	-0.007	-0.005	0.770
210	-0.009	-0.004	0.774
211	-0.009	-0.002	0.775
212	-0.008	-0.005	0.773
213	-0.009	-0.002	0.768
214	-0.007	-0.002	0.777
215	-0.008	-0.002	0.778
216	-0.008	-0.001	0.773
217	-0.009	-0.002	0.771
218	-0.008	-0.005	0.774
219	-0.007	-0.001	0.774
220	-0.006	-0.002	0.774
221	-0.006	-0.002	0.778
222	-0.008	-0.002	0.779
223	-0.007	-0.002	0.774
224	-0.004	-0.004	0.772
225	-0.007	-0.003	0.775
226	-0.006	-0.005	0.776
227	-0.007	-0.005	0.774
228	-0.007	-0.005	0.771
229	-0.007	-0.004	0.778
230	-0.007	-0.005	0.779
231	-0.006	-0.003	0.774
232	-0.006	-0.004	0.773
233	-0.007	-0.003	0.777
234	-0.007	-0.003	0.777
235	-0.005	-0.002	0.771
236	-0.007	-0.005	0.780
237	-0.006	-0.003	0.781
238	-0.009	-0.005	0.772
239	-0.007	-0.005	0.773
240	-0.009	-0.006	0.780
241	-0.005	-0.001	0.782
242	-0.007	-0.002	0.779
243	-0.007	-0.002	0.776
244	-0.007	-0.002	0.784
245	-0.006	-0.002	0.780
246	-0.006	-0.003	0.775
247	-0.007	-0.004	0.781
248	-0.004	-0.005	0.782
249	-0.006	-0.005	0.780
250	-0.005	-0.003	0.772
251	-0.005	-0.002	0.776
252	-0.006	-0.002	0.783
253	-0.007	0.001	0.778
254	-0.004	0.000	0.779
255	-0.005	0.002	0.774
256	-0.005	0.002	0.775
257	-0.006	0.003	0.775
258	-0.005	0.003	0.777
259	-0.005	0.005	0.776
260	-0.006	0.006	0.778
261	-0.005	0.005	0.779
262	-0.005	0.004	0.785
263	-0.006	0.004	0.779
264	-0.006	0.005	0.775
265	-0.007	0.004	0.781
266	-0.005	0.002	0.783
267	-0.005	-0.002	0.778
268	-0.005	-0.001	0.778
269	-0.005	0.000	0.782
270	-0.005	-0.002	0.777
271	-0.005	-0.002	0.779
272	-0.005	-0.002	0.776
273	-0.003	-0.002	0.780
274	-0.005	-0.002	0.780
275	-0.004	-0.001	0.780
276	-0.004	-0.002	0.778
277	-0.005	-0.001	0.783
278	-0.003	-0.003	0.785
279	-0.004	0.000	0.782
280	-0.004	-0.002	0.779
281	-0.006	-0.001	0.783
282	-0.005	-0.001	0.780
283	-0.004	-0.002	0.780
284	-0.003	0.000	0.786
285	-0.004	-0.001	0.784
286	-0.004	-0.001	0.780
287	-0.004	-0.003	0.780
288	-0.004	-0.002	0.783
289	-0.003	-0.003	0.779
290	-0.002	-0.001	0.781
291	-0.003	-0.001	0.779
292	-0.005	-0.002	0.780
293	-0.003	0.000	0.784
294	-0.001	-0.001	0.784
295	-0.004	0.002	0.781
296	-0.003	-0.002	0.781
297	-0.004	0.002	0.783
298	-0.003	-0.001	0.786
299	-0.005	-0.002	0.782
300	-0.003	-0.001	0.780
301	-0.004	0.001	0.782
302	-0.003	-0.003	0.783
303	-0.004	-0.002	0.776
304	-0.003	0.000	0.781
305	-0.002	0.002	0.785
306	-0.002	0.000	0.784
307	-0.003	-0.001	0.777
308	-0.003	0.000	0.784
309	-0.003	-0.002	0.786
310	-0.003	0.001	0.778
311	0.001	0.000	0.779
312	-0.003	0.001	0.785
313	-0.005	0.002	0.780
314	-0.002	0.002	0.781
315	-0.002	0.002	0.783
316	-0.005	0.002	0.783
317	-0.003	0.000	0.780
318	-0.004	0.002	0.782
319	-0.005	0.001	0.781
320	-0.002	0.000	0.784
321	-0.003	0.000	0.781
322	-0.004	0.001	0.779
323	-0.003	0.001	0.779
324	-0.002	0.002	0.778
325	-0.005	0.001	0.782
326	-0.005	0.001	0.786
327	-0.002	0.004	0.778
328	-0.003	0.003	0.778
329	-0.003	0.003	0.783
330	-0.003	0.002	0.785
331	-0.004	0.002	0.785
332	-0.002	0.003	0.787
333	-0.003	0.002	0.786
334	-0.001	0.002	0.779
335	-0.002	0.004	0.783
336	-0.001	0.000	0.782
337	-0.001	0.002	0.782
338	-0.002	0.003	0.780
339	-0.002	0.004	0.785
340	-0.002	0.002	0.785
341	-0.005	0.003	0.778
342	-0.001	0.004	0.783
343	-0.001	0.007	0.786
344	-0.001	0.005	0.778
345	-0.002	0.002	0.783
346	-0.002	0.003	0.793
347	-0.001	0.002	0.783
348	-0.001	0.004	0.778
349	0.001	0.001	0.789
350	-0.002	0.004	0.793
351	-0.001	0.002	0.781
352	-0.001	0.004	0.783
353	-0.002	0.005	0.786
354	-0.002	0.006	0.785
355	-0.003	0.002	0.777
356	-0.002	0.004	0.784
357	-0.001	0.007	0.787
358	-0.003	0.002	0.787
359	-0.002	0.002	0.780
360	-0.002	0.003	0.783
361	-0.001	0.001	0.786
362	-0.003	0.002	0.783
363	0.000	0.003	0.783
364	-0.001	0.003	0.787
365	-0.002	0.003	0.780
366	-0.001	0.003	0.786
367	-0.001	0.005	0.784
368	-0.001	0.003	0.786
369	-0.001	0.001	0.785
370	-0.002	0.004	0.780
371	-0.001	0.003	0.786
372	-0.001	0.004	0.786
373	0.001	0.007	0.784
374	0.000	0.006	0.788
375	-0.002	0.008	0.790
376	-0.001	0.008	0.783
377	-0.003	0.005	0.783
378	-0.001	0.005	0.791
379	-0.001	0.002	0.788
380	-0.001	0.005	0.783
381	-0.002	0.007	0.788
382	-0.002	0.007	0.784
383	-0.001	0.004	0.785
384	-0.001	0.007	0.784
385	-0.001	0.006	0.790
386	-0.004	0.005	0.785
387	-0.002	0.004	0.789
388	-0.002	0.005	0.785
389	-0.002	0.005	0.788
390	-0.003	0.004	0.785
391	-0.003	0.007	0.782
392	-0.001	0.005	0.790
393	-0.003	0.005	0.791
394	-0.004	0.005	0.784
395	-0.003	0.004	0.789
396	-0.003	0.005	0.790
397	-0.004	0.003	0.788
398	-0.003	0.001	0.787
399	-0.003	0.003	0.790
400	-0.005	0.005	0.787
401	-0.003	0.004	0.787
402	-0.004	0.005	0.789
403	-0.003	0.002	0.788
404	-0.002	0.003	0.789
405	-0.003	0.005	0.784
406	-0.002	0.005	0.790
407	-0.003	0.002	0.793
408	-0.005	0.006	0.789
409	-0.002	0.005	0.788
410	-0.003	0.008	0.786
411	-0.003	0.005	0.791
412	-0.002	0.004	0.787
413	-0.003	0.004	0.788
414	-0.004	0.004	0.788
415	-0.002	0.003	0.791
416	-0.002	0.006	0.788
417	-0.005	0.004	0.786
418	-0.001	0.007	0.791
419	-0.004	0.004	0.791
420	-0.002	0.003	0.789
421	-0.003	0.005	0.791
422	-0.003	0.004	0.787
423	0.000	0.006	0.789
424	-0.003	0.006	0.788
425	-0.001	0.004	0.787
426	-0.001	0.005	0.787
427	-0.001	0.005	0.789
428	-0.005	0.002	0.792
429	-0.001	0.005	0.789
430	-0.003	0.004	0.791
431	-0.001	0.006	0.790
432	-0.002	0.005	0.784
433	0.000	0.005	0.787
434	-0.002	0.004	0.795
435	-0.001	0.004	0.792
436	-0.002	0.007	0.790
437	0.000	0.007	0.790
438	-0.003	0.007	0.792
439	0.000	0.006	0.790
440	-0.003	0.005	0.785
441	-0.001	0.006	0.789
442	-0.003	0.009	0.794
443	-0.003	0.006	0.790
444	-0.003	0.005	0.782
445	-0.002	0.005	0.785
446	-0.002	0.009	0.794
447	-0.001	0.005	0.786
448	-0.001	0.006	0.785
449	-0.002	0.007	0.790
450	-0.002	0.007	0.796
451	-0.001	0.005	0.791
452	-0.001	0.009	0.783
453	-0.002	0.007	0.789
454	-0.002	0.007	0.794
455	-0.002	0.007	0.791
456	-0.001	0.007	0.791
457	-0.001	0.007	0.789
458	-0.002	0.008	0.791
459	-0.001	0.007	0.790
460	-0.002	0.007	0.788
461	-0.001	0.005	0.791
462	-0.002	0.006	0.794
463	-0.002	0.006	0.789
464	-0.001	0.009	0.789
465	-0.003	0.006	0.794
466	-0.004	0.007	0.790
467	-0.001	0.008	0.789
468	-0.003	0.008	0.790
469	-0.001	0.007	0.796
470	-0.003	0.007	0.792
471	-0.003	0.006	0.794
472	-0.005	0.004	0.792
473	-0.004	0.007	0.794
474	-0.003	0.007	0.787
475	-0.003	0.006	0.791
476	-0.003	0.004	0.792
477	-0.003	0.003	0.794
478	-0.002	0.007	0.791
479	-0.002	0.006	0.792
480	-0.003	0.005	0.792
481	-0.004	0.009	0.792
482	0.000	0.009	0.793
483	-0.002	0.007	0.792
484	-0.001	0.008	0.795
485	-0.003	0.009	0.793
486	-0.003	0.008	0.796
487	-0.003	0.010	0.792
488	-0.005	0.007	0.790
489	0.000	0.009	0.790
490	-0.002	0.011	0.800
491	-0.003	0.009	0.794
492	-0.002	0.009	0.790
493	-0.003	0.010	0.800
494	-0.004	0.009	0.800
495	-0.003	0.010	0.799
496	-0.002	0.011	0.789
497	-0.004	0.011	0.796
498	-0.001	0.010	0.800
499	-0.002	0.010	0.797
500	0.001	0.011	0.797
501	-0.001	0.013	0.793
502	-0.003	0.011	0.796
503	-0.001	0.009	0.794
504	-0.001	0.011	0.790
505	-0.001	0.012	0.797
506	-0.001	0.011	0.799
507	-0.001	0.011	0.790
508	0.000	0.012	0.799
509	-0.001	0.012	0.797
510	-0.001	0.013	0.797
511	-0.003	0.009	0.792
512	-0.001	0.011	0.797
513	-0.003	0.011	0.800
514	0.017	0.156	1.124
515	0.037	0.257	1.191
516	0.040	0.248	1.162
517	0.036	0.242	1.182
518	0.038	0.240	1.168
519	0.038	0.236	1.151
520	0.042	0.232	1.151
521	0.043	0.232	1.161
522	0.040	0.233	1.157
523	0.040	0.232	1.141
524	0.041	0.227	1.144
525	0.043	0.226	1.158
526	0.041	0.227	1.144
527	0.044	0.227	1.134
528	0.041	0.222	1.145
529	0.042	0.224	1.148
530	0.043	0.225	1.136
531	0.040	0.224	1.135
532	0.039	0.224	1.141
533	0.038	0.226	1.142
534	0.039	0.225	1.127
535	0.039	0.225	1.134
536	0.036	0.226	1.139
537	0.038	0.222	1.133
538	0.037	0.221	1.133
539	0.039	0.220	1.135
540	0.038	0.219	1.134
541	0.037	0.219	1.130
542	0.037	0.218	1.129
543	0.037	0.219	1.133
544	0.036	0.217	1.135
545	0.038	0.216	1.129
546	0.037	0.215	1.125
547	0.034	0.216	1.132
548	0.035	0.216	1.128
549	0.037	0.214	1.128
550	0.036	0.212	1.127
551	0.034	0.211	1.131
552	0.036	0.211	1.124
553	0.035	0.211	1.134
554	0.033	0.211	1.128
555	0.033	0.212	1.127
556	0.032	0.210	1.131
557	0.034	0.209	1.130
558	0.032	0.208	1.124
559	0.031	0.211	1.129
560	0.031	0.210	1.122
561	0.033	0.209	1.123
562	0.030	0.212	1.125
563	0.031	0.213	1.119
564	0.032	0.211	1.123
565	0.030	0.211	1.121
566	0.031	0.213	1.125
567	0.033	0.210	1.123
568	0.036	0.212	1.120
569	0.035	0.208	1.122
570	0.033	0.210	1.124
571	0.036	0.212	1.131
572	0.034	0.212	1.125
573	0.034	0.211	1.119
574	0.033	0.214	1.122
575	0.036	0.212	1.128
576	0.034	0.210	1.131
577	0.032	0.212	1.118
578	0.033	0.211	1.125
579	0.030	0.210	1.127
580	0.033	0.210	1.118
581	0.032	0.212	1.115
582	0.032	0.212	1.121
583	0.032	0.211	1.131
584	0.034	0.213	1.122
585	0.033	0.213	1.119
586	0.034	0.212	1.122
587	0.035	0.214	1.121
588	0.035	0.212	1.117
589	0.036	0.211	1.123
590	0.035	0.209	1.125
591	0.034	0.211	1.122
592	0.036	0.210	1.120
593	0.037	0.208	1.117
594	0.036	0.208	1.119
595	0.040	0.209	1.120
596	0.036	0.207	1.121
597	0.039	0.207	1.121
598	0.037	0.210	1.115
599	0.040	0.209	1.122
600	0.040	0.210	1.125
601	0.040	0.210	1.115
602	0.038	0.211	1.119
603	0.042	0.210	1.123
604	0.038	0.211	1.121
605	0.041	0.211	1.115
606	0.040	0.210	1.122
607	0.038	0.209	1.124
608	0.037	0.208	1.113
609	0.041	0.209	1.117
610	0.041	0.208	1.121
611	0.041	0.208	1.120
612	0.040	0.209	1.109
613	0.038	0.208	1.120
614	0.040	0.210	1.124
615	0.041	0.210	1.115
616	0.040	0.211	1.109
617	0.042	0.209	1.123
618	0.042	0.209	1.119
619	0.043	0.210	1.114
620	0.044	0.210	1.113
621	0.043	0.208	1.126
622	0.042	0.208	1.115
623	0.042	0.209	1.110
624	0.043	0.209	1.115
625	0.043	0.207	1.122
626	0.044	0.208	1.118
627	0.045	0.210	1.109
628	0.044	0.209	1.112
629	0.047	0.208	1.120
630	0.046	0.211	1.119
631	0.045	0.209	1.111
632	0.042	0.209	1.107
633	0.045	0.207	1.117
634	0.046	0.207	1.105
635	0.044	0.208	1.121
636	0.045	0.207	1.113
637	0.048	0.207	1.117
638	0.044	0.210	1.110
639	0.046	0.210	1.122
640	0.045	0.211	1.115
641	0.044	0.210	1.121
642	0.046	0.212	1.115
643	0.043	0.212	1.116
644	0.045	0.210	1.116
645	0.043	0.211	1.117
646	0.045	0.209	1.116
647	0.044	0.212	1.115
648	0.043	0.210	1.116
649	0.047	0.210	1.118
650	0.044	0.211	1.109
651	0.046	0.212	1.112
652	0.044	0.212	1.116
653	0.046	0.214	1.118
654	0.045	0.215	1.116
655	0.045	0.212	1.116
656	0.044	0.211	1.117
657	0.044	0.213	1.118
658	0.045	0.210	1.115
659	0.042	0.212	1.117
660	0.044	0.214	1.115
661	0.041	0.214	1.119
662	0.043	0.215	1.117
663	0.044	0.214	1.121
664	0.044	0.216	1.115
665	0.045	0.215	1.114
666	0.044	0.215	1.116
667	0.045	0.215	1.122
668	0.042	0.213	1.117
669	0.042	0.212	1.119
670	0.041	0.212	1.109
671	0.042	0.208	1.118
672	0.041	0.211	1.119
673	0.044	0.208	1.120
674	0.042	0.211	1.113
675	0.042	0.211	1.118
676	0.042	0.209	1.121
677	0.041	0.211	1.117
678	0.043	0.212	1.110
679	0.043	0.210	1.123
680	0.041	0.212	1.117
681	0.043	0.212	1.119
682	0.042	0.209	1.111
683	0.042	0.210	1.123
684	0.042	0.208	1.118
685	0.042	0.211	1.116
686	0.042	0.210	1.113
687	0.041	0.211	1.119
688	0.044	0.210	1.113
689	0.042	0.211	1.117
690	0.042	0.210	1.115
691	0.042	0.212	1.117
692	0.043	0.214	1.107
693	0.041	0.214	1.125
694	0.041	0.212	1.115
695	0.042	0.214	1.119
696	0.042	0.214	1.102
697	0.045	0.215	1.115
698	0.041	0.210	1.122
699	0.041	0.212	1.111
700	0.043	0.211	1.111
701	0.042	0.213	1.111
702	0.042	0.211	1.114
703	0.040	0.211	1.124
704	0.042	0.211	1.117
705	0.041	0.213	1.110
706	0.042	0.210	1.119
707	0.041	0.210	1.119
708	0.041	0.209	1.115
709	0.040	0.208	1.121
710	0.040	0.209	1.115
711	0.041	0.210	1.115
712	0.040	0.210	1.113
713	0.042	0.209	1.124
714	0.040	0.211	1.123
715	0.042	0.207	1.109
716	0.041	0.206	1.096
717	0.041	0.207	1.152
718	0.042	0.207	1.106
719	0.043	0.208	1.113
720	0.043	0.208	1.110
721	0.041	0.208	1.135
722	0.044	0.210	1.109
723	0.042	0.207	1.113
724	0.044	0.207	1.122
725	0.041	0.207	1.129
726	0.042	0.210	1.115
727	0.044	0.209	1.114
728	0.044	0.208	1.126
729	0.045	0.206	1.124
730	0.043	0.210	1.105
731	0.048	0.211	1.121
732	0.044	0.210	1.148
733	0.045	0.209	1.109
734	0.046	0.211	1.099
735	0.042	0.211	1.111
736	0.044	0.210	1.127
737	0.047	0.214	1.092
738	0.044	0.213	1.105
739	0.045	0.211	1.122
740	0.044	0.212	1.127
741	0.044	0.212	1.115
742	0.044	0.213	1.114
743	0.044	0.212	1.121
744	0.042	0.210	1.122
745	0.045	0.212	1.110
746	0.044	0.213	1.121
747	0.044	0.210	1.121
748	0.045	0.214	1.123
749	0.043	0.214	1.116
750	0.043	0.211	1.119
751	0.044	0.212	1.117
752	0.045	0.214	1.113
753	0.044	0.212	1.122
754	0.045	0.214	1.122
755	0.045	0.212	1.122
756	0.045	0.212	1.119
757	0.045	0.211	1.122
758	0.044	0.212	1.119
759	0.043	0.213	1.119
760	0.045	0.212	1.119
761	0.043	0.211	1.121
762	0.042	0.209	1.119
763	0.044	0.213	1.117
764	0.043	0.212	1.114
765	0.043	0.213	1.121
766	0.044	0.210	1.120
767	0.044	0.212	1.117
768	0.044	0.211	1.151
769	0.045	0.212	1.095
770	0.044	0.213	1.074
771	0.046	0.209	1.128
772	0.047	0.209	1.129
773	0.046	0.211	1.107
774	0.047	0.210	1.109
775	0.046	0.213	1.119
776	0.048	0.212	1.102
777	0.046	0.212	1.113
778	0.046	0.211	1.123
779	0.047	0.211	1.123
780	0.045	0.212	1.117
781	0.048	0.213	1.113
782	0.047	0.210	1.115
783	0.044	0.211	1.117
784	0.045	0.211	1.115
785	0.046	0.209	1.111
786	0.046	0.211	1.118
787	0.043	0.210	1.114
788	0.048	0.208	1.117
789	0.046	0.211	1.114
790	0.043	0.210	1.117
791	0.047	0.211	1.118
792	0.042	0.210	1.119
793	0.044	0.209	1.116
794	0.043	0.210	1.118
795	0.045	0.209	1.116
796	0.042	0.212	1.115
797	0.041	0.212	1.119
798	0.044	0.211	1.115
799	0.045	0.210	1.117
800	0.046	0.210	1.118
801	0.045	0.210	1.119
802	0.044	0.211	1.114
803	0.044	0.210	1.109
804	0.045	0.210	1.114
805	0.043	0.211	1.120
806	0.043	0.211	1.118
807	0.044	0.209	1.112
808	0.043	0.211	1.118
809	0.045	0.209	1.117
810	0.045	0.210	1.113
811	0.043	0.211	1.114
812	0.043	0.209	1.115
813	0.043	0.211	1.118
814	0.041	0.210	1.111
815	0.044	0.211	1.117
816	0.041	0.210	1.112
817	0.042	0.212	1.118
818	0.042	0.209	1.114
819	0.041	0.211	1.121
820	0.043	0.208	1.117
821	0.045	0.209	1.120
822	0.043	0.214	1.116
823	0.044	0.210	1.116
824	0.042	0.209	1.115
825	0.041	0.208	1.116
826	0.042	0.208	1.117
827	0.040	0.208	1.121
828	0.041	0.207	1.112
829	0.042	0.208	1.112
830	0.041	0.208	1.115
831	0.040	0.208	1.115
832	0.041	0.205	1.111
833	0.041	0.208	1.113
834	0.040	0.208	1.119
835	0.039	0.208	1.117
836	0.039	0.207	1.110
837	0.038	0.209	1.112
838	0.038	0.209	1.118
839	0.039	0.209	1.118
840	0.042	0.209	1.113
841	0.038	0.211	1.113
842	0.039	0.212	1.119
843	0.040	0.210	1.117
844	0.040	0.211	1.116
845	0.041	0.211	1.113
846	0.041	0.211	1.119
847	0.038	0.211	1.118
848	0.040	0.211	1.121
849	0.040	0.210	1.120
850	0.039	0.211	1.124
851	0.037	0.211	1.120
852	0.040	0.211	1.122
853	0.038	0.212	1.119
854	0.040	0.211	1.123
855	0.038	0.212	1.120
856	0.041	0.212	1.127
857	0.037	0.211	1.119
858	0.037	0.211	1.122
859	0.038	0.212	1.119
860	0.038	0.211	1.124
861	0.040	0.211	1.115
862	0.039	0.211	1.119
863	0.039	0.213	1.123
864	0.041	0.212	1.121
865	0.042	0.212	1.119
866	0.041	0.215	1.123
867	0.040	0.211	1.122
868	0.041	0.212	1.127
869	0.041	0.213	1.116
870	0.040	0.212	1.121
871	0.040	0.211	1.128
872	0.042	0.216	1.127
873	0.040	0.215	1.121
874	0.042	0.215	1.119
875	0.042	0.214	1.130
876	0.041	0.214	1.119
877	0.044	0.215	1.115
878	0.044	0.214	1.127
879	0.043	0.218	1.129
880	0.043	0.217	1.115
881	0.042	0.217	1.119
882	0.041	0.216	1.126
883	0.042	0.216	1.127
884	0.043	0.218	1.117
885	0.043	0.216	1.130
886	0.042	0.215	1.131
887	0.040	0.216	1.121
888	0.042	0.218	1.121
889	0.041	0.217	1.133
890	0.043	0.217	1.127
891	0.043	0.216	1.116
892	0.042	0.218	1.128
893	0.046	0.216	1.133
894	0.045	0.219	1.122
895	0.043	0.217	1.122
896	0.043	0.218	1.131
897	0.041	0.218	1.130
898	0.039	0.216	1.125
899	0.043	0.219	1.122
900	0.043	0.218	1.124
901	0.040	0.218	1.127
902	0.042	0.219	1.121
903	0.041	0.219	1.119
904	0.040	0.216	1.129
905	0.042	0.220	1.128
906	0.043	0.218	1.117
907	0.040	0.219	1.121
908	0.042	0.217	1.130
909	0.040	0.218	1.124
910	0.042	0.221	1.117
911	0.042	0.221	1.121
912	0.041	0.214	1.131
913	0.043	0.218	1.126
914	0.043	0.219	1.117
915	0.041	0.216	1.127
916	0.042	0.218	1.127
917	0.043	0.219	1.116
918	0.042	0.218	1.123
919	0.045	0.216	1.130
920	0.043	0.218	1.126
921	0.042	0.216	1.120
922	0.045	0.218	1.124
923	0.044	0.215	1.127
924	0.043	0.215	1.120
925	0.042	0.215	1.115
926	0.044	0.216	1.121
927	0.044	0.215	1.133
928	0.043	0.219	1.120
929	0.044	0.217	1.115
930	0.044	0.217	1.126
931	0.044	0.216	1.134
932	0.046	0.219	1.109
933	0.044	0.217	1.117
934	0.044	0.217	1.136
935	0.043	0.216	1.127
936	0.043	0.217	1.114
937	0.044	0.218	1.126
938	0.044	0.215	1.133
939	0.044	0.217	1.117
940	0.045	0.218	1.114
941	0.045	0.218	1.128
942	0.044	0.218	1.131
943	0.046	0.218	1.115
944	0.047	0.218	1.121
945	0.046	0.219	1.130
946	0.047	0.219	1.129
947	0.046	0.218	1.119
948	0.047	0.218	1.133
949	0.048	0.218	1.135
950	0.047	0.220	1.128
951	0.047	0.219	1.121
952	0.048	0.220	1.133
953	0.046	0.219	1.128
954	0.045	0.221	1.117
955	0.048	0.219	1.123
956	0.046	0.220	1.134
957	0.048	0.221	1.129
958	0.048	0.221	1.119
959	0.048	0.221	1.131
960	0.048	0.220	1.135
961	0.049	0.221	1.123
962	0.048	0.220	1.127
963	0.049	0.221	1.135
964	0.049	0.220	1.130
965	0.048	0.221	1.123
966	0.048	0.220	1.126
967	0.048	0.220	1.133
968	0.047	0.222	1.127
969	0.047	0.223	1.123
970	0.048	0.222	1.132
971	0.048	0.222	1.133
972	0.047	0.222	1.124
973	0.049	0.222	1.126
974	0.047	0.222	1.127
975	0.049	0.220	1.135
976	0.048	0.222	1.125
977	0.045	0.221	1.129
978	0.047	0.222	1.132
979	0.046	0.221	1.129
980	0.046	0.223	1.124
981	0.046	0.221	1.133
982	0.048	0.222	1.131
983	0.047	0.221	1.127
984	0.047	0.222	1.123
985	0.046	0.221	1.132
986	0.048	0.221	1.129
987	0.047	0.220	1.121
988	0.047	0.218	1.133
989	0.050	0.219	1.127
990	0.046	0.218	1.129
991	0.048	0.220	1.123
992	0.047	0.220	1.129
993	0.046	0.220	1.131
994	0.050	0.217	1.130
995	0.046	0.217	1.123
996	0.050	0.221	1.130
997	0.049	0.220	1.131
998	0.048	0.220	1.123
999	0.048	0.219	1.128
1000	0.048	0.218	1.133
1001	0.051	0.221	1.129
1002	0.049	0.220	1.134
1003	0.049	0.220	1.123
1004	0.050	0.219	1.128
1005	0.049	0.218	1.135
1006	0.049	0.221	1.128
1007	0.051	0.223	1.128
1008	0.049	0.222	1.131
1009	0.048	0.220	1.136
1010	0.048	0.221	1.133
1011	0.049	0.224	1.123
1012	0.049	0.223	1.133
1013	0.048	0.221	1.133
1014	0.050	0.221	1.130
1015	0.089	0.486	1.614
1016	0.103	0.510	1.560
1017	0.107	0.501	1.611
1018	0.110	0.499	1.563
1019	0.108	0.497	1.565
1020	0.112	0.492	1.580
1021	0.111	0.487	1.570
1022	0.111	0.489	1.555
1023	0.112	0.489	1.560
1024	0.111	0.487	1.568
1025	0.111	0.483	1.558
1026	0.112	0.485	1.542
1027	0.117	0.484	1.559
1028	0.112	0.483	1.559
1029	0.111	0.482	1.546
1030	0.113	0.481	1.543
1031	0.114	0.480	1.551
1032	0.114	0.481	1.552
1033	0.114	0.480	1.536
1034	0.113	0.480	1.547
1035	0.111	0.479	1.550
1036	0.113	0.476	1.548
1037	0.115	0.478	1.538
1038	0.113	0.481	1.544
1039	0.110	0.479	1.548
1040	0.111	0.478	1.550
1041	0.112	0.476	1.542
1042	0.112	0.478	1.550
1043	0.111	0.477	1.542
1044	0.115	0.477	1.541
1045	0.113	0.479	1.541
1046	0.113	0.478	1.542
1047	0.111	0.476	1.546
1048	0.113	0.478	1.540
1049	0.112	0.481	1.539
1050	0.112	0.478	1.545
1051	0.112	0.478	1.541
1052	0.115	0.479	1.534
1053	0.111	0.477	1.544
1054	0.112	0.475	1.545
1055	0.112	0.476	1.535
1056	0.115	0.478	1.536
1057	0.111	0.475	1.540
1058	0.112	0.476	1.544
1059	0.113	0.473	1.544
1060	0.112	0.476	1.537
1061	0.111	0.473	1.541
1062	0.112	0.474	1.544
1063	0.111	0.475	1.540
1064	0.113	0.476	1.538
1065	0.109	0.474	1.542
1066	0.113	0.474	1.539
1067	0.112	0.476	1.536
1068	0.114	0.474	1.543
1069	0.114	0.472	1.540
1070	0.114	0.475	1.532
1071	0.115	0.474	1.546
1072	0.114	0.470	1.543
1073	0.115	0.472	1.540
1074	0.114	0.475	1.535
1075	0.113	0.474	1.541
1076	0.115	0.474	1.538
1077	0.115	0.475	1.546
1078	0.113	0.472	1.538
1079	0.111	0.473	1.540
1080	0.115	0.474	1.535
1081	0.112	0.472	1.540
1082	0.112	0.475	1.537
1083	0.112	0.473	1.541
1084	0.112	0.471	1.544
1085	0.113	0.475	1.541
1086	0.113	0.474	1.539
1087	0.114	0.473	1.542
1088	0.112	0.473	1.538
1089	0.112	0.473	1.540
1090	0.115	0.474	1.542
1091	0.111	0.476	1.544
1092	0.114	0.474	1.528
1093	0.112	0.474	1.528
1094	0.112	0.473	1.532
1095	0.112	0.473	1.526
1096	0.115	0.474	1.544
1097	0.113	0.474	1.546
1098	0.115	0.472	1.537
1099	0.114	0.472	1.541
1100	0.113	0.474	1.537
1101	0.116	0.473	1.539
1102	0.114	0.474	1.544
1103	0.113	0.473	1.543
1104	0.114	0.475	1.536
1105	0.112	0.473	1.543
1106	0.114	0.472	1.546
1107	0.113	0.474	1.537
1108	0.112	0.472	1.534
1109	0.113	0.474	1.543
1110	0.112	0.475	1.539
1111	0.111	0.473	1.543
1112	0.111	0.471	1.540
1113	0.114	0.476	1.542
1114	0.111	0.472	1.538
1115	0.111	0.472	1.540
1116	0.112	0.472	1.536
1117	0.112	0.472	1.542
1118	0.112	0.472	1.506
1119	0.113	0.473	1.572
1120	0.110	0.470	1.513
1121	0.113	0.472	1.538
1122	0.113	0.472	1.573
1123	0.112	0.472	1.526
1124	0.114	0.473	1.530
1125	0.113	0.471	1.536
1126	0.114	0.470	1.547
1127	0.113	0.472	1.534
1128	0.116	0.473	1.531
1129	0.114	0.471	1.551
1130	0.114	0.471	1.532
1131	0.114	0.472	1.527
1132	0.113	0.471	1.546
1133	0.115	0.470	1.538
1134	0.116	0.473	1.530
1135	0.114	0.471	1.531
1136	0.115	0.473	1.544
1137	0.114	0.472	1.531
1138	0.118	0.470	1.528
1139	0.114	0.470	1.539
1140	0.115	0.470	1.540
1141	0.115	0.470	1.534
1142	0.115	0.471	1.532
1143	0.115	0.471	1.538
1144	0.115	0.469	1.534
1145	0.115	0.472	1.532
1146	0.114	0.473	1.536
1147	0.115	0.470	1.546
1148	0.115	0.473	1.532
1149	0.114	0.474	1.529
1150	0.116	0.471	1.532
1151	0.113	0.472	1.537
1152	0.113	0.474	1.534
1153	0.114	0.471	1.535
1154	0.113	0.473	1.537
1155	0.112	0.473	1.533
1156	0.113	0.475	1.531
1157	0.114	0.472	1.537
1158	0.112	0.472	1.536
1159	0.116	0.471	1.532
1160	0.115	0.471	1.532
1161	0.111	0.474	1.539
1162	0.115	0.473	1.536
1163	0.114	0.473	1.530
1164	0.115	0.472	1.534
1165	0.113	0.474	1.535
1166	0.114	0.472	1.534
1167	0.113	0.473	1.529
1168	0.114	0.472	1.538
1169	0.114	0.470	1.535
1170	0.112	0.473	1.530
1171	0.112	0.474	1.539
1172	0.112	0.473	1.536
1173	0.113	0.472	1.539
1174	0.114	0.472	1.535
1175	0.111	0.473	1.536
1176	0.113	0.474	1.540
1177	0.114	0.473	1.538
1178	0.113	0.474	1.542
1179	0.113	0.473	1.534
1180	0.112	0.473	1.536
1181	0.113	0.473	1.542
1182	0.112	0.473	1.536
1183	0.113	0.473	1.533
1184	0.114	0.471	1.540
1185	0.112	0.472	1.538
1186	0.115	0.474	1.536
1187	0.115	0.472	1.532
1188	0.114	0.474	1.536
1189	0.116	0.474	1.538
1190	0.116	0.472	1.534
1191	0.119	0.477	1.540
1192	0.117	0.473	1.541
1193	0.117	0.473	1.540
1194	0.118	0.475	1.540
1195	0.118	0.473	1.539
1196	0.118	0.476	1.540
1197	0.117	0.474	1.540
1198	0.118	0.473	1.540
1199	0.118	0.473	1.546
1200	0.119	0.476	1.542
1201	0.119	0.474	1.540
1202	0.120	0.475	1.539
1203	0.117	0.476	1.534
1204	0.119	0.475	1.539
1205	0.120	0.473	1.531
1206	0.118	0.479	1.539
1207	0.118	0.474	1.540
1208	0.120	0.477	1.539
1209	0.120	0.477	1.534
1210	0.120	0.476	1.540
1211	0.120	0.475	1.537
1212	0.119	0.475	1.537
1213	0.120	0.477	1.535
1214	0.120	0.474	1.540
1215	0.120	0.473	1.536
1216	0.121	0.474	1.536
1217	0.120	0.475	1.538
1218	0.120	0.473	1.540
1219	0.120	0.477	1.532
1220	0.120	0.473	1.538
1221	0.119	0.474	1.533
1222	0.121	0.475	1.537
1223	0.119	0.476	1.531
1224	0.122	0.476	1.539
1225	0.119	0.476	1.540
1226	0.119	0.473	1.536
1227	0.121	0.476	1.536
1228	0.121	0.474	1.536
1229	0.120	0.474	1.534
1230	0.121	0.476	1.538
1231	0.120	0.476	1.538
1232	0.120	0.477	1.544
1233	0.122	0.475	1.536
1234	0.121	0.475	1.531
1235	0.120	0.476	1.534
1236	0.121	0.474	1.536
1237	0.120	0.475	1.538
1238	0.122	0.474	1.536
1239	0.122	0.475	1.534
1240	0.118	0.474	1.531
1241	0.119	0.477	1.534
1242	0.119	0.474	1.537
1243	0.121	0.475	1.528
1244	0.119	0.474	1.543
1245	0.119	0.471	1.535
1246	0.120	0.476	1.535
1247	0.124	0.472	1.534
1248	0.121	0.474	1.540
1249	0.126	0.475	1.538
1250	0.122	0.474	1.537
1251	0.121	0.474	1.534
1252	0.122	0.476	1.530
1253	0.122	0.474	1.544
1254	0.122	0.474	1.530
1255	0.123	0.473	1.534
1256	0.123	0.476	1.538
1257	0.125	0.473	1.536
1258	0.124	0.476	1.538
1259	0.125	0.474	1.531
1260	0.122	0.474	1.539
1261	0.121	0.476	1.536
1262	0.123	0.476	1.539
1263	0.120	0.476	1.536
1264	0.119	0.475	1.538
1265	0.121	0.475	1.532
1266	0.119	0.474	1.537
1267	0.123	0.473	1.538
1268	0.121	0.474	1.539
1269	0.121	0.472	1.535
1270	0.122	0.477	1.537
1271	0.123	0.474	1.535
1272	0.123	0.474	1.535
1273	0.122	0.475	1.536
1274	0.122	0.475	1.539
1275	0.124	0.475	1.532
1276	0.126	0.477	1.539
1277	0.122	0.472	1.535
1278	0.126	0.475	1.541
1279	0.124	0.473	1.532
1280	0.126	0.477	1.543
1281	0.124	0.474	1.538
1282	0.126	0.476	1.534
1283	0.125	0.477	1.536
1284	0.124	0.475	1.544
1285	0.126	0.477	1.540
1286	0.124	0.475	1.538
1287	0.124	0.477	1.538
1288	0.123	0.476	1.540
1289	0.124	0.476	1.536
1290	0.124	0.478	1.540
1291	0.123	0.475	1.536
1292	0.124	0.475	1.542
1293	0.124	0.478	1.539
1294	0.124	0.475	1.538
1295	0.123	0.475	1.545
1296	0.128	0.475	1.542
1297	0.125	0.474	1.538
1298	0.126	0.476	1.543
1299	0.125	0.475	1.543
1300	0.125	0.474	1.542
1301	0.127	0.473	1.534
1302	0.125	0.474	1.540
1303	0.126	0.473	1.540
1304	0.126	0.474	1.535
1305	0.126	0.472	1.535
1306	0.126	0.473	1.540
1307	0.126	0.472	1.541
1308	0.127	0.474	1.536
1309	0.126	0.472	1.534
1310	0.126	0.473	1.537
1311	0.126	0.471	1.538
1312	0.125	0.473	1.535
1313	0.124	0.469	1.538
1314	0.126	0.470	1.536
1315	0.126	0.470	1.539
1316	0.126	0.471	1.538
1317	0.126	0.472	1.537
1318	0.127	0.473	1.538
1319	0.127	0.472	1.533
1320	0.128	0.471	1.540
1321	0.128	0.473	1.532
1322	0.128	0.471	1.540
1323	0.127	0.472	1.534
1324	0.126	0.473	1.538
1325	0.125	0.472	1.536
1326	0.129	0.473	1.538
1327	0.127	0.473	1.540
1328	0.127	0.474	1.536
1329	0.126	0.473	1.536
1330	0.127	0.473	1.540
1331	0.124	0.473	1.536
1332	0.126	0.472	1.540
1333	0.127	0.476	1.535
1334	0.127	0.474	1.540
1335	0.125	0.474	1.534
1336	0.124	0.472	1.535
1337	0.123	0.471	1.534
1338	0.126	0.473	1.532
1339	0.128	0.472	1.535
1340	0.128	0.473	1.544
1341	0.125	0.471	1.539
1342	0.127	0.472	1.537
1343	0.125	0.474	1.539
1344	0.126	0.472	1.541
1345	0.128	0.473	1.531
1346	0.128	0.472	1.539
1347	0.128	0.473	1.540
1348	0.126	0.474	1.537
1349	0.128	0.472	1.537
1350	0.130	0.475	1.534
1351	0.128	0.474	1.536
1352	0.128	0.475	1.540
1353	0.128	0.473	1.537
1354	0.129	0.475	1.538
1355	0.126	0.477	1.541
1356	0.127	0.473	1.535
1357	0.127	0.476	1.536
1358	0.128	0.476	1.537
1359	0.126	0.476	1.543
1360	0.128	0.476	1.538
1361	0.126	0.474	1.535
1362	0.128	0.476	1.538
1363	0.128	0.473	1.544
1364	0.127	0.475	1.536
1365	0.128	0.478	1.538
1366	0.129	0.476	1.541
1367	0.128	0.475	1.540
1368	0.129	0.475	1.542
1369	0.127	0.473	1.527
1370	0.129	0.476	1.536
1371	0.127	0.473	1.551
1372	0.127	0.474	1.530
1373	0.126	0.476	1.532
1374	0.128	0.472	1.543
1375	0.125	0.476	1.547
1376	0.127	0.477	1.535
1377	0.125	0.474	1.533
1378	0.126	0.473	1.546
1379	0.126	0.473	1.539
1380	0.124	0.473	1.532
1381	0.129	0.474	1.539
1382	0.125	0.473	1.547
1383	0.125	0.473	1.538
1384	0.126	0.474	1.536
1385	0.127	0.470	1.539
1386	0.126	0.471	1.543
1387	0.128	0.473	1.541
1388	0.125	0.476	1.537
1389	0.126	0.471	1.540
1390	0.128	0.475	1.540
1391	0.128	0.472	1.536
1392	0.127	0.473	1.537
1393	0.127	0.473	1.544
1394	0.129	0.470	1.541
1395	0.128	0.473	1.538
1396	0.129	0.468	1.545
1397	0.128	0.473	1.540
1398	0.128	0.472	1.539
1399	0.130	0.471	1.536
1400	0.130	0.471	1.540
1401	0.128	0.472	1.539
1402	0.128	0.472	1.542
1403	0.128	0.471	1.543
1404	0.128	0.470	1.540
1405	0.128	0.472	1.536
1406	0.130	0.471	1.542
1407	0.127	0.472	1.538
1408	0.130	0.472	1.532
1409	0.127	0.470	1.546
1410	0.128	0.470	1.539
1411	0.128	0.470	1.542
1412	0.128	0.469	1.535
1413	0.128	0.469	1.536
1414	0.129	0.469	1.538
1415	0.130	0.471	1.535
1416	0.128	0.471	1.538
1417	0.127	0.470	1.540
1418	0.130	0.474	1.542
1419	0.127	0.471	1.532
1420	0.128	0.471	1.541
1421	0.127	0.470	1.539
1422	0.130	0.472	1.537
1423	0.130	0.474	1.540
1424	0.129	0.471	1.537
1425	0.127	0.473	1.535
1426	0.127	0.472	1.532
1427	0.129	0.472	1.536
1428	0.127	0.471	1.537
1429	0.128	0.470	1.535
1430	0.128	0.472	1.530
1431	0.128	0.471	1.537
1432	0.126	0.471	1.534
1433	0.128	0.470	1.535
1434	0.127	0.472	1.537
1435	0.126	0.470	1.536
1436	0.127	0.473	1.534
1437	0.127	0.472	1.536
1438	0.127	0.471	1.538
1439	0.126	0.473	1.533
1440	0.126	0.473	1.539
1441	0.124	0.470	1.539
1442	0.125	0.472	1.538
1443	0.124	0.472	1.538
1444	0.127	0.473	1.531
1445	0.122	0.472	1.540
1446	0.124	0.473	1.535
1447	0.124	0.474	1.538
1448	0.123	0.476	1.541
1449	0.124	0.472	1.536
1450	0.123	0.473	1.541
1451	0.123	0.472	1.536
1452	0.123	0.473	1.538
1453	0.122	0.469	1.535
1454	0.122	0.472	1.539
1455	0.124	0.471	1.542
1456	0.124	0.473	1.541
1457	0.126	0.473	1.535
1458	0.123	0.470	1.537
1459	0.124	0.473	1.536
1460	0.123	0.473	1.542
1461	0.123	0.472	1.535
1462	0.122	0.474	1.532
1463	0.123	0.472	1.533
1464	0.122	0.472	1.538
1465	0.124	0.470	1.534
1466	0.123	0.472	1.533
1467	0.124	0.471	1.535
1468	0.123	0.470	1.539
1469	0.123	0.472	1.536
1470	0.121	0.470	1.534
1471	0.120	0.470	1.540
1472	0.121	0.470	1.540
1473	0.123	0.470	1.530
1474	0.123	0.470	1.538
1475	0.121	0.471	1.539
1476	0.120	0.471	1.536
1477	0.121	0.470	1.533
1478	0.123	0.471	1.540
1479	0.123	0.471	1.537
1480	0.123	0.468	1.540
1481	0.124	0.472	1.531
1482	0.121	0.470	1.530
1483	0.121	0.471	1.535
1484	0.122	0.469	1.544
1485	0.122	0.468	1.536
1486	0.124	0.469	1.527
1487	0.123	0.468	1.528
1488	0.120	0.469	1.538
1489	0.120	0.471	1.541
1490	0.121	0.469	1.531
1491	0.121	0.469	1.535
1492	0.122	0.470	1.535
1493	0.123	0.470	1.539
1494	0.123	0.470	1.532
1495	0.121	0.468	1.536
1496	0.120	0.469	1.532
1497	0.122	0.469	1.538
1498	0.122	0.471	1.536
1499	0.122	0.468	1.542
1500	0.122	0.468	1.540
1501	0.121	0.470	1.534
1502	0.124	0.469	1.531
1503	0.122	0.470	1.534
1504	0.121	0.469	1.536
1505	0.120	0.467	1.540
1506	0.122	0.472	1.536
1507	0.123	0.470	1.536
1508	0.122	0.470	1.533
1509	0.121	0.468	1.533
1510	0.122	0.468	1.532
1511	0.120	0.470	1.530
1512	0.123	0.470	1.542
1513	0.121	0.468	1.543
1514	0.124	0.470	1.534
1515	0.123	0.466	1.544
1516	0.172	0.792	2.038
1517	0.178	0.798	2.070
1518	0.178	0.792	2.024
1519	0.180	0.787	2.048
1520	0.181	0.783	2.055
1521	0.181	0.781	2.022
1522	0.182	0.781	2.031
1523	0.181	0.778	2.039
1524	0.183	0.778	2.025
1525	0.181	0.777	2.026
1526	0.182	0.772	2.026
1527	0.182	0.772	2.030
1528	0.185	0.774	2.009
1529	0.183	0.773	2.014
1530	0.185	0.771	2.026
1531	0.185	0.770	2.022
1532	0.183	0.769	2.017
1533	0.184	0.768	2.021
1534	0.186	0.769	2.021
1535	0.185	0.768	2.005
1536	0.185	0.769	2.006
1537	0.186	0.765	2.017
1538	0.187	0.766	2.007
1539	0.186	0.766	2.012
1540	0.187	0.766	2.004
1541	0.186	0.763	2.009
1542	0.186	0.763	2.012
1543	0.186	0.765	1.999
1544	0.186	0.765	2.000
1545	0.185	0.761	2.003
1546	0.189	0.762	2.002
1547	0.186	0.764	2.002
1548	0.186	0.762	2.006
1549	0.187	0.762	2.006
1550	0.187	0.761	1.998
1551	0.186	0.763	2.006
1552	0.187	0.760	2.007
1553	0.184	0.756	2.000
1554	0.186	0.757	1.996
1555	0.186	0.759	1.998
1556	0.188	0.758	2.003
1557	0.185	0.758	1.996
1558	0.185	0.759	1.993
1559	0.185	0.758	2.001
1560	0.188	0.758	2.000
1561	0.186	0.757	1.996
1562	0.186	0.757	1.996
1563	0.186	0.757	1.996
1564	0.186	0.752	1.996
1565	0.187	0.754	1.999
1566	0.186	0.756	1.994
1567	0.186	0.757	1.992
1568	0.186	0.755	1.994
1569	0.187	0.752	1.999
1570	0.187	0.754	1.992
1571	0.188	0.754	1.995
1572	0.189	0.756	1.996
1573	0.188	0.754	2.001
1574	0.189	0.752	1.991
1575	0.185	0.752	1.989
1576	0.187	0.753	1.994
1577	0.189	0.751	1.999
1578	0.187	0.752	1.996
1579	0.186	0.753	1.986
1580	0.187	0.752	2.003
1581	0.187	0.752	1.994
1582	0.187	0.751	1.984
1583	0.188	0.752	1.988
1584	0.187	0.754	1.998
1585	0.187	0.751	1.988
1586	0.187	0.751	1.986
1587	0.188	0.751	1.991
1588	0.189	0.749	2.002
1589	0.188	0.749	1.983
1590	0.189	0.751	1.981
1591	0.189	0.750	1.991
1592	0.189	0.750	1.990
1593	0.189	0.750	1.991
1594	0.188	0.753	1.990
1595	0.187	0.748	1.991
1596	0.190	0.750	1.987
1597	0.189	0.750	1.983
1598	0.186	0.750	1.990
1599	0.189	0.749	1.992
1600	0.187	0.751	1.981
1601	0.188	0.747	1.986
1602	0.188	0.748	1.984
1603	0.190	0.751	1.993
1604	0.187	0.747	1.986
1605	0.187	0.748	1.990
1606	0.188	0.747	1.985
1607	0.189	0.744	1.982
1608	0.190	0.748	1.982
1609	0.190	0.746	1.987
1610	0.189	0.746	1.993
1611	0.191	0.748	1.982
1612	0.191	0.746	1.986
1613	0.189	0.745	1.988
1614	0.189	0.747	1.983
1615	0.190	0.745	1.982
1616	0.190	0.746	1.987
1617	0.191	0.746	1.987
1618	0.190	0.742	1.982
1619	0.190	0.745	1.986
1620	0.190	0.744	1.983
1621	0.190	0.747	1.983
1622	0.190	0.746	1.981
1623	0.190	0.744	1.982
1624	0.190	0.746	1.982
1625	0.191	0.745	1.982
1626	0.189	0.747	1.982
1627	0.189	0.745	1.984
1628	0.192	0.744	1.974
1629	0.190	0.748	1.974
1630	0.190	0.745	1.989
1631	0.191	0.744	1.987
1632	0.190	0.743	1.980
1633	0.191	0.746	1.971
1634	0.192	0.744	1.984
1635	0.190	0.746	1.978
1636	0.192	0.746	1.982
1637	0.191	0.744	1.981
1638	0.194	0.742	1.983
1639	0.192	0.745	1.969
1640	0.191	0.744	1.969
1641	0.190	0.742	1.981
1642	0.191	0.745	1.984
1643	0.192	0.744	1.974
1644	0.190	0.743	1.978
1645	0.191	0.744	1.980
1646	0.193	0.741	1.980
1647	0.192	0.745	1.967
1648	0.190	0.743	1.976
1649	0.191	0.741	1.984
1650	0.193	0.745	1.973
1651	0.191	0.741	1.973
1652	0.193	0.743	1.983
1653	0.192	0.741	1.975
1654	0.191	0.743	1.969
1655	0.192	0.742	1.983
1656	0.193	0.742	1.981
1657	0.193	0.743	1.978
1658	0.193	0.741	1.968
1659	0.194	0.740	1.975
1660	0.193	0.742	1.982
1661	0.193	0.742	1.971
1662	0.191	0.743	1.975
1663	0.192	0.739	1.977
1664	0.192	0.743	1.971
1665	0.191	0.744	1.973
1666	0.193	0.740	1.974
1667	0.193	0.742	1.973
1668	0.194	0.740	1.973
1669	0.192	0.739	1.969
1670	0.191	0.738	1.977
1671	0.192	0.740	1.981
1672	0.191	0.742	1.973
1673	0.192	0.739	1.979
1674	0.191	0.740	1.978
1675	0.191	0.738	1.971
1676	0.191	0.740	1.967
1677	0.192	0.738	1.975
1678	0.193	0.737	1.977
1679	0.192	0.738	1.970
1680	0.193	0.738	1.972
1681	0.194	0.740	1.975
1682	0.191	0.740	1.974
1683	0.191	0.739	1.969
1684	0.191	0.737	1.973
1685	0.189	0.739	1.977
1686	0.196	0.738	1.971
1687	0.193	0.739	1.970
1688	0.194	0.736	1.971
1689	0.193	0.738	1.978
1690	0.193	0.737	1.975
1691	0.193	0.739	1.969
1692	0.192	0.738	1.970
1693	0.191	0.739	1.975
1694	0.194	0.738	1.970
1695	0.192	0.740	1.973
1696	0.193	0.737	1.970
1697	0.193	0.740	1.970
1698	0.196	0.741	1.969
1699	0.194	0.739	1.973
1700	0.195	0.739	1.977
1701	0.194	0.738	1.968
1702	0.196	0.738	1.969
1703	0.195	0.741	1.977
1704	0.194	0.737	1.973
1705	0.193	0.741	1.972
1706	0.194	0.737	1.970
1707	0.198	0.740	1.973
1708	0.195	0.738	1.968
1709	0.194	0.739	1.968
1710	0.195	0.739	1.975
1711	0.194	0.737	1.974
1712	0.195	0.738	1.973
1713	0.195	0.736	1.974
1714	0.196	0.739	1.977
1715	0.195	0.736	1.969
1716	0.195	0.738	1.968
1717	0.195	0.737	1.971
1718	0.192	0.736	1.971
1719	0.196	0.739	1.970
1720	0.196	0.736	1.975
1721	0.195	0.738	1.971
1722	0.193	0.737	1.968
1723	0.195	0.737	1.977
1724	0.193	0.738	1.972
1725	0.195	0.736	1.975
1726	0.194	0.738	1.971
1727	0.194	0.737	1.973
1728	0.194	0.738	1.977
1729	0.195	0.738	1.966
1730	0.195	0.736	1.972
1731	0.192	0.736	1.979
1732	0.195	0.736	1.971
1733	0.195	0.737	1.969
1734	0.194	0.735	1.975
1735	0.195	0.737	1.978
1736	0.196	0.739	1.969
1737	0.196	0.739	1.969
1738	0.195	0.736	1.975
1739	0.194	0.737	1.981
1740	0.195	0.737	1.968
1741	0.195	0.738	1.977
1742	0.194	0.735	1.963
1743	0.197	0.736	1.973
1744	0.192	0.736	1.974
1745	0.194	0.734	1.969
1746	0.197	0.737	1.969
1747	0.195	0.734	1.967
1748	0.194	0.735	1.971
1749	0.193	0.737	1.973
1750	0.194	0.735	1.968
1751	0.195	0.736	1.970
1752	0.193	0.736	1.976
1753	0.195	0.734	1.969
1754	0.195	0.738	1.963
1755	0.194	0.736	1.974
1756	0.193	0.733	1.979
1757	0.193	0.738	1.965
1758	0.195	0.738	1.962
1759	0.194	0.736	1.975
1760	0.191	0.737	1.970
1761	0.194	0.735	1.966
1762	0.193	0.739	1.969
1763	0.193	0.731	1.974
1764	0.193	0.737	1.970
1765	0.194	0.736	1.963
1766	0.193	0.735	1.966
1767	0.193	0.736	1.970
1768	0.193	0.733	1.972
1769	0.191	0.737	1.965
1770	0.193	0.736	1.965
1771	0.194	0.735	1.971
1772	0.194	0.736	1.970
1773	0.196	0.735	1.970
1774	0.193	0.734	1.969
1775	0.195	0.736	1.969
1776	0.194	0.734	1.968
1777	0.195	0.735	1.965
1778	0.194	0.735	1.967
1779	0.194	0.733	1.969
1780	0.194	0.732	1.967
1781	0.194	0.734	1.969
1782	0.194	0.734	1.965
1783	0.196	0.734	1.967
1784	0.194	0.734	1.970
1785	0.195	0.731	1.970
1786	0.194	0.732	1.974
1787	0.194	0.736	1.968
1788	0.196	0.734	1.969
1789	0.197	0.734	1.965
1790	0.196	0.732	1.968
1791	0.195	0.733	1.972
1792	0.195	0.734	1.969
1793	0.195	0.734	1.967
1794	0.195	0.738	1.970
1795	0.193	0.734	1.966
1796	0.195	0.732	1.970
1797	0.196	0.733	1.969
1798	0.195	0.735	1.970
1799	0.195	0.734	1.963
1800	0.196	0.736	1.969
1801	0.196	0.735	1.974
1802	0.196	0.732	1.969
1803	0.195	0.734	1.968
1804	0.195	0.734	1.968
1805	0.194	0.734	1.970
1806	0.196	0.735	1.972
1807	0.196	0.730	1.967
1808	0.195	0.734	1.970
1809	0.194	0.733	1.970
1810	0.196	0.737	1.971
1811	0.194	0.732	1.969
1812	0.196	0.732	1.972
1813	0.195	0.735	1.970
1814	0.195	0.733	1.979
1815	0.196	0.733	1.976
1816	0.197	0.731	1.969
1817	0.196	0.735	1.969
1818	0.199	0.734	1.970
1819	0.194	0.735	1.970
1820	0.195	0.732	1.968
1821	0.195	0.733	1.972
1822	0.196	0.734	1.970
1823	0.195	0.734	1.967
1824	0.196	0.732	1.967
1825	0.196	0.735	1.972
1826	0.196	0.733	1.965
1827	0.197	0.731	1.970
1828	0.196	0.734	1.967
1829	0.195	0.731	1.965
1830	0.195	0.733	1.974
1831	0.197	0.734	1.968
1832	0.196	0.731	1.965
1833	0.197	0.733	1.968
1834	0.194	0.733	1.961
1835	0.194	0.734	1.971
1836	0.196	0.734	1.971
1837	0.195	0.733	1.966
1838	0.194	0.734	1.966
1839	0.196	0.733	1.967
1840	0.195	0.734	1.970
1841	0.196	0.734	1.966
1842	0.196	0.738	1.970
1843	0.197	0.734	1.968
1844	0.198	0.735	1.962
1845	0.200	0.734	1.970
1846	0.198	0.733	1.968
1847	0.200	0.734	1.967
1848	0.197	0.735	1.966
1849	0.199	0.732	1.968
1850	0.199	0.731	1.967
1851	0.195	0.731	1.965
1852	0.197	0.733	1.968
1853	0.198	0.732	1.964
1854	0.196	0.730	1.964
1855	0.195	0.729	1.962
1856	0.193	0.732	1.966
1857	0.194	0.730	1.964
1858	0.195	0.728	1.969
1859	0.195	0.731	1.959
1860	0.195	0.728	1.966
1861	0.194	0.729	1.965
1862	0.194	0.730	1.961
1863	0.195	0.732	1.963
1864	0.194	0.729	1.959
1865	0.195	0.729	1.968
1866	0.195	0.732	1.967
1867	0.194	0.729	1.967
1868	0.194	0.729	1.963
1869	0.193	0.729	1.961
1870	0.193	0.731	1.963
1871	0.195	0.730	1.971
1872	0.195	0.729	1.962
1873	0.191	0.730	1.959
1874	0.192	0.728	1.964
1875	0.192	0.730	1.963
1876	0.193	0.729	1.955
1877	0.195	0.731	1.963
1878	0.191	0.730	1.973
1879	0.193	0.730	1.958
1880	0.193	0.731	1.961
1881	0.192	0.728	1.966
1882	0.193	0.732	1.965
1883	0.193	0.727	1.959
1884	0.194	0.730	1.960
1885	0.194	0.728	1.963
1886	0.193	0.730	1.963
1887	0.194	0.731	1.958
1888	0.194	0.729	1.970
1889	0.192	0.727	1.960
1890	0.194	0.728	1.955
1891	0.193	0.729	1.962
1892	0.193	0.727	1.968
1893	0.192	0.728	1.967
1894	0.193	0.727	1.958
1895	0.194	0.728	1.958
1896	0.194	0.728	1.961
1897	0.194	0.729	1.959
1898	0.193	0.727	1.959
1899	0.194	0.730	1.957
1900	0.191	0.730	1.960
1901	0.193	0.729	1.956
1902	0.193	0.726	1.959
1903	0.193	0.729	1.963
1904	0.193	0.729	1.957
1905	0.193	0.729	1.959
1906	0.190	0.728	1.960
1907	0.193	0.726	1.957
1908	0.194	0.729	1.965
1909	0.194	0.727	1.960
1910	0.192	0.728	1.962
1911	0.191	0.729	1.955
1912	0.193	0.730	1.953
1913	0.194	0.726	1.958
1914	0.192	0.729	1.960
1915	0.193	0.728	1.955
1916	0.195	0.728	1.954
1917	0.193	0.729	1.957
1918	0.193	0.728	1.960
1919	0.193	0.728	1.953
1920	0.195	0.727	1.955
1921	0.194	0.728	1.956
1922	0.193	0.726	1.960
1923	0.193	0.726	1.955
1924	0.195	0.726	1.953
1925	0.194	0.727	1.958
1926	0.194	0.727	1.961
1927	0.193	0.724	1.949
1928	0.193	0.728	1.956
1929	0.194	0.726	1.951
1930	0.194	0.724	1.960
1931	0.194	0.723	1.954
1932	0.193	0.727	1.956
1933	0.194	0.723	1.953
1934	0.193	0.727	1.961
1935	0.191	0.724	1.950
1936	0.194	0.725	1.957
1937	0.195	0.727	1.954
1938	0.193	0.725	1.951
1939	0.194	0.722	1.951
1940	0.192	0.726	1.958
1941	0.194	0.724	1.957
1942	0.193	0.726	1.959
1943	0.193	0.724	1.951
1944	0.192	0.724	1.957
1945	0.194	0.727	1.953
1946	0.192	0.727	1.961
1947	0.193	0.727	1.959
1948	0.192	0.726	1.960
1949	0.192	0.725	1.955
1950	0.192	0.727	1.955
1951	0.192	0.727	1.958
1952	0.193	0.729	1.957
1953	0.189	0.727	1.954
1954	0.192	0.726	1.959
1955	0.193	0.725	1.955
1956	0.193	0.724	1.957
1957	0.188	0.728	1.951
1958	0.191	0.724	1.963
1959	0.190	0.727	1.953
1960	0.190	0.727	1.958
1961	0.191	0.727	1.957
1962	0.189	0.725	1.963
1963	0.190	0.727	1.954
1964	0.189	0.724	1.957
1965	0.191	0.728	1.955
1966	0.192	0.726	1.952
1967	0.190	0.725	1.954
1968	0.192	0.724	1.959
1969	0.190	0.727	1.954
1970	0.193	0.725	1.952
1971	0.190	0.725	1.960
1972	0.191	0.724	1.953
1973	0.191	0.727	1.959
1974	0.189	0.724	1.953
1975	0.193	0.724	1.958
1976	0.192	0.725	1.953
1977	0.192	0.726	1.957
1978	0.191	0.727	1.957
1979	0.191	0.723	1.958
1980	0.190	0.725	1.955
1981	0.191	0.725	1.953
1982	0.194	0.726	1.953
1983	0.192	0.724	1.957
1984	0.191	0.724	1.957
1985	0.194	0.723	1.955
1986	0.193	0.723	1.953
1987	0.193	0.726	1.956
1988	0.193	0.723	1.956
1989	0.193	0.723	1.954
1990	0.193	0.724	1.955
1991	0.193	0.725	1.954
1992	0.194	0.724	1.954
1993	0.191	0.725	1.951
1994	0.194	0.724	1.949
1995	0.194	0.724	1.950
1996	0.191	0.722	1.953
1997	0.192	0.723	1.952
1998	0.193	0.722	1.956
1999	0.189	0.723	1.953
2000	0.191	0.724	1.946
2001	0.192	0.724	1.950
2002	0.193	0.721	1.951
2003	0.191	0.722	1.958
2004	0.193	0.723	1.952
2005	0.190	0.721	1.946
2006	0.192	0.723	1.954
2007	0.192	0.724	1.950
2008	0.191	0.722	1.954
2009	0.192	0.722	1.957
2010	0.190	0.724	1.951
2011	0.194	0.721	1.950
2012	0.190	0.721	1.954
2013	0.192	0.721	1.957
2014	0.190	0.721	1.945
2015	0.190	0.724	1.948
2016	0.196	0.767	2.045
2017	0.238	1.058	2.517
2018	0.240	1.060	2.510
2019	0.241	1.058	2.465
2020	0.239	1.056	2.490
2021	0.240	1.053	2.462
2022	0.242	1.049	2.497
2023	0.241	1.055	2.466
2024	0.241	1.053	2.467
2025	0.240	1.046	2.478
2026	0.241	1.046	2.473
2027	0.238	1.047	2.462
2028	0.241	1.044	2.466
2029	0.241	1.044	2.466
2030	0.242	1.045	2.457
2031	0.241	1.044	2.460
2032	0.240	1.042	2.464
2033	0.241	1.041	2.462
2034	0.240	1.042	2.453
2035	0.240	1.042	2.453
2036	0.242	1.038	2.464
2037	0.244	1.040	2.461
2038	0.242	1.040	2.452
2039	0.242	1.037	2.453
2040	0.241	1.036	2.455
2041	0.242	1.037	2.452
2042	0.243	1.037	2.451
2043	0.241	1.037	2.453
2044	0.244	1.035	2.454
2045	0.241	1.033	2.441
2046	0.240	1.034	2.448
2047	0.241	1.035	2.450
2048	0.240	1.035	2.451
2049	0.241	1.031	2.449
2050	0.242	1.031	2.448
2051	0.244	1.033	2.446
2052	0.242	1.031	2.444
2053	0.240	1.031	2.449
2054	0.242	1.029	2.451
2055	0.242	1.030	2.445
2056	0.240	1.030	2.443
2057	0.242	1.032	2.442
2058	0.243	1.030	2.448
2059	0.243	1.030	2.448
2060	0.244	1.029	2.440
2061	0.242	1.028	2.444
2062	0.243	1.028	2.439
2063	0.242	1.029	2.437
2064	0.244	1.031	2.440
2065	0.245	1.030	2.440
2066	0.243	1.026	2.437
2067	0.244	1.025	2.444
2068	0.244	1.025	2.439
2069	0.245	1.026	2.434
2070	0.243	1.026	2.438
2071	0.244	1.025	2.440
2072	0.245	1.028	2.418
2073	0.243	1.024	2.441
2074	0.243	1.024	2.444
2075	0.245	1.022	2.462
2076	0.242	1.024	2.422
2077	0.243	1.026	2.440
2078	0.244	1.026	2.448
2079	0.245	1.025	2.432
2080	0.242	1.023	2.432
2081	0.244	1.020	2.433
2082	0.242	1.021	2.440
2083	0.241	1.021	2.431
2084	0.243	1.022	2.435
2085	0.243	1.020	2.427
2086	0.244	1.020	2.434
2087	0.244	1.019	2.435
2088	0.244	1.018	2.425
2089	0.243	1.017	2.436
2090	0.242	1.017	2.430
2091	0.243	1.016	2.439
2092	0.243	1.018	2.428
2093	0.243	1.016	2.433
2094	0.242	1.017	2.427
2095	0.243	1.017	2.429
2096	0.242	1.016	2.433
2097	0.243	1.015	2.427
2098	0.244	1.016	2.424
2099	0.240	1.017	2.427
2100	0.241	1.014	2.420
2101	0.240	1.016	2.431
2102	0.242	1.013	2.428
2103	0.242	1.016	2.428
2104	0.242	1.014	2.428
2105	0.242	1.015	2.421
2106	0.240	1.013	2.425
2107	0.242	1.016	2.428
2108	0.243	1.015	2.425
2109	0.241	1.015	2.424
2110	0.243	1.013	2.425
2111	0.242	1.013	2.421
2112	0.241	1.013	2.425
2113	0.242	1.012	2.426
2114	0.242	1.011	2.425
2115	0.243	1.012	2.428
2116	0.243	1.012	2.420
2117	0.240	1.010	2.421
2118	0.240	1.010	2.419
2119	0.243	1.011	2.431
2120	0.241	1.010	2.418
2121	0.242	1.008	2.419
2122	0.241	1.009	2.419
2123	0.242	1.007	2.420
2124	0.242	1.010	2.414
2125	0.241	1.009	2.417
2126	0.240	1.010	2.418
2127	0.239	1.009	2.420
2128	0.241	1.011	2.424
2129	0.241	1.010	2.413
2130	0.243	1.009	2.418
2131	0.242	1.010	2.420
2132	0.242	1.008	2.422
2133	0.242	1.008	2.418
2134	0.242	1.010	2.410
2135	0.243	1.009	2.425
2136	0.242	1.007	2.416
2137	0.241	1.010	2.417
2138	0.241	1.008	2.407
2139	0.244	1.008	2.427
2140	0.241	1.008	2.412
2141	0.242	1.010	2.405
2142	0.242	1.008	2.417
2143	0.241	1.008	2.420
2144	0.243	1.008	2.409
2145	0.240	1.009	2.413
2146	0.240	1.008	2.424
2147	0.242	1.008	2.409
2148	0.241	1.010	2.402
2149	0.241	1.008	2.419
2150	0.241	1.006	2.426
2151	0.242	1.006	2.405
2152	0.243	1.008	2.409
2153	0.241	1.006	2.421
2154	0.242	1.006	2.417
2155	0.240	1.008	2.405
2156	0.243	1.006	2.406
2157	0.242	1.006	2.373
2158	0.241	1.007	2.407
2159	0.240	1.008	2.420
2160	0.241	1.006	2.407
2161	0.242	1.005	2.417
2162	0.240	1.008	2.405
2163	0.241	1.006	2.403
2164	0.241	1.005	2.404
2165	0.240	1.003	2.409
2166	0.242	1.008	2.406
2167	0.241	1.007	2.411
2168	0.240	1.006	2.411
2169	0.242	1.008	2.408
2170	0.240	1.006	2.405
2171	0.239	1.005	2.408
2172	0.240	1.006	2.419
2173	0.240	1.006	2.408
2174	0.241	1.007	2.402
2175	0.240	1.007	2.409
2176	0.241	1.006	2.412
2177	0.242	1.004	2.407
2178	0.240	1.006	2.405
2179	0.242	1.003	2.410
2180	0.239	1.006	2.408
2181	0.239	1.004	2.406
2182	0.242	1.004	2.408
2183	0.242	1.006	2.410
2184	0.240	1.003	2.406
2185	0.242	1.004	2.405
2186	0.241	1.005	2.409
2187	0.241	1.006	2.407
2188	0.240	1.005	2.405
2189	0.241	1.004	2.405
2190	0.239	1.003	2.412
2191	0.239	1.004	2.403
2192	0.240	1.004	2.400
2193	0.240	1.004	2.410
2194	0.240	1.004	2.409
2195	0.240	1.005	2.402
2196	0.240	1.004	2.406
2197	0.242	1.004	2.412
2198	0.238	1.002	2.402
2199	0.238	1.005	2.404
2200	0.240	1.003	2.401
2201	0.241	1.002	2.409
2202	0.240	1.005	2.399
2203	0.241	1.001	2.409
2204	0.239	1.002	2.408
2205	0.241	1.003	2.398
2206	0.240	1.004	2.404
2207	0.243	1.000	2.403
2208	0.241	1.002	2.412
2209	0.242	1.005	2.401
2210	0.240	1.002	2.405
2211	0.242	1.002	2.408
2212	0.241	1.001	2.402
2213	0.240	1.001	2.402
2214	0.240	0.999	2.401
2215	0.239	0.997	2.402
2216	0.242	1.000	2.406
2217	0.241	0.997	2.401
2218	0.240	0.997	2.401
2219	0.242	0.998	2.403
2220	0.240	1.000	2.399
2221	0.241	1.000	2.395
2222	0.242	0.997	2.405
2223	0.238	1.000	2.404
2224	0.242	0.999	2.393
2225	0.241	0.998	2.400
2226	0.241	0.999	2.399
2227	0.241	1.000	2.399
2228	0.239	1.000	2.394
2229	0.239	0.996	2.401
2230	0.238	0.996	2.402
2231	0.240	0.995	2.394
2232	0.242	0.996	2.397
2233	0.239	0.995	2.401
2234	0.238	0.997	2.396
2235	0.242	0.996	2.393
2236	0.241	0.997	2.397
2237	0.241	0.998	2.401
2238	0.241	0.998	2.394
2239	0.239	0.997	2.396
2240	0.240	0.996	2.395
2241	0.240	0.998	2.403
2242	0.240	0.997	2.390
2243	0.241	0.997	2.396
2244	0.241	0.995	2.394
2245	0.240	0.997	2.400
2246	0.240	0.997	2.393
2247	0.239	0.994	2.396
2248	0.240	0.996	2.398
2249	0.240	0.994	2.387
2250	0.239	0.994	2.393
2251	0.240	0.993	2.396
2252	0.240	0.995	2.396
2253	0.238	0.993	2.389
2254	0.240	0.995	2.391
2255	0.238	0.994	2.394
2256	0.239	0.996	2.393
2257	0.239	0.994	2.389
2258	0.238	0.993	2.390
2259	0.239	0.991	2.399
2260	0.240	0.992	2.397
2261	0.241	0.993	2.385
2262	0.240	0.994	2.385
2263	0.239	0.993	2.390
2264	0.239	0.994	2.393
2265	0.240	0.993	2.387
2266	0.239	0.993	2.387
2267	0.240	0.991	2.386
2268	0.238	0.991	2.393
2269	0.239	0.991	2.388
2270	0.241	0.991	2.390
2271	0.240	0.991	2.387
2272	0.240	0.993	2.389
2273	0.239	0.993	2.388
2274	0.239	0.992	2.390
2275	0.239	0.993	2.389
2276	0.238	0.992	2.386
2277	0.240	0.990	2.388
2278	0.239	0.990	2.398
2279	0.241	0.992	2.385
2280	0.240	0.991	2.380
2281	0.239	0.991	2.389
2282	0.239	0.993	2.389
2283	0.239	0.992	2.384
2284	0.239	0.991	2.380
2285	0.239	0.994	2.389
2286	0.241	0.990	2.386
2287	0.239	0.993	2.383
2288	0.239	0.993	2.388
2289	0.238	0.992	2.389
2290	0.240	0.991	2.381
2291	0.239	0.992	2.385
2292	0.239	0.991	2.387
2293	0.238	0.991	2.387
2294	0.239	0.993	2.382
2295	0.239	0.996	2.389
2296	0.241	0.992	2.390
2297	0.239	0.993	2.385
2298	0.243	0.994	2.386
2299	0.238	0.990	2.390
2300	0.239	0.992	2.390
2301	0.238	0.989	2.385
2302	0.240	0.988	2.382
2303	0.239	0.990	2.386
2304	0.240	0.992	2.384
2305	0.239	0.991	2.387
2306	0.240	0.992	2.386
2307	0.238	0.991	2.384
2308	0.240	0.991	2.385
2309	0.240	0.990	2.378
2310	0.240	0.991	2.385
2311	0.239	0.990	2.380
2312	0.240	0.991	2.384
2313	0.239	0.992	2.388
2314	0.240	0.991	2.385
2315	0.240	0.990	2.386
2316	0.239	0.991	2.381
2317	0.238	0.993	2.384
2318	0.241	0.990	2.390
2319	0.237	0.988	2.380
2320	0.238	0.990	2.385
2321	0.237	0.991	2.389
2322	0.239	0.991	2.384
2323	0.240	0.989	2.384
2324	0.237	0.989	2.385
2325	0.236	0.992	2.381
2326	0.236	0.986	2.385
2327	0.237	0.987	2.385
2328	0.235	0.987	2.382
2329	0.237	0.991	2.386
2330	0.236	0.987	2.381
2331	0.236	0.990	2.384
2332	0.236	0.989	2.388
2333	0.237	0.986	2.385
2334	0.237	0.988	2.376
2335	0.239	0.987	2.382
2336	0.237	0.989	2.384
2337	0.238	0.987	2.380
2338	0.238	0.987	2.386
2339	0.238	0.989	2.385
2340	0.237	0.989	2.385
2341	0.239	0.988	2.378
2342	0.238	0.987	2.380
2343	0.237	0.986	2.387
2344	0.239	0.988	2.382
2345	0.237	0.988	2.378
2346	0.238	0.986	2.378
2347	0.240	0.988	2.388
2348	0.237	0.988	2.379
2349	0.238	0.986	2.374
2350	0.237	0.986	2.380
2351	0.238	0.987	2.380
2352	0.239	0.989	2.378
2353	0.237	0.987	2.378
2354	0.239	0.987	2.385
2355	0.236	0.987	2.381
2356	0.238	0.987	2.375
2357	0.237	0.987	2.379
2358	0.238	0.985	2.386
2359	0.237	0.986	2.382
2360	0.238	0.986	2.371
2361	0.239	0.984	2.378
2362	0.237	0.986	2.384
2363	0.236	0.986	2.371
2364	0.237	0.986	2.376
2365	0.237	0.986	2.378
2366	0.238	0.986	2.385
2367	0.239	0.985	2.377
2368	0.237	0.985	2.378
2369	0.239	0.983	2.381
2370	0.237	0.982	2.373
2371	0.237	0.984	2.373
2372	0.237	0.986	2.379
2373	0.239	0.982	2.381
2374	0.236	0.984	2.379
2375	0.238	0.985	2.376
2376	0.238	0.983	2.380
2377	0.237	0.984	2.373
2378	0.237	0.985	2.369
2379	0.236	0.983	2.377
2380	0.236	0.982	2.394
2381	0.238	0.984	2.383
2382	0.238	0.983	2.367
2383	0.237	0.982	2.379
2384	0.237	0.986	2.378
2385	0.237	0.983	2.365
2386	0.238	0.983	2.377
2387	0.239	0.982	2.384
2388	0.237	0.981	2.368
2389	0.238	0.984	2.371
2390	0.239	0.984	2.376
2391	0.239	0.983	2.389
2392	0.239	0.983	2.375
2393	0.238	0.985	2.372
2394	0.238	0.985	2.373
2395	0.237	0.983	2.372
2396	0.239	0.982	2.372
2397	0.240	0.984	2.376
2398	0.237	0.982	2.385
2399	0.238	0.983	2.375
2400	0.239	0.983	2.367
2401	0.240	0.983	2.376
2402	0.238	0.980	2.372
2403	0.239	0.984	2.374
2404	0.238	0.984	2.377
2405	0.237	0.982	2.379
2406	0.240	0.982	2.373
2407	0.238	0.982	2.367
2408	0.239	0.984	2.379
2409	0.238	0.984	2.373
2410	0.237	0.982	2.378
2411	0.240	0.981	2.369
2412	0.238	0.981	2.388
2413	0.238	0.983	2.371
2414	0.237	0.982	2.358
2415	0.238	0.981	2.368
2416	0.237	0.979	2.374
2417	0.239	0.980	2.372
2418	0.237	0.981	2.359
2419	0.240	0.979	2.361
2420	0.238	0.981	2.370
2421	0.236	0.981	2.374
2422	0.239	0.982	2.354
2423	0.238	0.980	2.369
2424	0.237	0.982	2.377
2425	0.240	0.982	2.369
2426	0.238	0.982	2.372
2427	0.240	0.979	2.375
2428	0.238	0.978	2.377
2429	0.239	0.981	2.370
2430	0.239	0.980	2.370
2431	0.238	0.978	2.369
2432	0.239	0.980	2.364
2433	0.238	0.981	2.367
2434	0.238	0.981	2.360
2435	0.240	0.979	2.372
2436	0.239	0.983	2.372
2437	0.238	0.979	2.368
2438	0.240	0.981	2.370
2439	0.238	0.980	2.365
2440	0.237	0.978	2.358
2441	0.238	0.980	2.376
2442	0.236	0.980	2.369
2443	0.237	0.979	2.365
2444	0.236	0.977	2.373
2445	0.238	0.979	2.368
2446	0.238	0.979	2.370
2447	0.238	0.979	2.367
2448	0.237	0.980	2.359
2449	0.236	0.981	2.353
2450	0.236	0.979	2.376
2451	0.236	0.980	2.370
2452	0.237	0.978	2.373
2453	0.236	0.978	2.372
2454	0.239	0.979	2.375
2455	0.236	0.977	2.363
2456	0.236	0.979	2.367
2457	0.235	0.978	2.370
2458	0.239	0.979	2.363
2459	0.236	0.979	2.367
2460	0.239	0.977	2.365
2461	0.238	0.976	2.360
2462	0.236	0.977	2.360
2463	0.236	0.978	2.373
2464	0.235	0.979	2.370
2465	0.236	0.978	2.364
2466	0.237	0.978	2.365
2467	0.237	0.977	2.365
2468	0.236	0.976	2.364
2469	0.236	0.980	2.361
2470	0.234	0.975	2.368
2471	0.237	0.979	2.368
2472	0.238	0.976	2.371
2473	0.238	0.978	2.361
2474	0.235	0.978	2.368
2475	0.237	0.976	2.364
2476	0.236	0.978	2.370
2477	0.238	0.978	2.368
2478	0.236	0.976	2.359
2479	0.236	0.976	2.366
2480	0.235	0.980	2.370
2481	0.235	0.975	2.369
2482	0.237	0.977	2.360
2483	0.236	0.979	2.363
2484	0.238	0.978	2.369
2485	0.236	0.975	2.364
2486	0.238	0.976	2.359
2487	0.234	0.974	2.369
2488	0.236	0.976	2.365
2489	0.238	0.978	2.367
2490	0.236	0.976	2.360
2491	0.238	0.979	2.365
2492	0.238	0.977	2.367
2493	0.239	0.975	2.364
2494	0.237	0.975	2.366
2495	0.237	0.976	2.368
2496	0.238	0.976	2.368
2497	0.237	0.975	2.361
2498	0.237	0.975	2.361
2499	0.238	0.977	2.370
2500	0.238	0.977	2.361
2501	0.238	0.977	2.364
2502	0.239	0.977	2.361
2503	0.238	0.974	2.363
2504	0.237	0.977	2.360
2505	0.237	0.975	2.367
2506	0.238	0.976	2.366
2507	0.239	0.974	2.357
2508	0.238	0.974	2.363
2509	0.237	0.976	2.357
2510	0.237	0.975	2.366
2511	0.238	0.974	2.363
2512	0.240	0.974	2.359
2513	0.238	0.975	2.363
2514	0.240	0.977	2.361
2515	0.238	0.975	2.355
2516	0.237	0.975	2.359
2517	0.207	0.728	1.861
2518	0.129	0.306	1.129
2519	-0.005	-0.018	0.771
2520	0.005	-0.016	0.763
2521	0.006	-0.017	0.761
2522	0.006	-0.013	0.774
2523	0.008	-0.008	0.771
2524	0.005	-0.005	0.770
2525	0.009	-0.004	0.783
2526	0.010	-0.005	0.769
2527	0.009	-0.011	0.760
2528	0.005	-0.018	0.774
2529	0.007	-0.018	0.771
2530	0.008	-0.015	0.771
2531	0.007	-0.009	0.779
2532	0.005	-0.004	0.774
2533	0.004	-0.001	0.770
2534	0.003	-0.008	0.768
2535	0.002	-0.014	0.767
2536	0.002	-0.015	0.768
2537	0.002	-0.016	0.775
2538	0.002	-0.013	0.772
2539	0.002	-0.011	0.772
2540	0.003	-0.007	0.776
2541	0.002	-0.006	0.766
2542	0.004	-0.005	0.772
2543	0.001	-0.010	0.772
2544	0.001	-0.011	0.770
2545	0.002	-0.013	0.772
2546	0.004	-0.011	0.771
2547	0.003	-0.011	0.774
2548	0.005	-0.005	0.773
2549	0.005	-0.005	0.769
2550	0.005	-0.006	0.771
2551	0.003	-0.009	0.770
2552	0.002	-0.012	0.768
2553	0.005	-0.013	0.770
2554	0.004	-0.011	0.771
2555	0.004	-0.005	0.770
2556	0.005	-0.005	0.772
2557	0.002	-0.004	0.770
2558	0.004	-0.005	0.769
2559	0.002	-0.009	0.772
2560	0.003	-0.007	0.769
2561	0.003	-0.011	0.768
2562	0.002	-0.011	0.772
2563	0.002	-0.011	0.772
2564	0.001	-0.011	0.771
2565	0.002	-0.008	0.771
2566	0.002	-0.002	0.771
2567	0.001	-0.006	0.774
2568	0.000	-0.009	0.770
2569	-0.002	-0.013	0.772
2570	0.000	-0.015	0.768
2571	-0.002	-0.014	0.770
2572	-0.001	-0.011	0.771
2573	0.001	-0.007	0.771
2574	-0.001	-0.005	0.771
2575	0.001	-0.008	0.770
2576	-0.002	-0.009	0.773
2577	-0.001	-0.012	0.772
2578	-0.004	-0.010	0.771
2579	-0.005	-0.009	0.772
2580	-0.003	-0.009	0.770
2581	-0.002	-0.010	0.772
2582	0.000	-0.009	0.773
2583	-0.003	-0.009	0.771
2584	0.001	-0.009	0.769
2585	-0.001	-0.011	0.770
2586	-0.001	-0.012	0.771
2587	-0.001	-0.017	0.767
2588	0.000	-0.014	0.771
2589	0.001	-0.008	0.769
2590	0.000	-0.005	0.771
2591	-0.001	-0.006	0.770
2592	0.001	-0.011	0.770
2593	-0.002	-0.013	0.769
2594	-0.001	-0.015	0.768
2595	-0.001	-0.014	0.770
2596	0.000	-0.011	0.770
2597	-0.001	-0.009	0.769
2598	-0.003	-0.007	0.765
2599	-0.002	-0.008	0.769
2600	-0.001	-0.011	0.768
2601	-0.002	-0.011	0.768
2602	-0.003	-0.013	0.770
2603	-0.005	-0.013	0.767
2604	-0.003	-0.011	0.770
2605	-0.003	-0.011	0.770
2606	-0.005	-0.008	0.771
2607	-0.002	-0.005	0.770
2608	-0.003	-0.008	0.768
2609	-0.003	-0.015	0.772
2610	-0.002	-0.016	0.770
2611	-0.001	-0.014	0.772
2612	-0.003	-0.011	0.772
2613	0.000	-0.007	0.771
2614	-0.002	-0.007	0.769
2615	-0.001	-0.007	0.770
2616	-0.001	-0.011	0.771
2617	-0.002	-0.013	0.770
2618	-0.002	-0.013	0.768
2619	-0.003	-0.009	0.771
2620	-0.001	-0.011	0.771
2621	-0.002	-0.007	0.771
2622	-0.001	-0.009	0.769
2623	0.000	-0.007	0.771
2624	-0.001	-0.010	0.772
2625	0.002	-0.011	0.772
2626	-0.001	-0.009	0.773
2627	0.000	-0.011	0.771
2628	-0.001	-0.012	0.765
2629	0.000	-0.011	0.771
2630	0.001	-0.008	0.769
2631	-0.003	-0.004	0.770
2632	-0.005	-0.009	0.769
2633	-0.001	-0.012	0.773
2634	-0.001	-0.013	0.771
2635	-0.003	-0.012	0.772
2636	-0.002	-0.009	0.770
2637	-0.003	-0.007	0.770
2638	-0.003	-0.005	0.769
2639	-0.004	-0.009	0.771
2640	-0.006	-0.009	0.770
2641	-0.007	-0.009	0.769
2642	-0.005	-0.010	0.771
2643	-0.005	-0.008	0.769
2644	-0.004	-0.009	0.770
2645	-0.004	-0.011	0.768
2646	-0.002	-0.009	0.770
2647	-0.002	-0.007	0.769
2648	-0.003	-0.006	0.770
2649	-0.003	-0.007	0.768
2650	-0.002	-0.009	0.768
2651	-0.003	-0.015	0.774
2652	0.000	-0.006	0.770
2653	-0.001	-0.008	0.770
2654	-0.003	-0.007	0.771
2655	0.000	-0.006	0.771
2656	0.001	-0.008	0.771
2657	0.002	-0.012	0.771
2658	0.001	-0.014	0.771
2659	-0.002	-0.011	0.768
2660	-0.002	-0.007	0.772
2661	-0.001	-0.009	0.770
2662	0.001	-0.009	0.773
2663	0.000	-0.006	0.770
2664	0.003	-0.009	0.769
2665	0.002	-0.008	0.772
2666	-0.001	-0.007	0.773
2667	-0.001	-0.010	0.771
2668	0.000	-0.011	0.769
2669	0.001	-0.011	0.771
2670	0.000	-0.010	0.770
2671	0.000	-0.006	0.769
2672	-0.001	-0.006	0.768
2673	0.001	-0.011	0.767
2674	0.001	-0.007	0.770
2675	0.003	-0.013	0.768
2676	0.003	-0.009	0.770
2677	0.003	-0.006	0.771
2678	0.003	-0.007	0.765
2679	0.002	-0.008	0.767
2680	0.003	-0.010	0.766
2681	0.001	-0.008	0.770
2682	0.000	-0.007	0.771
2683	0.000	-0.007	0.772
2684	0.001	-0.011	0.772
2685	0.003	-0.010	0.771
2686	0.003	-0.007	0.770
2687	0.003	-0.006	0.770
2688	0.002	-0.006	0.771
2689	0.004	-0.008	0.771
2690	0.002	-0.005	0.772
2691	0.000	-0.010	0.771
2692	0.002	-0.009	0.766
2693	0.003	-0.007	0.768
2694	0.001	-0.007	0.771
2695	0.001	-0.007	0.771
2696	-0.001	-0.008	0.768
2697	0.001	-0.011	0.768
2698	0.002	-0.009	0.768
2699	0.003	-0.011	0.768
2700	0.001	-0.009	0.770
2701	0.000	-0.009	0.771
2702	-0.003	-0.009	0.769
2703	0.002	-0.009	0.772
2704	0.001	-0.009	0.771
2705	-0.001	-0.010	0.770
2706	0.000	-0.007	0.772
2707	-0.001	-0.010	0.772
2708	0.001	-0.009	0.770
2709	-0.005	-0.010	0.771
2710	-0.003	-0.010	0.769
2711	-0.002	-0.012	0.770
2712	-0.001	-0.012	0.772
2713	-0.001	-0.011	0.771
2714	-0.002	-0.010	0.770
2715	-0.002	-0.012	0.774
2716	-0.001	-0.010	0.774
2717	-0.002	-0.010	0.771
2718	-0.003	-0.013	0.772
2719	-0.001	-0.010	0.774
2720	-0.001	-0.012	0.771
2721	0.000	-0.013	0.771
2722	-0.001	-0.010	0.770
2723	-0.003	-0.011	0.767
2724	0.000	-0.009	0.771
2725	-0.003	-0.010	0.770
2726	-0.002	-0.009	0.768
2727	-0.002	-0.009	0.772
2728	-0.001	-0.010	0.772
2729	-0.002	-0.010	0.771
2730	-0.004	-0.008	0.772
2731	-0.002	-0.010	0.772
2732	-0.002	-0.010	0.775
2733	-0.003	-0.009	0.772
2734	-0.001	-0.007	0.772
2735	-0.002	-0.009	0.770
2736	-0.002	-0.008	0.772
2737	0.001	-0.009	0.771
2738	-0.001	-0.011	0.770
2739	-0.001	-0.012	0.773
2740	-0.001	-0.008	0.772
2741	-0.002	-0.011	0.776
2742	-0.003	-0.009	0.771
2743	-0.001	-0.009	0.769
2744	-0.004	-0.011	0.772
2745	-0.002	-0.009	0.770
2746	-0.001	-0.007	0.773
2747	-0.001	-0.009	0.770
2748	-0.002	-0.009	0.767
2749	-0.002	-0.013	0.767
2750	0.000	-0.009	0.771
2751	-0.002	-0.009	0.767
2752	-0.003	-0.009	0.773
2753	-0.001	-0.009	0.770
2754	-0.002	-0.009	0.771
2755	-0.003	-0.009	0.772
2756	-0.001	-0.007	0.768
2757	-0.002	-0.009	0.770
2758	-0.001	-0.011	0.771
2759	-0.001	-0.009	0.769
2760	0.000	-0.011	0.772
2761	-0.002	-0.007	0.771
2762	-0.003	-0.005	0.771
2763	0.000	-0.007	0.772
2764	0.001	-0.007	0.771
2765	0.000	-0.009	0.770
2766	-0.002	-0.011	0.769
2767	-0.002	-0.011	0.774
2768	0.001	-0.006	0.770
2769	0.001	-0.006	0.770
2770	0.003	-0.007	0.770
2771	0.001	-0.008	0.770
2772	0.001	-0.010	0.768
2773	0.000	-0.005	0.770
2774	-0.001	-0.009	0.768
2775	0.002	-0.011	0.771
2776	0.001	-0.009	0.769
2777	0.002	-0.008	0.770
2778	0.001	-0.007	0.773
2779	0.001	-0.007	0.770
2780	0.001	-0.009	0.770
2781	-0.002	-0.011	0.769
2782	-0.002	-0.013	0.769
2783	-0.001	-0.009	0.772
2784	0.002	-0.007	0.771
2785	-0.001	-0.005	0.770
2786	-0.001	-0.007	0.768
2787	0.001	-0.009	0.770
2788	0.003	-0.011	0.771
2789	0.001	-0.007	0.770
2790	0.002	-0.007	0.767
2791	-0.002	-0.010	0.770
2792	-0.002	-0.010	0.768
2793	0.000	-0.009	0.769
2794	0.001	-0.005	0.768
2795	0.000	-0.005	0.772
2796	0.001	-0.008	0.769
2797	0.000	-0.011	0.768
2798	0.000	-0.011	0.768
2799	-0.001	-0.009	0.768
2800	0.003	-0.007	0.770
2801	-0.002	-0.009	0.771
2802	-0.001	-0.010	0.768
2803	-0.001	-0.008	0.770
2804	-0.001	-0.009	0.768
2805	-0.002	-0.010	0.768
2806	-0.002	-0.009	0.771
2807	-0.001	-0.009	0.772
2808	-0.001	-0.011	0.772
2809	-0.003	-0.007	0.770
2810	-0.003	-0.006	0.768
2811	-0.002	-0.009	0.771
2812	-0.002	-0.009	0.770
2813	-0.003	-0.007	0.771
2814	-0.004	-0.008	0.772
2815	-0.005	-0.009	0.772
2816	-0.002	-0.008	0.770
2817	-0.002	-0.007	0.772
2818	-0.002	-0.007	0.770
2819	-0.003	-0.007	0.770
2820	-0.002	-0.005	0.772
2821	-0.004	-0.005	0.768
2822	-0.004	-0.008	0.770
2823	-0.005	-0.008	0.771
2824	-0.004	-0.009	0.773
2825	-0.003	-0.004	0.767
2826	-0.004	-0.006	0.771
2827	-0.005	-0.009	0.768
2828	-0.002	-0.009	0.772
2829	-0.003	-0.011	0.769
2830	-0.004	-0.010	0.768
2831	0.000	-0.006	0.768
2832	-0.004	-0.007	0.771
2833	-0.004	-0.007	0.770
2834	-0.003	-0.012	0.772
2835	-0.002	-0.008	0.772
2836	-0.004	-0.009	0.769
2837	-0.003	-0.007	0.768
2838	-0.002	-0.007	0.770
2839	-0.003	-0.009	0.771
2840	-0.003	-0.013	0.771
2841	0.000	-0.009	0.770
2842	-0.001	-0.009	0.771
2843	-0.002	-0.007	0.774
2844	-0.002	-0.008	0.770
2845	-0.005	-0.009	0.772
2846	-0.001	-0.011	0.770
2847	0.002	-0.012	0.771
2848	0.001	-0.009	0.768
2849	-0.001	-0.007	0.770
2850	0.000	-0.009	0.771
2851	-0.001	-0.008	0.771
2852	-0.001	-0.007	0.768
2853	0.000	-0.009	0.769
2854	0.000	-0.007	0.770
2855	-0.001	-0.010	0.771
2856	0.001	-0.010	0.768
2857	-0.001	-0.005	0.769
2858	-0.001	-0.009	0.767
2859	0.000	-0.008	0.772
2860	-0.001	-0.005	0.767
2861	-0.002	-0.007	0.770
2862	-0.001	-0.007	0.771
2863	-0.002	-0.009	0.773
2864	-0.001	-0.009	0.768
2865	-0.001	-0.009	0.771
2866	-0.002	-0.006	0.770
2867	-0.001	-0.005	0.771
2868	0.001	-0.002	0.772
2869	0.000	-0.005	0.771
2870	0.001	-0.007	0.770
2871	0.001	-0.012	0.766
2872	0.001	-0.012	0.768
2873	0.002	-0.005	0.769
2874	0.002	-0.007	0.769
2875	0.001	-0.007	0.770
2876	0.001	-0.007	0.771
2877	0.002	-0.003	0.769
2878	0.002	-0.007	0.771
2879	0.002	-0.007	0.771
2880	0.001	-0.009	0.770
2881	-0.001	-0.010	0.771
2882	-0.001	-0.010	0.770
2883	-0.001	-0.005	0.770
2884	-0.001	-0.007	0.768
2885	0.001	-0.005	0.770
2886	-0.001	-0.006	0.771
2887	-0.002	-0.008	0.770
2888	-0.001	-0.011	0.769
2889	-0.003	-0.008	0.773
2890	-0.001	-0.007	0.769
2891	0.000	-0.005	0.770
2892	0.002	-0.006	0.771
2893	-0.001	-0.009	0.772
2894	-0.003	-0.009	0.769
2895	-0.003	-0.008	0.767
2896	-0.003	-0.011	0.771
2897	-0.003	-0.008	0.772
2898	-0.005	-0.009	0.772
2899	-0.001	-0.011	0.772
2900	-0.005	-0.011	0.772
2901	-0.007	-0.007	0.771
2902	-0.006	-0.008	0.770
2903	-0.007	-0.007	0.772
2904	-0.005	-0.007	0.769
2905	-0.005	-0.007	0.769
2906	-0.007	-0.011	0.770
2907	-0.007	-0.011	0.768
2908	-0.004	-0.009	0.769
2909	-0.006	-0.009	0.769
2910	-0.005	-0.008	0.769
2911	-0.004	-0.007	0.772
2912	-0.007	-0.005	0.771
2913	-0.007	-0.009	0.769
2914	-0.008	-0.010	0.770
2915	-0.007	-0.010	0.772
2916	-0.007	-0.010	0.770
2917	-0.008	-0.006	0.772
2918	-0.006	-0.005	0.770
2919	-0.009	-0.003	0.772
2920	-0.009	-0.003	0.768
2921	-0.009	-0.005	0.771
2922	-0.009	-0.007	0.771
2923	-0.009	-0.011	0.770
2924	-0.009	-0.009	0.773
2925	-0.009	-0.005	0.770
2926	-0.008	-0.004	0.768
2927	-0.007	-0.005	0.768
2928	-0.006	-0.004	0.769
2929	-0.006	-0.002	0.767
2930	-0.007	-0.005	0.771
2931	-0.009	-0.007	0.770
2932	-0.007	-0.007	0.770
2933	-0.008	-0.008	0.771
2934	-0.009	-0.007	0.772
2935	-0.005	-0.006	0.771
2936	-0.007	-0.006	0.771
2937	-0.006	-0.003	0.770
2938	-0.006	-0.005	0.770
2939	-0.005	-0.008	0.770
2940	-0.005	-0.011	0.768
2941	-0.003	-0.011	0.768
2942	-0.005	-0.009	0.769
2943	-0.004	-0.004	0.771
2944	-0.005	-0.007	0.772
2945	-0.002	-0.005	0.769
2946	-0.005	-0.006	0.769
2947	-0.003	-0.007	0.770
2948	-0.002	-0.009	0.768
2949	-0.005	-0.010	0.768
2950	-0.006	-0.011	0.771
2951	-0.004	-0.011	0.769
2952	-0.002	-0.006	0.769
2953	-0.002	-0.005	0.770
2954	-0.003	-0.003	0.770
2955	-0.002	-0.005	0.768
2956	-0.003	-0.010	0.771
2957	-0.006	-0.011	0.770
2958	-0.005	-0.009	0.771
2959	-0.007	-0.009	0.770
2960	-0.003	-0.009	0.772
2961	-0.001	-0.004	0.769
2962	-0.002	-0.003	0.773
2963	-0.003	-0.006	0.771
2964	-0.002	-0.009	0.770
2965	-0.002	-0.009	0.770
2966	-0.002	-0.009	0.768
2967	-0.001	-0.008	0.772
2968	-0.001	-0.009	0.770
2969	-0.002	-0.005	0.772
2970	-0.002	-0.005	0.772
2971	-0.002	-0.006	0.770
2972	-0.001	-0.009	0.773
2973	-0.003	-0.010	0.771
2974	-0.004	-0.011	0.773
2975	-0.004	-0.011	0.770
2976	-0.005	-0.012	0.771
2977	-0.003	-0.011	0.772
2978	-0.001	-0.005	0.772
2979	-0.003	-0.007	0.769
2980	-0.005	-0.008	0.772
2981	-0.004	-0.012	0.770
2982	-0.005	-0.013	0.771
2983	-0.005	-0.013	0.770
2984	-0.004	-0.011	0.769
2985	-0.005	-0.009	0.771
2986	-0.006	-0.007	0.771
2987	-0.005	-0.009	0.772
2988	-0.005	-0.011	0.770
2989	-0.006	-0.012	0.771
2990	-0.006	-0.011	0.771
2991	-0.005	-0.013	0.770
2992	-0.007	-0.011	0.766
2993	-0.006	-0.009	0.772
2994	-0.005	-0.009	0.771
2995	-0.006	-0.010	0.770
2996	-0.005	-0.011	0.770
2997	-0.004	-0.010	0.772
2998	-0.006	-0.014	0.771
2999	-0.007	-0.016	0.769
3000	-0.005	-0.012	0.771
3001	-0.007	-0.011	0.768
3002	-0.006	-0.009	0.772
3003	-0.005	-0.012	0.770
3004	-0.005	-0.010	0.770
3005	-0.005	-0.011	0.768
3006	-0.005	-0.011	0.771
3007	-0.002	-0.011	0.771
3008	-0.005	-0.015	0.769
3009	-0.005	-0.012	0.773
3010	-0.003	-0.010	0.769
3011	-0.002	-0.009	0.770
3012	-0.003	-0.010	0.773
