0	-0.012	-0.016	0.772
1	-0.012	-0.014	0.774
2	-0.013	-0.014	0.768
3	-0.011	-0.015	0.773
4	-0.012	-0.011	0.775
5	-0.012	-0.010	0.772
6	-0.012	-0.007	0.768
7	-0.012	-0.010	0.770
8	-0.013	-0.013	0.773
9	-0.013	-0.015	0.774
10	-0.013	-0.018	0.769
11	-0.013	-0.013	0.768
12	-0.011	-0.009	0.775
13	-0.013	-0.008	0.774
14	-0.013	-0.007	0.768
15	-0.013	-0.012	0.765
16	-0.014	-0.007	0.772
17	-0.014	-0.013	0.772
18	-0.015	-0.015	0.771
19	-0.017	-0.014	0.768
20	-0.015	-0.009	0.773
21	-0.013	-0.010	0.772
22	-0.013	-0.009	0.770
23	-0.017	-0.007	0.767
24	-0.015	-0.011	0.769
25	-0.013	-0.011	0.771
26	-0.015	-0.008	0.771
27	-0.015	-0.008	0.766
28	-0.012	-0.011	0.770
29	-0.016	-0.015	0.774
30	-0.013	-0.017	0.774
31	-0.013	-0.010	0.767
32	-0.013	-0.004	0.770
33	-0.013	-0.009	0.774
34	-0.016	-0.022	0.775
35	-0.016	-0.033	0.771
36	-0.015	-0.030	0.767
37	-0.013	-0.017	0.770
38	-0.013	-0.001	0.775
39	-0.010	0.007	0.770
40	-0.010	0.003	0.768
41	-0.014	-0.009	0.773
42	-0.013	-0.022	0.774
43	-0.012	-0.032	0.772
44	-0.013	-0.029	0.771
45	-0.012	-0.019	0.770
46	-0.011	-0.009	0.774
47	-0.009	0.001	0.772
48	-0.011	0.004	0.767
49	-0.011	-0.005	0.770
50	-0.011	-0.017	0.775
51	-0.011	-0.022	0.777
52	-0.011	-0.026	0.769
53	-0.012	-0.018	0.767
54	-0.011	-0.016	0.768
55	-0.010	-0.005	0.775
56	-0.008	-0.003	0.772
57	-0.009	-0.006	0.770
58	-0.011	-0.011	0.770
59	-0.010	-0.018	0.774
60	-0.012	-0.022	0.771
61	-0.013	-0.022	0.770
62	-0.013	-0.015	0.770
63	-0.013	-0.009	0.774
64	-0.011	-0.003	0.772
65	-0.011	-0.003	0.767
66	-0.011	-0.009	0.768
67	-0.013	-0.015	0.774
68	-0.015	-0.021	0.770
69	-0.015	-0.019	0.769
70	-0.011	-0.018	0.768
71	-0.012	-0.015	0.773
72	-0.013	-0.008	0.774
73	-0.011	-0.005	0.771
74	-0.013	-0.009	0.769
75	-0.013	-0.009	0.771
76	-0.014	-0.015	0.773
77	-0.015	-0.018	0.771
78	-0.012	-0.019	0.767
79	-0.011	-0.014	0.768
80	-0.013	-0.011	0.773
81	-0.013	-0.005	0.772
82	-0.010	-0.007	0.766
83	-0.009	-0.010	0.770
84	-0.012	-0.017	0.773
85	-0.012	-0.015	0.774
86	-0.012	-0.014	0.770
87	-0.014	-0.014	0.769
88	-0.015	-0.013	0.773
89	-0.014	-0.009	0.773
90	-0.015	-0.011	0.773
91	-0.016	-0.011	0.772
92	-0.016	-0.011	0.772
93	-0.015	-0.017	0.774
94	-0.015	-0.015	0.771
95	-0.015	-0.014	0.770
96	-0.015	-0.011	0.772
97	-0.016	-0.010	0.774
98	-0.014	-0.011	0.774
99	-0.016	-0.013	0.770
100	-0.015	-0.011	0.770
101	-0.015	-0.014	0.775
102	-0.013	-0.013	0.773
103	-0.013	-0.014	0.768
104	-0.015	-0.014	0.769
105	-0.009	-0.008	0.770
106	-0.011	-0.013	0.777
107	-0.014	-0.012	0.769
108	-0.013	-0.017	0.767
109	-0.011	-0.015	0.774
110	-0.013	-0.015	0.775
111	-0.011	-0.011	0.771
112	-0.011	-0.011	0.773
113	-0.011	-0.013	0.770
114	-0.011	-0.013	0.778
115	-0.013	-0.014	0.770
116	-0.012	-0.011	0.768
117	-0.012	-0.013	0.768
118	-0.013	-0.012	0.775
119	-0.015	-0.014	0.772
120	-0.015	-0.014	0.771
121	-0.017	-0.013	0.766
122	-0.014	-0.014	0.774
123	-0.013	-0.011	0.775
124	-0.012	-0.012	0.772
125	-0.014	-0.011	0.770
126	-0.013	-0.011	0.772
127	-0.013	-0.015	0.773
128	-0.013	-0.015	0.772
129	-0.013	-0.014	0.768
130	-0.014	-0.013	0.771
131	-0.014	-0.011	0.774
132	-0.015	-0.010	0.772
133	-0.014	-0.014	0.771
134	-0.015	-0.014	0.770
135	-0.015	-0.014	0.772
136	-0.014	-0.013	0.772
137	-0.017	-0.013	0.770
138	-0.013	-0.012	0.768
139	-0.013	-0.007	0.773
140	-0.013	-0.011	0.774
141	-0.015	-0.009	0.772
142	-0.015	-0.012	0.768
143	-0.012	-0.016	0.773
144	-0.012	-0.015	0.776
145	-0.014	-0.013	0.771
146	-0.015	-0.011	0.767
147	-0.013	-0.010	0.769
148	-0.015	-0.009	0.774
149	-0.014	-0.013	0.771
150	-0.013	-0.010	0.769
151	-0.012	-0.014	0.770
152	-0.013	-0.014	0.772
153	-0.013	-0.013	0.772
154	-0.012	-0.011	0.768
155	-0.013	-0.008	0.770
156	-0.013	-0.012	0.771
157	-0.013	-0.010	0.773
158	-0.013	-0.011	0.772
159	-0.015	-0.014	0.769
160	-0.012	-0.011	0.776
161	-0.015	-0.014	0.772
162	-0.015	-0.012	0.774
163	-0.014	-0.015	0.769
164	-0.013	-0.013	0.771
165	-0.014	-0.010	0.773
166	-0.013	-0.009	0.771
167	-0.014	-0.010	0.767
168	-0.015	-0.013	0.768
169	-0.016	-0.016	0.772
170	-0.013	-0.015	0.774
171	-0.013	-0.011	0.771
172	-0.014	-0.010	0.767
173	-0.017	-0.009	0.770
174	-0.015	-0.009	0.774
175	-0.014	-0.012	0.772
176	-0.015	-0.013	0.767
177	-0.016	-0.013	0.770
178	-0.016	-0.018	0.774
179	-0.015	-0.013	0.771
180	-0.015	-0.013	0.767
181	-0.017	-0.014	0.771
182	-0.015	-0.011	0.772
183	-0.013	-0.013	0.775
184	-0.015	-0.014	0.770
185	-0.015	-0.013	0.771
186	-0.015	-0.011	0.774
187	-0.014	-0.010	0.774
188	-0.015	-0.013	0.770
189	-0.016	-0.011	0.768
190	-0.015	-0.009	0.774
191	-0.014	-0.012	0.774
192	-0.015	-0.013	0.769
193	-0.016	-0.015	0.769
194	-0.012	-0.012	0.774
195	-0.015	-0.014	0.774
196	-0.015	-0.013	0.769
197	-0.013	-0.014	0.770
198	-0.014	-0.011	0.770
199	-0.012	-0.012	0.775
200	-0.013	-0.013	0.773
201	-0.014	-0.013	0.767
202	-0.014	-0.013	0.769
203	-0.015	-0.013	0.773
204	-0.013	-0.011	0.775
205	-0.012	-0.011	0.772
206	-0.013	-0.009	0.770
207	-0.013	-0.010	0.772
208	-0.013	-0.006	0.776
209	-0.013	-0.013	0.769
210	-0.012	-0.013	0.768
211	-0.013	-0.016	0.771
212	-0.015	-0.015	0.775
213	-0.012	-0.011	0.773
214	-0.013	-0.010	0.768
215	-0.012	-0.008	0.769
216	-0.013	-0.007	0.775
217	-0.012	-0.011	0.773
218	-0.014	-0.014	0.769
219	-0.015	-0.015	0.769
220	-0.014	-0.014	0.772
221	-0.013	-0.007	0.773
222	-0.012	-0.009	0.773
223	-0.013	-0.005	0.768
224	-0.014	-0.009	0.772
225	-0.013	-0.011	0.774
226	-0.013	-0.011	0.771
227	-0.013	-0.014	0.768
228	-0.015	-0.010	0.768
229	-0.012	-0.011	0.770
230	-0.011	-0.010	0.772
231	-0.014	-0.010	0.768
232	-0.012	-0.010	0.769
233	-0.013	-0.007	0.775
234	-0.013	-0.008	0.775
235	-0.013	-0.011	0.768
236	-0.013	-0.012	0.769
237	-0.015	-0.013	0.771
238	-0.016	-0.011	0.772
239	-0.015	-0.010	0.770
240	-0.016	-0.009	0.768
241	-0.014	-0.010	0.769
242	-0.013	-0.010	0.773
243	-0.016	-0.015	0.772
244	-0.018	-0.013	0.771
245	-0.013	-0.014	0.772
246	-0.013	-0.011	0.773
247	-0.016	-0.006	0.773
248	-0.015	-0.007	0.767
249	-0.012	-0.011	0.767
250	-0.011	-0.015	0.771
251	-0.015	-0.015	0.773
252	-0.013	-0.011	0.769
253	-0.015	-0.010	0.767
254	-0.013	-0.008	0.773
255	-0.014	-0.011	0.778
256	-0.013	-0.013	0.772
257	-0.013	-0.016	0.771
258	-0.013	-0.013	0.771
259	-0.011	-0.015	0.772
260	-0.014	-0.012	0.772
261	-0.012	-0.012	0.769
262	-0.011	-0.011	0.769
263	-0.011	-0.010	0.776
264	-0.013	-0.009	0.774
265	-0.012	-0.010	0.770
266	-0.013	-0.012	0.768
267	-0.013	-0.017	0.775
268	-0.013	-0.016	0.775
269	-0.014	-0.017	0.771
270	-0.015	-0.011	0.766
271	-0.013	-0.007	0.769
272	-0.015	-0.009	0.775
273	-0.014	-0.013	0.768
274	-0.013	-0.013	0.768
275	-0.012	-0.014	0.767
276	-0.014	-0.013	0.776
277	-0.015	-0.012	0.768
278	-0.010	-0.008	0.772
279	-0.013	-0.011	0.767
280	-0.016	-0.011	0.773
281	-0.014	-0.015	0.772
282	-0.014	-0.011	0.769
283	-0.015	-0.015	0.768
284	-0.012	-0.011	0.775
285	-0.015	-0.014	0.772
286	-0.014	-0.013	0.770
287	-0.013	-0.011	0.768
288	-0.015	-0.007	0.772
289	-0.017	-0.010	0.777
290	-0.013	-0.010	0.771
291	-0.014	-0.015	0.767
292	-0.015	-0.015	0.769
293	-0.016	-0.017	0.773
294	-0.014	-0.010	0.774
295	-0.014	-0.008	0.771
296	-0.016	-0.009	0.768
297	-0.015	-0.010	0.775
298	-0.015	-0.016	0.774
299	-0.015	-0.015	0.769
300	-0.016	-0.013	0.771
301	-0.018	-0.011	0.771
302	-0.015	-0.012	0.776
303	-0.016	-0.013	0.772
304	-0.015	-0.014	0.768
305	-0.015	-0.014	0.771
306	-0.015	-0.012	0.776
307	-0.015	-0.013	0.773
308	-0.014	-0.013	0.772
309	-0.012	-0.013	0.768
310	-0.015	-0.012	0.773
311	-0.017	-0.011	0.772
312	-0.015	-0.011	0.769
313	-0.014	-0.009	0.769
314	-0.015	-0.011	0.774
315	-0.016	-0.011	0.776
316	-0.016	-0.014	0.772
317	-0.016	-0.015	0.767
318	-0.013	-0.016	0.773
319	-0.015	-0.012	0.775
320	-0.013	-0.013	0.773
321	-0.012	-0.010	0.767
322	-0.012	-0.011	0.768
323	-0.015	-0.011	0.773
324	-0.015	-0.015	0.775
325	-0.013	-0.015	0.770
326	-0.013	-0.013	0.768
327	-0.015	-0.013	0.775
328	-0.013	-0.012	0.774
329	-0.014	-0.009	0.766
330	-0.015	-0.009	0.771
331	-0.014	-0.014	0.773
332	-0.013	-0.015	0.774
333	-0.014	-0.013	0.771
334	-0.011	-0.011	0.768
335	-0.013	-0.013	0.769
336	-0.015	-0.011	0.775
337	-0.013	-0.009	0.772
338	-0.013	-0.013	0.768
339	-0.015	-0.011	0.769
340	-0.012	-0.009	0.774
341	-0.015	-0.012	0.775
342	-0.012	-0.011	0.770
343	-0.010	-0.014	0.771
344	-0.013	-0.014	0.772
345	-0.015	-0.012	0.774
346	-0.011	-0.009	0.772
347	-0.014	-0.008	0.766
348	-0.014	-0.008	0.773
349	-0.015	-0.014	0.775
350	-0.014	-0.015	0.771
351	-0.013	-0.015	0.767
352	-0.015	-0.012	0.770
353	-0.013	-0.009	0.772
354	-0.013	-0.006	0.771
355	-0.015	-0.011	0.769
356	-0.015	-0.011	0.769
357	-0.015	-0.012	0.772
358	-0.014	-0.013	0.774
359	-0.014	-0.011	0.772
360	-0.015	-0.009	0.769
361	-0.015	-0.011	0.772
362	-0.016	-0.011	0.775
363	-0.017	-0.012	0.772
364	-0.015	-0.015	0.768
365	-0.017	-0.015	0.770
366	-0.017	-0.011	0.772
367	-0.014	-0.011	0.775
368	-0.014	-0.009	0.768
369	-0.015	-0.011	0.769
370	-0.016	-0.014	0.775
371	-0.015	-0.015	0.772
372	-0.013	-0.009	0.770
373	-0.013	-0.010	0.767
374	-0.012	-0.010	0.771
375	-0.013	-0.015	0.776
376	-0.014	-0.014	0.771
377	-0.012	-0.010	0.766
378	-0.011	-0.005	0.770
379	-0.013	-0.001	0.777
380	-0.012	-0.003	0.771
381	-0.014	-0.009	0.769
382	-0.011	-0.015	0.768
383	-0.017	-0.022	0.773
384	-0.014	-0.022	0.772
385	-0.013	-0.017	0.770
386	-0.012	-0.009	0.767
387	-0.012	0.000	0.774
388	-0.013	-0.001	0.773
389	-0.013	-0.007	0.774
390	-0.015	-0.016	0.770
391	-0.015	-0.020	0.775
392	-0.014	-0.018	0.774
393	-0.014	-0.016	0.771
394	-0.012	-0.007	0.770
395	-0.012	-0.002	0.768
396	-0.014	-0.002	0.772
397	-0.013	-0.009	0.772
398	-0.015	-0.017	0.770
399	-0.015	-0.021	0.770
400	-0.015	-0.018	0.771
401	-0.014	-0.015	0.775
402	-0.015	-0.008	0.770
403	-0.017	-0.007	0.767
404	-0.015	-0.007	0.772
405	-0.015	-0.005	0.777
406	-0.015	-0.011	0.771
407	-0.016	-0.015	0.767
408	-0.017	-0.016	0.770
409	-0.015	-0.016	0.772
410	-0.016	-0.011	0.775
411	-0.016	-0.009	0.769
412	-0.013	-0.007	0.769
413	-0.014	-0.006	0.773
414	-0.015	-0.013	0.772
415	-0.013	-0.015	0.771
416	-0.015	-0.015	0.771
417	-0.013	-0.016	0.769
418	-0.015	-0.009	0.773
419	-0.013	-0.006	0.774
420	-0.013	-0.010	0.771
421	-0.012	-0.011	0.771
422	-0.013	-0.009	0.774
423	-0.013	-0.012	0.774
424	-0.012	-0.015	0.769
425	-0.013	-0.015	0.769
426	-0.013	-0.017	0.771
427	-0.014	-0.012	0.775
428	-0.012	-0.011	0.772
429	-0.014	-0.007	0.767
430	-0.015	-0.008	0.771
431	-0.013	-0.013	0.774
432	-0.012	-0.013	0.772
433	-0.012	-0.019	0.768
434	-0.014	-0.015	0.767
435	-0.013	-0.013	0.773
436	-0.011	-0.006	0.772
437	-0.014	-0.009	0.770
438	-0.015	-0.010	0.770
439	-0.013	-0.011	0.777
440	-0.012	-0.017	0.775
441	-0.014	-0.015	0.772
442	-0.015	-0.009	0.769
443	-0.013	-0.009	0.773
444	-0.014	-0.011	0.775
445	-0.013	-0.011	0.771
446	-0.014	-0.011	0.768
447	-0.013	-0.011	0.771
448	-0.015	-0.013	0.772
449	-0.013	-0.014	0.772
450	-0.013	-0.012	0.768
451	-0.013	-0.016	0.766
452	-0.013	-0.011	0.774
453	-0.014	-0.011	0.773
454	-0.014	-0.009	0.770
455	-0.014	-0.011	0.770
456	-0.013	-0.013	0.772
457	-0.013	-0.013	0.770
458	-0.014	-0.011	0.772
459	-0.015	-0.011	0.769
460	-0.013	-0.012	0.770
461	-0.013	-0.012	0.775
462	-0.014	-0.011	0.773
463	-0.013	-0.013	0.769
464	-0.014	-0.010	0.767
465	-0.015	-0.012	0.772
466	-0.013	-0.010	0.773
467	-0.015	-0.013	0.771
468	-0.013	-0.015	0.769
469	-0.015	-0.011	0.774
470	-0.013	-0.011	0.774
471	-0.011	-0.010	0.773
472	-0.013	-0.009	0.770
473	-0.015	-0.012	0.769
474	-0.014	-0.014	0.772
475	-0.013	-0.014	0.772
476	-0.017	-0.011	0.768
477	-0.015	-0.010	0.767
478	-0.014	-0.011	0.773
479	-0.013	-0.012	0.773
480	-0.015	-0.011	0.772
481	-0.013	-0.010	0.768
482	-0.012	-0.013	0.772
483	-0.016	-0.011	0.777
484	-0.015	-0.011	0.770
485	-0.013	-0.013	0.766
486	-0.015	-0.010	0.768
487	-0.014	-0.011	0.774
488	-0.012	-0.011	0.772
489	-0.012	-0.011	0.771
490	-0.013	-0.011	0.766
491	-0.014	-0.016	0.773
492	-0.013	-0.014	0.775
493	-0.011	-0.014	0.771
494	-0.014	-0.011	0.766
495	-0.014	-0.007	0.768
496	-0.013	-0.009	0.773
497	-0.015	-0.013	0.769
498	-0.014	-0.013	0.769
499	-0.016	-0.013	0.771
500	-0.016	-0.009	0.774
501	-0.016	-0.010	0.771
502	-0.013	-0.011	0.769
503	-0.016	-0.009	0.769
504	-0.015	-0.012	0.776
505	-0.015	-0.013	0.774
506	-0.015	-0.012	0.772
507	-0.015	-0.013	0.767
508	-0.015	-0.012	0.770
509	-0.015	-0.010	0.771
510	-0.013	-0.011	0.772
511	-0.013	-0.010	0.768
512	-0.014	-0.011	0.770
513	-0.013	-0.013	0.775
514	-0.013	-0.013	0.772
515	-0.013	-0.013	0.768
516	-0.014	-0.012	0.823
517	-0.155	0.100	1.061
518	-0.158	0.097	1.048
519	-0.156	0.093	1.050
520	-0.151	0.094	1.040
521	-0.152	0.091	1.034
522	-0.154	0.091	1.040
523	-0.152	0.089	1.041
524	-0.151	0.090	1.033
525	-0.150	0.088	1.031
526	-0.150	0.086	1.036
527	-0.151	0.087	1.032
528	-0.149	0.087	1.028
529	-0.148	0.084	1.034
530	-0.146	0.084	1.028
531	-0.148	0.086	1.025
532	-0.148	0.083	1.026
533	-0.148	0.084	1.022
534	-0.146	0.083	1.028
535	-0.147	0.083	1.028
536	-0.145	0.084	1.029
537	-0.147	0.082	1.018
538	-0.147	0.084	1.020
539	-0.146	0.083	1.023
540	-0.147	0.080	1.022
541	-0.145	0.082	1.014
542	-0.146	0.081	1.019
543	-0.144	0.083	1.026
544	-0.146	0.078	1.021
545	-0.146	0.082	1.013
546	-0.146	0.080	1.013
547	-0.145	0.080	1.024
548	-0.145	0.081	1.022
549	-0.144	0.079	1.016
550	-0.145	0.080	1.014
551	-0.144	0.080	1.015
552	-0.144	0.079	1.019
553	-0.145	0.079	1.020
554	-0.144	0.079	1.016
555	-0.144	0.078	1.017
556	-0.144	0.080	1.016
557	-0.145	0.077	1.018
558	-0.144	0.077	1.016
559	-0.143	0.078	1.017
560	-0.144	0.079	1.016
561	-0.144	0.079	1.016
562	-0.144	0.077	1.016
563	-0.144	0.078	1.012
564	-0.144	0.079	1.015
565	-0.144	0.077	1.016
566	-0.144	0.078	1.016
567	-0.142	0.079	1.013
568	-0.146	0.077	1.008
569	-0.143	0.077	1.019
570	-0.142	0.075	1.017
571	-0.143	0.080	1.011
572	-0.143	0.076	1.008
573	-0.144	0.075	1.014
574	-0.142	0.079	1.017
575	-0.146	0.075	1.021
576	-0.143	0.077	1.011
577	-0.142	0.076	1.013
578	-0.143	0.076	1.009
579	-0.142	0.076	1.019
580	-0.143	0.076	1.014
581	-0.142	0.074	1.007
582	-0.143	0.077	1.010
583	-0.143	0.076	1.018
584	-0.142	0.076	1.014
585	-0.143	0.076	1.012
586	-0.142	0.072	1.010
587	-0.141	0.076	1.014
588	-0.144	0.075	1.016
589	-0.142	0.075	1.007
590	-0.142	0.074	1.009
591	-0.140	0.076	1.012
592	-0.142	0.076	1.011
593	-0.143	0.076	1.007
594	-0.144	0.075	1.006
595	-0.140	0.076	1.018
596	-0.142	0.074	1.012
597	-0.140	0.073	1.006
598	-0.141	0.075	1.002
599	-0.142	0.076	1.010
600	-0.140	0.075	1.013
601	-0.142	0.077	1.008
602	-0.142	0.076	1.010
603	-0.142	0.074	1.007
604	-0.141	0.074	1.012
605	-0.143	0.076	1.010
606	-0.141	0.073	1.008
607	-0.140	0.074	1.007
608	-0.141	0.075	1.016
609	-0.139	0.073	1.006
610	-0.142	0.075	1.008
611	-0.141	0.075	1.009
612	-0.142	0.075	1.010
613	-0.140	0.075	1.008
614	-0.139	0.075	1.010
615	-0.139	0.076	1.006
616	-0.139	0.074	1.010
617	-0.139	0.075	1.014
618	-0.140	0.074	1.012
619	-0.141	0.075	1.003
620	-0.139	0.076	1.011
621	-0.139	0.074	1.006
622	-0.139	0.075	1.008
623	-0.142	0.075	1.004
624	-0.140	0.073	1.008
625	-0.140	0.076	1.005
626	-0.139	0.074	1.004
627	-0.141	0.072	1.002
628	-0.140	0.072	1.010
629	-0.140	0.075	1.005
630	-0.140	0.076	1.010
631	-0.139	0.075	1.003
632	-0.141	0.076	1.006
633	-0.140	0.073	1.000
634	-0.139	0.072	1.007
635	-0.138	0.075	1.005
636	-0.140	0.074	1.010
637	-0.139	0.072	1.006
638	-0.138	0.072	1.000
639	-0.141	0.073	1.007
640	-0.139	0.073	1.011
641	-0.140	0.072	1.004
642	-0.141	0.074	1.006
643	-0.139	0.075	1.008
644	-0.139	0.074	1.012
645	-0.138	0.072	1.006
646	-0.140	0.074	1.006
647	-0.140	0.072	1.004
648	-0.139	0.075	1.008
649	-0.140	0.075	1.006
650	-0.137	0.071	1.007
651	-0.139	0.072	1.003
652	-0.139	0.072	1.006
653	-0.137	0.072	1.008
654	-0.139	0.073	1.000
655	-0.139	0.073	1.004
656	-0.138	0.071	1.005
657	-0.138	0.071	1.004
658	-0.138	0.073	1.004
659	-0.140	0.074	1.004
660	-0.138	0.071	1.004
661	-0.139	0.072	1.009
662	-0.139	0.073	1.002
663	-0.137	0.075	1.003
664	-0.140	0.072	1.005
665	-0.138	0.072	1.003
666	-0.139	0.071	1.004
667	-0.139	0.071	0.999
668	-0.137	0.072	1.000
669	-0.137	0.073	1.007
670	-0.139	0.072	1.012
671	-0.139	0.073	1.008
672	-0.139	0.074	0.997
673	-0.138	0.071	1.006
674	-0.139	0.070	1.005
675	-0.137	0.071	1.004
676	-0.138	0.072	1.002
677	-0.137	0.072	1.007
678	-0.137	0.072	1.006
679	-0.138	0.073	1.008
680	-0.138	0.072	0.995
681	-0.139	0.073	1.004
682	-0.139	0.070	1.007
683	-0.139	0.070	1.003
684	-0.138	0.072	1.000
685	-0.139	0.071	1.003
686	-0.140	0.071	1.005
687	-0.138	0.072	1.006
688	-0.137	0.071	1.004
689	-0.138	0.073	0.999
690	-0.138	0.072	1.005
691	-0.137	0.072	1.010
692	-0.138	0.070	1.007
693	-0.137	0.070	1.001
694	-0.135	0.073	1.004
695	-0.136	0.072	1.004
696	-0.138	0.072	1.004
697	-0.137	0.072	1.002
698	-0.138	0.072	0.999
699	-0.138	0.071	0.998
700	-0.137	0.069	0.999
701	-0.137	0.072	1.002
702	-0.138	0.072	1.006
703	-0.137	0.073	1.006
704	-0.137	0.070	1.009
705	-0.139	0.071	1.002
706	-0.136	0.070	1.008
707	-0.136	0.070	1.000
708	-0.137	0.071	1.002
709	-0.137	0.071	1.007
710	-0.137	0.070	1.005
711	-0.138	0.072	1.002
712	-0.137	0.072	0.998
713	-0.139	0.071	0.999
714	-0.136	0.074	1.001
715	-0.139	0.071	1.005
716	-0.138	0.071	1.002
717	-0.138	0.072	1.001
718	-0.138	0.072	1.003
719	-0.135	0.071	0.997
720	-0.139	0.072	1.004
721	-0.136	0.070	1.000
722	-0.138	0.071	1.002
723	-0.139	0.071	0.997
724	-0.136	0.071	1.004
725	-0.138	0.072	1.000
726	-0.136	0.074	1.004
727	-0.138	0.069	1.002
728	-0.136	0.072	1.001
729	-0.135	0.071	1.002
730	-0.134	0.072	1.006
731	-0.136	0.070	0.999
732	-0.136	0.068	1.004
733	-0.136	0.070	1.000
734	-0.136	0.072	0.999
735	-0.135	0.072	1.005
736	-0.136	0.070	1.009
737	-0.137	0.072	0.994
738	-0.136	0.072	1.001
739	-0.137	0.070	1.002
740	-0.137	0.072	1.005
741	-0.138	0.071	0.996
742	-0.138	0.067	0.990
743	-0.137	0.071	1.002
744	-0.135	0.073	1.006
745	-0.138	0.069	0.995
746	-0.136	0.070	0.995
747	-0.136	0.073	1.003
748	-0.135	0.072	1.006
749	-0.136	0.069	1.003
750	-0.136	0.070	0.999
751	-0.137	0.071	1.001
752	-0.136	0.072	1.005
753	-0.139	0.071	1.001
754	-0.136	0.071	1.000
755	-0.137	0.072	0.996
756	-0.137	0.069	1.002
757	-0.134	0.070	1.004
758	-0.139	0.071	1.004
759	-0.136	0.070	0.999
760	-0.136	0.069	0.999
761	-0.136	0.069	1.004
762	-0.135	0.069	0.997
763	-0.136	0.070	0.993
764	-0.136	0.068	0.998
765	-0.136	0.069	1.009
766	-0.137	0.073	1.000
767	-0.138	0.071	0.995
768	-0.138	0.070	1.004
769	-0.134	0.069	1.009
770	-0.134	0.070	0.994
771	-0.136	0.070	1.000
772	-0.136	0.070	1.002
773	-0.135	0.070	1.003
774	-0.136	0.071	0.997
775	-0.136	0.070	1.000
776	-0.137	0.069	1.000
777	-0.137	0.071	1.002
778	-0.138	0.072	0.997
779	-0.138	0.071	1.005
780	-0.137	0.069	1.003
781	-0.138	0.073	1.000
782	-0.135	0.071	0.990
783	-0.136	0.068	1.005
784	-0.136	0.069	1.003
785	-0.136	0.069	0.999
786	-0.136	0.070	0.995
787	-0.137	0.072	1.001
788	-0.138	0.070	1.009
789	-0.137	0.070	0.997
790	-0.134	0.069	0.996
791	-0.136	0.070	0.998
792	-0.138	0.071	1.008
793	-0.136	0.070	1.004
794	-0.134	0.071	0.998
795	-0.137	0.070	0.993
796	-0.136	0.071	1.005
797	-0.135	0.069	1.004
798	-0.136	0.069	0.994
799	-0.136	0.070	0.994
800	-0.134	0.071	1.006
801	-0.134	0.071	1.001
802	-0.136	0.068	0.997
803	-0.136	0.068	0.999
804	-0.136	0.071	1.007
805	-0.135	0.069	1.002
806	-0.137	0.072	0.989
807	-0.136	0.071	1.003
808	-0.134	0.074	1.007
809	-0.136	0.071	0.995
810	-0.136	0.069	0.995
811	-0.137	0.070	1.002
812	-0.135	0.071	1.002
813	-0.137	0.070	0.996
814	-0.137	0.070	1.002
815	-0.136	0.072	1.006
816	-0.136	0.072	1.000
817	-0.135	0.073	0.990
818	-0.137	0.071	1.000
819	-0.135	0.071	1.012
820	-0.135	0.071	0.999
821	-0.136	0.072	0.987
822	-0.136	0.068	0.998
823	-0.134	0.068	1.008
824	-0.134	0.072	1.008
825	-0.136	0.069	0.993
826	-0.136	0.071	0.994
827	-0.137	0.070	0.998
828	-0.134	0.071	1.004
829	-0.137	0.070	0.991
830	-0.137	0.068	0.999
831	-0.138	0.069	0.994
832	-0.135	0.072	0.998
833	-0.133	0.072	0.997
834	-0.135	0.069	1.002
835	-0.134	0.069	0.988
836	-0.137	0.070	1.000
837	-0.133	0.072	1.003
838	-0.136	0.069	1.001
839	-0.137	0.069	0.989
840	-0.137	0.071	0.998
841	-0.136	0.069	0.997
842	-0.135	0.070	0.999
843	-0.136	0.069	0.998
844	-0.136	0.071	1.002
845	-0.138	0.070	0.994
846	-0.138	0.071	0.998
847	-0.139	0.070	0.995
848	-0.137	0.072	0.996
849	-0.137	0.068	1.005
850	-0.138	0.070	1.002
851	-0.136	0.068	1.000
852	-0.138	0.070	1.000
853	-0.137	0.071	0.999
854	-0.138	0.070	0.998
855	-0.138	0.069	1.003
856	-0.136	0.071	1.000
857	-0.137	0.070	0.995
858	-0.138	0.070	0.998
859	-0.139	0.068	1.002
860	-0.138	0.070	1.002
861	-0.136	0.069	0.995
862	-0.138	0.071	0.995
863	-0.136	0.070	1.002
864	-0.138	0.070	0.999
865	-0.138	0.068	0.994
866	-0.137	0.071	0.995
867	-0.136	0.071	1.009
868	-0.138	0.070	0.995
869	-0.136	0.070	0.990
870	-0.137	0.071	1.001
871	-0.137	0.070	1.007
872	-0.133	0.070	0.997
873	-0.135	0.070	0.990
874	-0.136	0.070	1.001
875	-0.135	0.071	1.006
876	-0.136	0.068	1.002
877	-0.135	0.070	0.995
878	-0.136	0.069	0.993
879	-0.136	0.068	1.002
880	-0.137	0.071	1.001
881	-0.136	0.067	1.001
882	-0.134	0.068	0.996
883	-0.134	0.068	0.999
884	-0.137	0.072	1.000
885	-0.136	0.070	1.003
886	-0.135	0.068	0.999
887	-0.136	0.070	0.999
888	-0.136	0.069	0.999
889	-0.135	0.071	1.001
890	-0.136	0.068	1.000
891	-0.136	0.070	1.000
892	-0.136	0.068	1.000
893	-0.136	0.069	1.000
894	-0.135	0.071	0.997
895	-0.134	0.071	0.996
896	-0.135	0.067	0.993
897	-0.136	0.071	0.996
898	-0.135	0.068	1.000
899	-0.136	0.071	1.004
900	-0.135	0.071	0.996
901	-0.137	0.067	0.991
902	-0.137	0.068	0.999
903	-0.136	0.070	1.003
904	-0.135	0.072	0.998
905	-0.136	0.070	0.989
906	-0.137	0.070	1.000
907	-0.136	0.067	1.008
908	-0.136	0.069	1.001
909	-0.135	0.069	0.993
910	-0.137	0.071	0.999
911	-0.135	0.070	1.006
912	-0.135	0.069	0.998
913	-0.135	0.071	0.993
914	-0.134	0.069	0.997
915	-0.136	0.070	1.000
916	-0.137	0.071	0.996
917	-0.136	0.072	0.991
918	-0.136	0.070	0.999
919	-0.134	0.070	1.003
920	-0.136	0.070	1.002
921	-0.136	0.071	0.993
922	-0.135	0.068	1.000
923	-0.137	0.071	0.999
924	-0.134	0.072	1.000
925	-0.136	0.070	0.995
926	-0.137	0.069	0.998
927	-0.135	0.068	0.999
928	-0.137	0.069	1.001
929	-0.135	0.070	0.998
930	-0.134	0.069	1.002
931	-0.135	0.072	1.000
932	-0.136	0.068	0.997
933	-0.136	0.070	0.999
934	-0.135	0.071	1.002
935	-0.134	0.071	1.000
936	-0.135	0.069	0.999
937	-0.138	0.072	0.996
938	-0.135	0.069	1.000
939	-0.136	0.070	0.999
940	-0.134	0.070	0.999
941	-0.136	0.071	0.999
942	-0.135	0.071	1.003
943	-0.133	0.069	1.005
944	-0.134	0.070	1.003
945	-0.136	0.069	0.999
946	-0.137	0.072	1.004
947	-0.135	0.071	1.004
948	-0.135	0.070	0.994
949	-0.138	0.072	0.996
950	-0.137	0.071	1.000
951	-0.136	0.071	1.002
952	-0.135	0.072	1.003
953	-0.135	0.069	0.997
954	-0.135	0.073	0.998
955	-0.136	0.073	1.000
956	-0.136	0.072	1.000
957	-0.135	0.068	1.003
958	-0.136	0.071	0.999
959	-0.135	0.071	0.998
960	-0.138	0.070	1.002
961	-0.134	0.072	1.008
962	-0.135	0.071	0.996
963	-0.135	0.069	0.995
964	-0.135	0.070	1.003
965	-0.134	0.071	1.007
966	-0.135	0.072	0.997
967	-0.134	0.069	0.994
968	-0.136	0.071	1.004
969	-0.136	0.072	1.005
970	-0.135	0.074	0.999
971	-0.135	0.071	0.997
972	-0.137	0.070	0.997
973	-0.137	0.068	1.008
974	-0.134	0.069	1.000
975	-0.136	0.072	0.995
976	-0.137	0.070	0.995
977	-0.136	0.071	1.007
978	-0.137	0.071	1.001
979	-0.135	0.072	0.995
980	-0.137	0.069	0.998
981	-0.136	0.069	1.008
982	-0.136	0.068	1.001
983	-0.137	0.072	0.994
984	-0.138	0.071	0.996
985	-0.137	0.069	1.002
986	-0.137	0.070	1.004
987	-0.138	0.071	0.997
988	-0.137	0.071	0.998
989	-0.137	0.071	1.000
990	-0.136	0.070	1.006
991	-0.135	0.071	1.003
992	-0.137	0.069	0.998
993	-0.136	0.071	1.000
994	-0.135	0.070	1.000
995	-0.136	0.070	1.004
996	-0.135	0.070	1.001
997	-0.136	0.071	1.001
998	-0.136	0.071	0.998
999	-0.136	0.070	1.004
1000	-0.137	0.070	1.003
1001	-0.139	0.072	0.998
1002	-0.138	0.073	0.998
1003	-0.135	0.070	1.004
1004	-0.135	0.070	1.004
1005	-0.136	0.068	0.995
1006	-0.136	0.072	1.000
1007	-0.136	0.071	1.003
1008	-0.136	0.070	1.006
1009	-0.137	0.069	0.998
1010	-0.135	0.071	0.999
1011	-0.136	0.072	0.998
1012	-0.135	0.071	1.005
1013	-0.135	0.071	0.998
1014	-0.138	0.070	0.993
1015	-0.135	0.071	0.997
1016	-0.138	0.068	1.004
1017	-0.183	0.121	1.163
1018	-0.266	0.203	1.280
1019	-0.252	0.195	1.258
1020	-0.249	0.190	1.249
1021	-0.248	0.189	1.252
1022	-0.244	0.187	1.255
1023	-0.243	0.189	1.242
1024	-0.242	0.186	1.240
1025	-0.242	0.185	1.236
1026	-0.242	0.183	1.242
1027	-0.241	0.183	1.237
1028	-0.243	0.183	1.230
1029	-0.241	0.181	1.230
1030	-0.240	0.183	1.241
1031	-0.240	0.182	1.230
1032	-0.238	0.178	1.229
1033	-0.240	0.180	1.232
1034	-0.239	0.178	1.231
1035	-0.239	0.179	1.230
1036	-0.237	0.182	1.224
1037	-0.237	0.179	1.225
1038	-0.236	0.177	1.232
1039	-0.237	0.176	1.224
1040	-0.238	0.176	1.227
1041	-0.238	0.179	1.220
1042	-0.238	0.176	1.223
1043	-0.234	0.177	1.224
1044	-0.238	0.175	1.226
1045	-0.237	0.175	1.219
1046	-0.235	0.176	1.221
1047	-0.235	0.175	1.222
1048	-0.235	0.175	1.224
1049	-0.235	0.176	1.219
1050	-0.237	0.175	1.216
1051	-0.234	0.174	1.222
1052	-0.234	0.175	1.226
1053	-0.234	0.172	1.214
1054	-0.233	0.174	1.215
1055	-0.231	0.173	1.220
1056	-0.232	0.175	1.228
1057	-0.232	0.173	1.218
1058	-0.233	0.173	1.214
1059	-0.234	0.173	1.212
1060	-0.230	0.174	1.221
1061	-0.235	0.172	1.218
1062	-0.233	0.173	1.215
1063	-0.233	0.176	1.212
1064	-0.231	0.173	1.217
1065	-0.233	0.171	1.218
1066	-0.230	0.174	1.217
1067	-0.233	0.172	1.214
1068	-0.234	0.173	1.213
1069	-0.231	0.174	1.216
1070	-0.232	0.172	1.212
1071	-0.233	0.174	1.215
1072	-0.231	0.172	1.213
1073	-0.231	0.171	1.208
1074	-0.231	0.170	1.214
1075	-0.230	0.171	1.228
1076	-0.232	0.170	1.214
1077	-0.233	0.170	1.202
1078	-0.233	0.172	1.209
1079	-0.233	0.167	1.226
1080	-0.231	0.171	1.215
1081	-0.231	0.168	1.206
1082	-0.230	0.171	1.201
1083	-0.232	0.169	1.219
1084	-0.230	0.169	1.218
1085	-0.229	0.169	1.212
1086	-0.232	0.167	1.204
1087	-0.230	0.171	1.214
1088	-0.229	0.169	1.212
1089	-0.231	0.171	1.208
1090	-0.229	0.168	1.206
1091	-0.230	0.167	1.213
1092	-0.231	0.171	1.212
1093	-0.230	0.169	1.210
1094	-0.232	0.169	1.202
1095	-0.231	0.167	1.209
1096	-0.231	0.167	1.213
1097	-0.229	0.168	1.211
1098	-0.229	0.168	1.205
1099	-0.229	0.170	1.205
1100	-0.230	0.167	1.208
1101	-0.229	0.168	1.212
1102	-0.230	0.168	1.207
1103	-0.230	0.169	1.209
1104	-0.228	0.167	1.205
1105	-0.229	0.165	1.214
1106	-0.230	0.167	1.208
1107	-0.228	0.168	1.207
1108	-0.228	0.167	1.203
1109	-0.230	0.166	1.210
1110	-0.229	0.166	1.208
1111	-0.228	0.166	1.207
1112	-0.229	0.167	1.207
1113	-0.230	0.168	1.211
1114	-0.229	0.166	1.207
1115	-0.229	0.168	1.212
1116	-0.228	0.166	1.201
1117	-0.229	0.167	1.208
1118	-0.229	0.164	1.209
1119	-0.229	0.168	1.207
1120	-0.228	0.167	1.201
1121	-0.226	0.164	1.207
1122	-0.229	0.167	1.212
1123	-0.225	0.170	1.207
1124	-0.228	0.165	1.204
1125	-0.227	0.166	1.211
1126	-0.227	0.166	1.211
1127	-0.226	0.168	1.209
1128	-0.228	0.166	1.206
1129	-0.226	0.167	1.206
1130	-0.226	0.166	1.207
1131	-0.225	0.165	1.206
1132	-0.226	0.167	1.212
1133	-0.226	0.168	1.209
1134	-0.227	0.165	1.208
1135	-0.228	0.166	1.204
1136	-0.228	0.168	1.208
1137	-0.228	0.165	1.204
1138	-0.226	0.167	1.209
1139	-0.227	0.167	1.205
1140	-0.229	0.167	1.203
1141	-0.229	0.165	1.202
1142	-0.228	0.166	1.213
1143	-0.226	0.168	1.203
1144	-0.226	0.167	1.202
1145	-0.228	0.166	1.202
1146	-0.228	0.167	1.211
1147	-0.228	0.163	1.202
1148	-0.227	0.166	1.199
1149	-0.230	0.167	1.196
1150	-0.228	0.166	1.207
1151	-0.227	0.165	1.206
1152	-0.228	0.166	1.198
1153	-0.229	0.166	1.201
1154	-0.227	0.167	1.209
1155	-0.227	0.165	1.204
1156	-0.226	0.168	1.202
1157	-0.226	0.163	1.202
1158	-0.227	0.168	1.201
1159	-0.228	0.164	1.205
1160	-0.227	0.165	1.208
1161	-0.227	0.163	1.199
1162	-0.226	0.165	1.208
1163	-0.227	0.165	1.210
1164	-0.228	0.164	1.199
1165	-0.229	0.166	1.204
1166	-0.226	0.164	1.201
1167	-0.228	0.164	1.203
1168	-0.226	0.165	1.204
1169	-0.227	0.165	1.198
1170	-0.226	0.166	1.198
1171	-0.226	0.169	1.200
1172	-0.226	0.165	1.203
1173	-0.225	0.166	1.203
1174	-0.228	0.165	1.201
1175	-0.226	0.164	1.197
1176	-0.228	0.167	1.198
1177	-0.227	0.164	1.210
1178	-0.226	0.166	1.200
1179	-0.227	0.166	1.201
1180	-0.227	0.167	1.201
1181	-0.228	0.167	1.209
1182	-0.228	0.167	1.203
1183	-0.226	0.164	1.203
1184	-0.228	0.164	1.202
1185	-0.228	0.166	1.206
1186	-0.227	0.166	1.200
1187	-0.227	0.165	1.204
1188	-0.229	0.164	1.196
1189	-0.227	0.165	1.207
1190	-0.226	0.166	1.201
1191	-0.226	0.165	1.204
1192	-0.225	0.163	1.203
1193	-0.224	0.166	1.202
1194	-0.227	0.165	1.200
1195	-0.225	0.167	1.209
1196	-0.226	0.165	1.203
1197	-0.226	0.166	1.203
1198	-0.226	0.162	1.196
1199	-0.224	0.166	1.205
1200	-0.227	0.167	1.203
1201	-0.226	0.163	1.203
1202	-0.225	0.164	1.196
1203	-0.226	0.164	1.204
1204	-0.224	0.162	1.203
1205	-0.226	0.166	1.205
1206	-0.227	0.164	1.194
1207	-0.226	0.166	1.200
1208	-0.226	0.163	1.205
1209	-0.225	0.165	1.204
1210	-0.225	0.164	1.196
1211	-0.227	0.166	1.202
1212	-0.227	0.163	1.202
1213	-0.225	0.163	1.206
1214	-0.225	0.165	1.198
1215	-0.227	0.166	1.200
1216	-0.226	0.165	1.200
1217	-0.225	0.164	1.204
1218	-0.226	0.166	1.204
1219	-0.224	0.165	1.198
1220	-0.224	0.165	1.201
1221	-0.225	0.165	1.203
1222	-0.225	0.164	1.208
1223	-0.227	0.164	1.201
1224	-0.225	0.164	1.197
1225	-0.226	0.165	1.203
1226	-0.227	0.160	1.206
1227	-0.225	0.164	1.197
1228	-0.225	0.166	1.197
1229	-0.226	0.164	1.199
1230	-0.225	0.163	1.206
1231	-0.225	0.164	1.201
1232	-0.227	0.163	1.194
1233	-0.226	0.165	1.196
1234	-0.227	0.163	1.201
1235	-0.223	0.163	1.201
1236	-0.224	0.163	1.202
1237	-0.226	0.163	1.193
1238	-0.225	0.159	1.203
1239	-0.226	0.163	1.205
1240	-0.227	0.162	1.202
1241	-0.227	0.162	1.192
1242	-0.227	0.161	1.200
1243	-0.226	0.164	1.200
1244	-0.226	0.162	1.205
1245	-0.226	0.163	1.198
1246	-0.226	0.165	1.197
1247	-0.228	0.164	1.200
1248	-0.227	0.163	1.205
1249	-0.227	0.161	1.203
1250	-0.226	0.163	1.200
1251	-0.227	0.162	1.194
1252	-0.225	0.164	1.206
1253	-0.225	0.163	1.204
1254	-0.226	0.163	1.202
1255	-0.226	0.163	1.195
1256	-0.225	0.163	1.199
1257	-0.225	0.162	1.203
1258	-0.224	0.163	1.202
1259	-0.226	0.163	1.191
1260	-0.228	0.165	1.194
1261	-0.225	0.163	1.203
1262	-0.225	0.165	1.205
1263	-0.226	0.161	1.197
1264	-0.224	0.164	1.193
1265	-0.226	0.164	1.196
1266	-0.227	0.165	1.201
1267	-0.225	0.162	1.202
1268	-0.225	0.164	1.198
1269	-0.226	0.163	1.195
1270	-0.223	0.164	1.197
1271	-0.225	0.164	1.206
1272	-0.224	0.164	1.194
1273	-0.225	0.161	1.198
1274	-0.224	0.165	1.201
1275	-0.226	0.166	1.204
1276	-0.226	0.163	1.199
1277	-0.225	0.164	1.199
1278	-0.224	0.161	1.193
1279	-0.225	0.163	1.201
1280	-0.223	0.164	1.198
1281	-0.224	0.164	1.198
1282	-0.223	0.161	1.191
1283	-0.223	0.162	1.199
1284	-0.225	0.164	1.203
1285	-0.226	0.162	1.196
1286	-0.224	0.165	1.193
1287	-0.224	0.163	1.198
1288	-0.224	0.164	1.199
1289	-0.225	0.162	1.203
1290	-0.226	0.163	1.197
1291	-0.225	0.163	1.196
1292	-0.224	0.161	1.197
1293	-0.223	0.163	1.201
1294	-0.225	0.162	1.196
1295	-0.228	0.162	1.197
1296	-0.224	0.164	1.190
1297	-0.224	0.161	1.200
1298	-0.224	0.162	1.194
1299	-0.226	0.163	1.202
1300	-0.225	0.161	1.193
1301	-0.224	0.164	1.197
1302	-0.225	0.159	1.202
1303	-0.224	0.161	1.199
1304	-0.226	0.162	1.194
1305	-0.227	0.160	1.197
1306	-0.227	0.161	1.196
1307	-0.226	0.162	1.200
1308	-0.226	0.160	1.192
1309	-0.226	0.162	1.196
1310	-0.224	0.161	1.194
1311	-0.226	0.163	1.201
1312	-0.226	0.160	1.198
1313	-0.226	0.162	1.198
1314	-0.226	0.159	1.192
1315	-0.226	0.161	1.198
1316	-0.223	0.159	1.196
1317	-0.224	0.159	1.193
1318	-0.223	0.161	1.196
1319	-0.226	0.160	1.198
1320	-0.226	0.158	1.190
1321	-0.225	0.158	1.190
1322	-0.226	0.158	1.193
1323	-0.226	0.158	1.196
1324	-0.224	0.157	1.197
1325	-0.222	0.159	1.200
1326	-0.225	0.160	1.191
1327	-0.225	0.159	1.191
1328	-0.223	0.159	1.198
1329	-0.223	0.159	1.206
1330	-0.222	0.159	1.197
1331	-0.224	0.159	1.179
1332	-0.225	0.159	1.187
1333	-0.223	0.159	1.198
1334	-0.223	0.160	1.195
1335	-0.222	0.159	1.197
1336	-0.222	0.157	1.197
1337	-0.223	0.161	1.193
1338	-0.224	0.158	1.200
1339	-0.221	0.160	1.199
1340	-0.223	0.159	1.189
1341	-0.224	0.161	1.198
1342	-0.222	0.160	1.197
1343	-0.224	0.159	1.193
1344	-0.225	0.160	1.197
1345	-0.222	0.159	1.195
1346	-0.224	0.162	1.194
1347	-0.224	0.159	1.200
1348	-0.225	0.161	1.194
1349	-0.224	0.159	1.197
1350	-0.223	0.161	1.195
1351	-0.224	0.161	1.196
1352	-0.222	0.162	1.201
1353	-0.223	0.160	1.198
1354	-0.224	0.161	1.188
1355	-0.222	0.162	1.203
1356	-0.221	0.161	1.203
1357	-0.224	0.164	1.200
1358	-0.224	0.160	1.191
1359	-0.225	0.163	1.199
1360	-0.224	0.161	1.205
1361	-0.224	0.161	1.204
1362	-0.225	0.161	1.190
1363	-0.222	0.159	1.194
1364	-0.225	0.160	1.201
1365	-0.223	0.162	1.199
1366	-0.225	0.162	1.192
1367	-0.226	0.160	1.200
1368	-0.224	0.161	1.192
1369	-0.225	0.160	1.197
1370	-0.222	0.160	1.202
1371	-0.225	0.164	1.200
1372	-0.224	0.161	1.194
1373	-0.222	0.159	1.196
1374	-0.222	0.161	1.196
1375	-0.223	0.159	1.198
1376	-0.226	0.159	1.192
1377	-0.224	0.160	1.184
1378	-0.225	0.159	1.201
1379	-0.223	0.160	1.207
1380	-0.222	0.160	1.187
1381	-0.223	0.159	1.194
1382	-0.224	0.156	1.198
1383	-0.225	0.161	1.198
1384	-0.225	0.160	1.198
1385	-0.224	0.159	1.189
1386	-0.223	0.160	1.200
1387	-0.223	0.159	1.204
1388	-0.225	0.160	1.195
1389	-0.223	0.160	1.189
1390	-0.225	0.158	1.187
1391	-0.224	0.159	1.202
1392	-0.224	0.160	1.206
1393	-0.226	0.160	1.192
1394	-0.224	0.159	1.185
1395	-0.225	0.157	1.201
1396	-0.224	0.157	1.199
1397	-0.223	0.161	1.196
1398	-0.224	0.160	1.191
1399	-0.225	0.158	1.193
1400	-0.225	0.157	1.196
1401	-0.224	0.158	1.199
1402	-0.225	0.159	1.192
1403	-0.225	0.157	1.198
1404	-0.223	0.158	1.186
1405	-0.225	0.157	1.194
1406	-0.224	0.160	1.197
1407	-0.225	0.159	1.194
1408	-0.224	0.160	1.181
1409	-0.223	0.159	1.198
1410	-0.224	0.161	1.190
1411	-0.225	0.157	1.190
1412	-0.223	0.160	1.200
1413	-0.223	0.161	1.190
1414	-0.225	0.159	1.197
1415	-0.224	0.158	1.191
1416	-0.223	0.160	1.189
1417	-0.224	0.156	1.195
1418	-0.223	0.160	1.192
1419	-0.224	0.161	1.196
1420	-0.223	0.157	1.190
1421	-0.222	0.160	1.197
1422	-0.221	0.159	1.200
1423	-0.223	0.162	1.192
1424	-0.223	0.157	1.188
1425	-0.223	0.158	1.189
1426	-0.224	0.160	1.199
1427	-0.223	0.161	1.193
1428	-0.225	0.159	1.191
1429	-0.223	0.157	1.203
1430	-0.224	0.158	1.183
1431	-0.224	0.160	1.180
1432	-0.224	0.159	1.198
1433	-0.224	0.157	1.198
1434	-0.224	0.157	1.194
1435	-0.223	0.158	1.187
1436	-0.225	0.158	1.190
1437	-0.224	0.158	1.193
1438	-0.226	0.161	1.199
1439	-0.225	0.159	1.193
1440	-0.223	0.160	1.183
1441	-0.225	0.160	1.187
1442	-0.224	0.160	1.193
1443	-0.224	0.158	1.198
1444	-0.223	0.160	1.194
1445	-0.225	0.159	1.182
1446	-0.224	0.159	1.196
1447	-0.224	0.159	1.197
1448	-0.225	0.157	1.192
1449	-0.224	0.156	1.184
1450	-0.225	0.157	1.195
1451	-0.223	0.157	1.190
1452	-0.225	0.157	1.196
1453	-0.223	0.157	1.187
1454	-0.224	0.157	1.192
1455	-0.224	0.155	1.197
1456	-0.225	0.156	1.194
1457	-0.223	0.157	1.187
1458	-0.224	0.158	1.191
1459	-0.223	0.156	1.190
1460	-0.226	0.156	1.194
1461	-0.224	0.153	1.194
1462	-0.226	0.159	1.190
1463	-0.224	0.159	1.193
1464	-0.225	0.158	1.199
1465	-0.223	0.160	1.189
1466	-0.225	0.156	1.189
1467	-0.225	0.160	1.197
1468	-0.223	0.157	1.193
1469	-0.225	0.158	1.194
1470	-0.224	0.155	1.191
1471	-0.225	0.157	1.187
1472	-0.224	0.160	1.195
1473	-0.223	0.160	1.199
1474	-0.225	0.158	1.188
1475	-0.225	0.155	1.189
1476	-0.227	0.159	1.194
1477	-0.225	0.160	1.192
1478	-0.223	0.158	1.193
1479	-0.226	0.158	1.201
1480	-0.226	0.157	1.189
1481	-0.224	0.157	1.188
1482	-0.224	0.159	1.196
1483	-0.223	0.159	1.197
1484	-0.225	0.158	1.189
1485	-0.226	0.157	1.192
1486	-0.226	0.157	1.190
1487	-0.226	0.159	1.196
1488	-0.224	0.157	1.198
1489	-0.225	0.157	1.192
1490	-0.224	0.159	1.185
1491	-0.225	0.154	1.197
1492	-0.224	0.158	1.191
1493	-0.224	0.158	1.197
1494	-0.224	0.157	1.192
1495	-0.225	0.156	1.187
1496	-0.224	0.156	1.192
1497	-0.223	0.155	1.198
1498	-0.224	0.156	1.187
1499	-0.225	0.156	1.188
1500	-0.225	0.158	1.190
1501	-0.225	0.157	1.192
1502	-0.225	0.155	1.192
1503	-0.223	0.159	1.193
1504	-0.224	0.155	1.183
1505	-0.224	0.158	1.193
1506	-0.224	0.158	1.191
1507	-0.225	0.158	1.192
1508	-0.222	0.159	1.189
1509	-0.225	0.155	1.191
1510	-0.224	0.155	1.191
1511	-0.224	0.156	1.198
1512	-0.222	0.159	1.190
1513	-0.222	0.158	1.187
1514	-0.226	0.156	1.194
1515	-0.223	0.160	1.197
1516	-0.224	0.155	1.185
1517	-0.225	0.158	1.191
1518	-0.358	0.263	1.568
1519	-0.410	0.304	1.562
1520	-0.399	0.298	1.535
1521	-0.393	0.295	1.524
1522	-0.392	0.293	1.528
1523	-0.391	0.291	1.530
1524	-0.390	0.292	1.514
1525	-0.389	0.290	1.512
1526	-0.385	0.288	1.519
1527	-0.384	0.287	1.511
1528	-0.384	0.287	1.506
1529	-0.381	0.284	1.508
1530	-0.382	0.285	1.506
1531	-0.382	0.284	1.498
1532	-0.381	0.284	1.499
1533	-0.381	0.284	1.504
1534	-0.379	0.286	1.504
1535	-0.377	0.283	1.502
1536	-0.376	0.281	1.496
1537	-0.379	0.282	1.498
1538	-0.375	0.279	1.510
1539	-0.373	0.282	1.492
1540	-0.375	0.280	1.486
1541	-0.372	0.279	1.496
1542	-0.372	0.280	1.508
1543	-0.372	0.280	1.499
1544	-0.372	0.277	1.493
1545	-0.372	0.280	1.485
1546	-0.371	0.280	1.504
1547	-0.370	0.277	1.499
1548	-0.371	0.277	1.485
1549	-0.373	0.278	1.485
1550	-0.370	0.276	1.494
1551	-0.366	0.277	1.496
1552	-0.369	0.275	1.488
1553	-0.370	0.275	1.485
1554	-0.371	0.277	1.488
1555	-0.368	0.277	1.490
1556	-0.372	0.275	1.494
1557	-0.370	0.274	1.482
1558	-0.371	0.276	1.493
1559	-0.369	0.277	1.490
1560	-0.368	0.277	1.489
1561	-0.371	0.275	1.486
1562	-0.371	0.275	1.488
1563	-0.367	0.277	1.486
1564	-0.371	0.274	1.492
1565	-0.369	0.273	1.485
1566	-0.370	0.275	1.478
1567	-0.370	0.275	1.484
1568	-0.369	0.273	1.490
1569	-0.370	0.276	1.482
1570	-0.368	0.272	1.486
1571	-0.368	0.274	1.478
1572	-0.368	0.272	1.482
1573	-0.368	0.272	1.484
1574	-0.367	0.273	1.482
1575	-0.368	0.275	1.482
1576	-0.367	0.272	1.484
1577	-0.369	0.274	1.478
1578	-0.369	0.273	1.480
1579	-0.368	0.273	1.483
1580	-0.364	0.276	1.480
1581	-0.367	0.273	1.476
1582	-0.368	0.272	1.478
1583	-0.369	0.271	1.481
1584	-0.365	0.271	1.485
1585	-0.368	0.272	1.478
1586	-0.367	0.273	1.468
1587	-0.365	0.270	1.480
1588	-0.365	0.271	1.482
1589	-0.366	0.271	1.476
1590	-0.365	0.271	1.467
1591	-0.365	0.270	1.483
1592	-0.365	0.272	1.475
1593	-0.363	0.267	1.474
1594	-0.362	0.269	1.475
1595	-0.362	0.268	1.476
1596	-0.363	0.268	1.472
1597	-0.365	0.269	1.480
1598	-0.364	0.269	1.478
1599	-0.363	0.270	1.480
1600	-0.363	0.271	1.465
1601	-0.363	0.270	1.475
1602	-0.362	0.270	1.485
1603	-0.364	0.272	1.479
1604	-0.361	0.268	1.461
1605	-0.362	0.269	1.477
1606	-0.361	0.269	1.480
1607	-0.362	0.268	1.472
1608	-0.360	0.269	1.459
1609	-0.360	0.269	1.466
1610	-0.359	0.269	1.476
1611	-0.360	0.269	1.477
1612	-0.359	0.267	1.465
1613	-0.359	0.266	1.476
1614	-0.359	0.269	1.472
1615	-0.357	0.269	1.470
1616	-0.358	0.269	1.472
1617	-0.359	0.269	1.477
1618	-0.357	0.268	1.462
1619	-0.360	0.268	1.460
1620	-0.359	0.270	1.482
1621	-0.357	0.267	1.498
1622	-0.358	0.269	1.442
1623	-0.359	0.266	1.454
1624	-0.358	0.265	1.491
1625	-0.356	0.269	1.486
1626	-0.355	0.267	1.453
1627	-0.357	0.267	1.468
1628	-0.357	0.266	1.485
1629	-0.356	0.267	1.466
1630	-0.355	0.267	1.460
1631	-0.356	0.267	1.453
1632	-0.356	0.264	1.466
1633	-0.355	0.266	1.481
1634	-0.352	0.267	1.444
1635	-0.360	0.265	1.425
1636	-0.354	0.268	1.488
1637	-0.355	0.266	1.504
1638	-0.354	0.270	1.441
1639	-0.356	0.269	1.450
1640	-0.356	0.265	1.475
1641	-0.356	0.267	1.480
1642	-0.355	0.268	1.454
1643	-0.354	0.265	1.459
1644	-0.358	0.263	1.469
1645	-0.353	0.264	1.474
1646	-0.355	0.266	1.461
1647	-0.354	0.267	1.462
1648	-0.354	0.265	1.472
1649	-0.353	0.265	1.466
1650	-0.356	0.266	1.454
1651	-0.355	0.266	1.470
1652	-0.354	0.265	1.460
1653	-0.357	0.264	1.442
1654	-0.353	0.268	1.484
1655	-0.353	0.265	1.464
1656	-0.355	0.266	1.457
1657	-0.354	0.266	1.458
1658	-0.356	0.266	1.463
1659	-0.355	0.264	1.465
1660	-0.354	0.266	1.469
1661	-0.354	0.265	1.456
1662	-0.356	0.267	1.466
1663	-0.356	0.268	1.468
1664	-0.353	0.266	1.429
1665	-0.356	0.264	1.473
1666	-0.355	0.268	1.496
1667	-0.354	0.266	1.443
1668	-0.356	0.263	1.435
1669	-0.353	0.262	1.477
1670	-0.353	0.265	1.480
1671	-0.354	0.265	1.455
1672	-0.354	0.263	1.446
1673	-0.355	0.265	1.464
1674	-0.352	0.266	1.475
1675	-0.352	0.267	1.467
1676	-0.352	0.266	1.453
1677	-0.351	0.267	1.463
1678	-0.352	0.265	1.463
1679	-0.352	0.266	1.464
1680	-0.353	0.264	1.453
1681	-0.351	0.266	1.466
1682	-0.350	0.268	1.467
1683	-0.352	0.265	1.458
1684	-0.352	0.266	1.460
1685	-0.349	0.264	1.463
1686	-0.351	0.264	1.458
1687	-0.352	0.265	1.456
1688	-0.351	0.265	1.453
1689	-0.352	0.263	1.461
1690	-0.352	0.264	1.465
1691	-0.352	0.264	1.457
1692	-0.352	0.264	1.453
1693	-0.352	0.262	1.461
1694	-0.352	0.261	1.457
1695	-0.352	0.264	1.461
1696	-0.352	0.267	1.453
1697	-0.352	0.263	1.461
1698	-0.352	0.265	1.460
1699	-0.353	0.264	1.466
1700	-0.351	0.263	1.447
1701	-0.352	0.265	1.457
1702	-0.351	0.265	1.464
1703	-0.352	0.263	1.461
1704	-0.353	0.263	1.458
1705	-0.352	0.264	1.453
1706	-0.350	0.260	1.451
1707	-0.352	0.262	1.457
1708	-0.352	0.263	1.460
1709	-0.349	0.260	1.458
1710	-0.351	0.261	1.455
1711	-0.351	0.262	1.465
1712	-0.349	0.263	1.459
1713	-0.351	0.263	1.459
1714	-0.350	0.260	1.451
1715	-0.351	0.263	1.452
1716	-0.352	0.259	1.451
1717	-0.350	0.260	1.465
1718	-0.350	0.261	1.452
1719	-0.352	0.260	1.446
1720	-0.352	0.259	1.451
1721	-0.351	0.259	1.461
1722	-0.352	0.259	1.454
1723	-0.349	0.260	1.453
1724	-0.352	0.260	1.445
1725	-0.351	0.259	1.458
1726	-0.350	0.259	1.461
1727	-0.350	0.259	1.448
1728	-0.351	0.259	1.442
1729	-0.351	0.259	1.456
1730	-0.349	0.261	1.457
1731	-0.349	0.261	1.456
1732	-0.350	0.261	1.446
1733	-0.349	0.261	1.444
1734	-0.350	0.260	1.456
1735	-0.349	0.261	1.466
1736	-0.350	0.262	1.447
1737	-0.349	0.261	1.448
1738	-0.349	0.259	1.459
1739	-0.349	0.260	1.454
1740	-0.350	0.260	1.454
1741	-0.349	0.258	1.447
1742	-0.350	0.258	1.450
1743	-0.349	0.260	1.449
1744	-0.348	0.260	1.455
1745	-0.348	0.261	1.447
1746	-0.350	0.259	1.444
1747	-0.349	0.258	1.454
1748	-0.347	0.261	1.455
1749	-0.348	0.259	1.441
1750	-0.349	0.259	1.455
1751	-0.349	0.262	1.451
1752	-0.346	0.261	1.445
1753	-0.348	0.258	1.451
1754	-0.348	0.259	1.456
1755	-0.348	0.261	1.440
1756	-0.349	0.259	1.447
1757	-0.347	0.261	1.452
1758	-0.348	0.258	1.450
1759	-0.348	0.259	1.448
1760	-0.347	0.259	1.452
1761	-0.350	0.260	1.445
1762	-0.348	0.259	1.449
1763	-0.349	0.258	1.446
1764	-0.349	0.259	1.449
1765	-0.347	0.262	1.446
1766	-0.349	0.257	1.447
1767	-0.347	0.260	1.442
1768	-0.349	0.257	1.451
1769	-0.349	0.258	1.443
1770	-0.348	0.257	1.442
1771	-0.351	0.257	1.444
1772	-0.347	0.258	1.446
1773	-0.349	0.257	1.446
1774	-0.348	0.258	1.441
1775	-0.350	0.255	1.443
1776	-0.348	0.258	1.449
1777	-0.349	0.257	1.448
1778	-0.349	0.259	1.443
1779	-0.348	0.258	1.443
1780	-0.348	0.257	1.441
1781	-0.349	0.254	1.445
1782	-0.350	0.257	1.453
1783	-0.347	0.257	1.442
1784	-0.349	0.256	1.443
1785	-0.347	0.258	1.447
1786	-0.347	0.256	1.447
1787	-0.349	0.253	1.442
1788	-0.348	0.258	1.439
1789	-0.348	0.255	1.443
1790	-0.347	0.254	1.452
1791	-0.348	0.256	1.448
1792	-0.347	0.255	1.441
1793	-0.348	0.256	1.443
1794	-0.348	0.257	1.436
1795	-0.348	0.256	1.450
1796	-0.346	0.255	1.451
1797	-0.347	0.257	1.445
1798	-0.346	0.255	1.437
1799	-0.345	0.256	1.451
1800	-0.344	0.257	1.446
1801	-0.345	0.255	1.442
1802	-0.346	0.257	1.443
1803	-0.343	0.256	1.439
1804	-0.345	0.258	1.445
1805	-0.345	0.256	1.451
1806	-0.344	0.256	1.437
1807	-0.345	0.256	1.441
1808	-0.344	0.256	1.446
1809	-0.344	0.255	1.452
1810	-0.345	0.257	1.443
1811	-0.346	0.257	1.438
1812	-0.346	0.255	1.444
1813	-0.344	0.258	1.450
1814	-0.345	0.256	1.448
1815	-0.347	0.254	1.442
1816	-0.344	0.256	1.439
1817	-0.344	0.255	1.447
1818	-0.345	0.257	1.450
1819	-0.346	0.256	1.443
1820	-0.346	0.255	1.446
1821	-0.346	0.255	1.437
1822	-0.348	0.255	1.441
1823	-0.348	0.257	1.452
1824	-0.346	0.254	1.439
1825	-0.348	0.259	1.444
1826	-0.346	0.256	1.443
1827	-0.345	0.256	1.438
1828	-0.346	0.258	1.441
1829	-0.347	0.257	1.444
1830	-0.347	0.254	1.438
1831	-0.346	0.256	1.444
1832	-0.344	0.253	1.445
1833	-0.346	0.256	1.441
1834	-0.348	0.255	1.441
1835	-0.346	0.255	1.441
1836	-0.348	0.253	1.443
1837	-0.346	0.256	1.441
1838	-0.347	0.254	1.443
1839	-0.345	0.255	1.442
1840	-0.346	0.256	1.443
1841	-0.347	0.255	1.437
1842	-0.347	0.256	1.444
1843	-0.346	0.254	1.449
1844	-0.344	0.256	1.440
1845	-0.349	0.254	1.433
1846	-0.346	0.255	1.446
1847	-0.346	0.255	1.440
1848	-0.345	0.254	1.443
1849	-0.347	0.255	1.436
1850	-0.347	0.255	1.433
1851	-0.344	0.253	1.445
1852	-0.345	0.257	1.448
1853	-0.345	0.256	1.433
1854	-0.347	0.255	1.441
1855	-0.346	0.251	1.443
1856	-0.347	0.255	1.443
1857	-0.346	0.253	1.439
1858	-0.345	0.253	1.437
1859	-0.345	0.254	1.443
1860	-0.347	0.252	1.447
1861	-0.346	0.254	1.441
1862	-0.347	0.255	1.435
1863	-0.346	0.252	1.439
1864	-0.347	0.252	1.446
1865	-0.343	0.255	1.450
1866	-0.346	0.254	1.436
1867	-0.348	0.249	1.435
1868	-0.345	0.252	1.446
1869	-0.344	0.252	1.442
1870	-0.344	0.252	1.447
1871	-0.345	0.252	1.439
1872	-0.339	0.253	1.432
1873	-0.343	0.250	1.441
1874	-0.345	0.252	1.446
1875	-0.343	0.252	1.434
1876	-0.343	0.254	1.435
1877	-0.345	0.251	1.436
1878	-0.344	0.253	1.446
1879	-0.343	0.252	1.439
1880	-0.345	0.252	1.432
1881	-0.345	0.250	1.435
1882	-0.342	0.253	1.437
1883	-0.343	0.251	1.432
1884	-0.344	0.252	1.437
1885	-0.343	0.252	1.438
1886	-0.343	0.252	1.433
1887	-0.344	0.252	1.444
1888	-0.345	0.252	1.442
1889	-0.344	0.250	1.435
1890	-0.344	0.253	1.439
1891	-0.342	0.253	1.442
1892	-0.343	0.249	1.430
1893	-0.343	0.249	1.439
1894	-0.342	0.256	1.441
1895	-0.343	0.252	1.434
1896	-0.343	0.251	1.431
1897	-0.344	0.249	1.451
1898	-0.346	0.252	1.441
1899	-0.344	0.252	1.434
1900	-0.344	0.255	1.444
1901	-0.343	0.254	1.441
1902	-0.342	0.251	1.437
1903	-0.343	0.252	1.438
1904	-0.342	0.253	1.427
1905	-0.342	0.252	1.439
1906	-0.343	0.250	1.444
1907	-0.341	0.253	1.443
1908	-0.344	0.252	1.435
1909	-0.342	0.255	1.434
1910	-0.343	0.254	1.438
1911	-0.341	0.255	1.430
1912	-0.344	0.253	1.428
1913	-0.343	0.253	1.447
1914	-0.342	0.254	1.437
1915	-0.343	0.251	1.434
1916	-0.341	0.252	1.437
1917	-0.343	0.255	1.438
1918	-0.344	0.256	1.425
1919	-0.342	0.256	1.433
1920	-0.344	0.253	1.441
1921	-0.343	0.255	1.439
1922	-0.343	0.253	1.435
1923	-0.342	0.254	1.438
1924	-0.341	0.254	1.442
1925	-0.343	0.256	1.439
1926	-0.343	0.251	1.434
1927	-0.343	0.254	1.432
1928	-0.344	0.254	1.431
1929	-0.344	0.253	1.443
1930	-0.342	0.252	1.442
1931	-0.344	0.255	1.428
1932	-0.343	0.255	1.432
1933	-0.343	0.251	1.439
1934	-0.343	0.253	1.429
1935	-0.343	0.254	1.435
1936	-0.344	0.254	1.444
1937	-0.342	0.253	1.432
1938	-0.343	0.252	1.425
1939	-0.343	0.256	1.439
1940	-0.340	0.253	1.441
1941	-0.342	0.254	1.433
1942	-0.341	0.254	1.434
1943	-0.344	0.253	1.439
1944	-0.344	0.254	1.439
1945	-0.344	0.255	1.436
1946	-0.342	0.253	1.435
1947	-0.346	0.255	1.433
1948	-0.341	0.255	1.433
1949	-0.343	0.253	1.446
1950	-0.341	0.254	1.443
1951	-0.344	0.254	1.422
1952	-0.346	0.253	1.432
1953	-0.342	0.251	1.450
1954	-0.341	0.253	1.440
1955	-0.347	0.253	1.421
1956	-0.345	0.251	1.435
1957	-0.344	0.252	1.441
1958	-0.343	0.254	1.441
1959	-0.347	0.254	1.429
1960	-0.345	0.252	1.432
1961	-0.343	0.253	1.430
1962	-0.345	0.254	1.441
1963	-0.344	0.251	1.439
1964	-0.345	0.255	1.431
1965	-0.345	0.253	1.427
1966	-0.344	0.253	1.446
1967	-0.342	0.253	1.441
1968	-0.344	0.254	1.434
1969	-0.348	0.252	1.429
1970	-0.344	0.254	1.433
1971	-0.342	0.253	1.443
1972	-0.346	0.253	1.437
1973	-0.347	0.253	1.430
1974	-0.342	0.253	1.436
1975	-0.344	0.254	1.433
1976	-0.345	0.252	1.444
1977	-0.344	0.252	1.435
1978	-0.345	0.252	1.431
1979	-0.343	0.253	1.442
1980	-0.341	0.254	1.443
1981	-0.345	0.254	1.430
1982	-0.347	0.252	1.438
1983	-0.346	0.252	1.443
1984	-0.342	0.253	1.439
1985	-0.345	0.256	1.433
1986	-0.343	0.252	1.435
1987	-0.344	0.252	1.433
1988	-0.346	0.252	1.435
1989	-0.343	0.254	1.434
1990	-0.345	0.253	1.431
1991	-0.343	0.251	1.430
1992	-0.344	0.254	1.437
1993	-0.343	0.252	1.437
1994	-0.344	0.253	1.425
1995	-0.344	0.252	1.434
1996	-0.343	0.252	1.431
1997	-0.341	0.253	1.437
1998	-0.343	0.250	1.431
1999	-0.344	0.252	1.433
2000	-0.343	0.252	1.433
2001	-0.344	0.253	1.435
2002	-0.345	0.251	1.426
2003	-0.344	0.251	1.434
2004	-0.343	0.252	1.438
2005	-0.344	0.255	1.433
2006	-0.344	0.253	1.428
2007	-0.343	0.252	1.436
2008	-0.343	0.255	1.427
2009	-0.341	0.255	1.437
2010	-0.342	0.251	1.435
2011	-0.345	0.253	1.425
2012	-0.341	0.253	1.430
2013	-0.344	0.252	1.437
2014	-0.342	0.252	1.430
2015	-0.342	0.254	1.437
2016	-0.343	0.253	1.415
2017	-0.348	0.251	1.403
2018	-0.344	0.252	1.479
2019	-0.551	0.419	1.852
2020	-0.552	0.420	1.815
2021	-0.548	0.416	1.825
2022	-0.545	0.414	1.853
2023	-0.539	0.411	1.840
2024	-0.538	0.411	1.806
2025	-0.537	0.408	1.800
2026	-0.536	0.407	1.820
2027	-0.533	0.407	1.840
2028	-0.532	0.406	1.803
2029	-0.531	0.406	1.788
2030	-0.532	0.405	1.812
2031	-0.529	0.407	1.824
2032	-0.527	0.402	1.791
2033	-0.529	0.402	1.789
2034	-0.528	0.400	1.808
2035	-0.525	0.400	1.813
2036	-0.523	0.402	1.782
2037	-0.525	0.399	1.779
2038	-0.526	0.399	1.801
2039	-0.521	0.399	1.806
2040	-0.519	0.398	1.778
2041	-0.521	0.399	1.774
2042	-0.522	0.395	1.799
2043	-0.521	0.396	1.805
2044	-0.520	0.395	1.774
2045	-0.521	0.395	1.764
2046	-0.521	0.393	1.799
2047	-0.519	0.395	1.804
2048	-0.517	0.394	1.766
2049	-0.519	0.394	1.760
2050	-0.517	0.394	1.787
2051	-0.516	0.392	1.801
2052	-0.515	0.393	1.775
2053	-0.517	0.392	1.753
2054	-0.515	0.389	1.776
2055	-0.515	0.391	1.795
2056	-0.513	0.391	1.779
2057	-0.517	0.389	1.742
2058	-0.515	0.388	1.775
2059	-0.516	0.389	1.800
2060	-0.512	0.389	1.776
2061	-0.515	0.385	1.750
2062	-0.515	0.387	1.773
2063	-0.513	0.388	1.779
2064	-0.513	0.385	1.788
2065	-0.512	0.388	1.758
2066	-0.512	0.384	1.756
2067	-0.513	0.387	1.774
2068	-0.514	0.387	1.787
2069	-0.512	0.386	1.758
2070	-0.511	0.384	1.754
2071	-0.511	0.382	1.774
2072	-0.512	0.385	1.781
2073	-0.512	0.387	1.762
2074	-0.511	0.381	1.760
2075	-0.512	0.382	1.767
2076	-0.511	0.383	1.777
2077	-0.510	0.384	1.767
2078	-0.510	0.382	1.756
2079	-0.511	0.383	1.760
2080	-0.509	0.383	1.778
2081	-0.509	0.383	1.762
2082	-0.510	0.382	1.750
2083	-0.509	0.381	1.762
2084	-0.511	0.382	1.768
2085	-0.511	0.383	1.763
2086	-0.511	0.381	1.760
2087	-0.509	0.381	1.754
2088	-0.510	0.379	1.759
2089	-0.510	0.380	1.773
2090	-0.509	0.379	1.764
2091	-0.507	0.379	1.747
2092	-0.510	0.380	1.754
2093	-0.507	0.377	1.774
2094	-0.507	0.379	1.762
2095	-0.507	0.378	1.748
2096	-0.509	0.379	1.743
2097	-0.507	0.379	1.760
2098	-0.508	0.379	1.764
2099	-0.505	0.379	1.761
2100	-0.508	0.376	1.748
2101	-0.507	0.376	1.768
2102	-0.506	0.377	1.766
2103	-0.508	0.379	1.750
2104	-0.509	0.377	1.750
2105	-0.506	0.374	1.770
2106	-0.507	0.377	1.766
2107	-0.508	0.378	1.762
2108	-0.507	0.376	1.738
2109	-0.509	0.375	1.755
2110	-0.506	0.377	1.771
2111	-0.506	0.376	1.769
2112	-0.507	0.377	1.738
2113	-0.508	0.376	1.737
2114	-0.508	0.376	1.766
2115	-0.505	0.377	1.778
2116	-0.504	0.376	1.752
2117	-0.508	0.373	1.734
2118	-0.506	0.374	1.749
2119	-0.507	0.374	1.770
2120	-0.506	0.374	1.764
2121	-0.505	0.376	1.739
2122	-0.505	0.377	1.735
2123	-0.507	0.376	1.759
2124	-0.503	0.374	1.765
2125	-0.505	0.374	1.752
2126	-0.505	0.375	1.744
2127	-0.506	0.374	1.746
2128	-0.505	0.374	1.753
2129	-0.504	0.374	1.753
2130	-0.506	0.374	1.759
2131	-0.506	0.375	1.754
2132	-0.504	0.374	1.737
2133	-0.505	0.374	1.738
2134	-0.505	0.372	1.760
2135	-0.503	0.374	1.764
2136	-0.503	0.373	1.750
2137	-0.502	0.373	1.734
2138	-0.504	0.370	1.752
2139	-0.503	0.374	1.763
2140	-0.503	0.373	1.748
2141	-0.504	0.372	1.737
2142	-0.504	0.374	1.749
2143	-0.501	0.372	1.761
2144	-0.502	0.370	1.753
2145	-0.502	0.370	1.737
2146	-0.505	0.370	1.740
2147	-0.503	0.370	1.758
2148	-0.501	0.370	1.752
2149	-0.500	0.370	1.742
2150	-0.499	0.370	1.745
2151	-0.501	0.371	1.748
2152	-0.503	0.370	1.750
2153	-0.503	0.372	1.749
2154	-0.502	0.369	1.748
2155	-0.502	0.368	1.744
2156	-0.500	0.370	1.746
2157	-0.501	0.370	1.751
2158	-0.500	0.372	1.758
2159	-0.500	0.370	1.750
2160	-0.501	0.369	1.759
2161	-0.500	0.371	1.743
2162	-0.497	0.370	1.736
2163	-0.501	0.370	1.742
2164	-0.501	0.369	1.746
2165	-0.498	0.370	1.745
2166	-0.501	0.369	1.746
2167	-0.501	0.370	1.738
2168	-0.499	0.370	1.748
2169	-0.498	0.369	1.746
2170	-0.499	0.370	1.739
2171	-0.498	0.369	1.748
2172	-0.501	0.369	1.751
2173	-0.499	0.371	1.744
2174	-0.499	0.368	1.742
2175	-0.500	0.368	1.744
2176	-0.499	0.368	1.744
2177	-0.500	0.370	1.748
2178	-0.499	0.370	1.744
2179	-0.500	0.369	1.734
2180	-0.501	0.369	1.747
2181	-0.499	0.370	1.751
2182	-0.500	0.367	1.743
2183	-0.498	0.367	1.735
2184	-0.498	0.369	1.743
2185	-0.500	0.371	1.746
2186	-0.497	0.369	1.746
2187	-0.500	0.369	1.742
2188	-0.499	0.368	1.741
2189	-0.499	0.368	1.743
2190	-0.500	0.370	1.751
2191	-0.499	0.369	1.742
2192	-0.498	0.369	1.732
2193	-0.497	0.367	1.734
2194	-0.500	0.368	1.749
2195	-0.498	0.369	1.746
2196	-0.497	0.367	1.737
2197	-0.499	0.368	1.736
2198	-0.497	0.371	1.740
2199	-0.498	0.368	1.742
2200	-0.497	0.368	1.741
2201	-0.496	0.369	1.733
2202	-0.498	0.368	1.738
2203	-0.498	0.373	1.748
2204	-0.499	0.371	1.742
2205	-0.499	0.370	1.738
2206	-0.498	0.369	1.736
2207	-0.498	0.368	1.738
2208	-0.499	0.373	1.732
2209	-0.498	0.366	1.742
2210	-0.499	0.368	1.739
2211	-0.499	0.367	1.739
2212	-0.496	0.367	1.737
2213	-0.497	0.369	1.743
2214	-0.495	0.366	1.739
2215	-0.498	0.367	1.740
2216	-0.498	0.366	1.733
2217	-0.496	0.366	1.741
2218	-0.497	0.367	1.742
2219	-0.497	0.368	1.737
2220	-0.496	0.367	1.736
2221	-0.494	0.366	1.740
2222	-0.495	0.367	1.738
2223	-0.496	0.366	1.739
2224	-0.495	0.366	1.740
2225	-0.497	0.366	1.734
2226	-0.496	0.367	1.740
2227	-0.497	0.367	1.740
2228	-0.497	0.363	1.736
2229	-0.495	0.366	1.733
2230	-0.496	0.368	1.734
2231	-0.496	0.368	1.737
2232	-0.493	0.366	1.739
2233	-0.496	0.366	1.734
2234	-0.494	0.366	1.725
2235	-0.494	0.366	1.734
2236	-0.494	0.367	1.738
2237	-0.493	0.366	1.734
2238	-0.494	0.366	1.729
2239	-0.493	0.368	1.729
2240	-0.494	0.366	1.740
2241	-0.494	0.366	1.738
2242	-0.493	0.365	1.734
2243	-0.493	0.367	1.730
2244	-0.492	0.367	1.731
2245	-0.493	0.365	1.735
2246	-0.494	0.365	1.735
2247	-0.493	0.365	1.729
2248	-0.495	0.365	1.728
2249	-0.492	0.364	1.734
2250	-0.490	0.365	1.738
2251	-0.490	0.363	1.730
2252	-0.494	0.363	1.732
2253	-0.490	0.363	1.732
2254	-0.491	0.364	1.736
2255	-0.492	0.364	1.734
2256	-0.492	0.366	1.738
2257	-0.491	0.364	1.729
2258	-0.491	0.365	1.735
2259	-0.491	0.364	1.733
2260	-0.492	0.364	1.736
2261	-0.489	0.364	1.730
2262	-0.490	0.365	1.727
2263	-0.490	0.363	1.730
2264	-0.491	0.363	1.733
2265	-0.492	0.362	1.727
2266	-0.490	0.364	1.732
2267	-0.490	0.364	1.726
2268	-0.494	0.361	1.733
2269	-0.491	0.364	1.733
2270	-0.489	0.361	1.727
2271	-0.489	0.362	1.723
2272	-0.490	0.361	1.731
2273	-0.490	0.364	1.731
2274	-0.490	0.362	1.728
2275	-0.489	0.363	1.723
2276	-0.488	0.362	1.726
2277	-0.493	0.363	1.732
2278	-0.488	0.362	1.725
2279	-0.491	0.361	1.723
2280	-0.490	0.364	1.732
2281	-0.490	0.364	1.727
2282	-0.490	0.362	1.730
2283	-0.489	0.362	1.723
2284	-0.489	0.361	1.725
2285	-0.490	0.362	1.727
2286	-0.490	0.361	1.725
2287	-0.489	0.362	1.727
2288	-0.489	0.361	1.731
2289	-0.490	0.360	1.724
2290	-0.492	0.360	1.718
2291	-0.490	0.361	1.730
2292	-0.488	0.361	1.736
2293	-0.490	0.358	1.722
2294	-0.486	0.360	1.719
2295	-0.490	0.359	1.726
2296	-0.487	0.359	1.734
2297	-0.488	0.360	1.727
2298	-0.490	0.360	1.715
2299	-0.486	0.359	1.720
2300	-0.485	0.360	1.725
2301	-0.486	0.360	1.727
2302	-0.487	0.361	1.722
2303	-0.486	0.358	1.719
2304	-0.486	0.360	1.722
2305	-0.487	0.360	1.723
2306	-0.486	0.359	1.729
2307	-0.486	0.358	1.724
2308	-0.486	0.359	1.722
2309	-0.483	0.358	1.724
2310	-0.485	0.361	1.725
2311	-0.487	0.357	1.726
2312	-0.485	0.358	1.718
2313	-0.482	0.361	1.720
2314	-0.486	0.361	1.724
2315	-0.485	0.361	1.728
2316	-0.486	0.360	1.724
2317	-0.484	0.360	1.723
2318	-0.485	0.363	1.725
2319	-0.485	0.362	1.728
2320	-0.483	0.364	1.725
2321	-0.485	0.363	1.725
2322	-0.484	0.362	1.719
2323	-0.485	0.362	1.726
2324	-0.485	0.362	1.728
2325	-0.487	0.361	1.722
2326	-0.487	0.362	1.714
2327	-0.485	0.360	1.724
2328	-0.487	0.362	1.726
2329	-0.488	0.362	1.726
2330	-0.485	0.362	1.720
2331	-0.486	0.362	1.726
2332	-0.486	0.364	1.722
2333	-0.487	0.363	1.723
2334	-0.487	0.363	1.721
2335	-0.486	0.363	1.720
2336	-0.486	0.362	1.716
2337	-0.486	0.364	1.722
2338	-0.487	0.362	1.727
2339	-0.482	0.364	1.722
2340	-0.486	0.363	1.712
2341	-0.487	0.364	1.722
2342	-0.488	0.363	1.723
2343	-0.484	0.364	1.722
2344	-0.486	0.364	1.718
2345	-0.486	0.363	1.720
2346	-0.487	0.361	1.713
2347	-0.485	0.362	1.729
2348	-0.485	0.361	1.732
2349	-0.488	0.362	1.712
2350	-0.488	0.361	1.709
2351	-0.486	0.363	1.725
2352	-0.486	0.361	1.728
2353	-0.485	0.364	1.717
2354	-0.486	0.362	1.717
2355	-0.486	0.363	1.722
2356	-0.484	0.364	1.730
2357	-0.488	0.363	1.718
2358	-0.486	0.362	1.714
2359	-0.488	0.363	1.718
2360	-0.486	0.365	1.728
2361	-0.485	0.364	1.726
2362	-0.485	0.362	1.719
2363	-0.487	0.360	1.711
2364	-0.485	0.362	1.718
2365	-0.485	0.362	1.726
2366	-0.486	0.361	1.723
2367	-0.485	0.359	1.713
2368	-0.486	0.361	1.711
2369	-0.486	0.361	1.712
2370	-0.486	0.362	1.727
2371	-0.485	0.361	1.721
2372	-0.484	0.360	1.717
2373	-0.484	0.360	1.712
2374	-0.484	0.360	1.722
2375	-0.484	0.359	1.721
2376	-0.484	0.361	1.726
2377	-0.484	0.358	1.713
2378	-0.485	0.358	1.724
2379	-0.484	0.359	1.726
2380	-0.485	0.361	1.725
2381	-0.481	0.361	1.712
2382	-0.483	0.357	1.720
2383	-0.485	0.360	1.720
2384	-0.483	0.358	1.722
2385	-0.484	0.359	1.715
2386	-0.483	0.358	1.720
2387	-0.483	0.359	1.717
2388	-0.482	0.361	1.724
2389	-0.480	0.361	1.715
2390	-0.483	0.361	1.713
2391	-0.483	0.360	1.714
2392	-0.482	0.359	1.720
2393	-0.482	0.359	1.713
2394	-0.482	0.356	1.722
2395	-0.480	0.359	1.714
2396	-0.482	0.361	1.718
2397	-0.480	0.357	1.719
2398	-0.481	0.358	1.723
2399	-0.481	0.356	1.711
2400	-0.479	0.358	1.716
2401	-0.482	0.358	1.715
2402	-0.481	0.360	1.721
2403	-0.478	0.357	1.715
2404	-0.481	0.360	1.718
2405	-0.482	0.357	1.712
2406	-0.480	0.358	1.718
2407	-0.481	0.358	1.722
2408	-0.480	0.360	1.721
2409	-0.481	0.359	1.716
2410	-0.479	0.359	1.718
2411	-0.481	0.357	1.720
2412	-0.480	0.359	1.727
2413	-0.479	0.358	1.718
2414	-0.480	0.359	1.706
2415	-0.480	0.360	1.713
2416	-0.479	0.358	1.724
2417	-0.479	0.361	1.722
2418	-0.479	0.359	1.713
2419	-0.480	0.358	1.710
2420	-0.479	0.359	1.711
2421	-0.481	0.358	1.716
2422	-0.479	0.359	1.716
2423	-0.479	0.360	1.715
2424	-0.480	0.360	1.709
2425	-0.483	0.361	1.714
2426	-0.478	0.361	1.715
2427	-0.479	0.357	1.720
2428	-0.479	0.359	1.708
2429	-0.481	0.358	1.712
2430	-0.479	0.359	1.717
2431	-0.481	0.359	1.714
2432	-0.481	0.358	1.706
2433	-0.480	0.359	1.712
2434	-0.480	0.358	1.709
2435	-0.480	0.360	1.720
2436	-0.480	0.358	1.711
2437	-0.482	0.360	1.708
2438	-0.480	0.359	1.708
2439	-0.480	0.358	1.723
2440	-0.479	0.358	1.716
2441	-0.481	0.358	1.710
2442	-0.478	0.357	1.707
2443	-0.480	0.358	1.712
2444	-0.480	0.357	1.716
2445	-0.480	0.359	1.717
2446	-0.480	0.356	1.701
2447	-0.480	0.357	1.722
2448	-0.479	0.357	1.716
2449	-0.478	0.357	1.711
2450	-0.481	0.357	1.701
2451	-0.479	0.357	1.712
2452	-0.479	0.355	1.711
2453	-0.481	0.356	1.717
2454	-0.479	0.356	1.708
2455	-0.479	0.355	1.708
2456	-0.479	0.358	1.708
2457	-0.478	0.357	1.708
2458	-0.479	0.358	1.712
2459	-0.480	0.356	1.707
2460	-0.480	0.356	1.705
2461	-0.477	0.357	1.708
2462	-0.479	0.357	1.711
2463	-0.478	0.354	1.715
2464	-0.479	0.355	1.710
2465	-0.478	0.358	1.708
2466	-0.476	0.355	1.710
2467	-0.478	0.358	1.719
2468	-0.478	0.358	1.711
2469	-0.478	0.357	1.704
2470	-0.478	0.357	1.713
2471	-0.479	0.358	1.709
2472	-0.478	0.357	1.716
2473	-0.475	0.357	1.711
2474	-0.476	0.356	1.709
2475	-0.479	0.355	1.708
2476	-0.477	0.354	1.707
2477	-0.479	0.354	1.705
2478	-0.478	0.354	1.712
2479	-0.478	0.354	1.706
2480	-0.478	0.354	1.699
2481	-0.478	0.355	1.705
2482	-0.478	0.353	1.713
2483	-0.478	0.354	1.704
2484	-0.478	0.355	1.704
2485	-0.478	0.355	1.701
2486	-0.479	0.353	1.710
2487	-0.479	0.354	1.704
2488	-0.478	0.355	1.708
2489	-0.478	0.353	1.707
2490	-0.479	0.353	1.706
2491	-0.479	0.352	1.707
2492	-0.480	0.352	1.703
2493	-0.478	0.354	1.699
2494	-0.480	0.353	1.708
2495	-0.479	0.352	1.709
2496	-0.480	0.353	1.706
2497	-0.479	0.354	1.702
2498	-0.478	0.352	1.703
2499	-0.479	0.352	1.704
2500	-0.479	0.353	1.705
2501	-0.480	0.353	1.704
2502	-0.478	0.353	1.700
2503	-0.480	0.351	1.701
2504	-0.480	0.354	1.708
2505	-0.481	0.352	1.711
2506	-0.480	0.356	1.701
2507	-0.480	0.356	1.701
2508	-0.480	0.356	1.704
2509	-0.479	0.353	1.704
2510	-0.479	0.355	1.707
2511	-0.479	0.356	1.700
2512	-0.480	0.354	1.702
2513	-0.479	0.354	1.707
2514	-0.478	0.354	1.706
2515	-0.478	0.353	1.702
2516	-0.479	0.354	1.697
2517	-0.481	0.354	1.701
2518	-0.479	0.355	1.708
2519	-0.449	0.332	1.542
2520	-0.165	0.122	1.039
2521	-0.005	-0.013	0.774
2522	-0.010	-0.010	0.771
2523	-0.010	-0.011	0.771
2524	-0.009	-0.007	0.787
2525	-0.009	-0.007	0.767
2526	-0.010	-0.007	0.764
2527	-0.010	-0.009	0.773
2528	-0.006	-0.007	0.779
2529	-0.009	-0.009	0.771
2530	-0.009	-0.010	0.769
2531	-0.010	-0.011	0.769
2532	-0.009	-0.007	0.776
2533	-0.011	-0.007	0.769
2534	-0.008	-0.009	0.762
2535	-0.011	-0.008	0.773
2536	-0.009	-0.008	0.787
2537	-0.009	-0.009	0.773
2538	-0.009	-0.011	0.772
2539	-0.009	-0.009	0.775
2540	-0.011	-0.009	0.763
2541	-0.010	-0.009	0.777
2542	-0.009	-0.008	0.769
2543	-0.010	-0.010	0.768
2544	-0.006	-0.011	0.769
2545	-0.010	-0.007	0.771
2546	-0.009	-0.009	0.772
2547	-0.009	-0.009	0.770
2548	-0.009	-0.008	0.769
2549	-0.009	-0.007	0.769
2550	-0.011	-0.008	0.774
2551	-0.010	-0.010	0.774
2552	-0.008	-0.009	0.771
2553	-0.009	-0.009	0.767
2554	-0.007	-0.011	0.768
2555	-0.009	-0.011	0.777
2556	-0.010	-0.013	0.771
2557	-0.009	-0.009	0.768
2558	-0.009	-0.009	0.771
2559	-0.006	-0.007	0.771
2560	-0.009	-0.008	0.773
2561	-0.007	-0.013	0.770
2562	-0.007	-0.010	0.766
2563	-0.007	-0.010	0.771
2564	-0.009	-0.010	0.773
2565	-0.006	-0.008	0.772
2566	-0.008	-0.007	0.771
2567	-0.008	-0.009	0.769
2568	-0.006	-0.010	0.771
2569	-0.006	-0.010	0.776
2570	-0.008	-0.010	0.769
2571	-0.007	-0.010	0.768
2572	-0.008	-0.013	0.772
2573	-0.009	-0.012	0.773
2574	-0.005	-0.010	0.772
2575	-0.007	-0.010	0.770
2576	-0.007	-0.010	0.768
2577	-0.007	-0.009	0.771
2578	-0.009	-0.011	0.777
2579	-0.008	-0.012	0.771
2580	-0.007	-0.015	0.771
2581	-0.007	-0.013	0.768
2582	-0.007	-0.012	0.775
2583	-0.007	-0.010	0.776
2584	-0.006	-0.009	0.772
2585	-0.006	-0.011	0.769
2586	-0.006	-0.010	0.770
2587	-0.007	-0.009	0.773
2588	-0.004	-0.012	0.771
2589	-0.005	-0.013	0.768
2590	-0.005	-0.011	0.771
2591	-0.005	-0.011	0.773
2592	-0.004	-0.007	0.775
2593	-0.003	-0.011	0.771
2594	-0.004	-0.010	0.768
2595	-0.005	-0.010	0.771
2596	-0.005	-0.011	0.773
2597	-0.006	-0.014	0.772
2598	-0.006	-0.011	0.767
2599	-0.006	-0.009	0.770
2600	-0.005	-0.009	0.771
2601	-0.006	-0.010	0.774
2602	-0.006	-0.007	0.773
2603	-0.005	-0.008	0.767
2604	-0.005	-0.013	0.770
2605	-0.006	-0.015	0.772
2606	-0.006	-0.015	0.777
2607	-0.005	-0.010	0.772
2608	-0.005	-0.007	0.768
2609	-0.004	-0.009	0.770
2610	-0.005	-0.007	0.776
2611	-0.005	-0.010	0.772
2612	-0.007	-0.013	0.770
2613	-0.008	-0.014	0.770
2614	-0.004	-0.013	0.773
2615	-0.005	-0.013	0.773
2616	-0.007	-0.011	0.771
2617	-0.005	-0.009	0.768
2618	-0.006	-0.009	0.771
2619	-0.005	-0.006	0.772
2620	-0.007	-0.007	0.772
2621	-0.006	-0.013	0.771
2622	-0.006	-0.011	0.769
2623	-0.008	-0.009	0.766
2624	-0.006	-0.009	0.774
2625	-0.005	-0.009	0.775
2626	-0.007	-0.007	0.769
2627	-0.004	-0.009	0.768
2628	-0.005	-0.009	0.771
2629	-0.005	-0.009	0.778
2630	-0.004	-0.011	0.771
2631	-0.007	-0.010	0.771
2632	-0.007	-0.011	0.771
2633	-0.009	-0.009	0.773
2634	-0.007	-0.009	0.772
2635	-0.009	-0.007	0.768
2636	-0.009	-0.009	0.770
2637	-0.009	-0.007	0.773
2638	-0.010	-0.008	0.772
2639	-0.007	-0.010	0.772
2640	-0.009	-0.010	0.769
2641	-0.007	-0.009	0.768
2642	-0.006	-0.010	0.775
2643	-0.007	-0.006	0.772
2644	-0.007	-0.003	0.769
2645	-0.009	-0.006	0.769
2646	-0.009	-0.011	0.771
2647	-0.007	-0.010	0.775
2648	-0.006	-0.008	0.774
2649	-0.004	-0.010	0.767
2650	-0.006	-0.009	0.768
2651	-0.007	-0.008	0.774
2652	-0.005	-0.007	0.772
2653	-0.008	-0.010	0.770
2654	-0.007	-0.009	0.769
2655	-0.008	-0.010	0.769
2656	-0.006	-0.011	0.774
2657	-0.007	-0.007	0.772
2658	-0.007	-0.011	0.767
2659	-0.008	-0.009	0.767
2660	-0.007	-0.008	0.770
2661	-0.009	-0.006	0.776
2662	-0.007	-0.009	0.768
2663	-0.009	-0.010	0.769
2664	-0.007	-0.013	0.771
2665	-0.008	-0.009	0.772
2666	-0.007	-0.010	0.772
2667	-0.007	-0.006	0.768
2668	-0.007	-0.007	0.768
2669	-0.005	-0.006	0.774
2670	-0.007	-0.009	0.776
2671	-0.006	-0.009	0.770
2672	-0.005	-0.013	0.766
2673	-0.005	-0.011	0.766
2674	-0.003	-0.008	0.774
2675	-0.002	-0.007	0.773
2676	-0.003	-0.009	0.772
2677	-0.003	-0.007	0.772
2678	-0.003	-0.006	0.769
2679	-0.002	-0.009	0.776
2680	-0.005	-0.013	0.772
2681	-0.004	-0.013	0.769
2682	-0.004	-0.015	0.768
2683	-0.007	-0.009	0.770
2684	-0.005	-0.007	0.774
2685	-0.007	-0.005	0.770
2686	-0.007	-0.007	0.769
2687	-0.007	-0.011	0.770
2688	-0.008	-0.009	0.775
2689	-0.007	-0.011	0.772
2690	-0.009	-0.012	0.769
2691	-0.010	-0.011	0.768
2692	-0.009	-0.011	0.774
2693	-0.009	-0.010	0.775
2694	-0.007	-0.008	0.772
2695	-0.007	-0.010	0.767
2696	-0.007	-0.011	0.770
2697	-0.008	-0.010	0.773
2698	-0.008	-0.009	0.774
2699	-0.006	-0.011	0.770
2700	-0.008	-0.009	0.768
2701	-0.005	-0.011	0.770
2702	-0.005	-0.010	0.776
2703	-0.005	-0.011	0.773
2704	-0.007	-0.011	0.769
2705	-0.007	-0.009	0.769
2706	-0.005	-0.011	0.771
2707	-0.007	-0.010	0.772
2708	-0.005	-0.011	0.770
2709	-0.006	-0.007	0.767
2710	-0.005	-0.010	0.767
2711	-0.005	-0.011	0.770
2712	-0.009	-0.011	0.774
2713	-0.010	-0.011	0.771
2714	-0.011	-0.008	0.766
2715	-0.009	-0.010	0.774
2716	-0.008	-0.011	0.772
2717	-0.008	-0.009	0.771
2718	-0.007	-0.010	0.770
2719	-0.008	-0.011	0.768
2720	-0.007	-0.011	0.773
2721	-0.008	-0.011	0.772
2722	-0.008	-0.010	0.767
2723	-0.007	-0.011	0.765
2724	-0.009	-0.008	0.773
2725	-0.006	-0.009	0.775
2726	-0.005	-0.009	0.772
2727	-0.007	-0.007	0.769
2728	-0.007	-0.007	0.767
2729	-0.009	-0.008	0.774
2730	-0.009	-0.010	0.773
2731	-0.011	-0.008	0.770
2732	-0.010	-0.009	0.769
2733	-0.009	-0.010	0.771
2734	-0.010	-0.011	0.774
2735	-0.009	-0.009	0.771
2736	-0.010	-0.008	0.767
2737	-0.011	-0.005	0.771
2738	-0.010	-0.006	0.769
2739	-0.010	-0.010	0.774
2740	-0.010	-0.009	0.771
2741	-0.008	-0.008	0.767
2742	-0.008	-0.011	0.770
2743	-0.009	-0.011	0.772
2744	-0.009	-0.009	0.775
2745	-0.008	-0.006	0.769
2746	-0.007	-0.007	0.765
2747	-0.007	-0.006	0.767
2748	-0.008	-0.007	0.774
2749	-0.009	-0.013	0.773
2750	-0.008	-0.011	0.769
2751	-0.006	-0.007	0.769
2752	-0.006	-0.009	0.770
2753	-0.009	-0.007	0.775
2754	-0.007	-0.007	0.772
2755	-0.008	-0.009	0.769
2756	-0.007	-0.010	0.770
2757	-0.010	-0.010	0.773
2758	-0.008	-0.012	0.774
2759	-0.007	-0.012	0.767
2760	-0.008	-0.010	0.769
2761	-0.007	-0.011	0.769
2762	-0.007	-0.007	0.774
2763	-0.007	-0.011	0.771
2764	-0.007	-0.012	0.769
2765	-0.008	-0.010	0.767
2766	-0.009	-0.010	0.773
2767	-0.007	-0.012	0.773
2768	-0.008	-0.009	0.772
2769	-0.007	-0.009	0.766
2770	-0.010	-0.009	0.770
2771	-0.009	-0.010	0.772
2772	-0.010	-0.010	0.771
2773	-0.009	-0.013	0.769
2774	-0.008	-0.014	0.773
2775	-0.007	-0.011	0.771
2776	-0.009	-0.007	0.774
2777	-0.010	-0.007	0.771
2778	-0.009	-0.007	0.771
2779	-0.011	-0.009	0.769
2780	-0.009	-0.009	0.772
2781	-0.010	-0.011	0.774
2782	-0.012	-0.013	0.770
2783	-0.011	-0.011	0.767
2784	-0.007	-0.010	0.771
2785	-0.009	-0.008	0.773
2786	-0.010	-0.009	0.772
2787	-0.009	-0.009	0.768
2788	-0.009	-0.011	0.770
2789	-0.011	-0.013	0.776
2790	-0.009	-0.011	0.775
2791	-0.009	-0.011	0.769
2792	-0.007	-0.011	0.771
2793	-0.011	-0.011	0.770
2794	-0.009	-0.009	0.773
2795	-0.007	-0.007	0.773
2796	-0.008	-0.009	0.771
2797	-0.011	-0.011	0.771
2798	-0.010	-0.008	0.772
2799	-0.010	-0.010	0.774
2800	-0.009	-0.006	0.772
2801	-0.009	-0.008	0.768
2802	-0.009	-0.010	0.772
2803	-0.009	-0.010	0.774
2804	-0.009	-0.009	0.773
2805	-0.009	-0.008	0.768
2806	-0.011	-0.011	0.765
2807	-0.008	-0.008	0.773
2808	-0.007	-0.010	0.775
2809	-0.007	-0.007	0.770
2810	-0.006	-0.006	0.768
2811	-0.009	-0.004	0.769
2812	-0.008	-0.009	0.774
2813	-0.010	-0.011	0.776
2814	-0.008	-0.007	0.770
2815	-0.007	-0.010	0.769
2816	-0.006	-0.009	0.772
2817	-0.006	-0.005	0.772
2818	-0.005	-0.008	0.773
2819	-0.007	-0.007	0.769
2820	-0.007	-0.008	0.767
2821	-0.007	-0.011	0.771
2822	-0.007	-0.009	0.770
2823	-0.007	-0.009	0.773
2824	-0.007	-0.009	0.769
2825	-0.006	-0.009	0.772
2826	-0.006	-0.006	0.773
2827	-0.006	-0.007	0.776
2828	-0.008	-0.008	0.768
2829	-0.007	-0.010	0.769
2830	-0.006	-0.011	0.771
2831	-0.007	-0.011	0.771
2832	-0.007	-0.010	0.773
2833	-0.009	-0.008	0.768
2834	-0.010	-0.007	0.768
2835	-0.010	-0.010	0.771
2836	-0.009	-0.009	0.774
2837	-0.008	-0.011	0.770
2838	-0.013	-0.014	0.768
2839	-0.011	-0.010	0.770
2840	-0.012	-0.011	0.775
2841	-0.012	-0.009	0.770
2842	-0.014	-0.008	0.770
2843	-0.013	-0.012	0.770
2844	-0.010	-0.009	0.771
2845	-0.011	-0.011	0.773
2846	-0.012	-0.014	0.769
2847	-0.011	-0.010	0.766
2848	-0.013	-0.009	0.769
2849	-0.012	-0.010	0.775
2850	-0.011	-0.007	0.773
2851	-0.010	-0.008	0.770
2852	-0.011	-0.009	0.767
2853	-0.009	-0.011	0.768
2854	-0.011	-0.013	0.774
2855	-0.009	-0.010	0.772
2856	-0.009	-0.012	0.767
2857	-0.008	-0.010	0.767
2858	-0.010	-0.010	0.770
2859	-0.009	-0.012	0.772
2860	-0.011	-0.011	0.771
2861	-0.012	-0.011	0.767
2862	-0.011	-0.014	0.770
2863	-0.012	-0.013	0.774
2864	-0.013	-0.012	0.774
2865	-0.012	-0.011	0.771
2866	-0.011	-0.013	0.771
2867	-0.011	-0.011	0.773
2868	-0.012	-0.011	0.774
2869	-0.013	-0.013	0.773
2870	-0.013	-0.013	0.769
2871	-0.013	-0.012	0.770
2872	-0.012	-0.011	0.773
2873	-0.012	-0.014	0.774
2874	-0.011	-0.013	0.771
2875	-0.013	-0.013	0.770
2876	-0.013	-0.013	0.771
2877	-0.014	-0.010	0.774
2878	-0.015	-0.013	0.772
2879	-0.012	-0.012	0.770
2880	-0.012	-0.015	0.770
2881	-0.012	-0.014	0.772
2882	-0.012	-0.013	0.774
2883	-0.011	-0.013	0.770
2884	-0.014	-0.010	0.765
2885	-0.011	-0.012	0.768
2886	-0.012	-0.011	0.776
2887	-0.012	-0.012	0.772
2888	-0.012	-0.013	0.769
2889	-0.011	-0.012	0.768
2890	-0.013	-0.014	0.770
2891	-0.010	-0.012	0.774
2892	-0.011	-0.010	0.773
2893	-0.012	-0.011	0.769
2894	-0.011	-0.013	0.770
2895	-0.012	-0.011	0.774
2896	-0.013	-0.011	0.775
2897	-0.012	-0.010	0.770
2898	-0.013	-0.011	0.770
2899	-0.013	-0.011	0.771
2900	-0.013	-0.013	0.773
2901	-0.012	-0.011	0.779
2902	-0.014	-0.010	0.768
2903	-0.013	-0.011	0.770
2904	-0.011	-0.011	0.771
2905	-0.013	-0.012	0.775
2906	-0.014	-0.014	0.771
2907	-0.013	-0.011	0.768
2908	-0.014	-0.010	0.767
2909	-0.014	-0.009	0.772
2910	-0.013	-0.009	0.775
2911	-0.011	-0.009	0.770
2912	-0.011	-0.009	0.771
2913	-0.013	-0.011	0.771
2914	-0.009	-0.013	0.776
2915	-0.011	-0.013	0.772
2916	-0.012	-0.011	0.768
2917	-0.010	-0.012	0.769
2918	-0.012	-0.010	0.774
2919	-0.011	-0.011	0.772
2920	-0.008	-0.012	0.772
2921	-0.009	-0.013	0.769
2922	-0.007	-0.010	0.770
2923	-0.008	-0.013	0.773
2924	-0.011	-0.011	0.773
2925	-0.009	-0.011	0.770
2926	-0.010	-0.011	0.767
2927	-0.009	-0.009	0.770
2928	-0.010	-0.011	0.774
2929	-0.011	-0.014	0.771
2930	-0.011	-0.012	0.766
2931	-0.013	-0.013	0.768
2932	-0.009	-0.010	0.773
2933	-0.012	-0.011	0.773
2934	-0.011	-0.011	0.771
2935	-0.011	-0.008	0.767
2936	-0.012	-0.009	0.773
2937	-0.013	-0.011	0.772
2938	-0.013	-0.009	0.774
2939	-0.013	-0.009	0.767
2940	-0.011	-0.011	0.769
2941	-0.013	-0.010	0.771
2942	-0.011	-0.010	0.771
2943	-0.012	-0.011	0.772
2944	-0.011	-0.011	0.769
2945	-0.010	-0.010	0.770
2946	-0.011	-0.009	0.773
2947	-0.009	-0.010	0.775
2948	-0.009	-0.009	0.770
2949	-0.011	-0.011	0.768
2950	-0.008	-0.011	0.771
2951	-0.011	-0.012	0.776
2952	-0.011	-0.011	0.770
2953	-0.008	-0.009	0.766
2954	-0.006	-0.010	0.766
2955	-0.009	-0.010	0.774
2956	-0.008	-0.010	0.775
2957	-0.009	-0.013	0.771
2958	-0.008	-0.010	0.769
2959	-0.009	-0.006	0.769
2960	-0.008	-0.010	0.775
2961	-0.010	-0.009	0.776
2962	-0.007	-0.011	0.769
2963	-0.007	-0.009	0.768
2964	-0.009	-0.013	0.772
2965	-0.009	-0.011	0.774
2966	-0.009	-0.011	0.771
2967	-0.010	-0.010	0.770
2968	-0.010	-0.011	0.767
2969	-0.008	-0.010	0.772
2970	-0.007	-0.011	0.773
2971	-0.008	-0.011	0.768
2972	-0.010	-0.013	0.768
2973	-0.011	-0.009	0.771
2974	-0.009	-0.009	0.775
2975	-0.010	-0.012	0.773
2976	-0.009	-0.010	0.770
2977	-0.012	-0.007	0.770
2978	-0.012	-0.012	0.772
2979	-0.010	-0.013	0.774
2980	-0.012	-0.010	0.771
2981	-0.011	-0.011	0.766
2982	-0.011	-0.011	0.769
2983	-0.011	-0.010	0.776
2984	-0.011	-0.011	0.776
2985	-0.015	-0.013	0.771
2986	-0.014	-0.012	0.770
2987	-0.012	-0.012	0.770
2988	-0.012	-0.011	0.777
2989	-0.013	-0.010	0.773
2990	-0.013	-0.011	0.770
2991	-0.013	-0.013	0.770
2992	-0.017	-0.013	0.773
2993	-0.013	-0.011	0.775
2994	-0.013	-0.011	0.769
2995	-0.015	-0.010	0.770
2996	-0.017	-0.005	0.769
2997	-0.017	-0.005	0.774
2998	-0.018	-0.006	0.772
2999	-0.017	-0.007	0.767
3000	-0.020	-0.007	0.770
3001	-0.019	-0.006	0.771
3002	-0.021	-0.007	0.775
3003	-0.019	-0.005	0.775
3004	-0.022	-0.003	0.767
3005	-0.019	-0.001	0.767
3006	-0.023	-0.005	0.772
3007	-0.021	-0.004	0.772
3008	-0.022	-0.005	0.768
3009	-0.023	-0.004	0.768
3010	-0.021	-0.003	0.771
3011	-0.023	-0.005	0.776
3012	-0.020	-0.003	0.772
