0	-0.004	0.009	0.768
1	-0.002	0.008	0.771
2	-0.003	0.009	0.773
3	-0.003	0.010	0.773
4	-0.002	0.009	0.773
5	-0.001	0.011	0.772
6	0.001	0.007	0.775
7	-0.002	0.007	0.772
8	-0.002	0.007	0.773
9	0.001	0.005	0.772
10	0.000	0.006	0.770
11	0.001	0.005	0.767
12	-0.003	0.005	0.770
13	-0.005	0.005	0.771
14	-0.003	0.002	0.772
15	-0.002	0.005	0.776
16	-0.002	0.003	0.773
17	-0.003	0.004	0.777
18	-0.003	0.004	0.776
19	-0.005	0.005	0.776
20	-0.003	0.003	0.773
21	-0.003	-0.001	0.775
22	-0.003	0.001	0.769
23	-0.003	-0.002	0.771
24	-0.002	-0.002	0.765
25	-0.003	-0.003	0.772
26	-0.002	-0.001	0.772
27	-0.003	-0.002	0.773
28	-0.002	0.001	0.774
29	0.000	-0.001	0.775
30	0.000	0.003	0.773
31	-0.002	0.001	0.776
32	0.001	0.002	0.776
33	0.001	-0.001	0.771
34	0.000	0.000	0.772
35	-0.001	0.002	0.768
36	-0.002	0.001	0.767
37	0.001	0.000	0.770
38	0.000	0.001	0.772
39	-0.001	0.002	0.771
40	-0.001	0.005	0.774
41	-0.001	0.004	0.771
42	0.000	0.004	0.775
43	0.001	0.004	0.774
44	-0.001	0.005	0.774
45	-0.004	0.003	0.775
46	-0.003	0.003	0.771
47	0.001	0.004	0.773
48	-0.002	0.004	0.767
49	-0.001	0.005	0.772
50	0.001	0.004	0.768
51	0.000	0.001	0.770
52	0.003	0.002	0.769
53	0.000	0.002	0.774
54	-0.001	0.004	0.774
55	0.001	0.007	0.778
56	0.000	0.006	0.772
57	-0.002	0.004	0.776
58	0.000	0.007	0.770
59	0.001	0.006	0.771
60	0.002	0.005	0.771
61	-0.001	0.005	0.767
62	0.001	0.006	0.771
63	0.001	0.009	0.768
64	-0.001	0.007	0.770
65	0.002	0.008	0.772
66	0.001	0.007	0.777
67	0.002	0.009	0.772
68	0.002	0.007	0.778
69	-0.001	0.006	0.772
70	0.001	0.007	0.774
71	0.002	0.009	0.771
72	0.001	0.007	0.768
73	0.001	0.009	0.771
74	0.001	0.009	0.771
75	0.003	0.006	0.771
76	0.003	0.006	0.770
77	0.002	0.007	0.773
78	0.001	0.007	0.774
79	0.001	0.009	0.777
80	0.000	0.007	0.775
81	0.001	0.004	0.781
82	0.001	0.005	0.773
83	0.001	0.007	0.771
84	0.001	0.006	0.769
85	0.001	0.006	0.769
86	-0.001	0.008	0.768
87	0.000	0.007	0.770
88	-0.001	0.008	0.773
89	-0.002	0.007	0.772
90	-0.001	0.007	0.772
91	-0.001	0.006	0.773
92	-0.003	0.007	0.775
93	-0.003	0.003	0.775
94	-0.004	0.004	0.777
95	-0.001	0.005	0.770
96	-0.001	0.008	0.772
97	0.001	0.007	0.766
98	-0.001	0.006	0.770
99	0.000	0.009	0.766
100	0.001	0.008	0.768
101	-0.002	0.006	0.767
102	-0.003	0.006	0.772
103	0.001	0.005	0.771
104	0.002	0.003	0.776
105	-0.001	0.009	0.775
106	-0.002	0.009	0.773
107	0.001	0.010	0.775
108	-0.001	0.008	0.772
109	0.001	0.008	0.771
110	-0.001	0.008	0.767
111	0.001	0.008	0.769
112	0.001	0.010	0.766
113	-0.003	0.007	0.769
114	-0.003	0.008	0.769
115	-0.003	0.009	0.776
116	-0.002	0.008	0.767
117	-0.001	0.007	0.774
118	-0.001	0.007	0.775
119	-0.003	0.005	0.776
120	-0.001	0.007	0.772
121	-0.003	0.010	0.774
122	-0.003	0.010	0.771
123	-0.001	0.010	0.768
124	-0.001	0.011	0.772
125	-0.004	0.009	0.767
126	-0.004	0.009	0.775
127	-0.002	0.006	0.775
128	-0.003	0.006	0.775
129	-0.002	0.011	0.773
130	-0.002	0.011	0.777
131	-0.002	0.011	0.775
132	-0.004	0.012	0.776
133	-0.004	0.011	0.771
134	-0.003	0.009	0.773
135	0.000	0.007	0.767
136	-0.003	0.010	0.770
137	-0.003	0.011	0.770
138	-0.002	0.013	0.772
139	-0.003	0.011	0.772
140	-0.001	0.012	0.771
141	-0.001	0.011	0.779
142	-0.003	0.009	0.773
143	-0.002	0.007	0.777
144	-0.005	0.010	0.772
145	-0.004	0.011	0.775
146	-0.003	0.012	0.773
147	-0.003	0.012	0.772
148	-0.002	0.011	0.769
149	-0.001	0.011	0.772
150	-0.003	0.009	0.767
151	-0.002	0.009	0.771
152	-0.003	0.009	0.771
153	-0.003	0.010	0.773
154	-0.004	0.011	0.778
155	-0.002	0.013	0.775
156	-0.002	0.013	0.778
157	-0.003	0.012	0.772
158	-0.004	0.012	0.771
159	-0.003	0.009	0.767
160	-0.005	0.009	0.771
161	-0.003	0.011	0.767
162	-0.002	0.011	0.772
163	-0.002	0.011	0.768
164	-0.002	0.013	0.772
165	-0.003	0.013	0.772
166	-0.003	0.012	0.777
167	-0.002	0.011	0.778
168	-0.003	0.009	0.775
169	-0.005	0.010	0.774
170	-0.005	0.013	0.771
171	-0.006	0.012	0.774
172	-0.007	0.013	0.768
173	-0.006	0.013	0.771
174	-0.003	0.012	0.767
175	-0.004	0.011	0.770
176	-0.005	0.011	0.772
177	-0.002	0.011	0.772
178	-0.002	0.010	0.770
179	-0.003	0.009	0.775
180	-0.004	0.010	0.774
181	-0.004	0.011	0.775
182	-0.005	0.009	0.772
183	-0.004	0.012	0.772
184	-0.003	0.009	0.770
185	-0.004	0.009	0.769
186	-0.005	0.009	0.771
187	-0.004	0.010	0.766
188	-0.003	0.010	0.773
189	-0.003	0.011	0.771
190	-0.003	0.013	0.773
191	-0.003	0.013	0.770
192	-0.002	0.011	0.778
193	-0.003	0.010	0.776
194	-0.003	0.010	0.773
195	-0.004	0.011	0.774
196	-0.003	0.012	0.772
197	-0.002	0.014	0.770
198	-0.005	0.011	0.767
199	-0.006	0.011	0.766
200	-0.004	0.010	0.771
201	-0.007	0.011	0.772
202	-0.006	0.009	0.771
203	-0.004	0.010	0.773
204	-0.007	0.012	0.775
205	-0.005	0.011	0.776
206	-0.005	0.013	0.773
207	-0.006	0.016	0.775
208	-0.006	0.013	0.771
209	-0.005	0.011	0.773
210	-0.005	0.009	0.768
211	-0.006	0.011	0.770
212	-0.005	0.014	0.768
213	-0.005	0.015	0.769
214	-0.007	0.014	0.771
215	-0.005	0.013	0.773
216	-0.003	0.015	0.771
217	-0.003	0.013	0.774
218	-0.004	0.013	0.778
219	-0.005	0.010	0.772
220	-0.004	0.009	0.773
221	-0.005	0.012	0.770
222	-0.003	0.014	0.770
223	-0.003	0.015	0.768
224	-0.003	0.015	0.766
225	-0.004	0.013	0.771
226	-0.002	0.012	0.775
227	-0.002	0.011	0.772
228	-0.002	0.011	0.777
229	-0.002	0.011	0.771
230	-0.002	0.013	0.775
231	-0.002	0.015	0.772
232	-0.003	0.015	0.772
233	-0.004	0.014	0.766
234	-0.003	0.012	0.769
235	-0.003	0.010	0.765
236	-0.003	0.012	0.765
237	-0.002	0.013	0.772
238	-0.002	0.014	0.768
239	-0.005	0.013	0.773
240	-0.004	0.012	0.771
241	-0.005	0.014	0.776
242	-0.004	0.015	0.772
243	-0.003	0.013	0.781
244	-0.001	0.014	0.771
245	-0.004	0.013	0.774
246	-0.005	0.014	0.768
247	-0.004	0.015	0.770
248	-0.004	0.012	0.767
249	-0.004	0.010	0.769
250	-0.002	0.009	0.770
251	-0.002	0.011	0.774
252	-0.002	0.011	0.774
253	-0.002	0.013	0.774
254	-0.003	0.012	0.778
255	-0.002	0.013	0.773
256	-0.002	0.011	0.777
257	-0.003	0.013	0.774
258	0.000	0.011	0.772
259	-0.002	0.010	0.773
260	-0.002	0.012	0.769
261	-0.003	0.011	0.768
262	-0.002	0.011	0.772
263	-0.001	0.010	0.768
264	-0.001	0.011	0.773
265	-0.002	0.013	0.769
266	0.001	0.011	0.776
267	-0.001	0.013	0.774
268	0.002	0.011	0.777
269	0.003	0.012	0.772
270	0.002	0.011	0.771
271	0.003	0.011	0.771
272	0.003	0.009	0.768
273	0.005	0.009	0.770
274	0.005	0.011	0.766
275	0.007	0.011	0.772
276	0.007	0.009	0.770
277	0.004	0.007	0.774
278	0.007	0.009	0.771
279	0.007	0.009	0.775
280	0.005	0.009	0.773
281	0.005	0.011	0.774
282	0.006	0.014	0.769
283	0.005	0.013	0.771
284	0.005	0.012	0.772
285	0.003	0.012	0.765
286	0.002	0.012	0.769
287	0.002	0.011	0.771
288	0.000	0.011	0.768
289	-0.002	0.013	0.773
290	-0.001	0.013	0.777
291	-0.003	0.015	0.771
292	-0.001	0.015	0.776
293	-0.003	0.008	0.770
294	-0.004	0.011	0.776
295	-0.005	0.011	0.770
296	-0.003	0.009	0.769
297	-0.002	0.012	0.768
298	-0.004	0.012	0.770
299	-0.001	0.010	0.765
300	-0.003	0.011	0.768
301	0.000	0.008	0.770
302	0.001	0.005	0.770
303	-0.005	0.009	0.775
304	-0.003	0.009	0.776
305	-0.005	0.008	0.774
306	-0.001	0.011	0.774
307	-0.003	0.008	0.775
308	-0.001	0.009	0.772
309	-0.004	0.005	0.773
310	-0.005	0.007	0.766
311	-0.005	0.009	0.775
312	-0.004	0.011	0.768
313	-0.002	0.010	0.772
314	-0.004	0.010	0.773
315	-0.004	0.009	0.775
316	-0.007	0.009	0.774
317	-0.009	0.007	0.776
318	-0.006	0.010	0.775
319	-0.005	0.012	0.775
320	-0.005	0.010	0.774
321	-0.007	0.010	0.770
322	-0.006	0.009	0.771
323	-0.003	0.010	0.768
324	-0.005	0.009	0.772
325	-0.004	0.007	0.771
326	-0.004	0.007	0.772
327	-0.004	0.007	0.771
328	-0.003	0.008	0.775
329	-0.001	0.011	0.774
330	-0.002	0.013	0.775
331	0.001	0.012	0.774
332	-0.001	0.010	0.772
333	-0.002	0.008	0.771
334	-0.003	0.007	0.770
335	-0.004	0.008	0.767
336	-0.002	0.010	0.774
337	-0.003	0.011	0.770
338	-0.002	0.013	0.772
339	-0.003	0.012	0.773
340	-0.002	0.011	0.770
341	-0.001	0.009	0.775
342	-0.001	0.010	0.770
343	-0.003	0.011	0.776
344	-0.003	0.012	0.772
345	-0.005	0.015	0.770
346	-0.005	0.011	0.770
347	-0.003	0.010	0.770
348	-0.005	0.007	0.767
349	-0.004	0.007	0.773
350	-0.003	0.008	0.769
351	-0.005	0.011	0.771
352	-0.005	0.011	0.772
353	-0.007	0.014	0.774
354	-0.007	0.013	0.774
355	-0.007	0.011	0.775
356	-0.005	0.007	0.773
357	-0.005	0.007	0.772
358	-0.006	0.009	0.771
359	-0.005	0.007	0.765
360	-0.009	0.010	0.769
361	-0.007	0.011	0.769
362	-0.006	0.011	0.767
363	-0.007	0.009	0.768
364	-0.005	0.009	0.773
365	-0.005	0.009	0.772
366	-0.007	0.010	0.778
367	-0.006	0.011	0.775
368	-0.005	0.015	0.775
369	-0.006	0.011	0.775
370	-0.005	0.010	0.770
371	-0.007	0.010	0.771
372	-0.007	0.007	0.767
373	-0.005	0.007	0.768
374	-0.004	0.007	0.768
375	-0.004	0.011	0.770
376	-0.005	0.011	0.769
377	-0.006	0.010	0.775
378	-0.005	0.009	0.771
379	-0.004	0.011	0.774
380	-0.006	0.007	0.774
381	-0.005	0.009	0.776
382	-0.005	0.007	0.771
383	-0.005	0.010	0.772
384	-0.006	0.008	0.767
385	-0.005	0.009	0.769
386	-0.005	0.011	0.768
387	-0.008	0.012	0.772
388	-0.005	0.010	0.772
389	-0.006	0.009	0.774
390	-0.007	0.009	0.774
391	-0.005	0.013	0.776
392	-0.006	0.012	0.777
393	-0.005	0.014	0.773
394	-0.005	0.012	0.775
395	-0.006	0.011	0.770
396	-0.006	0.009	0.772
397	-0.005	0.011	0.771
398	-0.005	0.010	0.772
399	-0.005	0.014	0.768
400	-0.007	0.015	0.773
401	-0.007	0.015	0.771
402	-0.007	0.011	0.773
403	-0.008	0.009	0.773
404	-0.007	0.010	0.776
405	-0.005	0.015	0.772
406	-0.006	0.015	0.775
407	-0.005	0.015	0.777
408	-0.007	0.013	0.768
409	-0.006	0.010	0.770
410	-0.004	0.006	0.769
411	-0.005	0.009	0.770
412	-0.006	0.009	0.771
413	-0.006	0.014	0.772
414	-0.005	0.013	0.771
415	-0.003	0.012	0.777
416	-0.005	0.009	0.771
417	-0.005	0.007	0.774
418	-0.006	0.007	0.772
419	-0.005	0.007	0.772
420	-0.005	0.011	0.772
421	-0.003	0.011	0.773
422	-0.002	0.012	0.768
423	-0.003	0.011	0.768
424	-0.003	0.011	0.769
425	-0.004	0.010	0.769
426	-0.004	0.008	0.776
427	-0.001	0.007	0.773
428	-0.003	0.009	0.776
429	-0.002	0.010	0.778
430	-0.003	0.010	0.776
431	0.001	0.013	0.773
432	0.003	0.009	0.772
433	-0.001	0.008	0.770
434	-0.002	0.011	0.772
435	-0.002	0.013	0.766
436	-0.001	0.013	0.768
437	-0.002	0.012	0.770
438	-0.002	0.009	0.769
439	0.000	0.004	0.773
440	-0.003	0.005	0.776
441	-0.002	0.010	0.773
442	-0.003	0.011	0.775
443	-0.002	0.012	0.776
444	-0.001	0.011	0.770
445	-0.001	0.009	0.775
446	0.001	0.008	0.771
447	-0.002	0.009	0.770
448	-0.003	0.007	0.770
449	-0.001	0.005	0.768
450	-0.002	0.011	0.771
451	-0.003	0.011	0.774
452	-0.001	0.010	0.775
453	-0.002	0.009	0.776
454	-0.002	0.008	0.772
455	-0.001	0.005	0.775
456	-0.001	0.005	0.773
457	0.000	0.006	0.774
458	-0.002	0.009	0.768
459	-0.004	0.013	0.769
460	-0.001	0.014	0.766
461	-0.002	0.010	0.768
462	-0.001	0.008	0.771
463	-0.002	0.005	0.772
464	0.000	0.006	0.775
465	-0.003	0.006	0.772
466	-0.003	0.007	0.776
467	-0.002	0.008	0.774
468	-0.001	0.013	0.778
469	-0.002	0.011	0.769
470	-0.002	0.009	0.774
471	-0.005	0.006	0.768
472	-0.005	0.006	0.772
473	-0.002	0.006	0.770
474	-0.003	0.009	0.769
475	-0.002	0.010	0.772
476	0.001	0.014	0.773
477	-0.002	0.011	0.772
478	0.000	0.011	0.775
479	0.000	0.006	0.771
480	-0.001	0.008	0.775
481	0.002	0.007	0.772
482	0.002	0.007	0.770
483	-0.002	0.007	0.770
484	0.001	0.009	0.768
485	-0.001	0.011	0.771
486	-0.003	0.015	0.768
487	0.001	0.013	0.771
488	-0.002	0.009	0.771
489	0.003	0.004	0.775
490	0.000	0.005	0.772
491	-0.003	0.005	0.777
492	-0.002	0.011	0.775
493	-0.003	0.015	0.773
494	-0.003	0.014	0.769
495	-0.003	0.009	0.768
496	-0.004	0.004	0.768
497	-0.005	-0.001	0.766
498	-0.005	-0.002	0.768
499	-0.005	0.002	0.768
500	-0.004	0.008	0.776
501	-0.004	0.014	0.771
502	-0.003	0.015	0.775
503	-0.004	0.012	0.775
504	-0.004	0.007	0.776
505	-0.004	0.003	0.772
506	-0.007	0.000	0.771
507	-0.005	0.002	0.770
508	-0.005	0.009	0.773
509	-0.008	0.013	0.768
510	-0.006	0.017	0.770
511	-0.006	0.013	0.768
512	-0.009	0.007	0.772
513	-0.005	0.004	0.772
514	-0.006	0.005	0.775
515	-0.006	0.008	0.774
516	0.015	0.009	0.923
517	0.215	-0.002	1.101
518	0.206	-0.001	1.103
519	0.201	-0.002	1.087
520	0.199	-0.002	1.082
521	0.197	-0.002	1.087
522	0.195	0.000	1.084
523	0.193	-0.001	1.079
524	0.194	-0.003	1.069
525	0.191	-0.003	1.073
526	0.190	0.001	1.073
527	0.189	-0.003	1.073
528	0.189	-0.001	1.066
529	0.187	-0.003	1.070
530	0.188	-0.003	1.062
531	0.188	0.001	1.075
532	0.186	-0.002	1.077
533	0.187	-0.003	1.071
534	0.187	-0.002	1.056
535	0.186	-0.001	1.058
536	0.186	0.002	1.065
537	0.183	-0.003	1.068
538	0.184	-0.005	1.060
539	0.184	-0.002	1.046
540	0.183	0.003	1.046
541	0.185	0.003	1.059
542	0.182	-0.004	1.068
543	0.182	-0.007	1.062
544	0.183	0.000	1.056
545	0.181	0.003	1.052
546	0.185	-0.002	1.062
547	0.183	-0.005	1.074
548	0.182	-0.004	1.058
549	0.183	0.002	1.048
550	0.181	0.002	1.047
551	0.183	-0.003	1.051
552	0.181	-0.004	1.058
553	0.182	-0.002	1.068
554	0.183	0.003	1.058
555	0.182	0.001	1.051
556	0.185	-0.003	1.059
557	0.186	-0.003	1.063
558	0.185	-0.001	1.062
559	0.183	-0.001	1.074
560	0.183	-0.006	1.060
561	0.185	-0.005	1.055
562	0.184	-0.005	1.052
563	0.183	-0.002	1.063
564	0.185	-0.003	1.064
565	0.182	-0.005	1.053
566	0.183	-0.003	1.044
567	0.181	-0.001	1.048
568	0.180	-0.003	1.060
569	0.183	-0.002	1.072
570	0.183	-0.004	1.067
571	0.180	-0.004	1.059
572	0.181	-0.001	1.056
573	0.183	-0.002	1.057
574	0.182	-0.004	1.052
575	0.181	-0.004	1.048
576	0.179	0.000	1.054
577	0.181	-0.003	1.054
578	0.181	-0.003	1.056
579	0.181	-0.002	1.058
580	0.181	0.001	1.056
581	0.180	-0.002	1.048
582	0.178	-0.003	1.050
583	0.182	-0.002	1.050
584	0.178	-0.004	1.062
585	0.178	-0.003	1.063
586	0.180	-0.004	1.048
587	0.179	-0.005	1.039
588	0.177	-0.005	1.047
589	0.179	-0.003	1.048
590	0.179	-0.002	1.058
591	0.178	-0.003	1.052
592	0.179	-0.004	1.048
593	0.179	-0.007	1.047
594	0.179	-0.005	1.053
595	0.180	-0.008	1.060
596	0.180	-0.004	1.064
597	0.179	-0.008	1.055
598	0.177	-0.007	1.049
599	0.179	-0.007	1.044
600	0.179	-0.004	1.042
601	0.180	-0.007	1.053
602	0.180	-0.006	1.065
603	0.180	-0.005	1.058
604	0.179	-0.007	1.050
605	0.177	-0.007	1.054
606	0.181	-0.007	1.050
607	0.181	-0.005	1.067
608	0.181	-0.006	1.061
609	0.181	-0.005	1.069
610	0.179	-0.004	1.060
611	0.180	-0.004	1.048
612	0.180	-0.004	1.050
613	0.179	-0.004	1.050
614	0.179	-0.003	1.058
615	0.177	-0.004	1.062
616	0.179	-0.002	1.058
617	0.179	-0.001	1.048
618	0.179	-0.001	1.046
619	0.178	0.001	1.060
620	0.178	-0.002	1.062
621	0.177	0.001	1.058
622	0.178	0.000	1.058
623	0.179	0.001	1.050
624	0.177	0.002	1.053
625	0.177	-0.002	1.048
626	0.177	0.002	1.048
627	0.177	-0.001	1.054
628	0.178	0.000	1.054
629	0.178	0.001	1.047
630	0.178	0.001	1.059
631	0.177	-0.002	1.059
632	0.176	-0.001	1.062
633	0.178	0.000	1.065
634	0.179	-0.001	1.062
635	0.178	0.000	1.054
636	0.179	-0.002	1.056
637	0.180	-0.002	1.053
638	0.177	0.001	1.054
639	0.178	0.001	1.062
640	0.177	0.001	1.059
641	0.178	-0.003	1.055
642	0.177	-0.002	1.054
643	0.181	-0.002	1.055
644	0.181	0.002	1.063
645	0.180	-0.002	1.066
646	0.179	-0.001	1.065
647	0.180	-0.001	1.054
648	0.180	-0.001	1.048
649	0.179	0.000	1.057
650	0.181	-0.002	1.054
651	0.181	-0.002	1.055
652	0.177	-0.002	1.066
653	0.178	0.000	1.061
654	0.179	-0.002	1.045
655	0.179	-0.001	1.052
656	0.178	0.001	1.060
657	0.178	-0.002	1.070
658	0.179	-0.001	1.071
659	0.178	-0.004	1.059
660	0.183	-0.001	1.050
661	0.180	-0.001	1.053
662	0.179	-0.003	1.052
663	0.179	-0.002	1.059
664	0.180	-0.003	1.067
665	0.180	-0.001	1.056
666	0.182	-0.003	1.051
667	0.181	-0.001	1.056
668	0.179	0.000	1.061
669	0.180	-0.002	1.062
670	0.179	-0.003	1.069
671	0.181	-0.002	1.055
672	0.180	-0.001	1.054
673	0.178	-0.002	1.056
674	0.181	-0.002	1.053
675	0.181	-0.003	1.049
676	0.182	-0.003	1.061
677	0.178	-0.001	1.060
678	0.179	-0.002	1.063
679	0.178	-0.002	1.057
680	0.181	-0.001	1.056
681	0.181	0.000	1.052
682	0.179	-0.003	1.057
683	0.178	-0.003	1.062
684	0.179	-0.002	1.063
685	0.180	-0.001	1.062
686	0.182	-0.002	1.050
687	0.180	-0.003	1.046
688	0.180	-0.004	1.053
689	0.179	-0.002	1.062
690	0.180	-0.001	1.064
691	0.180	0.000	1.064
692	0.180	0.001	1.064
693	0.181	-0.002	1.066
694	0.181	-0.001	1.058
695	0.181	0.002	1.057
696	0.182	0.001	1.056
697	0.180	0.000	1.065
698	0.181	0.001	1.056
699	0.180	0.001	1.054
700	0.179	-0.001	1.051
701	0.179	0.000	1.050
702	0.182	-0.001	1.066
703	0.184	-0.002	1.076
704	0.182	0.000	1.061
705	0.182	0.001	1.054
706	0.181	-0.002	1.061
707	0.179	-0.002	1.046
708	0.181	-0.001	1.052
709	0.181	0.000	1.061
710	0.180	-0.002	1.064
711	0.182	-0.001	1.050
712	0.181	0.002	1.050
713	0.181	-0.001	1.048
714	0.179	-0.003	1.054
715	0.179	-0.001	1.061
716	0.181	-0.003	1.065
717	0.178	-0.004	1.050
718	0.181	-0.003	1.054
719	0.180	-0.002	1.052
720	0.179	-0.003	1.050
721	0.178	-0.004	1.053
722	0.179	-0.002	1.056
723	0.179	-0.005	1.057
724	0.179	0.000	1.050
725	0.177	0.001	1.053
726	0.178	0.000	1.052
727	0.178	-0.003	1.067
728	0.182	-0.002	1.066
729	0.181	0.003	1.069
730	0.178	-0.001	1.057
731	0.180	-0.001	1.053
732	0.180	0.004	1.052
733	0.180	-0.002	1.054
734	0.180	-0.003	1.058
735	0.179	0.001	1.066
736	0.180	-0.003	1.057
737	0.181	-0.003	1.065
738	0.178	-0.003	1.057
739	0.182	-0.005	1.071
740	0.180	-0.002	1.074
741	0.180	-0.001	1.062
742	0.182	-0.004	1.056
743	0.182	-0.001	1.062
744	0.180	-0.002	1.068
745	0.182	-0.002	1.063
746	0.183	0.002	1.053
747	0.182	-0.001	1.058
748	0.182	0.001	1.061
749	0.182	-0.002	1.074
750	0.180	-0.002	1.075
751	0.181	-0.001	1.056
752	0.185	0.000	1.059
753	0.182	-0.001	1.058
754	0.182	-0.003	1.061
755	0.184	-0.001	1.073
756	0.183	-0.001	1.068
757	0.182	-0.004	1.055
758	0.181	-0.002	1.051
759	0.186	-0.003	1.054
760	0.182	-0.002	1.062
761	0.183	-0.001	1.065
762	0.182	-0.001	1.066
763	0.182	-0.003	1.063
764	0.183	-0.003	1.065
765	0.182	0.000	1.063
766	0.180	-0.002	1.063
767	0.182	0.004	1.053
768	0.184	0.002	1.054
769	0.183	-0.001	1.067
770	0.185	0.002	1.060
771	0.183	0.003	1.053
772	0.183	-0.001	1.050
773	0.182	0.000	1.055
774	0.184	0.002	1.067
775	0.183	0.001	1.078
776	0.183	0.001	1.059
777	0.183	-0.002	1.056
778	0.184	0.000	1.046
779	0.182	-0.002	1.049
780	0.183	-0.001	1.058
781	0.184	-0.002	1.058
782	0.185	-0.002	1.052
783	0.184	0.000	1.049
784	0.184	-0.003	1.041
785	0.185	-0.002	1.057
786	0.183	0.000	1.073
787	0.185	-0.002	1.058
788	0.183	-0.002	1.056
789	0.182	0.000	1.042
790	0.185	0.000	1.038
791	0.184	-0.002	1.045
792	0.185	0.001	1.057
793	0.182	0.000	1.053
794	0.184	-0.001	1.048
795	0.184	-0.001	1.048
796	0.183	-0.002	1.048
797	0.183	0.000	1.049
798	0.183	0.001	1.064
799	0.185	-0.004	1.065
800	0.184	-0.003	1.063
801	0.185	-0.003	1.036
802	0.185	-0.004	1.035
803	0.185	-0.003	1.049
804	0.185	-0.004	1.066
805	0.185	-0.003	1.054
806	0.185	-0.004	1.047
807	0.188	-0.004	1.046
808	0.186	-0.001	1.036
809	0.186	-0.001	1.050
810	0.185	-0.002	1.072
811	0.186	-0.001	1.080
812	0.184	-0.001	1.060
813	0.183	-0.003	1.040
814	0.186	0.000	1.040
815	0.185	-0.001	1.052
816	0.185	0.001	1.062
817	0.184	0.001	1.060
818	0.183	-0.002	1.063
819	0.184	0.003	1.054
820	0.185	0.003	1.048
821	0.185	0.002	1.064
822	0.185	0.002	1.072
823	0.184	0.001	1.069
824	0.183	0.002	1.050
825	0.185	0.003	1.050
826	0.184	-0.001	1.052
827	0.183	-0.001	1.060
828	0.185	0.002	1.056
829	0.184	0.001	1.060
830	0.181	-0.001	1.065
831	0.183	-0.003	1.053
832	0.185	0.000	1.052
833	0.183	-0.002	1.058
834	0.185	-0.004	1.074
835	0.184	-0.004	1.064
836	0.183	-0.002	1.064
837	0.181	-0.003	1.052
838	0.182	-0.003	1.046
839	0.184	-0.007	1.057
840	0.182	-0.004	1.063
841	0.181	-0.004	1.061
842	0.182	-0.005	1.072
843	0.183	-0.004	1.051
844	0.183	-0.003	1.042
845	0.183	-0.002	1.054
846	0.184	-0.002	1.072
847	0.183	-0.002	1.063
848	0.184	-0.001	1.060
849	0.184	-0.001	1.042
850	0.184	-0.001	1.041
851	0.184	0.000	1.045
852	0.186	0.000	1.050
853	0.186	0.001	1.069
854	0.187	0.001	1.061
855	0.186	0.002	1.051
856	0.186	0.001	1.049
857	0.187	0.002	1.055
858	0.186	0.002	1.058
859	0.186	0.005	1.068
860	0.188	0.002	1.062
861	0.187	0.002	1.044
862	0.185	0.002	1.032
863	0.187	0.000	1.040
864	0.185	0.000	1.055
865	0.187	-0.001	1.069
866	0.186	-0.002	1.062
867	0.187	0.003	1.054
868	0.187	0.000	1.041
869	0.186	0.001	1.036
870	0.186	0.003	1.048
871	0.186	0.002	1.059
872	0.186	0.002	1.061
873	0.187	0.001	1.037
874	0.187	0.003	1.028
875	0.185	0.001	1.034
876	0.188	0.001	1.058
877	0.185	0.003	1.061
878	0.187	0.000	1.062
879	0.184	0.000	1.047
880	0.186	0.001	1.050
881	0.187	0.002	1.043
882	0.187	0.004	1.056
883	0.186	0.002	1.055
884	0.187	0.005	1.059
885	0.186	0.005	1.044
886	0.188	0.005	1.030
887	0.187	0.005	1.038
888	0.185	0.003	1.055
889	0.186	0.005	1.064
890	0.185	0.005	1.062
891	0.188	0.004	1.052
892	0.187	0.002	1.042
893	0.185	0.002	1.048
894	0.186	0.004	1.063
895	0.184	0.002	1.058
896	0.184	0.005	1.060
897	0.184	0.005	1.046
898	0.185	0.003	1.042
899	0.185	0.005	1.051
900	0.185	0.001	1.068
901	0.186	0.006	1.070
902	0.185	0.002	1.071
903	0.185	0.000	1.058
904	0.186	0.002	1.043
905	0.187	0.002	1.049
906	0.186	0.001	1.060
907	0.185	0.002	1.058
908	0.186	0.002	1.065
909	0.186	0.003	1.056
910	0.185	0.003	1.043
911	0.186	0.003	1.057
912	0.184	0.002	1.061
913	0.186	0.003	1.069
914	0.185	0.002	1.074
915	0.184	0.005	1.054
916	0.185	0.002	1.047
917	0.187	0.007	1.056
918	0.186	0.004	1.060
919	0.186	0.003	1.060
920	0.187	0.002	1.071
921	0.187	0.001	1.057
922	0.189	0.002	1.057
923	0.187	0.001	1.064
924	0.183	0.002	1.069
925	0.184	0.001	1.072
926	0.186	0.003	1.071
927	0.186	0.003	1.071
928	0.186	0.002	1.057
929	0.184	0.000	1.055
930	0.185	-0.001	1.061
931	0.184	0.003	1.054
932	0.185	0.001	1.058
933	0.183	0.001	1.066
934	0.185	0.000	1.049
935	0.185	0.001	1.058
936	0.183	0.004	1.076
937	0.184	0.005	1.065
938	0.185	-0.002	1.064
939	0.184	0.001	1.073
940	0.183	0.005	1.067
941	0.186	0.002	1.060
942	0.184	0.002	1.055
943	0.185	0.003	1.060
944	0.186	0.002	1.065
945	0.183	0.002	1.063
946	0.183	0.003	1.054
947	0.184	0.000	1.062
948	0.182	0.002	1.066
949	0.181	0.001	1.061
950	0.181	0.002	1.064
951	0.181	0.003	1.062
952	0.181	0.004	1.058
953	0.180	0.004	1.064
954	0.181	-0.001	1.051
955	0.181	0.004	1.046
956	0.182	0.000	1.064
957	0.183	0.000	1.062
958	0.185	-0.002	1.068
959	0.183	0.002	1.066
960	0.184	0.000	1.068
961	0.180	-0.003	1.062
962	0.183	-0.004	1.061
963	0.182	-0.005	1.062
964	0.183	-0.007	1.069
965	0.183	-0.004	1.067
966	0.181	-0.003	1.061
967	0.179	-0.004	1.051
968	0.182	-0.003	1.065
969	0.180	-0.003	1.072
970	0.181	-0.005	1.069
971	0.181	0.000	1.064
972	0.183	-0.002	1.052
973	0.182	-0.002	1.051
974	0.181	-0.003	1.054
975	0.181	-0.003	1.067
976	0.183	-0.003	1.060
977	0.184	-0.002	1.066
978	0.184	0.001	1.061
979	0.184	-0.002	1.050
980	0.184	-0.002	1.056
981	0.185	-0.002	1.076
982	0.186	-0.002	1.066
983	0.184	0.000	1.063
984	0.188	-0.001	1.044
985	0.187	0.001	1.042
986	0.188	-0.001	1.052
987	0.187	-0.001	1.060
988	0.189	-0.001	1.061
989	0.186	0.000	1.056
990	0.186	0.001	1.058
991	0.189	-0.003	1.056
992	0.191	0.002	1.057
993	0.192	0.000	1.066
994	0.188	0.002	1.056
995	0.190	0.001	1.051
996	0.189	0.000	1.054
997	0.189	-0.001	1.052
998	0.191	0.004	1.058
999	0.189	0.002	1.059
1000	0.190	-0.001	1.041
1001	0.190	-0.001	1.039
1002	0.189	0.001	1.062
1003	0.191	0.001	1.065
1004	0.188	0.001	1.061
1005	0.190	0.001	1.056
1006	0.188	0.002	1.040
1007	0.190	0.001	1.048
1008	0.190	0.001	1.065
1009	0.190	0.002	1.062
1010	0.190	0.003	1.057
1011	0.189	0.002	1.055
1012	0.190	0.000	1.047
1013	0.189	0.001	1.064
1014	0.189	0.003	1.067
1015	0.189	0.005	1.061
1016	0.190	0.001	1.061
1017	0.356	-0.001	1.354
1018	0.456	0.002	1.469
1019	0.444	0.005	1.438
1020	0.439	0.002	1.446
1021	0.437	0.005	1.437
1022	0.435	0.003	1.427
1023	0.434	0.005	1.424
1024	0.430	0.004	1.412
1025	0.431	0.002	1.417
1026	0.428	0.004	1.409
1027	0.427	-0.001	1.411
1028	0.425	0.002	1.411
1029	0.424	0.002	1.411
1030	0.420	0.002	1.401
1031	0.421	0.001	1.406
1032	0.421	0.001	1.413
1033	0.419	0.001	1.417
1034	0.419	0.003	1.403
1035	0.418	0.002	1.384
1036	0.416	-0.001	1.391
1037	0.417	0.002	1.393
1038	0.418	0.003	1.395
1039	0.418	0.005	1.401
1040	0.416	0.000	1.403
1041	0.416	0.003	1.393
1042	0.414	0.003	1.397
1043	0.413	0.007	1.397
1044	0.413	0.004	1.398
1045	0.414	0.004	1.401
1046	0.413	0.002	1.398
1047	0.411	0.003	1.389
1048	0.413	0.002	1.383
1049	0.411	0.006	1.384
1050	0.409	0.001	1.407
1051	0.410	0.003	1.407
1052	0.409	0.001	1.388
1053	0.410	0.002	1.397
1054	0.410	0.000	1.396
1055	0.408	0.000	1.389
1056	0.408	0.001	1.393
1057	0.408	0.003	1.405
1058	0.406	0.000	1.395
1059	0.407	0.000	1.379
1060	0.408	-0.001	1.376
1061	0.407	0.002	1.397
1062	0.406	0.001	1.395
1063	0.404	0.001	1.399
1064	0.404	-0.002	1.398
1065	0.402	0.001	1.389
1066	0.404	0.001	1.381
1067	0.403	0.001	1.385
1068	0.404	-0.002	1.389
1069	0.400	0.002	1.385
1070	0.401	-0.001	1.373
1071	0.402	-0.001	1.387
1072	0.403	-0.002	1.381
1073	0.400	0.000	1.389
1074	0.403	-0.002	1.397
1075	0.402	0.003	1.395
1076	0.403	-0.002	1.391
1077	0.402	-0.001	1.384
1078	0.401	-0.003	1.382
1079	0.401	-0.003	1.388
1080	0.401	-0.003	1.386
1081	0.402	-0.002	1.370
1082	0.400	-0.003	1.381
1083	0.400	-0.001	1.377
1084	0.402	0.000	1.389
1085	0.400	-0.001	1.391
1086	0.404	-0.002	1.379
1087	0.402	-0.001	1.382
1088	0.404	0.001	1.380
1089	0.403	-0.002	1.377
1090	0.404	0.002	1.382
1091	0.405	-0.002	1.381
1092	0.404	-0.001	1.379
1093	0.405	-0.003	1.376
1094	0.403	-0.003	1.381
1095	0.404	-0.002	1.381
1096	0.401	-0.002	1.401
1097	0.401	-0.002	1.388
1098	0.401	0.000	1.378
1099	0.401	-0.003	1.370
1100	0.402	0.001	1.388
1101	0.400	-0.002	1.395
1102	0.400	0.001	1.376
1103	0.400	-0.003	1.373
1104	0.401	-0.002	1.369
1105	0.402	-0.003	1.371
1106	0.400	-0.001	1.369
1107	0.400	-0.002	1.384
1108	0.400	-0.001	1.380
1109	0.400	-0.003	1.376
1110	0.402	-0.002	1.367
1111	0.398	-0.002	1.364
1112	0.399	-0.003	1.373
1113	0.400	-0.003	1.383
1114	0.398	-0.005	1.382
1115	0.398	-0.007	1.368
1116	0.398	-0.006	1.369
1117	0.397	-0.007	1.376
1118	0.398	-0.007	1.386
1119	0.397	-0.008	1.385
1120	0.397	-0.004	1.383
1121	0.397	-0.005	1.372
1122	0.396	-0.002	1.371
1123	0.397	-0.004	1.361
1124	0.396	-0.003	1.372
1125	0.396	-0.005	1.377
1126	0.397	-0.004	1.372
1127	0.398	-0.003	1.362
1128	0.400	-0.003	1.363
1129	0.400	-0.002	1.369
1130	0.398	-0.007	1.375
1131	0.402	-0.002	1.378
1132	0.399	-0.002	1.372
1133	0.399	-0.003	1.362
1134	0.400	-0.003	1.365
1135	0.400	-0.002	1.369
1136	0.400	-0.005	1.368
1137	0.398	-0.004	1.379
1138	0.400	-0.005	1.369
1139	0.399	-0.001	1.365
1140	0.400	-0.002	1.361
1141	0.398	-0.001	1.376
1142	0.401	-0.001	1.381
1143	0.399	0.001	1.387
1144	0.401	0.001	1.375
1145	0.400	-0.002	1.365
1146	0.400	-0.002	1.359
1147	0.398	-0.001	1.367
1148	0.398	0.000	1.365
1149	0.398	-0.003	1.385
1150	0.398	-0.005	1.377
1151	0.399	-0.003	1.375
1152	0.397	-0.006	1.361
1153	0.398	-0.007	1.368
1154	0.399	-0.004	1.374
1155	0.397	-0.004	1.383
1156	0.395	-0.002	1.379
1157	0.397	-0.005	1.370
1158	0.396	-0.005	1.357
1159	0.396	-0.005	1.358
1160	0.399	-0.006	1.365
1161	0.398	-0.005	1.370
1162	0.395	-0.006	1.382
1163	0.395	-0.007	1.383
1164	0.397	-0.006	1.381
1165	0.395	-0.006	1.377
1166	0.395	-0.006	1.374
1167	0.398	-0.007	1.377
1168	0.396	-0.006	1.375
1169	0.396	-0.008	1.378
1170	0.395	-0.005	1.375
1171	0.395	-0.004	1.377
1172	0.395	-0.004	1.369
1173	0.398	-0.002	1.370
1174	0.396	-0.003	1.371
1175	0.394	0.000	1.376
1176	0.395	-0.003	1.377
1177	0.396	-0.001	1.379
1178	0.395	0.002	1.371
1179	0.396	-0.001	1.369
1180	0.398	0.001	1.352
1181	0.396	0.001	1.365
1182	0.394	-0.002	1.359
1183	0.395	-0.003	1.365
1184	0.394	0.001	1.367
1185	0.397	-0.002	1.367
1186	0.397	-0.002	1.357
1187	0.396	0.000	1.362
1188	0.398	-0.001	1.373
1189	0.397	-0.001	1.382
1190	0.398	0.000	1.373
1191	0.398	0.000	1.363
1192	0.397	0.001	1.356
1193	0.399	-0.001	1.362
1194	0.397	0.001	1.363
1195	0.398	0.001	1.375
1196	0.398	0.002	1.371
1197	0.400	-0.001	1.366
1198	0.399	-0.002	1.368
1199	0.399	0.002	1.360
1200	0.399	-0.001	1.369
1201	0.399	-0.002	1.368
1202	0.400	0.000	1.368
1203	0.400	0.001	1.360
1204	0.399	0.003	1.354
1205	0.399	0.001	1.362
1206	0.400	0.001	1.369
1207	0.399	0.002	1.366
1208	0.400	0.000	1.368
1209	0.398	0.003	1.364
1210	0.399	0.004	1.365
1211	0.398	-0.001	1.363
1212	0.399	0.003	1.361
1213	0.398	0.002	1.365
1214	0.399	0.003	1.362
1215	0.398	0.003	1.352
1216	0.397	0.003	1.345
1217	0.398	0.002	1.358
1218	0.399	0.009	1.364
1219	0.399	0.006	1.363
1220	0.396	0.000	1.353
1221	0.398	0.003	1.355
1222	0.396	0.004	1.359
1223	0.395	0.002	1.371
1224	0.394	0.002	1.369
1225	0.394	0.001	1.371
1226	0.395	-0.001	1.353
1227	0.392	0.001	1.351
1228	0.392	0.001	1.345
1229	0.391	-0.001	1.365
1230	0.391	0.000	1.382
1231	0.392	-0.001	1.357
1232	0.390	0.000	1.352
1233	0.389	-0.001	1.347
1234	0.391	-0.001	1.356
1235	0.389	-0.002	1.375
1236	0.391	0.001	1.384
1237	0.391	0.001	1.357
1238	0.392	0.001	1.343
1239	0.394	-0.003	1.336
1240	0.393	0.003	1.349
1241	0.393	-0.001	1.363
1242	0.392	-0.002	1.379
1243	0.393	-0.004	1.368
1244	0.391	-0.003	1.355
1245	0.391	-0.003	1.344
1246	0.391	-0.002	1.359
1247	0.391	-0.003	1.367
1248	0.389	-0.005	1.369
1249	0.389	0.000	1.359
1250	0.390	-0.001	1.337
1251	0.390	0.000	1.334
1252	0.390	-0.002	1.347
1253	0.391	-0.002	1.363
1254	0.390	-0.002	1.365
1255	0.389	-0.003	1.370
1256	0.389	-0.002	1.354
1257	0.388	-0.001	1.352
1258	0.387	0.001	1.356
1259	0.388	0.001	1.372
1260	0.389	-0.001	1.374
1261	0.387	0.001	1.354
1262	0.388	0.001	1.348
1263	0.391	-0.001	1.345
1264	0.386	0.001	1.363
1265	0.388	-0.001	1.371
1266	0.389	0.002	1.373
1267	0.385	0.001	1.365
1268	0.387	0.000	1.357
1269	0.387	0.006	1.348
1270	0.389	0.001	1.351
1271	0.386	-0.001	1.363
1272	0.387	0.001	1.373
1273	0.386	0.001	1.368
1274	0.385	0.002	1.349
1275	0.385	0.002	1.351
1276	0.387	0.001	1.351
1277	0.386	0.002	1.354
1278	0.385	0.001	1.372
1279	0.386	0.001	1.365
1280	0.389	0.001	1.353
1281	0.384	-0.002	1.349
1282	0.385	-0.002	1.350
1283	0.384	-0.002	1.351
1284	0.387	-0.001	1.370
1285	0.385	-0.002	1.368
1286	0.385	0.001	1.343
1287	0.386	-0.001	1.347
1288	0.384	-0.004	1.352
1289	0.386	-0.005	1.371
1290	0.385	-0.001	1.367
1291	0.385	-0.002	1.364
1292	0.383	-0.002	1.351
1293	0.385	-0.003	1.352
1294	0.383	-0.003	1.361
1295	0.385	-0.003	1.369
1296	0.383	-0.004	1.365
1297	0.382	-0.003	1.360
1298	0.384	-0.004	1.352
1299	0.383	-0.006	1.343
1300	0.383	-0.006	1.347
1301	0.386	-0.004	1.361
1302	0.382	-0.003	1.365
1303	0.383	-0.005	1.369
1304	0.384	-0.007	1.356
1305	0.383	-0.004	1.342
1306	0.383	-0.005	1.353
1307	0.382	-0.005	1.364
1308	0.383	-0.003	1.370
1309	0.383	-0.002	1.367
1310	0.384	-0.003	1.359
1311	0.385	-0.004	1.351
1312	0.383	-0.001	1.363
1313	0.382	-0.003	1.368
1314	0.384	-0.003	1.382
1315	0.380	-0.004	1.376
1316	0.382	0.000	1.359
1317	0.380	-0.002	1.344
1318	0.380	-0.001	1.357
1319	0.383	-0.005	1.367
1320	0.381	-0.002	1.375
1321	0.382	-0.005	1.346
1322	0.380	-0.004	1.342
1323	0.383	-0.002	1.340
1324	0.382	-0.005	1.359
1325	0.380	-0.002	1.375
1326	0.382	-0.004	1.368
1327	0.380	-0.005	1.363
1328	0.381	-0.004	1.349
1329	0.381	-0.004	1.349
1330	0.380	0.001	1.356
1331	0.380	-0.004	1.368
1332	0.380	-0.002	1.362
1333	0.381	-0.001	1.349
1334	0.380	-0.003	1.339
1335	0.378	0.001	1.343
1336	0.379	-0.002	1.360
1337	0.379	-0.001	1.375
1338	0.377	-0.001	1.365
1339	0.378	-0.002	1.355
1340	0.378	-0.002	1.353
1341	0.377	0.000	1.349
1342	0.378	0.001	1.357
1343	0.377	-0.002	1.361
1344	0.379	-0.002	1.368
1345	0.379	-0.001	1.352
1346	0.377	-0.003	1.344
1347	0.377	0.001	1.337
1348	0.377	-0.001	1.357
1349	0.378	-0.002	1.369
1350	0.378	-0.001	1.363
1351	0.377	-0.001	1.343
1352	0.377	-0.002	1.341
1353	0.378	0.001	1.348
1354	0.378	-0.004	1.362
1355	0.378	0.000	1.365
1356	0.376	-0.003	1.363
1357	0.378	-0.003	1.347
1358	0.378	-0.003	1.343
1359	0.377	-0.002	1.342
1360	0.376	-0.002	1.359
1361	0.377	-0.003	1.369
1362	0.379	-0.005	1.367
1363	0.378	-0.001	1.349
1364	0.378	-0.002	1.344
1365	0.378	-0.005	1.359
1366	0.378	-0.004	1.372
1367	0.377	-0.004	1.371
1368	0.378	-0.003	1.356
1369	0.380	-0.003	1.347
1370	0.379	-0.003	1.345
1371	0.377	-0.003	1.357
1372	0.380	-0.002	1.366
1373	0.380	-0.001	1.364
1374	0.377	-0.002	1.362
1375	0.378	-0.001	1.344
1376	0.379	-0.002	1.345
1377	0.379	-0.002	1.347
1378	0.379	0.001	1.362
1379	0.379	-0.002	1.369
1380	0.380	-0.002	1.358
1381	0.378	-0.001	1.344
1382	0.379	0.001	1.345
1383	0.378	0.001	1.356
1384	0.379	0.000	1.365
1385	0.377	0.001	1.366
1386	0.381	0.001	1.357
1387	0.379	-0.002	1.357
1388	0.380	-0.002	1.350
1389	0.381	-0.001	1.362
1390	0.380	-0.005	1.372
1391	0.378	-0.005	1.371
1392	0.380	-0.005	1.361
1393	0.379	-0.004	1.354
1394	0.381	-0.003	1.351
1395	0.379	-0.005	1.364
1396	0.378	-0.004	1.359
1397	0.379	-0.005	1.364
1398	0.379	-0.001	1.359
1399	0.378	-0.006	1.361
1400	0.380	-0.004	1.365
1401	0.378	-0.007	1.369
1402	0.379	-0.004	1.371
1403	0.377	-0.003	1.358
1404	0.379	-0.004	1.350
1405	0.378	-0.004	1.348
1406	0.378	-0.007	1.355
1407	0.380	-0.003	1.350
1408	0.378	-0.002	1.369
1409	0.377	-0.002	1.359
1410	0.378	-0.004	1.350
1411	0.377	-0.005	1.354
1412	0.376	-0.002	1.363
1413	0.378	-0.002	1.363
1414	0.377	-0.002	1.356
1415	0.378	-0.001	1.344
1416	0.378	-0.002	1.355
1417	0.376	-0.002	1.355
1418	0.376	-0.001	1.349
1419	0.377	-0.003	1.354
1420	0.377	-0.003	1.358
1421	0.379	-0.002	1.355
1422	0.376	-0.004	1.347
1423	0.378	-0.005	1.351
1424	0.378	-0.006	1.359
1425	0.377	-0.007	1.359
1426	0.376	-0.006	1.350
1427	0.381	-0.004	1.347
1428	0.374	-0.006	1.341
1429	0.375	-0.006	1.358
1430	0.378	-0.005	1.356
1431	0.376	-0.007	1.345
1432	0.375	-0.007	1.341
1433	0.377	-0.004	1.354
1434	0.377	-0.003	1.358
1435	0.376	-0.007	1.362
1436	0.378	-0.006	1.367
1437	0.378	-0.007	1.350
1438	0.375	-0.004	1.349
1439	0.374	-0.003	1.356
1440	0.376	-0.007	1.361
1441	0.377	-0.007	1.358
1442	0.376	-0.005	1.351
1443	0.376	-0.007	1.343
1444	0.376	-0.004	1.351
1445	0.376	-0.005	1.359
1446	0.376	-0.007	1.365
1447	0.375	-0.005	1.368
1448	0.373	-0.004	1.353
1449	0.374	-0.005	1.347
1450	0.377	-0.005	1.353
1451	0.374	-0.005	1.357
1452	0.375	-0.005	1.355
1453	0.376	-0.004	1.351
1454	0.372	-0.006	1.347
1455	0.373	-0.006	1.352
1456	0.373	-0.004	1.351
1457	0.376	-0.005	1.352
1458	0.373	-0.003	1.340
1459	0.373	-0.007	1.352
1460	0.373	-0.003	1.353
1461	0.373	-0.003	1.352
1462	0.373	-0.002	1.351
1463	0.372	-0.001	1.348
1464	0.375	-0.002	1.344
1465	0.373	-0.002	1.345
1466	0.373	0.000	1.349
1467	0.374	-0.001	1.349
1468	0.374	-0.002	1.350
1469	0.374	0.000	1.344
1470	0.373	0.002	1.348
1471	0.373	0.003	1.356
1472	0.374	-0.002	1.363
1473	0.374	-0.001	1.352
1474	0.375	0.000	1.351
1475	0.374	0.001	1.349
1476	0.375	0.000	1.355
1477	0.375	0.004	1.353
1478	0.374	-0.003	1.344
1479	0.375	-0.001	1.347
1480	0.376	0.003	1.350
1481	0.376	0.001	1.355
1482	0.375	0.002	1.348
1483	0.376	0.002	1.351
1484	0.375	0.000	1.349
1485	0.373	-0.001	1.357
1486	0.375	0.002	1.357
1487	0.371	0.000	1.355
1488	0.375	-0.001	1.349
1489	0.377	0.001	1.339
1490	0.377	-0.001	1.343
1491	0.372	-0.002	1.351
1492	0.373	-0.001	1.350
1493	0.374	-0.001	1.353
1494	0.372	-0.004	1.345
1495	0.374	-0.004	1.342
1496	0.374	-0.002	1.348
1497	0.372	-0.005	1.359
1498	0.372	-0.006	1.356
1499	0.374	-0.005	1.351
1500	0.372	-0.004	1.348
1501	0.374	-0.002	1.338
1502	0.370	-0.005	1.347
1503	0.372	-0.005	1.338
1504	0.372	-0.007	1.350
1505	0.375	-0.006	1.355
1506	0.372	-0.002	1.346
1507	0.371	-0.003	1.345
1508	0.374	-0.008	1.355
1509	0.373	-0.005	1.355
1510	0.371	-0.004	1.361
1511	0.371	-0.005	1.362
1512	0.372	-0.005	1.352
1513	0.374	-0.007	1.348
1514	0.372	-0.005	1.349
1515	0.373	-0.006	1.347
1516	0.370	-0.007	1.346
1517	0.373	-0.006	1.359
1518	0.635	-0.019	1.846
1519	0.655	-0.017	1.778
1520	0.649	-0.014	1.781
1521	0.643	-0.017	1.770
1522	0.643	-0.013	1.775
1523	0.643	-0.017	1.779
1524	0.639	-0.011	1.771
1525	0.637	-0.012	1.766
1526	0.637	-0.011	1.754
1527	0.639	-0.012	1.757
1528	0.635	-0.011	1.758
1529	0.634	-0.011	1.752
1530	0.632	-0.011	1.764
1531	0.631	-0.012	1.768
1532	0.630	-0.010	1.761
1533	0.630	-0.010	1.753
1534	0.628	-0.009	1.757
1535	0.629	-0.011	1.751
1536	0.628	-0.011	1.759
1537	0.629	-0.011	1.756
1538	0.627	-0.008	1.750
1539	0.628	-0.009	1.743
1540	0.626	-0.009	1.746
1541	0.624	-0.006	1.747
1542	0.624	-0.011	1.754
1543	0.625	-0.009	1.758
1544	0.623	-0.007	1.747
1545	0.623	-0.011	1.739
1546	0.623	-0.009	1.738
1547	0.622	-0.006	1.748
1548	0.622	-0.007	1.741
1549	0.623	-0.007	1.746
1550	0.622	-0.005	1.730
1551	0.620	-0.007	1.728
1552	0.621	-0.005	1.730
1553	0.621	-0.005	1.744
1554	0.622	-0.009	1.748
1555	0.621	-0.005	1.744
1556	0.622	-0.008	1.744
1557	0.620	-0.006	1.737
1558	0.619	-0.006	1.734
1559	0.620	-0.008	1.745
1560	0.621	-0.005	1.747
1561	0.621	-0.005	1.733
1562	0.620	-0.008	1.727
1563	0.621	-0.008	1.729
1564	0.621	-0.007	1.732
1565	0.618	-0.007	1.734
1566	0.619	-0.006	1.730
1567	0.619	-0.010	1.735
1568	0.618	-0.010	1.734
1569	0.619	-0.010	1.749
1570	0.619	-0.011	1.744
1571	0.619	-0.011	1.735
1572	0.619	-0.011	1.723
1573	0.618	-0.015	1.737
1574	0.619	-0.014	1.732
1575	0.618	-0.013	1.738
1576	0.618	-0.012	1.724
1577	0.620	-0.011	1.720
1578	0.618	-0.011	1.720
1579	0.616	-0.012	1.732
1580	0.617	-0.013	1.718
1581	0.616	-0.010	1.736
1582	0.616	-0.010	1.732
1583	0.617	-0.013	1.722
1584	0.616	-0.011	1.728
1585	0.616	-0.015	1.731
1586	0.616	-0.014	1.728
1587	0.616	-0.012	1.725
1588	0.615	-0.014	1.729
1589	0.615	-0.013	1.718
1590	0.617	-0.013	1.734
1591	0.616	-0.011	1.727
1592	0.616	-0.011	1.728
1593	0.616	-0.012	1.727
1594	0.614	-0.012	1.727
1595	0.616	-0.010	1.729
1596	0.615	-0.011	1.731
1597	0.614	-0.011	1.735
1598	0.614	-0.009	1.735
1599	0.613	-0.012	1.721
1600	0.613	-0.011	1.721
1601	0.614	-0.012	1.726
1602	0.614	-0.009	1.725
1603	0.614	-0.012	1.727
1604	0.613	-0.008	1.723
1605	0.613	-0.011	1.722
1606	0.612	-0.011	1.734
1607	0.614	-0.010	1.739
1608	0.613	-0.009	1.724
1609	0.614	-0.009	1.715
1610	0.613	-0.009	1.725
1611	0.613	-0.009	1.722
1612	0.610	-0.009	1.724
1613	0.611	-0.008	1.732
1614	0.610	-0.007	1.728
1615	0.613	-0.007	1.722
1616	0.610	-0.005	1.730
1617	0.613	-0.007	1.722
1618	0.609	-0.004	1.723
1619	0.611	-0.004	1.721
1620	0.611	-0.008	1.735
1621	0.611	-0.005	1.727
1622	0.610	-0.005	1.729
1623	0.610	-0.006	1.724
1624	0.610	-0.004	1.726
1625	0.609	-0.005	1.720
1626	0.610	-0.007	1.722
1627	0.609	-0.005	1.711
1628	0.608	-0.005	1.720
1629	0.609	-0.006	1.718
1630	0.610	-0.007	1.721
1631	0.608	-0.006	1.720
1632	0.607	-0.004	1.712
1633	0.608	-0.007	1.715
1634	0.609	-0.008	1.713
1635	0.611	-0.005	1.720
1636	0.610	-0.005	1.732
1637	0.610	-0.006	1.736
1638	0.608	-0.005	1.719
1639	0.609	-0.007	1.701
1640	0.608	-0.009	1.695
1641	0.608	-0.005	1.715
1642	0.608	-0.008	1.724
1643	0.610	-0.009	1.722
1644	0.606	-0.007	1.722
1645	0.608	-0.008	1.711
1646	0.608	-0.009	1.712
1647	0.609	-0.006	1.712
1648	0.610	-0.011	1.718
1649	0.608	-0.010	1.726
1650	0.610	-0.009	1.730
1651	0.608	-0.008	1.718
1652	0.609	-0.006	1.707
1653	0.609	-0.010	1.707
1654	0.611	-0.008	1.716
1655	0.611	-0.008	1.729
1656	0.611	-0.010	1.716
1657	0.609	-0.010	1.711
1658	0.611	-0.008	1.711
1659	0.612	-0.011	1.713
1660	0.611	-0.008	1.719
1661	0.611	-0.009	1.726
1662	0.612	-0.007	1.728
1663	0.611	-0.006	1.711
1664	0.612	-0.007	1.701
1665	0.612	-0.008	1.705
1666	0.611	-0.007	1.723
1667	0.610	-0.006	1.717
1668	0.611	-0.006	1.715
1669	0.612	-0.006	1.697
1670	0.612	-0.007	1.706
1671	0.612	-0.004	1.715
1672	0.612	-0.007	1.725
1673	0.612	-0.005	1.724
1674	0.611	-0.004	1.730
1675	0.612	-0.007	1.721
1676	0.612	-0.006	1.704
1677	0.611	-0.006	1.709
1678	0.611	-0.007	1.717
1679	0.609	-0.008	1.727
1680	0.612	-0.007	1.718
1681	0.613	-0.007	1.720
1682	0.611	-0.007	1.710
1683	0.613	-0.005	1.703
1684	0.613	-0.006	1.717
1685	0.611	-0.007	1.719
1686	0.612	-0.004	1.724
1687	0.611	-0.005	1.731
1688	0.611	-0.007	1.729
1689	0.612	-0.005	1.709
1690	0.611	-0.005	1.704
1691	0.610	-0.005	1.701
1692	0.610	-0.005	1.725
1693	0.613	-0.004	1.727
1694	0.609	-0.004	1.721
1695	0.611	-0.007	1.709
1696	0.611	-0.005	1.711
1697	0.609	-0.006	1.705
1698	0.610	-0.007	1.713
1699	0.611	-0.003	1.722
1700	0.611	-0.005	1.725
1701	0.609	-0.006	1.729
1702	0.609	-0.002	1.718
1703	0.608	-0.005	1.704
1704	0.609	-0.004	1.698
1705	0.610	-0.004	1.720
1706	0.608	-0.006	1.713
1707	0.609	-0.003	1.719
1708	0.611	-0.005	1.716
1709	0.612	-0.006	1.708
1710	0.607	-0.002	1.705
1711	0.605	-0.005	1.708
1712	0.610	-0.006	1.727
1713	0.608	-0.006	1.723
1714	0.607	-0.008	1.720
1715	0.609	-0.007	1.702
1716	0.608	-0.008	1.712
1717	0.607	-0.007	1.709
1718	0.608	-0.009	1.720
1719	0.605	-0.008	1.715
1720	0.607	-0.010	1.707
1721	0.607	-0.010	1.707
1722	0.608	-0.010	1.710
1723	0.606	-0.009	1.715
1724	0.608	-0.007	1.718
1725	0.607	-0.011	1.721
1726	0.606	-0.010	1.711
1727	0.609	-0.009	1.712
1728	0.606	-0.013	1.708
1729	0.606	-0.010	1.714
1730	0.608	-0.011	1.715
1731	0.608	-0.013	1.710
1732	0.606	-0.013	1.698
1733	0.607	-0.012	1.701
1734	0.607	-0.011	1.712
1735	0.606	-0.011	1.713
1736	0.607	-0.013	1.714
1737	0.607	-0.010	1.704
1738	0.606	-0.009	1.710
1739	0.607	-0.010	1.701
1740	0.606	-0.012	1.700
1741	0.606	-0.012	1.707
1742	0.604	-0.010	1.720
1743	0.606	-0.013	1.707
1744	0.606	-0.010	1.699
1745	0.606	-0.011	1.693
1746	0.605	-0.011	1.697
1747	0.606	-0.010	1.701
1748	0.604	-0.010	1.714
1749	0.603	-0.009	1.717
1750	0.604	-0.011	1.694
1751	0.604	-0.010	1.710
1752	0.604	-0.008	1.703
1753	0.603	-0.011	1.702
1754	0.604	-0.007	1.704
1755	0.604	-0.011	1.715
1756	0.602	-0.009	1.700
1757	0.604	-0.009	1.699
1758	0.602	-0.007	1.692
1759	0.604	-0.008	1.700
1760	0.605	-0.008	1.718
1761	0.605	-0.007	1.709
1762	0.605	-0.006	1.707
1763	0.602	-0.006	1.701
1764	0.601	-0.006	1.706
1765	0.602	-0.004	1.701
1766	0.601	-0.005	1.705
1767	0.603	-0.005	1.709
1768	0.602	-0.005	1.703
1769	0.602	-0.005	1.692
1770	0.602	-0.004	1.694
1771	0.603	-0.003	1.693
1772	0.602	-0.005	1.702
1773	0.602	-0.001	1.708
1774	0.602	-0.002	1.688
1775	0.602	-0.002	1.699
1776	0.604	-0.004	1.706
1777	0.599	-0.003	1.700
1778	0.602	-0.002	1.700
1779	0.600	-0.002	1.695
1780	0.602	-0.002	1.696
1781	0.599	-0.002	1.701
1782	0.602	-0.001	1.701
1783	0.599	-0.005	1.688
1784	0.600	-0.004	1.694
1785	0.600	-0.002	1.689
1786	0.599	-0.004	1.701
1787	0.602	-0.005	1.706
1788	0.601	-0.004	1.711
1789	0.601	-0.004	1.704
1790	0.601	-0.005	1.699
1791	0.601	-0.007	1.696
1792	0.600	-0.005	1.704
1793	0.601	-0.007	1.707
1794	0.600	-0.008	1.702
1795	0.600	-0.005	1.700
1796	0.599	-0.011	1.695
1797	0.598	-0.008	1.699
1798	0.599	-0.005	1.700
1799	0.598	-0.005	1.701
1800	0.600	-0.007	1.693
1801	0.596	-0.009	1.700
1802	0.600	-0.007	1.703
1803	0.600	-0.007	1.707
1804	0.600	-0.010	1.698
1805	0.600	-0.007	1.691
1806	0.597	-0.007	1.697
1807	0.599	-0.008	1.696
1808	0.598	-0.007	1.702
1809	0.598	-0.009	1.701
1810	0.598	-0.011	1.703
1811	0.597	-0.007	1.692
1812	0.598	-0.009	1.697
1813	0.598	-0.013	1.702
1814	0.597	-0.010	1.710
1815	0.596	-0.011	1.710
1816	0.596	-0.012	1.700
1817	0.596	-0.011	1.699
1818	0.597	-0.013	1.699
1819	0.596	-0.011	1.704
1820	0.598	-0.011	1.704
1821	0.598	-0.011	1.697
1822	0.596	-0.011	1.693
1823	0.597	-0.009	1.697
1824	0.598	-0.012	1.702
1825	0.596	-0.009	1.709
1826	0.599	-0.012	1.709
1827	0.599	-0.010	1.705
1828	0.598	-0.009	1.700
1829	0.598	-0.013	1.699
1830	0.597	-0.012	1.704
1831	0.600	-0.008	1.703
1832	0.599	-0.011	1.710
1833	0.598	-0.011	1.694
1834	0.601	-0.010	1.687
1835	0.599	-0.011	1.689
1836	0.597	-0.010	1.693
1837	0.599	-0.007	1.704
1838	0.599	-0.010	1.705
1839	0.599	-0.009	1.698
1840	0.599	-0.005	1.699
1841	0.598	-0.009	1.693
1842	0.600	-0.007	1.693
1843	0.598	-0.002	1.704
1844	0.599	-0.009	1.697
1845	0.598	-0.006	1.697
1846	0.599	-0.004	1.695
1847	0.599	-0.007	1.690
1848	0.601	-0.005	1.693
1849	0.596	-0.005	1.701
1850	0.599	-0.006	1.696
1851	0.597	-0.007	1.694
1852	0.598	-0.005	1.694
1853	0.598	-0.006	1.697
1854	0.597	-0.005	1.704
1855	0.596	-0.007	1.699
1856	0.598	-0.003	1.699
1857	0.597	-0.004	1.695
1858	0.596	-0.005	1.691
1859	0.595	-0.005	1.691
1860	0.597	-0.003	1.687
1861	0.595	-0.004	1.697
1862	0.598	-0.002	1.694
1863	0.596	-0.007	1.689
1864	0.596	-0.003	1.683
1865	0.597	-0.005	1.694
1866	0.597	-0.003	1.695
1867	0.597	-0.004	1.696
1868	0.596	-0.005	1.695
1869	0.598	-0.002	1.691
1870	0.595	-0.004	1.686
1871	0.598	-0.002	1.688
1872	0.597	-0.003	1.693
1873	0.598	-0.004	1.688
1874	0.596	-0.003	1.698
1875	0.597	-0.003	1.681
1876	0.598	-0.001	1.684
1877	0.596	-0.004	1.689
1878	0.597	-0.005	1.712
1879	0.595	-0.002	1.703
1880	0.595	-0.004	1.696
1881	0.596	-0.002	1.694
1882	0.595	-0.007	1.690
1883	0.595	-0.007	1.700
1884	0.597	-0.005	1.700
1885	0.594	-0.007	1.693
1886	0.595	-0.006	1.684
1887	0.594	-0.007	1.684
1888	0.599	-0.006	1.683
1889	0.595	-0.005	1.702
1890	0.594	-0.007	1.701
1891	0.594	-0.007	1.695
1892	0.594	-0.006	1.696
1893	0.593	-0.007	1.685
1894	0.595	-0.008	1.697
1895	0.596	-0.005	1.694
1896	0.593	-0.005	1.698
1897	0.594	-0.009	1.689
1898	0.594	-0.005	1.683
1899	0.595	-0.007	1.682
1900	0.596	-0.009	1.689
1901	0.594	-0.007	1.693
1902	0.594	-0.007	1.691
1903	0.593	-0.007	1.693
1904	0.593	-0.005	1.685
1905	0.593	-0.007	1.687
1906	0.595	-0.008	1.685
1907	0.595	-0.005	1.696
1908	0.593	-0.008	1.694
1909	0.595	-0.007	1.689
1910	0.592	-0.007	1.679
1911	0.593	-0.006	1.684
1912	0.592	-0.007	1.686
1913	0.594	-0.007	1.692
1914	0.594	-0.007	1.698
1915	0.592	-0.006	1.680
1916	0.592	-0.007	1.689
1917	0.593	-0.004	1.686
1918	0.593	-0.004	1.693
1919	0.592	-0.007	1.704
1920	0.594	-0.006	1.691
1921	0.594	-0.005	1.688
1922	0.592	-0.007	1.681
1923	0.592	-0.005	1.680
1924	0.592	-0.005	1.684
1925	0.594	-0.005	1.698
1926	0.593	-0.005	1.698
1927	0.592	-0.006	1.688
1928	0.593	-0.007	1.683
1929	0.592	-0.006	1.683
1930	0.593	-0.006	1.689
1931	0.589	-0.006	1.699
1932	0.590	-0.007	1.696
1933	0.591	-0.008	1.688
1934	0.590	-0.004	1.688
1935	0.591	-0.007	1.680
1936	0.591	-0.007	1.690
1937	0.593	-0.005	1.680
1938	0.590	-0.007	1.684
1939	0.592	-0.008	1.691
1940	0.592	-0.003	1.688
1941	0.592	-0.008	1.687
1942	0.590	-0.006	1.686
1943	0.592	-0.004	1.687
1944	0.592	-0.006	1.681
1945	0.593	-0.008	1.692
1946	0.592	-0.007	1.693
1947	0.592	-0.009	1.697
1948	0.592	-0.007	1.689
1949	0.594	-0.004	1.672
1950	0.590	-0.009	1.666
1951	0.592	-0.009	1.677
1952	0.594	-0.007	1.691
1953	0.591	-0.006	1.687
1954	0.592	-0.005	1.687
1955	0.591	-0.008	1.683
1956	0.592	-0.007	1.683
1957	0.592	-0.007	1.687
1958	0.593	-0.007	1.690
1959	0.593	-0.007	1.690
1960	0.591	-0.009	1.691
1961	0.592	-0.009	1.679
1962	0.590	-0.008	1.677
1963	0.592	-0.009	1.679
1964	0.594	-0.011	1.679
1965	0.591	-0.006	1.695
1966	0.593	-0.009	1.677
1967	0.592	-0.006	1.680
1968	0.592	-0.005	1.681
1969	0.593	-0.009	1.681
1970	0.592	-0.008	1.680
1971	0.593	-0.006	1.683
1972	0.593	-0.009	1.691
1973	0.592	-0.007	1.680
1974	0.593	-0.005	1.679
1975	0.591	-0.009	1.677
1976	0.591	-0.009	1.674
1977	0.592	-0.006	1.687
1978	0.590	-0.006	1.696
1979	0.590	-0.005	1.689
1980	0.592	-0.007	1.686
1981	0.593	-0.005	1.687
1982	0.592	-0.005	1.682
1983	0.594	-0.006	1.687
1984	0.592	-0.005	1.688
1985	0.591	-0.004	1.684
1986	0.591	-0.007	1.675
1987	0.590	-0.004	1.670
1988	0.590	-0.003	1.667
1989	0.592	-0.004	1.677
1990	0.590	-0.006	1.692
1991	0.593	-0.005	1.693
1992	0.593	-0.003	1.679
1993	0.592	-0.004	1.677
1994	0.593	-0.003	1.680
1995	0.592	-0.002	1.688
1996	0.593	-0.006	1.692
1997	0.594	-0.004	1.691
1998	0.592	-0.003	1.687
1999	0.592	-0.003	1.682
2000	0.592	-0.005	1.668
2001	0.592	-0.004	1.673
2002	0.591	-0.003	1.679
2003	0.591	-0.003	1.685
2004	0.592	-0.002	1.687
2005	0.592	-0.003	1.680
2006	0.590	-0.002	1.668
2007	0.594	-0.002	1.676
2008	0.592	-0.005	1.685
2009	0.591	-0.005	1.683
2010	0.590	-0.002	1.675
2011	0.590	-0.003	1.679
2012	0.592	-0.003	1.677
2013	0.591	-0.001	1.674
2014	0.591	-0.003	1.685
2015	0.593	-0.001	1.683
2016	0.592	-0.002	1.681
2017	0.592	-0.002	1.677
2018	0.591	-0.001	1.574
2019	0.887	-0.009	2.150
2020	0.890	-0.009	2.154
2021	0.886	-0.005	2.110
2022	0.883	-0.005	2.120
2023	0.883	-0.006	2.132
2024	0.879	-0.005	2.139
2025	0.879	-0.005	2.142
2026	0.876	-0.003	2.130
2027	0.875	-0.005	2.117
2028	0.873	-0.007	2.109
2029	0.875	-0.006	2.114
2030	0.871	-0.009	2.108
2031	0.874	-0.006	2.114
2032	0.872	-0.009	2.112
2033	0.870	-0.009	2.107
2034	0.869	-0.008	2.104
2035	0.870	-0.009	2.104
2036	0.870	-0.006	2.118
2037	0.868	-0.008	2.114
2038	0.867	-0.006	2.116
2039	0.868	-0.009	2.108
2040	0.867	-0.007	2.108
2041	0.866	-0.005	2.107
2042	0.865	-0.008	2.109
2043	0.866	-0.006	2.103
2044	0.865	-0.005	2.097
2045	0.865	-0.009	2.103
2046	0.864	-0.005	2.102
2047	0.865	-0.008	2.103
2048	0.863	-0.004	2.111
2049	0.863	-0.004	2.108
2050	0.861	-0.006	2.102
2051	0.862	-0.005	2.105
2052	0.860	-0.004	2.097
2053	0.860	-0.005	2.103
2054	0.860	-0.006	2.116
2055	0.862	-0.005	2.102
2056	0.860	-0.004	2.095
2057	0.859	-0.002	2.084
2058	0.859	-0.004	2.079
2059	0.856	-0.005	2.093
2060	0.858	-0.002	2.116
2061	0.857	-0.005	2.110
2062	0.856	-0.004	2.089
2063	0.857	-0.005	2.089
2064	0.856	-0.005	2.086
2065	0.858	-0.003	2.094
2066	0.856	-0.003	2.099
2067	0.858	-0.003	2.105
2068	0.857	-0.002	2.083
2069	0.857	-0.002	2.083
2070	0.856	-0.002	2.088
2071	0.855	-0.001	2.086
2072	0.855	-0.003	2.093
2073	0.855	-0.002	2.099
2074	0.855	-0.002	2.089
2075	0.854	0.000	2.090
2076	0.854	-0.001	2.099
2077	0.855	0.001	2.097
2078	0.856	0.001	2.089
2079	0.853	0.001	2.098
2080	0.852	-0.002	2.086
2081	0.855	0.000	2.087
2082	0.853	-0.002	2.097
2083	0.852	0.001	2.087
2084	0.852	-0.003	2.087
2085	0.851	0.000	2.090
2086	0.852	-0.001	2.089
2087	0.852	-0.002	2.093
2088	0.850	-0.001	2.106
2089	0.852	-0.002	2.098
2090	0.851	-0.003	2.077
2091	0.851	0.001	2.081
2092	0.849	0.000	2.090
2093	0.849	-0.003	2.096
2094	0.850	-0.001	2.087
2095	0.849	-0.001	2.085
2096	0.849	0.002	2.083
2097	0.846	-0.003	2.086
2098	0.849	-0.001	2.086
2099	0.849	0.001	2.088
2100	0.849	-0.002	2.086
2101	0.847	-0.001	2.090
2102	0.848	-0.001	2.087
2103	0.848	-0.002	2.086
2104	0.849	-0.004	2.090
2105	0.849	-0.001	2.090
2106	0.847	0.001	2.089
2107	0.849	-0.003	2.083
2108	0.846	-0.002	2.078
2109	0.850	-0.002	2.073
2110	0.849	-0.004	2.083
2111	0.847	-0.003	2.097
2112	0.846	-0.002	2.098
2113	0.848	0.001	2.087
2114	0.848	-0.002	2.067
2115	0.846	-0.001	2.073
2116	0.849	-0.003	2.089
2117	0.848	0.000	2.097
2118	0.849	0.002	2.087
2119	0.848	0.000	2.074
2120	0.850	0.001	2.070
2121	0.848	0.002	2.070
2122	0.847	0.001	2.079
2123	0.848	0.002	2.091
2124	0.849	-0.001	2.085
2125	0.847	0.001	2.083
2126	0.848	0.002	2.085
2127	0.848	0.001	2.073
2128	0.848	0.005	2.074
2129	0.848	0.002	2.083
2130	0.847	0.003	2.094
2131	0.847	0.001	2.081
2132	0.847	0.003	2.076
2133	0.848	0.005	2.067
2134	0.848	0.001	2.076
2135	0.848	0.003	2.074
2136	0.846	0.002	2.082
2137	0.847	0.001	2.084
2138	0.847	0.004	2.073
2139	0.846	0.002	2.077
2140	0.848	0.003	2.081
2141	0.844	0.003	2.082
2142	0.846	0.002	2.091
2143	0.845	0.003	2.075
2144	0.845	0.002	2.075
2145	0.845	0.003	2.065
2146	0.846	0.004	2.073
2147	0.843	0.003	2.077
2148	0.843	0.005	2.081
2149	0.843	0.005	2.068
2150	0.842	0.005	2.069
2151	0.842	0.002	2.075
2152	0.842	0.005	2.088
2153	0.841	0.003	2.085
2154	0.842	0.006	2.079
2155	0.844	0.007	2.077
2156	0.842	0.002	2.067
2157	0.841	0.006	2.069
2158	0.841	0.005	2.071
2159	0.841	0.004	2.081
2160	0.840	0.005	2.070
2161	0.840	0.001	2.069
2162	0.844	0.003	2.064
2163	0.840	0.002	2.067
2164	0.839	0.001	2.073
2165	0.838	0.003	2.075
2166	0.840	0.001	2.076
2167	0.840	0.000	2.077
2168	0.840	0.002	2.073
2169	0.837	-0.002	2.067
2170	0.840	-0.001	2.065
2171	0.838	0.000	2.069
2172	0.838	0.002	2.077
2173	0.839	0.002	2.079
2174	0.839	-0.001	2.069
2175	0.838	0.001	2.064
2176	0.837	0.001	2.069
2177	0.836	-0.001	2.077
2178	0.838	0.002	2.077
2179	0.838	0.001	2.072
2180	0.836	-0.002	2.080
2181	0.838	0.001	2.073
2182	0.836	-0.001	2.071
2183	0.838	-0.002	2.062
2184	0.838	0.004	2.067
2185	0.838	0.002	2.070
2186	0.838	-0.001	2.071
2187	0.840	0.002	2.067
2188	0.841	-0.001	2.065
2189	0.839	0.002	2.065
2190	0.839	0.003	2.064
2191	0.837	0.001	2.067
2192	0.838	0.002	2.064
2193	0.839	0.003	2.071
2194	0.838	0.002	2.074
2195	0.840	0.003	2.071
2196	0.840	0.006	2.062
2197	0.838	0.002	2.062
2198	0.839	0.005	2.054
2199	0.838	0.002	2.067
2200	0.839	0.003	2.074
2201	0.838	0.004	2.058
2202	0.837	0.005	2.067
2203	0.838	0.003	2.067
2204	0.837	0.004	2.062
2205	0.837	0.004	2.070
2206	0.837	0.002	2.075
2207	0.838	0.003	2.077
2208	0.838	0.004	2.062
2209	0.834	0.002	2.066
2210	0.838	0.004	2.055
2211	0.838	0.005	2.054
2212	0.837	0.002	2.062
2213	0.837	0.002	2.070
2214	0.836	0.005	2.063
2215	0.838	0.002	2.059
2216	0.837	0.000	2.055
2217	0.838	0.004	2.054
2218	0.836	0.000	2.062
2219	0.837	0.003	2.069
2220	0.837	0.006	2.071
2221	0.835	0.002	2.059
2222	0.838	0.001	2.056
2223	0.834	0.002	2.063
2224	0.836	0.002	2.067
2225	0.838	0.003	2.067
2226	0.836	0.005	2.071
2227	0.836	0.002	2.060
2228	0.837	0.005	2.050
2229	0.835	0.005	2.053
2230	0.837	0.002	2.057
2231	0.838	0.005	2.075
2232	0.836	0.004	2.084
2233	0.835	0.004	2.072
2234	0.833	0.005	2.067
2235	0.836	0.005	2.054
2236	0.834	0.006	2.051
2237	0.833	0.005	2.057
2238	0.836	0.004	2.070
2239	0.835	0.003	2.067
2240	0.835	0.006	2.065
2241	0.835	0.003	2.055
2242	0.835	0.004	2.051
2243	0.836	0.003	2.058
2244	0.836	0.007	2.066
2245	0.835	0.006	2.069
2246	0.834	0.004	2.073
2247	0.834	0.006	2.063
2248	0.835	0.005	2.053
2249	0.834	0.004	2.058
2250	0.834	0.006	2.061
2251	0.838	0.005	2.059
2252	0.836	0.003	2.060
2253	0.834	0.006	2.062
2254	0.835	0.005	2.055
2255	0.836	0.004	2.047
2256	0.837	0.006	2.058
2257	0.834	0.004	2.059
2258	0.836	0.004	2.065
2259	0.836	0.005	2.069
2260	0.835	0.005	2.067
2261	0.836	0.007	2.068
2262	0.836	0.004	2.062
2263	0.836	0.004	2.059
2264	0.835	0.005	2.049
2265	0.835	0.005	2.066
2266	0.836	0.005	2.068
2267	0.834	0.005	2.058
2268	0.833	0.006	2.050
2269	0.833	0.005	2.047
2270	0.832	0.005	2.060
2271	0.834	0.009	2.072
2272	0.833	0.007	2.059
2273	0.833	0.004	2.049
2274	0.834	0.005	2.054
2275	0.833	0.005	2.062
2276	0.834	0.004	2.062
2277	0.833	0.005	2.067
2278	0.832	0.005	2.054
2279	0.833	0.006	2.046
2280	0.834	0.006	2.046
2281	0.835	0.005	2.058
2282	0.833	0.006	2.065
2283	0.832	0.006	2.062
2284	0.834	0.006	2.046
2285	0.832	0.003	2.044
2286	0.833	0.007	2.068
2287	0.832	0.006	2.069
2288	0.832	0.007	2.063
2289	0.832	0.006	2.050
2290	0.832	0.005	2.061
2291	0.830	0.007	2.062
2292	0.831	0.007	2.057
2293	0.831	0.005	2.056
2294	0.833	0.006	2.055
2295	0.830	0.007	2.059
2296	0.832	0.005	2.065
2297	0.830	0.005	2.054
2298	0.829	0.006	2.051
2299	0.832	0.005	2.058
2300	0.833	0.005	2.061
2301	0.832	0.008	2.065
2302	0.830	0.007	2.069
2303	0.831	0.010	2.063
2304	0.833	0.007	2.051
2305	0.834	0.007	2.049
2306	0.831	0.009	2.064
2307	0.833	0.005	2.058
2308	0.831	0.008	2.062
2309	0.833	0.007	2.049
2310	0.831	0.005	2.041
2311	0.830	0.007	2.055
2312	0.832	0.006	2.061
2313	0.830	0.007	2.070
2314	0.831	0.008	2.051
2315	0.832	0.006	2.049
2316	0.832	0.009	2.055
2317	0.831	0.007	2.062
2318	0.832	0.008	2.065
2319	0.831	0.006	2.051
2320	0.830	0.006	2.054
2321	0.830	0.009	2.050
2322	0.831	0.006	2.062
2323	0.829	0.005	2.054
2324	0.829	0.007	2.055
2325	0.828	0.005	2.058
2326	0.830	0.006	2.061
2327	0.830	0.009	2.062
2328	0.830	0.005	2.054
2329	0.829	0.006	2.059
2330	0.830	0.007	2.053
2331	0.830	0.004	2.063
2332	0.829	0.009	2.058
2333	0.830	0.006	2.065
2334	0.831	0.005	2.064
2335	0.830	0.009	2.042
2336	0.830	0.005	2.042
2337	0.831	0.005	2.048
2338	0.829	0.005	2.058
2339	0.830	0.005	2.063
2340	0.828	0.005	2.058
2341	0.829	0.005	2.051
2342	0.829	0.005	2.043
2343	0.829	0.005	2.059
2344	0.830	0.005	2.057
2345	0.831	0.008	2.061
2346	0.829	0.006	2.058
2347	0.830	0.006	2.048
2348	0.826	0.007	2.042
2349	0.827	0.007	2.039
2350	0.826	0.005	2.053
2351	0.828	0.009	2.061
2352	0.831	0.007	2.059
2353	0.826	0.005	2.046
2354	0.829	0.007	2.057
2355	0.827	0.006	2.058
2356	0.827	0.005	2.059
2357	0.826	0.006	2.050
2358	0.825	0.004	2.054
2359	0.828	0.007	2.044
2360	0.826	0.006	2.057
2361	0.826	0.007	2.062
2362	0.827	0.007	2.054
2363	0.825	0.007	2.050
2364	0.824	0.006	2.043
2365	0.826	0.007	2.040
2366	0.825	0.009	2.037
2367	0.825	0.007	2.050
2368	0.826	0.009	2.050
2369	0.825	0.009	2.055
2370	0.825	0.005	2.054
2371	0.826	0.007	2.053
2372	0.825	0.007	2.053
2373	0.824	0.007	2.050
2374	0.826	0.006	2.053
2375	0.824	0.006	2.055
2376	0.825	0.007	2.054
2377	0.824	0.007	2.050
2378	0.822	0.009	2.048
2379	0.823	0.007	2.047
2380	0.823	0.008	2.038
2381	0.825	0.007	2.047
2382	0.821	0.007	2.035
2383	0.822	0.010	2.049
2384	0.825	0.008	2.049
2385	0.822	0.009	2.067
2386	0.823	0.007	2.065
2387	0.824	0.008	2.058
2388	0.824	0.008	2.052
2389	0.822	0.007	2.041
2390	0.823	0.008	2.034
2391	0.823	0.008	2.049
2392	0.826	0.008	2.058
2393	0.820	0.007	2.055
2394	0.821	0.008	2.047
2395	0.823	0.006	2.045
2396	0.825	0.006	2.034
2397	0.824	0.006	2.044
2398	0.823	0.006	2.045
2399	0.824	0.009	2.057
2400	0.824	0.005	2.053
2401	0.823	0.006	2.053
2402	0.824	0.007	2.050
2403	0.823	0.007	2.029
2404	0.825	0.005	2.029
2405	0.821	0.005	2.034
2406	0.824	0.006	2.042
2407	0.825	0.009	2.046
2408	0.822	0.003	2.045
2409	0.824	0.007	2.046
2410	0.824	0.006	2.033
2411	0.822	0.005	2.037
2412	0.821	0.006	2.037
2413	0.821	0.005	2.055
2414	0.821	0.005	2.055
2415	0.821	0.006	2.050
2416	0.822	0.003	2.038
2417	0.821	0.006	2.033
2418	0.821	0.003	2.051
2419	0.821	0.005	2.044
2420	0.822	0.006	2.040
2421	0.823	0.005	2.044
2422	0.821	0.007	2.050
2423	0.819	0.005	2.033
2424	0.820	0.005	2.030
2425	0.824	0.007	2.040
2426	0.820	0.005	2.058
2427	0.820	0.005	2.057
2428	0.820	0.003	2.051
2429	0.819	0.005	2.026
2430	0.820	0.006	2.034
2431	0.818	0.003	2.047
2432	0.820	0.006	2.046
2433	0.820	0.005	2.041
2434	0.819	0.005	2.036
2435	0.820	0.006	2.025
2436	0.820	0.005	2.040
2437	0.817	0.005	2.041
2438	0.818	0.006	2.053
2439	0.820	0.004	2.048
2440	0.820	0.007	2.046
2441	0.821	0.004	2.044
2442	0.820	0.004	2.049
2443	0.818	0.005	2.050
2444	0.820	0.007	2.050
2445	0.820	0.007	2.050
2446	0.819	0.004	2.040
2447	0.818	0.006	2.034
2448	0.819	0.007	2.038
2449	0.820	0.006	2.035
2450	0.819	0.007	2.052
2451	0.819	0.005	2.039
2452	0.821	0.009	2.041
2453	0.820	0.009	2.042
2454	0.819	0.005	2.045
2455	0.818	0.008	2.036
2456	0.821	0.008	2.045
2457	0.819	0.008	2.042
2458	0.819	0.006	2.034
2459	0.821	0.008	2.049
2460	0.818	0.008	2.050
2461	0.821	0.007	2.047
2462	0.820	0.007	2.032
2463	0.820	0.010	2.030
2464	0.821	0.007	2.035
2465	0.821	0.007	2.040
2466	0.822	0.007	2.046
2467	0.822	0.006	2.045
2468	0.822	0.006	2.044
2469	0.820	0.006	2.040
2470	0.822	0.009	2.046
2471	0.819	0.007	2.047
2472	0.821	0.004	2.052
2473	0.820	0.005	2.047
2474	0.821	0.003	2.039
2475	0.822	0.006	2.042
2476	0.821	0.004	2.035
2477	0.821	0.005	2.040
2478	0.821	0.008	2.039
2479	0.821	0.006	2.039
2480	0.820	0.008	2.037
2481	0.821	0.007	2.043
2482	0.819	0.009	2.037
2483	0.819	0.007	2.042
2484	0.821	0.007	2.039
2485	0.820	0.006	2.041
2486	0.820	0.005	2.049
2487	0.818	0.007	2.045
2488	0.820	0.007	2.048
2489	0.818	0.006	2.038
2490	0.820	0.009	2.030
2491	0.820	0.007	2.044
2492	0.818	0.008	2.028
2493	0.820	0.007	2.036
2494	0.820	0.007	2.042
2495	0.820	0.006	2.046
2496	0.818	0.007	2.041
2497	0.819	0.007	2.038
2498	0.818	0.006	2.049
2499	0.818	0.007	2.046
2500	0.821	0.006	2.049
2501	0.819	0.006	2.051
2502	0.821	0.008	2.053
2503	0.820	0.006	2.048
2504	0.820	0.006	2.047
2505	0.821	0.006	2.037
2506	0.818	0.008	2.041
2507	0.820	0.005	2.050
2508	0.821	0.008	2.037
2509	0.820	0.008	2.041
2510	0.820	0.007	2.038
2511	0.821	0.009	2.037
2512	0.822	0.007	2.042
2513	0.820	0.006	2.049
2514	0.821	0.006	2.043
2515	0.821	0.005	2.042
2516	0.820	0.006	2.053
2517	0.820	0.005	2.038
2518	0.821	0.007	2.029
2519	0.685	0.016	1.707
2520	0.280	0.031	1.142
2521	0.002	0.013	0.774
2522	0.008	0.017	0.771
2523	0.006	0.016	0.787
2524	0.003	0.018	0.779
2525	0.004	0.017	0.758
2526	0.005	0.017	0.770
2527	0.005	0.017	0.778
2528	0.005	0.014	0.765
2529	0.005	0.016	0.769
2530	0.004	0.017	0.779
2531	0.003	0.016	0.771
2532	0.005	0.015	0.776
2533	0.005	0.016	0.771
2534	0.005	0.018	0.769
2535	0.005	0.014	0.782
2536	0.003	0.016	0.773
2537	0.006	0.014	0.770
2538	0.007	0.018	0.777
2539	0.005	0.016	0.772
2540	0.004	0.017	0.764
2541	0.005	0.018	0.774
2542	0.005	0.016	0.780
2543	0.003	0.015	0.772
2544	0.004	0.014	0.771
2545	0.005	0.014	0.772
2546	0.006	0.015	0.776
2547	0.007	0.015	0.774
2548	0.007	0.016	0.778
2549	0.007	0.018	0.773
2550	0.007	0.015	0.776
2551	0.004	0.014	0.772
2552	0.008	0.012	0.768
2553	0.009	0.014	0.773
2554	0.007	0.013	0.767
2555	0.007	0.016	0.772
2556	0.007	0.015	0.773
2557	0.004	0.016	0.773
2558	0.006	0.016	0.769
2559	0.005	0.013	0.774
2560	0.005	0.013	0.779
2561	0.004	0.013	0.777
2562	0.006	0.015	0.778
2563	0.007	0.013	0.777
2564	0.005	0.016	0.775
2565	0.006	0.017	0.774
2566	0.005	0.013	0.771
2567	0.006	0.015	0.770
2568	0.007	0.010	0.768
2569	0.006	0.013	0.770
2570	0.007	0.012	0.768
2571	0.007	0.014	0.769
2572	0.007	0.013	0.770
2573	0.011	0.016	0.776
2574	0.006	0.015	0.772
2575	0.007	0.012	0.776
2576	0.007	0.012	0.777
2577	0.008	0.012	0.777
2578	0.005	0.012	0.775
2579	0.005	0.015	0.771
2580	0.005	0.013	0.776
2581	0.005	0.017	0.768
2582	0.005	0.015	0.769
2583	0.006	0.016	0.771
2584	0.005	0.013	0.771
2585	0.005	0.015	0.771
2586	0.003	0.011	0.770
2587	0.003	0.014	0.771
2588	0.003	0.014	0.774
2589	0.005	0.015	0.775
2590	0.007	0.018	0.780
2591	0.007	0.018	0.775
2592	0.003	0.015	0.779
2593	0.005	0.011	0.777
2594	0.006	0.012	0.776
2595	0.002	0.017	0.772
2596	0.006	0.018	0.774
2597	0.007	0.018	0.771
2598	0.006	0.018	0.770
2599	0.005	0.017	0.768
2600	0.005	0.014	0.768
2601	0.004	0.015	0.772
2602	0.004	0.014	0.767
2603	0.005	0.017	0.778
2604	0.004	0.017	0.770
2605	0.005	0.019	0.777
2606	0.005	0.017	0.777
2607	0.005	0.018	0.778
2608	0.006	0.014	0.776
2609	0.005	0.015	0.771
2610	0.005	0.017	0.775
2611	0.003	0.015	0.769
2612	0.004	0.017	0.770
2613	0.005	0.017	0.771
2614	0.007	0.018	0.767
2615	0.005	0.018	0.765
2616	0.006	0.016	0.770
2617	0.006	0.017	0.775
2618	0.008	0.014	0.770
2619	0.005	0.019	0.773
2620	0.007	0.018	0.776
2621	0.007	0.021	0.778
2622	0.006	0.018	0.778
2623	0.006	0.017	0.774
2624	0.007	0.018	0.775
2625	0.005	0.018	0.771
2626	0.005	0.018	0.773
2627	0.006	0.016	0.772
2628	0.005	0.018	0.769
2629	0.006	0.018	0.771
2630	0.005	0.019	0.769
2631	0.005	0.015	0.772
2632	0.005	0.017	0.769
2633	0.004	0.019	0.774
2634	0.005	0.015	0.774
2635	0.006	0.016	0.774
2636	0.005	0.017	0.775
2637	0.004	0.018	0.776
2638	0.003	0.017	0.776
2639	0.004	0.018	0.773
2640	0.004	0.018	0.775
2641	0.004	0.018	0.770
2642	0.007	0.017	0.771
2643	0.006	0.016	0.768
2644	0.005	0.019	0.772
2645	0.003	0.016	0.770
2646	0.005	0.017	0.770
2647	0.005	0.016	0.775
2648	0.007	0.017	0.773
2649	0.006	0.014	0.779
2650	0.004	0.017	0.775
2651	0.005	0.017	0.777
2652	0.005	0.018	0.777
2653	0.003	0.017	0.779
2654	0.007	0.021	0.778
2655	0.004	0.019	0.769
2656	0.003	0.018	0.775
2657	0.007	0.015	0.769
2658	0.007	0.015	0.770
2659	0.006	0.017	0.767
2660	0.007	0.019	0.769
2661	0.004	0.019	0.771
2662	0.007	0.018	0.772
2663	0.007	0.018	0.774
2664	0.008	0.014	0.774
2665	0.008	0.015	0.777
2666	0.007	0.017	0.775
2667	0.007	0.018	0.772
2668	0.006	0.017	0.775
2669	0.005	0.017	0.773
2670	0.009	0.018	0.779
2671	0.008	0.017	0.773
2672	0.005	0.016	0.771
2673	0.005	0.013	0.766
2674	0.005	0.015	0.770
2675	0.005	0.014	0.770
2676	0.006	0.017	0.768
2677	0.006	0.021	0.774
2678	0.007	0.022	0.770
2679	0.007	0.017	0.779
2680	0.006	0.017	0.775
2681	0.005	0.014	0.778
2682	0.004	0.014	0.776
2683	0.005	0.013	0.774
2684	0.006	0.016	0.779
2685	0.007	0.016	0.771
2686	0.005	0.019	0.775
2687	0.004	0.015	0.770
2688	0.004	0.018	0.771
2689	0.005	0.017	0.769
2690	0.005	0.014	0.770
2691	0.006	0.013	0.774
2692	0.007	0.015	0.767
2693	0.006	0.016	0.774
2694	0.006	0.016	0.775
2695	0.007	0.015	0.774
2696	0.005	0.014	0.774
2697	0.007	0.015	0.778
2698	0.005	0.013	0.776
2699	0.006	0.017	0.775
2700	0.005	0.015	0.776
2701	0.005	0.017	0.775
2702	0.007	0.017	0.772
2703	0.008	0.017	0.770
2704	0.005	0.015	0.768
2705	0.008	0.014	0.770
2706	0.007	0.015	0.769
2707	0.005	0.013	0.773
2708	0.006	0.016	0.769
2709	0.008	0.017	0.774
2710	0.005	0.018	0.774
2711	0.006	0.015	0.775
2712	0.003	0.016	0.775
2713	0.005	0.013	0.775
2714	0.004	0.015	0.779
2715	0.005	0.013	0.768
2716	0.005	0.015	0.774
2717	0.004	0.015	0.771
2718	0.004	0.017	0.776
2719	0.005	0.015	0.771
2720	0.004	0.013	0.771
2721	0.004	0.015	0.771
2722	0.004	0.016	0.769
2723	0.005	0.015	0.770
2724	0.005	0.015	0.771
2725	0.005	0.016	0.772
2726	0.003	0.018	0.774
2727	0.004	0.017	0.774
2728	0.006	0.018	0.777
2729	0.006	0.017	0.774
2730	0.002	0.018	0.774
2731	0.003	0.017	0.774
2732	0.004	0.016	0.769
2733	0.005	0.014	0.771
2734	0.004	0.015	0.771
2735	0.004	0.018	0.771
2736	0.005	0.019	0.770
2737	0.007	0.017	0.772
2738	0.004	0.017	0.771
2739	0.005	0.016	0.774
2740	0.005	0.018	0.771
2741	0.007	0.017	0.776
2742	0.004	0.017	0.775
2743	0.003	0.016	0.776
2744	0.002	0.016	0.776
2745	0.006	0.017	0.776
2746	0.006	0.018	0.775
2747	0.006	0.018	0.774
2748	0.005	0.019	0.773
2749	0.005	0.016	0.772
2750	0.005	0.017	0.770
2751	0.005	0.017	0.772
2752	0.006	0.017	0.770
2753	0.004	0.020	0.771
2754	0.005	0.016	0.775
2755	0.008	0.015	0.774
2756	0.006	0.015	0.774
2757	0.004	0.018	0.774
2758	0.008	0.014	0.778
2759	0.005	0.016	0.775
2760	0.007	0.017	0.779
2761	0.006	0.017	0.776
2762	0.004	0.021	0.776
2763	0.004	0.018	0.774
2764	0.003	0.018	0.770
2765	0.006	0.018	0.773
2766	0.005	0.015	0.770
2767	0.003	0.016	0.772
2768	0.003	0.016	0.772
2769	0.003	0.015	0.773
2770	0.002	0.017	0.772
2771	0.002	0.015	0.774
2772	0.003	0.015	0.775
2773	0.004	0.014	0.774
2774	0.003	0.016	0.778
2775	0.003	0.018	0.777
2776	0.004	0.018	0.776
2777	0.003	0.018	0.771
2778	0.003	0.017	0.776
2779	0.003	0.017	0.773
2780	0.004	0.015	0.773
2781	0.005	0.017	0.772
2782	0.005	0.014	0.772
2783	0.005	0.015	0.773
2784	0.005	0.015	0.768
2785	0.005	0.017	0.771
2786	0.005	0.015	0.771
2787	0.005	0.017	0.774
2788	0.005	0.014	0.778
2789	0.003	0.017	0.776
2790	0.004	0.015	0.778
2791	0.005	0.013	0.772
2792	0.005	0.014	0.775
2793	0.003	0.015	0.776
2794	0.002	0.018	0.773
2795	0.004	0.016	0.775
2796	0.005	0.017	0.768
2797	0.002	0.013	0.773
2798	0.004	0.012	0.768
2799	0.004	0.013	0.770
2800	0.003	0.016	0.767
2801	0.003	0.017	0.770
2802	0.001	0.017	0.777
2803	0.003	0.015	0.772
2804	0.003	0.017	0.775
2805	0.001	0.014	0.775
2806	0.001	0.012	0.779
2807	0.004	0.017	0.773
2808	0.004	0.013	0.777
2809	0.004	0.014	0.777
2810	0.004	0.016	0.774
2811	0.003	0.014	0.773
2812	0.002	0.015	0.768
2813	0.002	0.013	0.770
2814	0.003	0.014	0.769
2815	0.002	0.013	0.775
2816	0.002	0.015	0.772
2817	0.003	0.015	0.770
2818	0.004	0.019	0.773
2819	0.002	0.016	0.775
2820	0.003	0.013	0.778
2821	0.002	0.012	0.774
2822	0.005	0.012	0.778
2823	0.002	0.013	0.776
2824	0.003	0.014	0.775
2825	0.003	0.016	0.774
2826	0.005	0.016	0.772
2827	0.003	0.013	0.771
2828	0.004	0.013	0.769
2829	0.003	0.015	0.774
2830	0.002	0.013	0.770
2831	0.003	0.016	0.767
2832	0.004	0.015	0.773
2833	0.003	0.018	0.772
2834	0.005	0.014	0.775
2835	0.005	0.018	0.771
2836	0.002	0.010	0.777
2837	0.002	0.013	0.776
2838	0.005	0.011	0.777
2839	0.003	0.017	0.776
2840	0.004	0.017	0.774
2841	0.005	0.018	0.773
2842	0.004	0.015	0.768
2843	0.002	0.014	0.773
2844	0.004	0.012	0.770
2845	0.004	0.014	0.771
2846	0.005	0.013	0.773
2847	0.002	0.014	0.769
2848	0.003	0.017	0.772
2849	0.002	0.016	0.773
2850	0.006	0.018	0.776
2851	0.002	0.013	0.772
2852	0.004	0.012	0.779
2853	0.005	0.010	0.778
2854	0.001	0.014	0.780
2855	0.001	0.017	0.778
2856	0.005	0.017	0.770
2857	0.004	0.018	0.776
2858	0.002	0.015	0.770
2859	0.002	0.018	0.773
2860	0.002	0.014	0.767
2861	0.003	0.011	0.771
2862	0.005	0.015	0.772
2863	0.005	0.014	0.771
2864	0.004	0.017	0.774
2865	0.004	0.015	0.772
2866	0.005	0.016	0.777
2867	0.002	0.015	0.779
2868	0.004	0.013	0.776
2869	0.004	0.014	0.779
2870	0.003	0.013	0.777
2871	0.003	0.016	0.777
2872	0.005	0.015	0.772
2873	0.003	0.017	0.775
2874	0.005	0.014	0.772
2875	0.005	0.015	0.769
2876	0.005	0.014	0.771
2877	0.004	0.012	0.768
2878	0.003	0.015	0.771
2879	0.004	0.012	0.769
2880	0.006	0.013	0.777
2881	0.008	0.013	0.774
2882	0.003	0.016	0.776
2883	0.005	0.015	0.777
2884	0.004	0.013	0.776
2885	0.005	0.013	0.779
2886	0.003	0.013	0.774
2887	0.004	0.013	0.776
2888	0.005	0.013	0.771
2889	0.004	0.016	0.771
2890	0.006	0.017	0.774
2891	0.005	0.017	0.770
2892	0.005	0.014	0.772
2893	0.005	0.015	0.766
2894	0.004	0.013	0.775
2895	0.005	0.015	0.769
2896	0.007	0.015	0.773
2897	0.007	0.013	0.773
2898	0.005	0.014	0.778
2899	0.005	0.016	0.775
2900	0.005	0.015	0.775
2901	0.002	0.015	0.776
2902	0.006	0.016	0.776
2903	0.005	0.015	0.775
2904	0.003	0.016	0.773
2905	0.003	0.014	0.771
2906	0.004	0.016	0.768
2907	0.005	0.019	0.765
2908	0.004	0.015	0.770
2909	0.006	0.017	0.768
2910	0.004	0.015	0.772
2911	0.005	0.014	0.775
2912	0.004	0.015	0.773
2913	0.003	0.015	0.773
2914	0.007	0.018	0.772
2915	0.007	0.015	0.778
2916	0.008	0.017	0.773
2917	0.005	0.017	0.776
2918	0.002	0.018	0.773
2919	0.004	0.017	0.772
2920	0.004	0.016	0.771
2921	0.004	0.019	0.772
2922	0.003	0.017	0.773
2923	0.002	0.022	0.767
2924	0.003	0.015	0.768
2925	0.004	0.017	0.772
2926	0.003	0.016	0.771
2927	0.003	0.016	0.773
2928	0.003	0.017	0.775
2929	0.001	0.017	0.777
2930	0.002	0.019	0.774
2931	0.003	0.017	0.777
2932	0.003	0.015	0.779
2933	0.001	0.017	0.776
2934	0.004	0.016	0.774
2935	0.003	0.015	0.773
2936	0.005	0.015	0.774
2937	0.006	0.016	0.768
2938	0.006	0.017	0.775
2939	0.005	0.016	0.770
2940	0.004	0.015	0.771
2941	0.006	0.015	0.771
2942	0.008	0.015	0.776
2943	0.007	0.015	0.776
2944	0.009	0.017	0.772
2945	0.006	0.017	0.779
2946	0.005	0.015	0.775
2947	0.005	0.017	0.774
2948	0.005	0.014	0.776
2949	0.004	0.018	0.775
2950	0.005	0.015	0.776
2951	0.005	0.015	0.774
2952	0.005	0.017	0.773
2953	0.005	0.014	0.771
2954	0.005	0.018	0.774
2955	0.005	0.017	0.770
2956	0.005	0.015	0.772
2957	0.004	0.015	0.771
2958	0.006	0.015	0.768
2959	0.005	0.018	0.774
2960	0.003	0.015	0.771
2961	0.003	0.014	0.776
2962	0.005	0.015	0.775
2963	0.006	0.015	0.776
2964	0.004	0.016	0.774
2965	0.003	0.017	0.774
2966	0.003	0.014	0.775
2967	0.003	0.015	0.771
2968	0.003	0.015	0.771
2969	0.003	0.015	0.775
2970	0.005	0.016	0.771
2971	0.004	0.013	0.767
2972	0.004	0.020	0.769
2973	0.005	0.017	0.773
2974	0.002	0.018	0.771
2975	0.005	0.015	0.772
2976	0.003	0.016	0.773
2977	0.004	0.017	0.775
2978	0.004	0.013	0.774
2979	0.005	0.016	0.776
2980	0.003	0.016	0.772
2981	0.004	0.018	0.771
2982	0.006	0.017	0.777
2983	0.005	0.018	0.773
2984	0.005	0.015	0.772
2985	0.005	0.017	0.769
2986	0.005	0.015	0.772
2987	0.003	0.018	0.768
2988	0.006	0.017	0.767
2989	0.005	0.015	0.772
2990	0.006	0.017	0.772
2991	0.005	0.015	0.773
2992	0.004	0.016	0.774
2993	0.004	0.016	0.777
2994	0.002	0.014	0.777
2995	0.002	0.017	0.774
2996	0.003	0.017	0.779
2997	0.004	0.019	0.776
2998	0.003	0.021	0.773
2999	0.000	0.017	0.776
3000	0.002	0.020	0.772
3001	0.004	0.015	0.770
3002	0.003	0.015	0.768
3003	0.001	0.015	0.774
3004	0.003	0.015	0.768
3005	0.004	0.018	0.771
3006	0.008	0.016	0.772
3007	0.005	0.017	0.773
3008	0.004	0.018	0.776
3009	0.004	0.013	0.775
3010	0.004	0.013	0.780
3011	0.002	0.016	0.776
3012	0.004	0.016	0.776
