0	-0.015	-0.004	0.771
1	-0.014	-0.003	0.774
2	-0.013	-0.004	0.776
3	-0.013	-0.005	0.777
4	-0.011	-0.004	0.775
5	-0.009	-0.005	0.775
6	-0.011	-0.005	0.777
7	-0.010	-0.008	0.777
8	-0.010	-0.010	0.777
9	-0.009	-0.010	0.779
10	-0.007	-0.010	0.776
11	-0.006	-0.011	0.776
12	-0.006	-0.009	0.776
13	-0.005	-0.012	0.775
14	-0.004	-0.010	0.773
15	-0.002	-0.009	0.777
16	-0.003	-0.011	0.773
17	-0.004	-0.013	0.773
18	-0.001	-0.013	0.775
19	-0.002	-0.011	0.774
20	-0.001	-0.010	0.775
21	0.002	-0.012	0.773
22	0.000	-0.013	0.777
23	-0.001	-0.013	0.774
24	0.001	-0.013	0.775
25	-0.001	-0.011	0.777
26	-0.001	-0.011	0.775
27	-0.001	-0.013	0.777
28	-0.003	-0.012	0.777
29	-0.002	-0.011	0.778
30	-0.003	-0.009	0.782
31	-0.004	-0.009	0.779
32	-0.003	-0.013	0.774
33	-0.006	-0.011	0.774
34	-0.007	-0.009	0.774
35	-0.005	-0.007	0.771
36	-0.004	-0.005	0.771
37	-0.005	-0.006	0.773
38	-0.006	-0.005	0.770
39	-0.007	-0.005	0.776
40	-0.006	-0.007	0.774
41	-0.007	-0.005	0.773
42	-0.005	-0.008	0.773
43	-0.005	-0.010	0.774
44	-0.002	-0.008	0.774
45	-0.003	-0.007	0.774
46	-0.005	-0.007	0.774
47	-0.002	-0.004	0.772
48	-0.001	-0.006	0.774
49	0.001	-0.009	0.776
50	-0.001	-0.010	0.778
51	-0.002	-0.011	0.773
52	-0.003	-0.009	0.775
53	-0.004	-0.008	0.775
54	-0.002	-0.003	0.776
55	-0.002	-0.006	0.776
56	-0.003	-0.007	0.773
57	-0.003	-0.007	0.774
58	-0.006	-0.005	0.775
59	-0.005	-0.006	0.774
60	-0.005	-0.005	0.772
61	-0.003	-0.002	0.774
62	-0.004	-0.005	0.773
63	-0.003	-0.005	0.773
64	-0.004	-0.002	0.773
65	-0.005	-0.003	0.774
66	-0.003	-0.006	0.777
67	-0.002	-0.005	0.774
68	-0.003	-0.005	0.776
69	-0.003	-0.004	0.776
70	-0.002	-0.005	0.775
71	-0.003	-0.004	0.775
72	-0.005	-0.004	0.780
73	-0.003	-0.005	0.779
74	-0.005	-0.004	0.779
75	-0.005	-0.004	0.776
76	-0.005	-0.005	0.776
77	-0.005	-0.004	0.775
78	-0.006	-0.004	0.772
79	-0.008	-0.005	0.775
80	-0.008	-0.003	0.772
81	-0.007	-0.005	0.775
82	-0.010	-0.003	0.773
83	-0.008	-0.003	0.770
84	-0.008	0.001	0.773
85	-0.008	-0.005	0.775
86	-0.009	-0.004	0.777
87	-0.007	-0.006	0.776
88	-0.006	-0.006	0.775
89	-0.008	-0.006	0.779
90	-0.005	-0.004	0.775
91	-0.005	-0.004	0.778
92	-0.005	-0.007	0.776
93	-0.003	-0.007	0.775
94	-0.005	-0.007	0.778
95	-0.005	-0.007	0.778
96	-0.007	-0.009	0.779
97	-0.003	-0.006	0.775
98	-0.005	-0.007	0.773
99	-0.005	-0.005	0.776
100	-0.005	-0.005	0.773
101	-0.005	-0.007	0.773
102	-0.007	-0.009	0.775
103	-0.006	-0.008	0.775
104	-0.005	-0.007	0.771
105	-0.007	-0.006	0.771
106	-0.008	-0.007	0.778
107	-0.008	-0.007	0.777
108	-0.008	-0.009	0.773
109	-0.008	-0.010	0.778
110	-0.010	-0.007	0.774
111	-0.012	-0.008	0.775
112	-0.009	-0.009	0.780
113	-0.009	-0.007	0.778
114	-0.010	-0.007	0.775
115	-0.012	-0.007	0.779
116	-0.011	-0.005	0.779
117	-0.011	-0.007	0.777
118	-0.011	-0.006	0.777
119	-0.010	-0.007	0.774
120	-0.011	-0.009	0.772
121	-0.011	-0.009	0.775
122	-0.009	-0.007	0.772
123	-0.009	-0.007	0.771
124	-0.007	-0.005	0.775
125	-0.006	-0.009	0.772
126	-0.005	-0.006	0.772
127	-0.007	-0.007	0.778
128	-0.008	-0.008	0.776
129	-0.006	-0.009	0.778
130	-0.006	-0.008	0.778
131	-0.007	-0.007	0.774
132	-0.007	-0.008	0.777
133	-0.006	-0.006	0.777
134	-0.005	-0.007	0.779
135	-0.006	-0.007	0.778
136	-0.005	-0.007	0.774
137	-0.005	-0.006	0.776
138	-0.006	-0.008	0.775
139	-0.005	-0.004	0.775
140	-0.005	-0.005	0.776
141	-0.007	-0.006	0.774
142	-0.007	-0.006	0.775
143	-0.006	-0.007	0.771
144	-0.009	-0.005	0.775
145	-0.007	-0.008	0.773
146	-0.005	-0.009	0.770
147	-0.007	-0.009	0.771
148	-0.006	-0.008	0.775
149	-0.005	-0.009	0.776
150	-0.010	-0.009	0.777
151	-0.008	-0.010	0.774
152	-0.007	-0.008	0.776
153	-0.008	-0.009	0.774
154	-0.009	-0.010	0.778
155	-0.007	-0.009	0.771
156	-0.010	-0.007	0.776
157	-0.009	-0.005	0.776
158	-0.008	-0.007	0.772
159	-0.010	-0.011	0.775
160	-0.009	-0.009	0.777
161	-0.009	-0.011	0.770
162	-0.009	-0.009	0.772
163	-0.007	-0.007	0.774
164	-0.007	-0.005	0.776
165	-0.006	-0.007	0.775
166	-0.005	-0.005	0.775
167	-0.006	-0.008	0.772
168	-0.005	-0.007	0.778
169	-0.003	-0.007	0.774
170	-0.003	-0.009	0.775
171	-0.002	-0.007	0.775
172	-0.001	-0.007	0.779
173	-0.001	-0.007	0.776
174	0.000	-0.006	0.775
175	-0.003	-0.005	0.777
176	-0.001	-0.006	0.776
177	0.000	-0.007	0.774
178	-0.002	-0.008	0.776
179	0.001	-0.006	0.775
180	-0.003	-0.006	0.774
181	-0.005	-0.005	0.773
182	-0.005	-0.006	0.773
183	-0.003	-0.009	0.773
184	-0.003	-0.007	0.774
185	-0.002	-0.010	0.772
186	-0.003	-0.008	0.771
187	-0.004	-0.007	0.772
188	-0.004	-0.006	0.778
189	-0.001	-0.006	0.775
190	-0.003	-0.007	0.777
191	-0.002	-0.007	0.775
192	0.001	-0.009	0.778
193	0.000	-0.008	0.779
194	0.001	-0.009	0.777
195	0.001	-0.010	0.778
196	0.003	-0.005	0.778
197	0.002	-0.007	0.777
198	0.003	-0.007	0.776
199	0.003	-0.009	0.774
200	0.004	-0.009	0.774
201	0.004	-0.008	0.772
202	0.005	-0.007	0.773
203	0.004	-0.006	0.776
204	0.002	-0.005	0.775
205	0.003	-0.005	0.775
206	0.004	-0.007	0.775
207	0.004	-0.006	0.772
208	0.002	-0.005	0.773
209	0.003	-0.001	0.778
210	0.005	-0.003	0.774
211	0.003	-0.004	0.776
212	0.002	-0.002	0.774
213	0.003	-0.005	0.777
214	0.002	-0.007	0.776
215	0.003	-0.007	0.776
216	0.002	-0.006	0.778
217	0.001	-0.004	0.776
218	0.001	-0.005	0.772
219	-0.001	-0.005	0.774
220	0.000	-0.002	0.775
221	0.002	-0.002	0.772
222	-0.001	-0.003	0.769
223	-0.002	-0.008	0.771
224	0.001	-0.006	0.775
225	-0.003	-0.006	0.771
226	0.002	-0.004	0.772
227	0.001	-0.005	0.773
228	-0.002	-0.005	0.773
229	-0.001	-0.006	0.777
230	-0.001	-0.008	0.779
231	0.001	-0.006	0.778
232	-0.001	-0.007	0.777
233	0.001	-0.008	0.780
234	0.000	-0.009	0.775
235	0.000	-0.009	0.774
236	-0.002	-0.009	0.777
237	-0.002	-0.007	0.779
238	0.001	-0.008	0.774
239	-0.003	-0.011	0.776
240	-0.002	-0.010	0.773
241	-0.005	-0.012	0.775
242	-0.005	-0.008	0.775
243	-0.004	-0.007	0.771
244	-0.005	-0.010	0.775
245	-0.005	-0.008	0.772
246	-0.003	-0.006	0.774
247	-0.005	-0.006	0.774
248	-0.004	-0.009	0.775
249	-0.002	-0.010	0.777
250	0.000	-0.009	0.779
251	-0.001	-0.009	0.776
252	-0.002	-0.009	0.777
253	-0.002	-0.011	0.773
254	-0.001	-0.009	0.773
255	0.002	-0.009	0.776
256	0.000	-0.009	0.773
257	0.001	-0.009	0.773
258	-0.002	-0.011	0.774
259	-0.002	-0.009	0.772
260	-0.003	-0.007	0.770
261	0.000	-0.006	0.774
262	-0.001	-0.009	0.772
263	-0.002	-0.007	0.772
264	0.000	-0.007	0.774
265	-0.002	-0.009	0.774
266	-0.002	-0.011	0.772
267	-0.001	-0.009	0.773
268	-0.002	-0.008	0.774
269	0.000	-0.005	0.779
270	-0.001	-0.002	0.777
271	-0.002	-0.006	0.776
272	-0.004	-0.007	0.778
273	-0.001	-0.012	0.778
274	0.001	-0.009	0.780
275	0.002	-0.008	0.773
276	-0.001	-0.005	0.774
277	-0.004	-0.003	0.776
278	-0.001	-0.005	0.774
279	-0.004	-0.007	0.773
280	-0.002	-0.007	0.771
281	-0.002	-0.005	0.771
282	-0.003	-0.005	0.772
283	-0.002	-0.009	0.776
284	-0.003	-0.006	0.775
285	-0.002	-0.005	0.772
286	-0.003	-0.005	0.774
287	-0.001	-0.004	0.774
288	-0.003	-0.003	0.776
289	-0.002	-0.005	0.776
290	0.001	-0.005	0.776
291	0.001	-0.005	0.778
292	-0.002	-0.001	0.777
293	-0.001	-0.001	0.781
294	0.003	-0.001	0.778
295	0.002	-0.004	0.774
296	0.003	-0.004	0.777
297	-0.001	-0.005	0.774
298	-0.001	-0.004	0.774
299	0.001	-0.005	0.773
300	-0.003	-0.004	0.773
301	-0.002	-0.002	0.773
302	-0.003	-0.003	0.775
303	-0.005	-0.003	0.776
304	-0.003	-0.003	0.774
305	-0.006	-0.005	0.773
306	-0.004	-0.004	0.777
307	-0.005	-0.003	0.779
308	-0.004	-0.003	0.776
309	-0.003	-0.003	0.779
310	-0.003	-0.001	0.779
311	-0.003	-0.003	0.774
312	-0.003	-0.004	0.774
313	-0.002	-0.003	0.779
314	-0.002	-0.004	0.778
315	-0.002	-0.005	0.776
316	0.001	-0.002	0.776
317	-0.001	-0.004	0.778
318	-0.001	-0.003	0.772
319	-0.001	-0.003	0.773
320	-0.001	-0.007	0.772
321	0.000	-0.004	0.777
322	-0.001	-0.005	0.772
323	0.001	-0.009	0.775
324	-0.001	-0.006	0.774
325	-0.001	-0.005	0.775
326	-0.003	-0.006	0.779
327	-0.001	-0.004	0.775
328	-0.002	-0.007	0.778
329	-0.003	-0.006	0.780
330	-0.003	-0.010	0.777
331	-0.003	-0.008	0.777
332	-0.005	-0.007	0.777
333	-0.005	-0.006	0.774
334	-0.004	-0.005	0.774
335	-0.009	-0.005	0.772
336	-0.007	-0.005	0.772
337	-0.005	-0.010	0.775
338	-0.009	-0.007	0.777
339	-0.008	-0.006	0.773
340	-0.007	-0.004	0.774
341	-0.008	-0.003	0.773
342	-0.006	0.000	0.773
343	-0.007	-0.004	0.771
344	-0.006	-0.006	0.773
345	-0.004	-0.010	0.779
346	-0.003	-0.008	0.779
347	-0.007	-0.009	0.778
348	-0.007	-0.004	0.777
349	-0.007	-0.002	0.779
350	-0.003	-0.002	0.776
351	-0.005	-0.002	0.779
352	-0.005	-0.004	0.777
353	-0.006	-0.006	0.773
354	-0.005	-0.007	0.775
355	-0.004	-0.007	0.773
356	-0.006	-0.005	0.771
357	-0.004	-0.003	0.774
358	-0.005	-0.001	0.772
359	-0.004	-0.002	0.775
360	-0.003	-0.006	0.776
361	-0.006	-0.007	0.779
362	-0.005	-0.005	0.779
363	-0.006	-0.004	0.774
364	-0.005	-0.005	0.775
365	-0.005	-0.006	0.775
366	-0.005	-0.007	0.774
367	-0.006	-0.004	0.778
368	-0.006	-0.003	0.776
369	-0.005	-0.002	0.776
370	-0.005	-0.006	0.779
371	-0.007	-0.009	0.773
372	-0.006	-0.007	0.779
373	-0.009	-0.006	0.779
374	-0.005	-0.005	0.772
375	-0.004	-0.007	0.775
376	-0.007	-0.006	0.776
377	-0.007	-0.006	0.772
378	-0.006	-0.005	0.776
379	-0.004	-0.001	0.771
380	-0.005	-0.001	0.773
381	-0.007	-0.004	0.775
382	-0.007	-0.004	0.773
383	-0.008	-0.010	0.779
384	-0.009	-0.011	0.776
385	-0.006	-0.007	0.777
386	-0.005	-0.009	0.777
387	-0.004	-0.003	0.776
388	-0.006	0.002	0.778
389	-0.004	-0.002	0.775
390	-0.004	-0.004	0.774
391	-0.006	-0.012	0.772
392	-0.005	-0.008	0.772
393	-0.004	-0.007	0.776
394	-0.002	-0.003	0.775
395	-0.004	-0.001	0.776
396	-0.003	0.001	0.771
397	-0.001	-0.001	0.775
398	-0.001	-0.005	0.773
399	-0.003	-0.005	0.771
400	-0.002	-0.004	0.772
401	-0.001	-0.001	0.774
402	-0.001	-0.004	0.777
403	-0.002	-0.009	0.780
404	-0.002	-0.011	0.778
405	-0.003	-0.006	0.780
406	-0.002	0.000	0.779
407	0.002	-0.002	0.774
408	-0.003	-0.005	0.776
409	-0.006	-0.009	0.776
410	-0.007	-0.011	0.774
411	-0.006	-0.006	0.775
412	-0.005	-0.006	0.772
413	-0.005	-0.004	0.774
414	-0.007	-0.003	0.773
415	-0.008	-0.005	0.775
416	-0.005	-0.005	0.775
417	-0.004	-0.007	0.774
418	-0.005	-0.008	0.774
419	-0.005	-0.006	0.775
420	-0.005	-0.006	0.778
421	-0.004	-0.003	0.776
422	-0.004	-0.005	0.778
423	-0.005	-0.009	0.774
424	-0.001	-0.010	0.774
425	0.000	-0.011	0.777
426	-0.002	-0.009	0.777
427	-0.004	-0.009	0.778
428	-0.001	-0.008	0.778
429	-0.003	-0.008	0.774
430	-0.004	-0.009	0.778
431	-0.003	-0.006	0.774
432	-0.007	-0.008	0.773
433	-0.002	-0.010	0.771
434	-0.003	-0.012	0.772
435	-0.001	-0.008	0.776
436	-0.001	-0.008	0.773
437	-0.003	-0.004	0.776
438	-0.004	-0.004	0.777
439	-0.001	-0.007	0.779
440	0.001	-0.009	0.775
441	0.002	-0.009	0.779
442	-0.001	-0.009	0.775
443	-0.002	-0.007	0.771
444	0.000	-0.005	0.773
445	0.000	-0.003	0.774
446	-0.003	-0.005	0.774
447	0.000	-0.006	0.770
448	0.002	-0.007	0.774
449	-0.001	-0.009	0.772
450	0.003	-0.006	0.776
451	0.001	-0.003	0.776
452	0.002	-0.005	0.774
453	0.003	-0.003	0.773
454	0.002	-0.005	0.775
455	0.002	-0.007	0.776
456	0.002	-0.005	0.776
457	0.003	-0.007	0.777
458	0.003	-0.005	0.779
459	0.004	-0.007	0.774
460	0.005	-0.007	0.777
461	0.004	-0.006	0.776
462	0.003	-0.005	0.776
463	0.004	-0.006	0.778
464	0.003	-0.007	0.775
465	0.003	-0.007	0.776
466	0.005	-0.007	0.773
467	0.004	-0.007	0.772
468	0.005	-0.005	0.772
469	0.001	-0.007	0.776
470	0.004	-0.007	0.774
471	0.004	-0.011	0.776
472	0.004	-0.007	0.780
473	0.003	-0.010	0.778
474	0.001	-0.011	0.775
475	0.002	-0.009	0.775
476	0.004	-0.013	0.777
477	0.002	-0.011	0.773
478	0.002	-0.012	0.775
479	-0.002	-0.011	0.776
480	-0.001	-0.013	0.773
481	-0.002	-0.013	0.776
482	-0.002	-0.013	0.776
483	-0.002	-0.011	0.772
484	-0.001	-0.010	0.773
485	-0.004	-0.009	0.773
486	-0.002	-0.010	0.776
487	-0.001	-0.011	0.775
488	0.001	-0.010	0.771
489	0.002	-0.007	0.774
490	0.001	-0.007	0.775
491	0.003	-0.007	0.778
492	0.005	-0.008	0.777
493	0.005	-0.009	0.777
494	0.004	-0.011	0.777
495	0.006	-0.009	0.780
496	0.006	-0.006	0.776
497	0.007	-0.004	0.776
498	0.010	-0.003	0.778
499	0.007	-0.009	0.774
500	0.008	-0.007	0.772
501	0.011	-0.008	0.772
502	0.011	-0.005	0.774
503	0.012	-0.005	0.774
504	0.013	-0.008	0.772
505	0.011	-0.007	0.771
506	0.015	-0.007	0.775
507	0.014	-0.009	0.772
508	0.012	-0.004	0.776
509	0.013	-0.003	0.776
510	0.013	-0.004	0.775
511	0.012	-0.008	0.773
512	0.011	-0.003	0.772
513	0.010	-0.006	0.775
514	0.011	-0.001	0.775
515	0.011	-0.002	0.776
516	0.010	-0.003	0.776
517	-0.033	-0.102	1.020
518	-0.076	-0.192	1.104
519	-0.074	-0.181	1.079
520	-0.072	-0.179	1.074
521	-0.071	-0.175	1.071
522	-0.069	-0.175	1.068
523	-0.071	-0.171	1.054
524	-0.071	-0.171	1.061
525	-0.070	-0.168	1.052
526	-0.068	-0.164	1.049
527	-0.072	-0.163	1.054
528	-0.070	-0.166	1.049
529	-0.069	-0.164	1.048
530	-0.069	-0.161	1.045
531	-0.068	-0.158	1.038
532	-0.067	-0.157	1.041
533	-0.068	-0.159	1.043
534	-0.068	-0.157	1.036
535	-0.068	-0.155	1.036
536	-0.068	-0.154	1.040
537	-0.068	-0.152	1.035
538	-0.068	-0.151	1.027
539	-0.069	-0.153	1.031
540	-0.066	-0.150	1.039
541	-0.068	-0.148	1.031
542	-0.068	-0.150	1.030
543	-0.065	-0.149	1.028
544	-0.067	-0.150	1.028
545	-0.068	-0.146	1.028
546	-0.067	-0.147	1.032
547	-0.069	-0.149	1.027
548	-0.066	-0.148	1.026
549	-0.064	-0.146	1.024
550	-0.068	-0.146	1.025
551	-0.066	-0.145	1.028
552	-0.067	-0.145	1.024
553	-0.064	-0.149	1.023
554	-0.066	-0.145	1.024
555	-0.066	-0.145	1.024
556	-0.063	-0.146	1.015
557	-0.065	-0.146	1.020
558	-0.064	-0.145	1.023
559	-0.066	-0.145	1.021
560	-0.062	-0.145	1.016
561	-0.062	-0.144	1.022
562	-0.066	-0.146	1.027
563	-0.060	-0.146	1.018
564	-0.065	-0.146	1.018
565	-0.063	-0.146	1.019
566	-0.061	-0.144	1.022
567	-0.061	-0.142	1.018
568	-0.061	-0.143	1.015
569	-0.063	-0.143	1.018
570	-0.060	-0.143	1.018
571	-0.063	-0.145	1.020
572	-0.062	-0.144	1.014
573	-0.063	-0.140	1.015
574	-0.064	-0.142	1.014
575	-0.063	-0.143	1.012
576	-0.063	-0.142	1.011
577	-0.062	-0.144	1.016
578	-0.062	-0.143	1.012
579	-0.062	-0.141	1.018
580	-0.062	-0.140	1.013
581	-0.061	-0.143	1.014
582	-0.062	-0.141	1.018
583	-0.062	-0.141	1.019
584	-0.060	-0.140	1.016
585	-0.063	-0.142	1.016
586	-0.061	-0.140	1.017
587	-0.061	-0.142	1.014
588	-0.060	-0.139	1.013
589	-0.062	-0.140	1.010
590	-0.064	-0.140	1.007
591	-0.062	-0.142	1.010
592	-0.061	-0.142	1.011
593	-0.062	-0.139	1.012
594	-0.061	-0.139	1.006
595	-0.061	-0.142	1.011
596	-0.062	-0.142	1.008
597	-0.062	-0.144	1.007
598	-0.064	-0.142	1.010
599	-0.063	-0.144	1.014
600	-0.060	-0.141	1.008
601	-0.061	-0.140	1.016
602	-0.061	-0.140	1.005
603	-0.062	-0.141	1.008
604	-0.061	-0.141	1.014
605	-0.059	-0.143	1.011
606	-0.062	-0.141	1.007
607	-0.063	-0.142	1.014
608	-0.064	-0.143	1.010
609	-0.063	-0.142	1.014
610	-0.064	-0.141	1.014
611	-0.060	-0.142	1.008
612	-0.063	-0.144	1.007
613	-0.063	-0.140	1.011
614	-0.061	-0.141	1.022
615	-0.062	-0.142	1.013
616	-0.062	-0.141	1.003
617	-0.062	-0.140	1.013
618	-0.060	-0.139	1.019
619	-0.060	-0.144	1.013
620	-0.063	-0.141	1.004
621	-0.064	-0.143	1.012
622	-0.064	-0.139	1.014
623	-0.062	-0.143	1.008
624	-0.064	-0.143	1.002
625	-0.064	-0.142	1.005
626	-0.062	-0.141	1.008
627	-0.063	-0.140	1.008
628	-0.064	-0.140	1.006
629	-0.061	-0.140	1.010
630	-0.063	-0.144	1.003
631	-0.064	-0.140	1.008
632	-0.064	-0.141	1.011
633	-0.063	-0.139	1.011
634	-0.066	-0.140	1.005
635	-0.062	-0.144	1.011
636	-0.064	-0.140	1.009
637	-0.067	-0.141	1.002
638	-0.064	-0.141	1.010
639	-0.063	-0.137	1.005
640	-0.063	-0.140	1.007
641	-0.063	-0.141	1.002
642	-0.063	-0.139	1.005
643	-0.064	-0.139	1.005
644	-0.063	-0.140	1.004
645	-0.063	-0.141	1.002
646	-0.064	-0.142	1.004
647	-0.062	-0.139	1.003
648	-0.065	-0.142	1.008
649	-0.060	-0.141	1.004
650	-0.062	-0.141	1.004
651	-0.062	-0.138	1.008
652	-0.062	-0.139	1.009
653	-0.063	-0.140	1.004
654	-0.061	-0.138	1.012
655	-0.060	-0.140	1.007
656	-0.062	-0.138	1.003
657	-0.061	-0.138	1.007
658	-0.061	-0.138	1.002
659	-0.061	-0.139	1.002
660	-0.062	-0.138	1.011
661	-0.062	-0.137	1.004
662	-0.064	-0.135	1.000
663	-0.063	-0.136	1.005
664	-0.061	-0.135	1.002
665	-0.064	-0.138	1.006
666	-0.062	-0.138	1.002
667	-0.061	-0.137	1.002
668	-0.063	-0.138	1.006
669	-0.061	-0.135	1.004
670	-0.061	-0.136	1.007
671	-0.060	-0.137	1.000
672	-0.064	-0.136	1.004
673	-0.064	-0.136	1.006
674	-0.063	-0.137	1.004
675	-0.064	-0.136	1.004
676	-0.061	-0.135	1.008
677	-0.062	-0.133	1.002
678	-0.063	-0.134	0.999
679	-0.062	-0.136	0.997
680	-0.066	-0.137	1.004
681	-0.061	-0.138	1.008
682	-0.065	-0.137	1.008
683	-0.063	-0.136	0.998
684	-0.063	-0.133	1.001
685	-0.064	-0.136	1.008
686	-0.065	-0.135	1.006
687	-0.066	-0.134	1.004
688	-0.066	-0.136	1.006
689	-0.065	-0.134	1.005
690	-0.067	-0.135	0.997
691	-0.064	-0.137	1.000
692	-0.065	-0.135	1.003
693	-0.068	-0.137	1.000
694	-0.070	-0.133	1.000
695	-0.067	-0.135	0.999
696	-0.068	-0.135	1.002
697	-0.066	-0.136	0.994
698	-0.067	-0.136	1.003
699	-0.064	-0.134	1.002
700	-0.066	-0.138	0.998
701	-0.065	-0.137	1.001
702	-0.068	-0.136	1.006
703	-0.068	-0.135	1.006
704	-0.067	-0.136	0.999
705	-0.067	-0.138	1.006
706	-0.068	-0.136	0.998
707	-0.066	-0.135	1.002
708	-0.068	-0.136	1.005
709	-0.066	-0.137	1.001
710	-0.067	-0.134	0.999
711	-0.065	-0.135	1.002
712	-0.068	-0.136	1.004
713	-0.067	-0.135	1.000
714	-0.066	-0.139	0.994
715	-0.067	-0.137	1.004
716	-0.067	-0.137	1.007
717	-0.067	-0.137	1.000
718	-0.067	-0.136	0.996
719	-0.065	-0.136	1.006
720	-0.067	-0.136	1.012
721	-0.067	-0.137	1.001
722	-0.067	-0.137	0.999
723	-0.066	-0.137	1.002
724	-0.066	-0.138	1.008
725	-0.065	-0.137	1.000
726	-0.068	-0.137	1.001
727	-0.066	-0.134	1.003
728	-0.067	-0.135	0.996
729	-0.067	-0.135	0.998
730	-0.065	-0.136	0.994
731	-0.065	-0.138	0.996
732	-0.063	-0.135	1.008
733	-0.065	-0.137	1.004
734	-0.067	-0.138	0.999
735	-0.066	-0.138	1.003
736	-0.066	-0.137	1.006
737	-0.066	-0.134	1.002
738	-0.066	-0.136	0.997
739	-0.066	-0.136	1.002
740	-0.066	-0.137	1.005
741	-0.065	-0.135	1.005
742	-0.065	-0.136	0.994
743	-0.067	-0.134	0.990
744	-0.065	-0.135	1.002
745	-0.064	-0.134	1.002
746	-0.066	-0.134	0.992
747	-0.066	-0.131	0.993
748	-0.065	-0.133	1.006
749	-0.065	-0.132	0.996
750	-0.064	-0.133	0.989
751	-0.064	-0.132	0.999
752	-0.064	-0.134	1.001
753	-0.064	-0.134	1.000
754	-0.064	-0.135	0.999
755	-0.063	-0.133	1.004
756	-0.062	-0.132	1.000
757	-0.066	-0.132	0.999
758	-0.064	-0.132	1.002
759	-0.063	-0.133	0.994
760	-0.062	-0.133	1.002
761	-0.064	-0.133	1.002
762	-0.064	-0.131	0.992
763	-0.063	-0.134	0.995
764	-0.064	-0.132	1.000
765	-0.063	-0.133	0.993
766	-0.066	-0.135	0.991
767	-0.064	-0.132	1.003
768	-0.065	-0.133	1.000
769	-0.065	-0.133	0.997
770	-0.064	-0.137	0.995
771	-0.064	-0.132	1.002
772	-0.064	-0.133	0.999
773	-0.065	-0.132	0.992
774	-0.065	-0.134	0.997
775	-0.064	-0.134	0.996
776	-0.062	-0.132	0.996
777	-0.064	-0.133	0.995
778	-0.064	-0.134	0.987
779	-0.064	-0.132	0.996
780	-0.063	-0.132	0.991
781	-0.066	-0.132	0.990
782	-0.065	-0.134	0.992
783	-0.065	-0.134	0.995
784	-0.063	-0.133	0.992
785	-0.065	-0.133	0.997
786	-0.062	-0.132	0.994
787	-0.064	-0.133	0.994
788	-0.065	-0.134	0.991
789	-0.064	-0.132	0.991
790	-0.064	-0.131	0.997
791	-0.063	-0.132	0.993
792	-0.065	-0.134	0.995
793	-0.067	-0.131	0.994
794	-0.064	-0.130	0.989
795	-0.063	-0.132	0.987
796	-0.064	-0.131	0.994
797	-0.065	-0.131	0.994
798	-0.064	-0.130	0.992
799	-0.064	-0.134	0.992
800	-0.063	-0.132	0.992
801	-0.066	-0.133	0.996
802	-0.067	-0.132	0.992
803	-0.066	-0.131	0.990
804	-0.064	-0.132	0.993
805	-0.065	-0.132	0.995
806	-0.065	-0.133	0.993
807	-0.066	-0.134	0.994
808	-0.066	-0.131	0.990
809	-0.065	-0.131	0.996
810	-0.062	-0.131	0.998
811	-0.064	-0.132	0.993
812	-0.065	-0.133	0.993
813	-0.064	-0.134	0.992
814	-0.066	-0.134	0.993
815	-0.067	-0.132	0.993
816	-0.065	-0.130	0.995
817	-0.066	-0.132	0.992
818	-0.065	-0.132	0.993
819	-0.066	-0.131	0.999
820	-0.066	-0.132	0.993
821	-0.065	-0.134	0.993
822	-0.066	-0.132	0.997
823	-0.067	-0.132	0.990
824	-0.063	-0.132	0.991
825	-0.064	-0.132	0.993
826	-0.066	-0.132	0.991
827	-0.067	-0.131	0.992
828	-0.065	-0.131	0.994
829	-0.064	-0.132	0.989
830	-0.065	-0.131	0.991
831	-0.064	-0.132	0.991
832	-0.066	-0.132	0.990
833	-0.066	-0.130	0.995
834	-0.065	-0.132	0.990
835	-0.069	-0.131	0.991
836	-0.065	-0.130	0.991
837	-0.065	-0.132	1.000
838	-0.065	-0.133	0.994
839	-0.065	-0.131	0.993
840	-0.065	-0.129	0.997
841	-0.064	-0.131	0.995
842	-0.065	-0.128	0.988
843	-0.065	-0.129	0.992
844	-0.064	-0.125	0.993
845	-0.063	-0.129	0.988
846	-0.063	-0.132	0.988
847	-0.063	-0.128	0.988
848	-0.065	-0.130	0.991
849	-0.064	-0.128	0.992
850	-0.065	-0.129	0.992
851	-0.063	-0.129	0.993
852	-0.064	-0.128	0.994
853	-0.066	-0.129	0.991
854	-0.063	-0.129	0.997
855	-0.064	-0.130	0.994
856	-0.062	-0.130	0.997
857	-0.062	-0.131	0.995
858	-0.064	-0.127	0.992
859	-0.064	-0.129	0.985
860	-0.064	-0.127	0.993
861	-0.063	-0.128	0.994
862	-0.063	-0.128	0.990
863	-0.061	-0.129	0.989
864	-0.065	-0.132	0.987
865	-0.064	-0.131	0.991
866	-0.061	-0.128	0.988
867	-0.064	-0.128	0.990
868	-0.064	-0.127	0.997
869	-0.062	-0.126	0.987
870	-0.064	-0.129	0.992
871	-0.063	-0.129	0.992
872	-0.062	-0.129	0.989
873	-0.062	-0.125	0.994
874	-0.063	-0.127	0.991
875	-0.066	-0.130	0.991
876	-0.063	-0.130	0.994
877	-0.063	-0.129	0.987
878	-0.064	-0.128	0.984
879	-0.063	-0.129	0.990
880	-0.064	-0.130	0.987
881	-0.063	-0.128	0.980
882	-0.061	-0.128	0.989
883	-0.062	-0.125	0.988
884	-0.063	-0.129	0.986
885	-0.064	-0.129	0.991
886	-0.066	-0.130	0.987
887	-0.064	-0.128	0.988
888	-0.065	-0.128	0.989
889	-0.064	-0.128	0.996
890	-0.064	-0.127	0.996
891	-0.065	-0.127	0.986
892	-0.062	-0.128	0.990
893	-0.061	-0.128	0.986
894	-0.063	-0.129	0.985
895	-0.063	-0.125	0.987
896	-0.065	-0.125	0.987
897	-0.063	-0.125	0.987
898	-0.063	-0.128	0.985
899	-0.064	-0.129	0.985
900	-0.064	-0.128	0.992
901	-0.064	-0.129	0.986
902	-0.065	-0.127	0.987
903	-0.063	-0.128	0.988
904	-0.065	-0.129	0.993
905	-0.065	-0.127	0.984
906	-0.064	-0.126	0.991
907	-0.063	-0.126	0.989
908	-0.063	-0.128	0.992
909	-0.066	-0.127	0.988
910	-0.063	-0.127	0.987
911	-0.065	-0.126	0.985
912	-0.063	-0.125	0.988
913	-0.066	-0.126	0.984
914	-0.065	-0.126	0.983
915	-0.064	-0.126	0.984
916	-0.065	-0.127	0.987
917	-0.063	-0.126	0.992
918	-0.065	-0.127	0.984
919	-0.065	-0.126	0.989
920	-0.064	-0.125	0.990
921	-0.065	-0.128	0.989
922	-0.066	-0.127	0.987
923	-0.064	-0.126	0.987
924	-0.065	-0.126	0.985
925	-0.065	-0.127	0.990
926	-0.065	-0.126	0.987
927	-0.066	-0.127	0.993
928	-0.064	-0.127	0.987
929	-0.064	-0.129	0.987
930	-0.065	-0.128	0.986
931	-0.067	-0.128	0.985
932	-0.064	-0.127	0.985
933	-0.065	-0.126	0.978
934	-0.065	-0.128	0.988
935	-0.066	-0.126	0.990
936	-0.067	-0.125	0.985
937	-0.066	-0.124	0.983
938	-0.067	-0.128	0.982
939	-0.068	-0.124	0.987
940	-0.067	-0.126	0.987
941	-0.066	-0.123	0.980
942	-0.066	-0.126	0.981
943	-0.065	-0.125	0.988
944	-0.067	-0.124	0.987
945	-0.067	-0.124	0.986
946	-0.066	-0.123	0.983
947	-0.066	-0.122	0.986
948	-0.065	-0.125	0.985
949	-0.066	-0.125	0.985
950	-0.065	-0.125	0.986
951	-0.066	-0.126	0.986
952	-0.064	-0.125	0.988
953	-0.066	-0.126	0.985
954	-0.064	-0.126	0.989
955	-0.064	-0.126	0.989
956	-0.064	-0.124	0.982
957	-0.063	-0.125	0.989
958	-0.063	-0.124	0.984
959	-0.062	-0.125	0.985
960	-0.062	-0.125	0.981
961	-0.063	-0.123	0.981
962	-0.064	-0.128	0.980
963	-0.065	-0.123	0.985
964	-0.064	-0.123	0.981
965	-0.063	-0.125	0.982
966	-0.064	-0.123	0.987
967	-0.062	-0.123	0.980
968	-0.065	-0.125	0.983
969	-0.062	-0.123	0.986
970	-0.063	-0.123	0.986
971	-0.063	-0.123	0.984
972	-0.063	-0.123	0.985
973	-0.062	-0.123	0.986
974	-0.063	-0.124	0.987
975	-0.064	-0.123	0.985
976	-0.064	-0.121	0.986
977	-0.062	-0.124	0.981
978	-0.063	-0.122	0.987
979	-0.061	-0.122	0.984
980	-0.061	-0.121	0.981
981	-0.062	-0.125	0.977
982	-0.064	-0.123	0.987
983	-0.061	-0.122	0.990
984	-0.063	-0.123	0.985
985	-0.065	-0.122	0.979
986	-0.062	-0.121	0.987
987	-0.062	-0.123	0.988
988	-0.061	-0.126	0.983
989	-0.063	-0.124	0.990
990	-0.061	-0.123	0.986
991	-0.063	-0.124	0.991
992	-0.061	-0.125	0.983
993	-0.063	-0.125	0.979
994	-0.063	-0.123	0.983
995	-0.061	-0.124	0.982
996	-0.061	-0.124	0.980
997	-0.062	-0.124	0.983
998	-0.063	-0.122	0.976
999	-0.064	-0.119	0.983
1000	-0.062	-0.121	0.990
1001	-0.063	-0.120	0.981
1002	-0.061	-0.122	0.985
1003	-0.061	-0.123	0.984
1004	-0.063	-0.123	0.994
1005	-0.062	-0.123	0.984
1006	-0.063	-0.123	0.983
1007	-0.063	-0.124	0.989
1008	-0.062	-0.124	0.983
1009	-0.061	-0.123	0.982
1010	-0.062	-0.123	0.983
1011	-0.062	-0.122	0.987
1012	-0.062	-0.122	0.987
1013	-0.064	-0.122	0.980
1014	-0.062	-0.122	0.984
1015	-0.062	-0.122	0.981
1016	-0.062	-0.121	0.988
1017	-0.063	-0.122	0.983
1018	-0.148	-0.330	1.358
1019	-0.148	-0.326	1.324
1020	-0.143	-0.315	1.323
1021	-0.141	-0.312	1.302
1022	-0.139	-0.307	1.297
1023	-0.137	-0.302	1.300
1024	-0.137	-0.299	1.290
1025	-0.134	-0.298	1.280
1026	-0.132	-0.295	1.277
1027	-0.132	-0.292	1.282
1028	-0.132	-0.293	1.277
1029	-0.134	-0.291	1.261
1030	-0.131	-0.290	1.262
1031	-0.132	-0.287	1.271
1032	-0.132	-0.287	1.264
1033	-0.129	-0.284	1.258
1034	-0.129	-0.283	1.264
1035	-0.128	-0.286	1.264
1036	-0.130	-0.285	1.255
1037	-0.128	-0.286	1.256
1038	-0.126	-0.281	1.256
1039	-0.128	-0.280	1.261
1040	-0.128	-0.281	1.249
1041	-0.128	-0.280	1.256
1042	-0.128	-0.278	1.246
1043	-0.125	-0.278	1.245
1044	-0.124	-0.280	1.244
1045	-0.127	-0.278	1.246
1046	-0.126	-0.277	1.244
1047	-0.125	-0.276	1.242
1048	-0.123	-0.275	1.244
1049	-0.123	-0.274	1.245
1050	-0.125	-0.275	1.238
1051	-0.126	-0.272	1.242
1052	-0.124	-0.273	1.242
1053	-0.125	-0.274	1.246
1054	-0.122	-0.274	1.243
1055	-0.124	-0.274	1.242
1056	-0.124	-0.274	1.245
1057	-0.123	-0.274	1.242
1058	-0.123	-0.272	1.233
1059	-0.122	-0.272	1.238
1060	-0.123	-0.271	1.236
1061	-0.124	-0.271	1.232
1062	-0.123	-0.272	1.231
1063	-0.124	-0.271	1.237
1064	-0.120	-0.273	1.238
1065	-0.124	-0.270	1.240
1066	-0.119	-0.270	1.229
1067	-0.121	-0.269	1.237
1068	-0.121	-0.271	1.244
1069	-0.122	-0.270	1.234
1070	-0.120	-0.271	1.234
1071	-0.121	-0.270	1.236
1072	-0.122	-0.267	1.230
1073	-0.121	-0.266	1.231
1074	-0.122	-0.267	1.232
1075	-0.121	-0.271	1.230
1076	-0.124	-0.270	1.233
1077	-0.122	-0.270	1.222
1078	-0.121	-0.268	1.232
1079	-0.121	-0.266	1.229
1080	-0.118	-0.272	1.226
1081	-0.120	-0.270	1.226
1082	-0.119	-0.269	1.236
1083	-0.120	-0.268	1.229
1084	-0.122	-0.270	1.224
1085	-0.121	-0.269	1.222
1086	-0.121	-0.267	1.232
1087	-0.117	-0.267	1.234
1088	-0.120	-0.267	1.226
1089	-0.120	-0.271	1.228
1090	-0.118	-0.269	1.232
1091	-0.120	-0.265	1.228
1092	-0.119	-0.268	1.223
1093	-0.118	-0.266	1.228
1094	-0.120	-0.267	1.229
1095	-0.118	-0.268	1.223
1096	-0.117	-0.266	1.223
1097	-0.119	-0.267	1.226
1098	-0.120	-0.268	1.226
1099	-0.119	-0.269	1.224
1100	-0.117	-0.267	1.226
1101	-0.119	-0.266	1.227
1102	-0.118	-0.264	1.232
1103	-0.117	-0.266	1.228
1104	-0.118	-0.265	1.230
1105	-0.118	-0.266	1.227
1106	-0.119	-0.267	1.229
1107	-0.118	-0.266	1.224
1108	-0.118	-0.264	1.224
1109	-0.119	-0.263	1.221
1110	-0.119	-0.264	1.223
1111	-0.119	-0.265	1.222
1112	-0.116	-0.263	1.222
1113	-0.118	-0.265	1.216
1114	-0.117	-0.262	1.224
1115	-0.117	-0.265	1.226
1116	-0.117	-0.263	1.224
1117	-0.118	-0.261	1.223
1118	-0.118	-0.262	1.228
1119	-0.118	-0.265	1.225
1120	-0.116	-0.264	1.224
1121	-0.118	-0.262	1.226
1122	-0.116	-0.262	1.221
1123	-0.119	-0.261	1.222
1124	-0.117	-0.262	1.222
1125	-0.119	-0.263	1.220
1126	-0.118	-0.261	1.220
1127	-0.118	-0.259	1.222
1128	-0.118	-0.261	1.219
1129	-0.119	-0.264	1.223
1130	-0.117	-0.263	1.219
1131	-0.117	-0.261	1.219
1132	-0.118	-0.262	1.224
1133	-0.119	-0.261	1.227
1134	-0.119	-0.260	1.218
1135	-0.119	-0.262	1.223
1136	-0.117	-0.262	1.223
1137	-0.116	-0.261	1.218
1138	-0.117	-0.261	1.220
1139	-0.117	-0.259	1.222
1140	-0.121	-0.259	1.217
1141	-0.119	-0.261	1.215
1142	-0.121	-0.259	1.216
1143	-0.120	-0.258	1.218
1144	-0.119	-0.261	1.218
1145	-0.120	-0.260	1.216
1146	-0.119	-0.260	1.214
1147	-0.120	-0.259	1.220
1148	-0.122	-0.263	1.214
1149	-0.122	-0.263	1.213
1150	-0.121	-0.263	1.222
1151	-0.121	-0.261	1.220
1152	-0.119	-0.261	1.214
1153	-0.124	-0.261	1.218
1154	-0.122	-0.261	1.223
1155	-0.120	-0.262	1.220
1156	-0.122	-0.261	1.219
1157	-0.121	-0.261	1.219
1158	-0.121	-0.260	1.221
1159	-0.122	-0.262	1.218
1160	-0.122	-0.262	1.220
1161	-0.120	-0.260	1.218
1162	-0.122	-0.259	1.218
1163	-0.120	-0.261	1.214
1164	-0.121	-0.260	1.217
1165	-0.121	-0.260	1.219
1166	-0.122	-0.260	1.223
1167	-0.123	-0.258	1.216
1168	-0.120	-0.263	1.218
1169	-0.121	-0.262	1.224
1170	-0.121	-0.261	1.218
1171	-0.122	-0.259	1.218
1172	-0.120	-0.262	1.218
1173	-0.120	-0.262	1.222
1174	-0.123	-0.263	1.214
1175	-0.122	-0.258	1.217
1176	-0.119	-0.260	1.217
1177	-0.119	-0.261	1.217
1178	-0.119	-0.261	1.216
1179	-0.120	-0.261	1.218
1180	-0.120	-0.260	1.217
1181	-0.120	-0.260	1.222
1182	-0.120	-0.260	1.218
1183	-0.120	-0.260	1.224
1184	-0.119	-0.258	1.224
1185	-0.121	-0.260	1.217
1186	-0.119	-0.259	1.220
1187	-0.118	-0.263	1.220
1188	-0.119	-0.261	1.218
1189	-0.119	-0.261	1.214
1190	-0.120	-0.260	1.218
1191	-0.120	-0.258	1.219
1192	-0.118	-0.261	1.215
1193	-0.120	-0.261	1.216
1194	-0.119	-0.262	1.216
1195	-0.119	-0.260	1.218
1196	-0.117	-0.260	1.221
1197	-0.120	-0.262	1.215
1198	-0.120	-0.258	1.221
1199	-0.118	-0.260	1.221
1200	-0.119	-0.257	1.222
1201	-0.117	-0.258	1.217
1202	-0.118	-0.259	1.219
1203	-0.116	-0.257	1.223
1204	-0.118	-0.259	1.212
1205	-0.117	-0.257	1.214
1206	-0.117	-0.258	1.216
1207	-0.118	-0.259	1.216
1208	-0.117	-0.259	1.215
1209	-0.117	-0.260	1.215
1210	-0.118	-0.259	1.214
1211	-0.117	-0.259	1.218
1212	-0.118	-0.260	1.217
1213	-0.118	-0.259	1.216
1214	-0.116	-0.257	1.216
1215	-0.118	-0.258	1.218
1216	-0.118	-0.259	1.218
1217	-0.117	-0.256	1.218
1218	-0.118	-0.256	1.217
1219	-0.117	-0.257	1.216
1220	-0.117	-0.258	1.219
1221	-0.117	-0.258	1.216
1222	-0.116	-0.259	1.220
1223	-0.117	-0.259	1.216
1224	-0.118	-0.258	1.213
1225	-0.117	-0.261	1.217
1226	-0.117	-0.260	1.216
1227	-0.118	-0.261	1.210
1228	-0.117	-0.257	1.212
1229	-0.118	-0.257	1.216
1230	-0.116	-0.257	1.216
1231	-0.117	-0.257	1.213
1232	-0.117	-0.260	1.218
1233	-0.117	-0.257	1.217
1234	-0.117	-0.258	1.216
1235	-0.116	-0.259	1.218
1236	-0.118	-0.259	1.221
1237	-0.118	-0.259	1.211
1238	-0.117	-0.261	1.214
1239	-0.117	-0.260	1.218
1240	-0.119	-0.261	1.215
1241	-0.116	-0.261	1.214
1242	-0.118	-0.261	1.212
1243	-0.118	-0.260	1.215
1244	-0.118	-0.260	1.212
1245	-0.117	-0.262	1.219
1246	-0.118	-0.261	1.218
1247	-0.119	-0.261	1.220
1248	-0.117	-0.260	1.218
1249	-0.116	-0.259	1.221
1250	-0.118	-0.259	1.219
1251	-0.119	-0.260	1.218
1252	-0.119	-0.261	1.216
1253	-0.117	-0.261	1.216
1254	-0.115	-0.261	1.216
1255	-0.118	-0.261	1.214
1256	-0.115	-0.262	1.217
1257	-0.117	-0.260	1.213
1258	-0.116	-0.259	1.210
1259	-0.116	-0.261	1.219
1260	-0.114	-0.260	1.215
1261	-0.116	-0.260	1.214
1262	-0.117	-0.260	1.214
1263	-0.116	-0.260	1.227
1264	-0.115	-0.257	1.218
1265	-0.115	-0.258	1.216
1266	-0.115	-0.260	1.219
1267	-0.116	-0.258	1.216
1268	-0.117	-0.258	1.216
1269	-0.116	-0.259	1.215
1270	-0.117	-0.257	1.215
1271	-0.117	-0.257	1.211
1272	-0.117	-0.258	1.215
1273	-0.116	-0.258	1.208
1274	-0.115	-0.259	1.215
1275	-0.115	-0.257	1.213
1276	-0.116	-0.257	1.211
1277	-0.115	-0.259	1.211
1278	-0.116	-0.257	1.222
1279	-0.116	-0.258	1.213
1280	-0.116	-0.256	1.213
1281	-0.115	-0.260	1.213
1282	-0.113	-0.260	1.214
1283	-0.116	-0.258	1.217
1284	-0.116	-0.258	1.210
1285	-0.115	-0.259	1.214
1286	-0.116	-0.257	1.208
1287	-0.115	-0.260	1.212
1288	-0.114	-0.259	1.207
1289	-0.114	-0.257	1.213
1290	-0.115	-0.254	1.209
1291	-0.117	-0.258	1.214
1292	-0.115	-0.258	1.206
1293	-0.116	-0.257	1.209
1294	-0.113	-0.257	1.214
1295	-0.117	-0.255	1.214
1296	-0.114	-0.257	1.212
1297	-0.114	-0.256	1.214
1298	-0.116	-0.259	1.214
1299	-0.114	-0.256	1.211
1300	-0.114	-0.255	1.218
1301	-0.115	-0.257	1.209
1302	-0.112	-0.259	1.209
1303	-0.114	-0.256	1.213
1304	-0.115	-0.257	1.208
1305	-0.115	-0.257	1.203
1306	-0.115	-0.257	1.210
1307	-0.113	-0.256	1.214
1308	-0.113	-0.257	1.208
1309	-0.117	-0.256	1.209
1310	-0.115	-0.257	1.211
1311	-0.116	-0.257	1.212
1312	-0.114	-0.256	1.216
1313	-0.113	-0.254	1.212
1314	-0.113	-0.256	1.210
1315	-0.115	-0.255	1.211
1316	-0.115	-0.254	1.210
1317	-0.115	-0.255	1.209
1318	-0.114	-0.254	1.208
1319	-0.116	-0.256	1.208
1320	-0.115	-0.255	1.204
1321	-0.113	-0.254	1.205
1322	-0.114	-0.255	1.210
1323	-0.113	-0.253	1.207
1324	-0.114	-0.255	1.209
1325	-0.114	-0.254	1.213
1326	-0.116	-0.255	1.215
1327	-0.114	-0.255	1.205
1328	-0.115	-0.255	1.209
1329	-0.115	-0.255	1.215
1330	-0.115	-0.256	1.215
1331	-0.115	-0.255	1.211
1332	-0.115	-0.256	1.205
1333	-0.115	-0.255	1.212
1334	-0.113	-0.253	1.205
1335	-0.115	-0.255	1.201
1336	-0.114	-0.257	1.210
1337	-0.115	-0.256	1.210
1338	-0.116	-0.255	1.202
1339	-0.116	-0.255	1.203
1340	-0.117	-0.254	1.214
1341	-0.117	-0.255	1.212
1342	-0.114	-0.257	1.207
1343	-0.115	-0.255	1.207
1344	-0.116	-0.255	1.215
1345	-0.117	-0.257	1.209
1346	-0.117	-0.256	1.209
1347	-0.116	-0.259	1.210
1348	-0.116	-0.256	1.211
1349	-0.114	-0.255	1.210
1350	-0.115	-0.256	1.203
1351	-0.116	-0.257	1.206
1352	-0.115	-0.256	1.207
1353	-0.116	-0.255	1.203
1354	-0.115	-0.255	1.205
1355	-0.116	-0.257	1.212
1356	-0.114	-0.257	1.210
1357	-0.114	-0.256	1.204
1358	-0.118	-0.255	1.211
1359	-0.114	-0.255	1.217
1360	-0.116	-0.256	1.205
1361	-0.116	-0.255	1.214
1362	-0.114	-0.256	1.210
1363	-0.117	-0.256	1.211
1364	-0.115	-0.257	1.212
1365	-0.116	-0.256	1.203
1366	-0.117	-0.255	1.209
1367	-0.116	-0.256	1.207
1368	-0.117	-0.257	1.206
1369	-0.116	-0.255	1.209
1370	-0.115	-0.256	1.207
1371	-0.117	-0.255	1.202
1372	-0.116	-0.255	1.211
1373	-0.115	-0.255	1.214
1374	-0.117	-0.254	1.216
1375	-0.117	-0.256	1.209
1376	-0.115	-0.256	1.206
1377	-0.117	-0.254	1.216
1378	-0.116	-0.255	1.208
1379	-0.118	-0.255	1.207
1380	-0.114	-0.255	1.209
1381	-0.113	-0.256	1.207
1382	-0.116	-0.255	1.202
1383	-0.116	-0.255	1.206
1384	-0.117	-0.253	1.207
1385	-0.115	-0.256	1.209
1386	-0.117	-0.254	1.204
1387	-0.115	-0.256	1.206
1388	-0.117	-0.255	1.207
1389	-0.116	-0.258	1.205
1390	-0.119	-0.254	1.211
1391	-0.113	-0.256	1.209
1392	-0.117	-0.256	1.208
1393	-0.116	-0.258	1.213
1394	-0.115	-0.257	1.205
1395	-0.116	-0.255	1.205
1396	-0.114	-0.257	1.214
1397	-0.116	-0.256	1.205
1398	-0.116	-0.254	1.209
1399	-0.114	-0.256	1.205
1400	-0.116	-0.256	1.206
1401	-0.115	-0.258	1.209
1402	-0.115	-0.256	1.205
1403	-0.116	-0.254	1.205
1404	-0.116	-0.256	1.211
1405	-0.116	-0.255	1.205
1406	-0.116	-0.256	1.210
1407	-0.117	-0.255	1.211
1408	-0.117	-0.254	1.204
1409	-0.116	-0.257	1.211
1410	-0.115	-0.255	1.209
1411	-0.115	-0.253	1.211
1412	-0.113	-0.253	1.209
1413	-0.113	-0.255	1.202
1414	-0.118	-0.255	1.208
1415	-0.117	-0.254	1.204
1416	-0.114	-0.254	1.201
1417	-0.116	-0.253	1.205
1418	-0.116	-0.253	1.194
1419	-0.116	-0.252	1.206
1420	-0.115	-0.253	1.209
1421	-0.112	-0.252	1.201
1422	-0.114	-0.255	1.207
1423	-0.115	-0.253	1.203
1424	-0.116	-0.252	1.210
1425	-0.114	-0.255	1.202
1426	-0.115	-0.253	1.202
1427	-0.113	-0.253	1.207
1428	-0.115	-0.252	1.199
1429	-0.115	-0.253	1.202
1430	-0.113	-0.253	1.202
1431	-0.116	-0.252	1.201
1432	-0.114	-0.251	1.202
1433	-0.115	-0.253	1.197
1434	-0.117	-0.251	1.203
1435	-0.114	-0.251	1.205
1436	-0.116	-0.253	1.200
1437	-0.116	-0.249	1.205
1438	-0.114	-0.251	1.203
1439	-0.117	-0.252	1.203
1440	-0.115	-0.251	1.205
1441	-0.114	-0.249	1.202
1442	-0.114	-0.249	1.206
1443	-0.118	-0.251	1.206
1444	-0.116	-0.251	1.199
1445	-0.116	-0.251	1.199
1446	-0.115	-0.249	1.203
1447	-0.116	-0.251	1.204
1448	-0.115	-0.251	1.196
1449	-0.117	-0.254	1.201
1450	-0.117	-0.251	1.199
1451	-0.115	-0.249	1.208
1452	-0.115	-0.251	1.201
1453	-0.115	-0.250	1.201
1454	-0.116	-0.251	1.203
1455	-0.115	-0.250	1.206
1456	-0.114	-0.252	1.201
1457	-0.115	-0.251	1.201
1458	-0.115	-0.252	1.209
1459	-0.115	-0.253	1.198
1460	-0.115	-0.254	1.201
1461	-0.114	-0.251	1.203
1462	-0.113	-0.250	1.204
1463	-0.115	-0.252	1.198
1464	-0.115	-0.252	1.197
1465	-0.115	-0.251	1.196
1466	-0.114	-0.250	1.204
1467	-0.116	-0.255	1.206
1468	-0.115	-0.253	1.198
1469	-0.114	-0.252	1.206
1470	-0.115	-0.251	1.207
1471	-0.117	-0.253	1.202
1472	-0.116	-0.255	1.205
1473	-0.116	-0.254	1.202
1474	-0.115	-0.253	1.205
1475	-0.115	-0.252	1.203
1476	-0.114	-0.252	1.203
1477	-0.113	-0.253	1.201
1478	-0.114	-0.253	1.203
1479	-0.115	-0.255	1.203
1480	-0.115	-0.253	1.196
1481	-0.116	-0.253	1.208
1482	-0.114	-0.251	1.199
1483	-0.114	-0.252	1.197
1484	-0.113	-0.255	1.207
1485	-0.114	-0.255	1.209
1486	-0.114	-0.255	1.204
1487	-0.114	-0.255	1.205
1488	-0.113	-0.252	1.207
1489	-0.115	-0.254	1.207
1490	-0.113	-0.254	1.209
1491	-0.113	-0.255	1.198
1492	-0.113	-0.255	1.210
1493	-0.114	-0.253	1.202
1494	-0.114	-0.253	1.204
1495	-0.114	-0.254	1.204
1496	-0.114	-0.253	1.205
1497	-0.114	-0.254	1.205
1498	-0.113	-0.257	1.203
1499	-0.113	-0.256	1.207
1500	-0.115	-0.255	1.202
1501	-0.114	-0.254	1.206
1502	-0.114	-0.253	1.208
1503	-0.113	-0.254	1.205
1504	-0.112	-0.252	1.208
1505	-0.113	-0.256	1.208
1506	-0.115	-0.254	1.199
1507	-0.114	-0.254	1.195
1508	-0.113	-0.253	1.204
1509	-0.113	-0.254	1.198
1510	-0.115	-0.251	1.199
1511	-0.112	-0.255	1.206
1512	-0.113	-0.256	1.202
1513	-0.115	-0.256	1.198
1514	-0.112	-0.256	1.205
1515	-0.113	-0.252	1.204
1516	-0.115	-0.252	1.198
1517	-0.115	-0.253	1.207
1518	-0.115	-0.255	1.157
1519	-0.201	-0.469	1.577
1520	-0.198	-0.459	1.552
1521	-0.193	-0.448	1.524
1522	-0.191	-0.443	1.521
1523	-0.189	-0.439	1.524
1524	-0.188	-0.434	1.512
1525	-0.186	-0.433	1.509
1526	-0.185	-0.430	1.503
1527	-0.184	-0.428	1.494
1528	-0.183	-0.425	1.496
1529	-0.183	-0.421	1.492
1530	-0.181	-0.420	1.491
1531	-0.179	-0.420	1.482
1532	-0.183	-0.419	1.478
1533	-0.178	-0.416	1.488
1534	-0.178	-0.416	1.486
1535	-0.178	-0.416	1.477
1536	-0.177	-0.414	1.481
1537	-0.178	-0.413	1.485
1538	-0.175	-0.411	1.477
1539	-0.177	-0.411	1.464
1540	-0.175	-0.408	1.472
1541	-0.174	-0.411	1.470
1542	-0.175	-0.410	1.468
1543	-0.176	-0.407	1.465
1544	-0.176	-0.407	1.466
1545	-0.174	-0.406	1.476
1546	-0.173	-0.406	1.468
1547	-0.174	-0.407	1.464
1548	-0.175	-0.409	1.468
1549	-0.173	-0.407	1.469
1550	-0.175	-0.405	1.457
1551	-0.173	-0.406	1.457
1552	-0.171	-0.406	1.466
1553	-0.170	-0.403	1.455
1554	-0.171	-0.402	1.457
1555	-0.172	-0.403	1.459
1556	-0.172	-0.403	1.456
1557	-0.172	-0.402	1.455
1558	-0.171	-0.402	1.456
1559	-0.171	-0.399	1.460
1560	-0.169	-0.400	1.457
1561	-0.169	-0.401	1.450
1562	-0.174	-0.399	1.452
1563	-0.169	-0.400	1.453
1564	-0.171	-0.400	1.453
1565	-0.171	-0.400	1.455
1566	-0.171	-0.398	1.450
1567	-0.171	-0.398	1.451
1568	-0.172	-0.399	1.451
1569	-0.169	-0.396	1.442
1570	-0.170	-0.400	1.448
1571	-0.169	-0.399	1.444
1572	-0.171	-0.397	1.438
1573	-0.170	-0.394	1.451
1574	-0.172	-0.396	1.446
1575	-0.169	-0.396	1.446
1576	-0.171	-0.397	1.443
1577	-0.172	-0.396	1.452
1578	-0.170	-0.395	1.458
1579	-0.171	-0.396	1.450
1580	-0.171	-0.399	1.452
1581	-0.169	-0.396	1.448
1582	-0.170	-0.395	1.449
1583	-0.171	-0.397	1.447
1584	-0.171	-0.396	1.437
1585	-0.171	-0.396	1.440
1586	-0.170	-0.396	1.443
1587	-0.169	-0.395	1.435
1588	-0.171	-0.394	1.442
1589	-0.169	-0.394	1.444
1590	-0.170	-0.396	1.448
1591	-0.169	-0.395	1.443
1592	-0.170	-0.394	1.438
1593	-0.170	-0.394	1.445
1594	-0.169	-0.394	1.445
1595	-0.171	-0.393	1.444
1596	-0.171	-0.395	1.443
1597	-0.168	-0.394	1.442
1598	-0.172	-0.393	1.445
1599	-0.168	-0.394	1.441
1600	-0.168	-0.394	1.434
1601	-0.172	-0.394	1.445
1602	-0.170	-0.393	1.441
1603	-0.171	-0.393	1.436
1604	-0.171	-0.395	1.440
1605	-0.171	-0.395	1.446
1606	-0.170	-0.393	1.448
1607	-0.171	-0.395	1.442
1608	-0.170	-0.392	1.445
1609	-0.172	-0.393	1.441
1610	-0.170	-0.394	1.437
1611	-0.170	-0.393	1.440
1612	-0.168	-0.393	1.446
1613	-0.169	-0.392	1.444
1614	-0.171	-0.393	1.437
1615	-0.170	-0.392	1.437
1616	-0.169	-0.392	1.440
1617	-0.170	-0.391	1.441
1618	-0.167	-0.391	1.440
1619	-0.168	-0.393	1.437
1620	-0.170	-0.394	1.438
1621	-0.168	-0.392	1.438
1622	-0.169	-0.393	1.435
1623	-0.172	-0.393	1.439
1624	-0.168	-0.393	1.447
1625	-0.170	-0.391	1.437
1626	-0.171	-0.391	1.438
1627	-0.168	-0.392	1.442
1628	-0.168	-0.392	1.442
1629	-0.169	-0.394	1.436
1630	-0.168	-0.394	1.439
1631	-0.169	-0.392	1.432
1632	-0.170	-0.391	1.438
1633	-0.168	-0.392	1.433
1634	-0.169	-0.392	1.435
1635	-0.168	-0.392	1.441
1636	-0.170	-0.392	1.435
1637	-0.171	-0.391	1.431
1638	-0.169	-0.391	1.435
1639	-0.168	-0.393	1.436
1640	-0.171	-0.392	1.441
1641	-0.168	-0.393	1.433
1642	-0.170	-0.392	1.443
1643	-0.168	-0.391	1.439
1644	-0.169	-0.391	1.431
1645	-0.171	-0.392	1.432
1646	-0.170	-0.391	1.442
1647	-0.171	-0.391	1.433
1648	-0.170	-0.392	1.434
1649	-0.170	-0.392	1.431
1650	-0.170	-0.388	1.436
1651	-0.169	-0.391	1.433
1652	-0.171	-0.391	1.440
1653	-0.169	-0.388	1.435
1654	-0.170	-0.389	1.437
1655	-0.169	-0.390	1.435
1656	-0.168	-0.387	1.434
1657	-0.169	-0.388	1.431
1658	-0.170	-0.389	1.442
1659	-0.170	-0.389	1.430
1660	-0.171	-0.389	1.434
1661	-0.169	-0.388	1.433
1662	-0.169	-0.388	1.437
1663	-0.170	-0.386	1.433
1664	-0.168	-0.388	1.430
1665	-0.168	-0.387	1.434
1666	-0.168	-0.389	1.438
1667	-0.171	-0.389	1.427
1668	-0.170	-0.389	1.432
1669	-0.169	-0.392	1.441
1670	-0.169	-0.389	1.427
1671	-0.168	-0.389	1.437
1672	-0.169	-0.388	1.435
1673	-0.169	-0.387	1.442
1674	-0.169	-0.388	1.431
1675	-0.169	-0.390	1.435
1676	-0.168	-0.388	1.443
1677	-0.168	-0.387	1.428
1678	-0.169	-0.389	1.428
1679	-0.167	-0.388	1.437
1680	-0.168	-0.386	1.434
1681	-0.170	-0.388	1.425
1682	-0.168	-0.385	1.433
1683	-0.169	-0.386	1.435
1684	-0.169	-0.386	1.437
1685	-0.170	-0.388	1.433
1686	-0.166	-0.387	1.431
1687	-0.170	-0.388	1.434
1688	-0.170	-0.387	1.434
1689	-0.169	-0.388	1.431
1690	-0.170	-0.389	1.431
1691	-0.169	-0.388	1.429
1692	-0.170	-0.387	1.430
1693	-0.166	-0.387	1.431
1694	-0.169	-0.386	1.431
1695	-0.168	-0.389	1.427
1696	-0.168	-0.389	1.431
1697	-0.170	-0.387	1.424
1698	-0.170	-0.389	1.431
1699	-0.168	-0.388	1.427
1700	-0.169	-0.387	1.442
1701	-0.166	-0.387	1.431
1702	-0.167	-0.384	1.425
1703	-0.169	-0.385	1.434
1704	-0.169	-0.385	1.431
1705	-0.169	-0.387	1.429
1706	-0.169	-0.385	1.431
1707	-0.170	-0.383	1.430
1708	-0.169	-0.385	1.427
1709	-0.166	-0.387	1.426
1710	-0.170	-0.386	1.435
1711	-0.167	-0.387	1.427
1712	-0.169	-0.388	1.427
1713	-0.169	-0.388	1.431
1714	-0.168	-0.386	1.433
1715	-0.169	-0.386	1.428
1716	-0.170	-0.385	1.431
1717	-0.169	-0.387	1.431
1718	-0.168	-0.388	1.431
1719	-0.168	-0.389	1.428
1720	-0.169	-0.386	1.425
1721	-0.169	-0.385	1.428
1722	-0.170	-0.386	1.431
1723	-0.168	-0.385	1.427
1724	-0.169	-0.384	1.424
1725	-0.167	-0.387	1.426
1726	-0.169	-0.387	1.424
1727	-0.170	-0.385	1.426
1728	-0.167	-0.386	1.430
1729	-0.169	-0.385	1.425
1730	-0.169	-0.385	1.428
1731	-0.168	-0.387	1.433
1732	-0.168	-0.384	1.433
1733	-0.168	-0.384	1.423
1734	-0.168	-0.385	1.423
1735	-0.167	-0.385	1.427
1736	-0.168	-0.380	1.426
1737	-0.167	-0.384	1.423
1738	-0.168	-0.385	1.423
1739	-0.168	-0.384	1.426
1740	-0.167	-0.383	1.420
1741	-0.169	-0.383	1.426
1742	-0.169	-0.383	1.426
1743	-0.167	-0.385	1.427
1744	-0.169	-0.387	1.421
1745	-0.169	-0.384	1.429
1746	-0.168	-0.385	1.423
1747	-0.169	-0.383	1.425
1748	-0.169	-0.383	1.428
1749	-0.167	-0.384	1.423
1750	-0.168	-0.382	1.423
1751	-0.168	-0.382	1.428
1752	-0.166	-0.384	1.423
1753	-0.167	-0.382	1.425
1754	-0.169	-0.382	1.418
1755	-0.167	-0.385	1.424
1756	-0.167	-0.385	1.422
1757	-0.168	-0.385	1.426
1758	-0.168	-0.381	1.423
1759	-0.166	-0.384	1.424
1760	-0.169	-0.383	1.425
1761	-0.167	-0.384	1.426
1762	-0.165	-0.385	1.426
1763	-0.167	-0.385	1.429
1764	-0.166	-0.383	1.431
1765	-0.167	-0.383	1.417
1766	-0.167	-0.384	1.430
1767	-0.167	-0.387	1.428
1768	-0.167	-0.385	1.426
1769	-0.168	-0.384	1.423
1770	-0.166	-0.385	1.422
1771	-0.168	-0.383	1.425
1772	-0.167	-0.382	1.426
1773	-0.169	-0.383	1.418
1774	-0.166	-0.384	1.426
1775	-0.167	-0.384	1.428
1776	-0.167	-0.384	1.427
1777	-0.168	-0.383	1.425
1778	-0.168	-0.385	1.421
1779	-0.168	-0.383	1.427
1780	-0.168	-0.385	1.431
1781	-0.168	-0.384	1.420
1782	-0.168	-0.385	1.432
1783	-0.166	-0.383	1.428
1784	-0.168	-0.384	1.421
1785	-0.168	-0.383	1.427
1786	-0.167	-0.384	1.421
1787	-0.168	-0.386	1.418
1788	-0.167	-0.385	1.429
1789	-0.168	-0.383	1.421
1790	-0.168	-0.384	1.426
1791	-0.166	-0.384	1.422
1792	-0.166	-0.382	1.431
1793	-0.165	-0.383	1.427
1794	-0.168	-0.384	1.423
1795	-0.167	-0.384	1.423
1796	-0.168	-0.385	1.421
1797	-0.166	-0.384	1.419
1798	-0.164	-0.384	1.425
1799	-0.167	-0.384	1.416
1800	-0.166	-0.382	1.423
1801	-0.167	-0.381	1.421
1802	-0.167	-0.383	1.415
1803	-0.166	-0.381	1.423
1804	-0.168	-0.382	1.426
1805	-0.167	-0.383	1.423
1806	-0.166	-0.381	1.426
1807	-0.165	-0.382	1.423
1808	-0.167	-0.383	1.428
1809	-0.168	-0.385	1.423
1810	-0.167	-0.383	1.423
1811	-0.168	-0.383	1.425
1812	-0.167	-0.382	1.423
1813	-0.167	-0.382	1.421
1814	-0.165	-0.379	1.423
1815	-0.167	-0.380	1.421
1816	-0.168	-0.380	1.420
1817	-0.166	-0.381	1.425
1818	-0.167	-0.381	1.424
1819	-0.167	-0.381	1.422
1820	-0.167	-0.384	1.427
1821	-0.171	-0.383	1.427
1822	-0.167	-0.382	1.425
1823	-0.168	-0.379	1.415
1824	-0.168	-0.380	1.422
1825	-0.167	-0.380	1.423
1826	-0.168	-0.379	1.421
1827	-0.167	-0.379	1.417
1828	-0.167	-0.380	1.417
1829	-0.166	-0.383	1.429
1830	-0.167	-0.381	1.417
1831	-0.166	-0.383	1.421
1832	-0.166	-0.381	1.421
1833	-0.168	-0.381	1.422
1834	-0.168	-0.379	1.421
1835	-0.167	-0.381	1.423
1836	-0.166	-0.380	1.422
1837	-0.166	-0.384	1.423
1838	-0.166	-0.383	1.422
1839	-0.170	-0.381	1.424
1840	-0.167	-0.382	1.423
1841	-0.166	-0.381	1.421
1842	-0.167	-0.382	1.419
1843	-0.167	-0.381	1.423
1844	-0.168	-0.382	1.417
1845	-0.166	-0.383	1.419
1846	-0.168	-0.381	1.423
1847	-0.166	-0.384	1.423
1848	-0.167	-0.380	1.418
1849	-0.168	-0.382	1.418
1850	-0.167	-0.382	1.419
1851	-0.166	-0.382	1.423
1852	-0.168	-0.381	1.423
1853	-0.166	-0.382	1.420
1854	-0.167	-0.383	1.416
1855	-0.164	-0.381	1.428
1856	-0.164	-0.382	1.415
1857	-0.170	-0.379	1.415
1858	-0.167	-0.381	1.423
1859	-0.167	-0.380	1.417
1860	-0.168	-0.382	1.421
1861	-0.166	-0.379	1.422
1862	-0.168	-0.381	1.415
1863	-0.169	-0.382	1.418
1864	-0.167	-0.382	1.425
1865	-0.167	-0.383	1.421
1866	-0.167	-0.384	1.417
1867	-0.167	-0.382	1.422
1868	-0.170	-0.381	1.415
1869	-0.169	-0.381	1.425
1870	-0.165	-0.381	1.423
1871	-0.167	-0.381	1.415
1872	-0.169	-0.383	1.419
1873	-0.167	-0.382	1.423
1874	-0.168	-0.385	1.411
1875	-0.167	-0.382	1.417
1876	-0.167	-0.382	1.418
1877	-0.167	-0.380	1.416
1878	-0.167	-0.381	1.419
1879	-0.168	-0.381	1.422
1880	-0.166	-0.382	1.419
1881	-0.167	-0.380	1.421
1882	-0.167	-0.382	1.420
1883	-0.167	-0.382	1.423
1884	-0.168	-0.382	1.430
1885	-0.167	-0.381	1.413
1886	-0.167	-0.382	1.422
1887	-0.168	-0.380	1.416
1888	-0.166	-0.379	1.420
1889	-0.168	-0.382	1.412
1890	-0.168	-0.381	1.417
1891	-0.168	-0.380	1.415
1892	-0.168	-0.381	1.417
1893	-0.167	-0.383	1.420
1894	-0.165	-0.381	1.419
1895	-0.166	-0.381	1.421
1896	-0.168	-0.382	1.417
1897	-0.167	-0.379	1.419
1898	-0.166	-0.382	1.426
1899	-0.166	-0.381	1.418
1900	-0.168	-0.383	1.415
1901	-0.166	-0.383	1.426
1902	-0.166	-0.378	1.417
1903	-0.166	-0.382	1.417
1904	-0.167	-0.381	1.417
1905	-0.166	-0.380	1.415
1906	-0.166	-0.384	1.419
1907	-0.168	-0.384	1.419
1908	-0.165	-0.381	1.420
1909	-0.168	-0.381	1.417
1910	-0.167	-0.380	1.417
1911	-0.167	-0.382	1.417
1912	-0.168	-0.383	1.417
1913	-0.167	-0.381	1.427
1914	-0.167	-0.382	1.417
1915	-0.168	-0.382	1.416
1916	-0.166	-0.381	1.427
1917	-0.168	-0.381	1.419
1918	-0.167	-0.383	1.409
1919	-0.165	-0.381	1.418
1920	-0.166	-0.380	1.420
1921	-0.168	-0.380	1.413
1922	-0.168	-0.381	1.418
1923	-0.167	-0.380	1.417
1924	-0.168	-0.381	1.424
1925	-0.167	-0.381	1.423
1926	-0.167	-0.383	1.418
1927	-0.168	-0.380	1.422
1928	-0.168	-0.381	1.427
1929	-0.166	-0.382	1.416
1930	-0.166	-0.380	1.415
1931	-0.167	-0.381	1.421
1932	-0.168	-0.382	1.424
1933	-0.169	-0.382	1.415
1934	-0.166	-0.382	1.415
1935	-0.168	-0.380	1.418
1936	-0.168	-0.379	1.417
1937	-0.166	-0.381	1.417
1938	-0.165	-0.380	1.419
1939	-0.167	-0.381	1.421
1940	-0.166	-0.381	1.421
1941	-0.166	-0.382	1.414
1942	-0.166	-0.380	1.416
1943	-0.166	-0.380	1.421
1944	-0.166	-0.380	1.429
1945	-0.166	-0.380	1.407
1946	-0.166	-0.380	1.421
1947	-0.166	-0.381	1.419
1948	-0.167	-0.380	1.418
1949	-0.166	-0.381	1.414
1950	-0.165	-0.379	1.413
1951	-0.167	-0.380	1.416
1952	-0.169	-0.378	1.420
1953	-0.168	-0.383	1.410
1954	-0.167	-0.381	1.419
1955	-0.167	-0.380	1.420
1956	-0.167	-0.379	1.417
1957	-0.167	-0.380	1.422
1958	-0.166	-0.381	1.419
1959	-0.168	-0.380	1.414
1960	-0.167	-0.379	1.413
1961	-0.166	-0.379	1.423
1962	-0.165	-0.381	1.418
1963	-0.167	-0.380	1.411
1964	-0.166	-0.380	1.412
1965	-0.166	-0.381	1.417
1966	-0.167	-0.380	1.417
1967	-0.168	-0.379	1.415
1968	-0.168	-0.379	1.415
1969	-0.166	-0.380	1.422
1970	-0.167	-0.381	1.417
1971	-0.169	-0.383	1.423
1972	-0.169	-0.381	1.417
1973	-0.167	-0.379	1.424
1974	-0.167	-0.379	1.415
1975	-0.168	-0.379	1.422
1976	-0.166	-0.378	1.417
1977	-0.166	-0.382	1.418
1978	-0.168	-0.382	1.415
1979	-0.167	-0.380	1.417
1980	-0.167	-0.378	1.416
1981	-0.168	-0.378	1.415
1982	-0.169	-0.380	1.413
1983	-0.167	-0.382	1.423
1984	-0.166	-0.380	1.413
1985	-0.168	-0.383	1.417
1986	-0.167	-0.383	1.417
1987	-0.168	-0.381	1.420
1988	-0.168	-0.380	1.414
1989	-0.168	-0.378	1.422
1990	-0.167	-0.379	1.418
1991	-0.166	-0.381	1.417
1992	-0.169	-0.381	1.417
1993	-0.168	-0.381	1.417
1994	-0.169	-0.382	1.413
1995	-0.167	-0.380	1.415
1996	-0.167	-0.379	1.417
1997	-0.169	-0.379	1.416
1998	-0.164	-0.379	1.416
1999	-0.166	-0.379	1.419
2000	-0.169	-0.382	1.417
2001	-0.170	-0.382	1.426
2002	-0.169	-0.381	1.411
2003	-0.167	-0.381	1.421
2004	-0.167	-0.379	1.417
2005	-0.167	-0.379	1.423
2006	-0.168	-0.382	1.417
2007	-0.168	-0.380	1.419
2008	-0.167	-0.380	1.414
2009	-0.166	-0.381	1.413
2010	-0.166	-0.380	1.416
2011	-0.167	-0.380	1.417
2012	-0.169	-0.381	1.419
2013	-0.166	-0.380	1.411
2014	-0.169	-0.379	1.415
2015	-0.168	-0.381	1.416
2016	-0.168	-0.380	1.422
2017	-0.167	-0.381	1.417
2018	-0.169	-0.379	1.422
2019	-0.179	-0.418	1.650
2020	-0.257	-0.612	1.824
2021	-0.251	-0.601	1.786
2022	-0.249	-0.591	1.776
2023	-0.247	-0.589	1.757
2024	-0.244	-0.585	1.758
2025	-0.243	-0.579	1.766
2026	-0.241	-0.575	1.747
2027	-0.243	-0.576	1.732
2028	-0.238	-0.573	1.744
2029	-0.240	-0.569	1.746
2030	-0.239	-0.569	1.736
2031	-0.239	-0.567	1.728
2032	-0.237	-0.567	1.736
2033	-0.236	-0.564	1.725
2034	-0.236	-0.562	1.725
2035	-0.234	-0.560	1.726
2036	-0.236	-0.561	1.726
2037	-0.234	-0.557	1.711
2038	-0.234	-0.555	1.716
2039	-0.233	-0.556	1.718
2040	-0.232	-0.555	1.713
2041	-0.233	-0.554	1.705
2042	-0.232	-0.552	1.710
2043	-0.232	-0.553	1.708
2044	-0.230	-0.551	1.712
2045	-0.233	-0.552	1.707
2046	-0.228	-0.552	1.704
2047	-0.232	-0.548	1.704
2048	-0.229	-0.546	1.707
2049	-0.230	-0.548	1.707
2050	-0.230	-0.547	1.703
2051	-0.229	-0.547	1.697
2052	-0.230	-0.547	1.694
2053	-0.230	-0.545	1.699
2054	-0.228	-0.544	1.695
2055	-0.230	-0.545	1.690
2056	-0.230	-0.544	1.691
2057	-0.229	-0.543	1.698
2058	-0.229	-0.544	1.687
2059	-0.228	-0.545	1.691
2060	-0.229	-0.543	1.693
2061	-0.228	-0.543	1.692
2062	-0.229	-0.540	1.687
2063	-0.228	-0.540	1.687
2064	-0.230	-0.539	1.691
2065	-0.228	-0.539	1.687
2066	-0.229	-0.539	1.683
2067	-0.229	-0.538	1.680
2068	-0.227	-0.539	1.686
2069	-0.228	-0.541	1.681
2070	-0.226	-0.539	1.681
2071	-0.224	-0.537	1.683
2072	-0.228	-0.535	1.683
2073	-0.228	-0.537	1.681
2074	-0.226	-0.536	1.679
2075	-0.226	-0.537	1.681
2076	-0.226	-0.537	1.681
2077	-0.226	-0.536	1.681
2078	-0.229	-0.535	1.680
2079	-0.228	-0.536	1.682
2080	-0.228	-0.533	1.677
2081	-0.226	-0.530	1.682
2082	-0.225	-0.533	1.678
2083	-0.227	-0.532	1.678
2084	-0.227	-0.533	1.673
2085	-0.227	-0.536	1.679
2086	-0.226	-0.532	1.673
2087	-0.225	-0.535	1.678
2088	-0.227	-0.535	1.677
2089	-0.226	-0.532	1.676
2090	-0.225	-0.531	1.680
2091	-0.226	-0.531	1.673
2092	-0.224	-0.529	1.675
2093	-0.227	-0.532	1.676
2094	-0.225	-0.532	1.679
2095	-0.225	-0.531	1.667
2096	-0.225	-0.531	1.675
2097	-0.223	-0.528	1.673
2098	-0.225	-0.530	1.668
2099	-0.225	-0.531	1.672
2100	-0.224	-0.530	1.667
2101	-0.225	-0.531	1.672
2102	-0.223	-0.531	1.668
2103	-0.224	-0.527	1.671
2104	-0.222	-0.528	1.669
2105	-0.225	-0.527	1.661
2106	-0.224	-0.528	1.673
2107	-0.224	-0.529	1.673
2108	-0.225	-0.528	1.666
2109	-0.223	-0.530	1.669
2110	-0.224	-0.529	1.664
2111	-0.225	-0.524	1.677
2112	-0.222	-0.528	1.660
2113	-0.224	-0.528	1.659
2114	-0.223	-0.526	1.668
2115	-0.223	-0.527	1.666
2116	-0.223	-0.525	1.668
2117	-0.221	-0.528	1.664
2118	-0.226	-0.527	1.661
2119	-0.225	-0.526	1.676
2120	-0.222	-0.527	1.659
2121	-0.223	-0.527	1.669
2122	-0.222	-0.527	1.665
2123	-0.225	-0.527	1.660
2124	-0.224	-0.527	1.668
2125	-0.221	-0.528	1.665
2126	-0.225	-0.525	1.656
2127	-0.224	-0.526	1.666
2128	-0.222	-0.525	1.661
2129	-0.224	-0.525	1.666
2130	-0.222	-0.524	1.659
2131	-0.222	-0.524	1.659
2132	-0.221	-0.522	1.666
2133	-0.221	-0.525	1.665
2134	-0.224	-0.524	1.666
2135	-0.221	-0.523	1.663
2136	-0.223	-0.522	1.667
2137	-0.223	-0.523	1.665
2138	-0.222	-0.524	1.659
2139	-0.224	-0.521	1.659
2140	-0.226	-0.525	1.666
2141	-0.223	-0.523	1.665
2142	-0.223	-0.523	1.657
2143	-0.224	-0.524	1.659
2144	-0.223	-0.524	1.659
2145	-0.224	-0.523	1.655
2146	-0.223	-0.523	1.655
2147	-0.225	-0.522	1.657
2148	-0.226	-0.523	1.657
2149	-0.223	-0.522	1.661
2150	-0.225	-0.520	1.653
2151	-0.226	-0.521	1.666
2152	-0.224	-0.522	1.647
2153	-0.226	-0.523	1.652
2154	-0.222	-0.522	1.659
2155	-0.225	-0.520	1.654
2156	-0.223	-0.520	1.655
2157	-0.224	-0.523	1.647
2158	-0.221	-0.522	1.655
2159	-0.222	-0.522	1.657
2160	-0.221	-0.521	1.649
2161	-0.222	-0.521	1.649
2162	-0.222	-0.523	1.653
2163	-0.221	-0.522	1.651
2164	-0.223	-0.524	1.659
2165	-0.222	-0.523	1.652
2166	-0.223	-0.520	1.659
2167	-0.222	-0.522	1.657
2168	-0.222	-0.520	1.650
2169	-0.225	-0.520	1.655
2170	-0.218	-0.521	1.659
2171	-0.222	-0.521	1.647
2172	-0.221	-0.519	1.656
2173	-0.221	-0.520	1.648
2174	-0.221	-0.519	1.656
2175	-0.220	-0.521	1.648
2176	-0.222	-0.521	1.649
2177	-0.219	-0.520	1.660
2178	-0.220	-0.519	1.646
2179	-0.221	-0.519	1.650
2180	-0.220	-0.521	1.650
2181	-0.220	-0.519	1.643
2182	-0.222	-0.521	1.654
2183	-0.218	-0.519	1.649
2184	-0.224	-0.519	1.653
2185	-0.220	-0.519	1.653
2186	-0.222	-0.517	1.645
2187	-0.222	-0.518	1.654
2188	-0.221	-0.518	1.651
2189	-0.221	-0.516	1.651
2190	-0.219	-0.519	1.653
2191	-0.220	-0.520	1.639
2192	-0.218	-0.520	1.654
2193	-0.220	-0.519	1.650
2194	-0.218	-0.518	1.653
2195	-0.218	-0.517	1.651
2196	-0.221	-0.518	1.648
2197	-0.221	-0.520	1.649
2198	-0.221	-0.518	1.652
2199	-0.221	-0.519	1.649
2200	-0.221	-0.517	1.652
2201	-0.219	-0.519	1.649
2202	-0.221	-0.517	1.649
2203	-0.221	-0.519	1.648
2204	-0.219	-0.517	1.648
2205	-0.222	-0.516	1.649
2206	-0.221	-0.519	1.647
2207	-0.220	-0.518	1.643
2208	-0.220	-0.513	1.644
2209	-0.220	-0.515	1.649
2210	-0.219	-0.515	1.652
2211	-0.220	-0.513	1.652
2212	-0.220	-0.516	1.647
2213	-0.221	-0.516	1.653
2214	-0.221	-0.515	1.645
2215	-0.220	-0.517	1.641
2216	-0.220	-0.518	1.650
2217	-0.221	-0.515	1.642
2218	-0.219	-0.515	1.645
2219	-0.221	-0.516	1.647
2220	-0.220	-0.517	1.644
2221	-0.221	-0.514	1.649
2222	-0.221	-0.516	1.645
2223	-0.224	-0.514	1.646
2224	-0.221	-0.516	1.644
2225	-0.223	-0.518	1.641
2226	-0.220	-0.514	1.650
2227	-0.220	-0.515	1.649
2228	-0.221	-0.514	1.645
2229	-0.222	-0.517	1.640
2230	-0.222	-0.517	1.645
2231	-0.220	-0.515	1.646
2232	-0.222	-0.517	1.636
2233	-0.222	-0.515	1.641
2234	-0.220	-0.515	1.652
2235	-0.219	-0.519	1.641
2236	-0.221	-0.517	1.639
2237	-0.220	-0.515	1.648
2238	-0.222	-0.514	1.646
2239	-0.221	-0.513	1.650
2240	-0.224	-0.514	1.641
2241	-0.220	-0.515	1.648
2242	-0.221	-0.515	1.647
2243	-0.222	-0.515	1.643
2244	-0.222	-0.517	1.641
2245	-0.221	-0.516	1.645
2246	-0.222	-0.516	1.643
2247	-0.219	-0.516	1.642
2248	-0.223	-0.516	1.645
2249	-0.219	-0.516	1.643
2250	-0.224	-0.514	1.639
2251	-0.221	-0.515	1.642
2252	-0.224	-0.516	1.643
2253	-0.221	-0.514	1.651
2254	-0.220	-0.515	1.638
2255	-0.223	-0.513	1.640
2256	-0.221	-0.513	1.653
2257	-0.223	-0.513	1.639
2258	-0.221	-0.513	1.641
2259	-0.220	-0.516	1.643
2260	-0.223	-0.514	1.642
2261	-0.221	-0.512	1.643
2262	-0.220	-0.513	1.643
2263	-0.221	-0.513	1.642
2264	-0.220	-0.513	1.644
2265	-0.221	-0.515	1.637
2266	-0.219	-0.516	1.635
2267	-0.218	-0.512	1.651
2268	-0.221	-0.513	1.642
2269	-0.221	-0.513	1.637
2270	-0.220	-0.513	1.635
2271	-0.217	-0.513	1.648
2272	-0.221	-0.515	1.645
2273	-0.221	-0.514	1.639
2274	-0.220	-0.513	1.631
2275	-0.221	-0.515	1.638
2276	-0.219	-0.511	1.643
2277	-0.220	-0.514	1.631
2278	-0.220	-0.512	1.636
2279	-0.221	-0.513	1.647
2280	-0.221	-0.514	1.631
2281	-0.217	-0.512	1.645
2282	-0.219	-0.515	1.641
2283	-0.220	-0.513	1.649
2284	-0.222	-0.514	1.637
2285	-0.220	-0.512	1.641
2286	-0.219	-0.511	1.645
2287	-0.219	-0.513	1.638
2288	-0.220	-0.512	1.639
2289	-0.220	-0.515	1.646
2290	-0.220	-0.514	1.633
2291	-0.221	-0.511	1.647
2292	-0.221	-0.511	1.633
2293	-0.222	-0.511	1.639
2294	-0.220	-0.513	1.641
2295	-0.224	-0.511	1.633
2296	-0.221	-0.510	1.648
2297	-0.218	-0.511	1.633
2298	-0.220	-0.512	1.640
2299	-0.218	-0.511	1.643
2300	-0.220	-0.510	1.643
2301	-0.220	-0.512	1.642
2302	-0.220	-0.512	1.634
2303	-0.222	-0.512	1.641
2304	-0.221	-0.514	1.647
2305	-0.220	-0.512	1.631
2306	-0.222	-0.512	1.645
2307	-0.220	-0.510	1.629
2308	-0.222	-0.511	1.637
2309	-0.222	-0.512	1.636
2310	-0.220	-0.511	1.636
2311	-0.222	-0.508	1.637
2312	-0.221	-0.510	1.642
2313	-0.224	-0.509	1.639
2314	-0.219	-0.511	1.637
2315	-0.223	-0.510	1.635
2316	-0.221	-0.511	1.646
2317	-0.220	-0.511	1.627
2318	-0.222	-0.510	1.643
2319	-0.218	-0.513	1.639
2320	-0.221	-0.512	1.628
2321	-0.218	-0.512	1.636
2322	-0.221	-0.513	1.645
2323	-0.222	-0.513	1.633
2324	-0.218	-0.512	1.632
2325	-0.220	-0.511	1.631
2326	-0.218	-0.512	1.647
2327	-0.218	-0.510	1.626
2328	-0.221	-0.511	1.635
2329	-0.217	-0.513	1.638
2330	-0.217	-0.511	1.635
2331	-0.219	-0.510	1.639
2332	-0.216	-0.512	1.632
2333	-0.220	-0.511	1.634
2334	-0.217	-0.511	1.640
2335	-0.218	-0.511	1.635
2336	-0.219	-0.512	1.631
2337	-0.218	-0.511	1.632
2338	-0.221	-0.511	1.629
2339	-0.219	-0.511	1.633
2340	-0.218	-0.507	1.631
2341	-0.219	-0.510	1.635
2342	-0.221	-0.509	1.635
2343	-0.220	-0.510	1.635
2344	-0.218	-0.509	1.641
2345	-0.217	-0.511	1.633
2346	-0.218	-0.509	1.638
2347	-0.218	-0.510	1.639
2348	-0.218	-0.509	1.639
2349	-0.218	-0.511	1.627
2350	-0.217	-0.511	1.635
2351	-0.220	-0.510	1.631
2352	-0.218	-0.510	1.631
2353	-0.217	-0.510	1.632
2354	-0.218	-0.510	1.630
2355	-0.217	-0.508	1.632
2356	-0.218	-0.509	1.637
2357	-0.218	-0.512	1.631
2358	-0.222	-0.508	1.633
2359	-0.220	-0.509	1.637
2360	-0.219	-0.510	1.639
2361	-0.218	-0.509	1.628
2362	-0.220	-0.512	1.631
2363	-0.219	-0.510	1.630
2364	-0.220	-0.509	1.635
2365	-0.218	-0.509	1.632
2366	-0.220	-0.508	1.630
2367	-0.221	-0.508	1.629
2368	-0.221	-0.509	1.630
2369	-0.220	-0.506	1.633
2370	-0.218	-0.507	1.637
2371	-0.220	-0.507	1.632
2372	-0.221	-0.507	1.631
2373	-0.221	-0.507	1.635
2374	-0.218	-0.508	1.636
2375	-0.221	-0.507	1.632
2376	-0.220	-0.507	1.629
2377	-0.220	-0.510	1.635
2378	-0.219	-0.508	1.633
2379	-0.219	-0.508	1.628
2380	-0.219	-0.508	1.618
2381	-0.220	-0.508	1.633
2382	-0.219	-0.508	1.637
2383	-0.219	-0.509	1.626
2384	-0.220	-0.510	1.623
2385	-0.221	-0.508	1.631
2386	-0.217	-0.509	1.638
2387	-0.221	-0.509	1.640
2388	-0.217	-0.510	1.631
2389	-0.220	-0.510	1.623
2390	-0.219	-0.508	1.633
2391	-0.218	-0.506	1.633
2392	-0.220	-0.508	1.636
2393	-0.220	-0.508	1.634
2394	-0.218	-0.505	1.626
2395	-0.218	-0.507	1.631
2396	-0.219	-0.506	1.623
2397	-0.221	-0.508	1.629
2398	-0.221	-0.506	1.632
2399	-0.219	-0.507	1.633
2400	-0.220	-0.506	1.633
2401	-0.220	-0.504	1.630
2402	-0.221	-0.507	1.625
2403	-0.218	-0.508	1.631
2404	-0.218	-0.506	1.635
2405	-0.221	-0.507	1.632
2406	-0.217	-0.508	1.623
2407	-0.217	-0.508	1.632
2408	-0.219	-0.507	1.635
2409	-0.218	-0.506	1.623
2410	-0.218	-0.506	1.625
2411	-0.219	-0.507	1.634
2412	-0.219	-0.507	1.629
2413	-0.215	-0.506	1.629
2414	-0.217	-0.506	1.633
2415	-0.216	-0.506	1.629
2416	-0.221	-0.506	1.631
2417	-0.220	-0.506	1.631
2418	-0.217	-0.507	1.629
2419	-0.218	-0.508	1.629
2420	-0.220	-0.506	1.639
2421	-0.217	-0.508	1.634
2422	-0.218	-0.508	1.621
2423	-0.217	-0.509	1.627
2424	-0.218	-0.507	1.628
2425	-0.218	-0.506	1.626
2426	-0.217	-0.507	1.633
2427	-0.217	-0.506	1.623
2428	-0.216	-0.508	1.631
2429	-0.215	-0.507	1.635
2430	-0.218	-0.507	1.621
2431	-0.218	-0.507	1.626
2432	-0.217	-0.506	1.638
2433	-0.217	-0.506	1.623
2434	-0.218	-0.505	1.630
2435	-0.216	-0.505	1.633
2436	-0.218	-0.504	1.630
2437	-0.217	-0.504	1.630
2438	-0.219	-0.507	1.631
2439	-0.218	-0.507	1.623
2440	-0.216	-0.506	1.626
2441	-0.218	-0.507	1.630
2442	-0.215	-0.506	1.623
2443	-0.217	-0.503	1.629
2444	-0.218	-0.504	1.629
2445	-0.219	-0.504	1.619
2446	-0.218	-0.505	1.625
2447	-0.219	-0.501	1.632
2448	-0.218	-0.505	1.629
2449	-0.220	-0.504	1.631
2450	-0.220	-0.505	1.632
2451	-0.216	-0.508	1.621
2452	-0.219	-0.503	1.630
2453	-0.219	-0.503	1.629
2454	-0.220	-0.504	1.620
2455	-0.220	-0.504	1.628
2456	-0.220	-0.505	1.629
2457	-0.218	-0.505	1.626
2458	-0.218	-0.506	1.626
2459	-0.218	-0.507	1.631
2460	-0.217	-0.506	1.619
2461	-0.220	-0.505	1.625
2462	-0.218	-0.504	1.633
2463	-0.218	-0.504	1.623
2464	-0.219	-0.503	1.629
2465	-0.218	-0.504	1.632
2466	-0.218	-0.504	1.619
2467	-0.218	-0.505	1.624
2468	-0.218	-0.506	1.630
2469	-0.219	-0.505	1.617
2470	-0.219	-0.506	1.626
2471	-0.218	-0.504	1.626
2472	-0.220	-0.505	1.619
2473	-0.219	-0.504	1.618
2474	-0.218	-0.504	1.626
2475	-0.219	-0.506	1.628
2476	-0.218	-0.507	1.623
2477	-0.218	-0.505	1.630
2478	-0.218	-0.503	1.622
2479	-0.220	-0.504	1.623
2480	-0.218	-0.506	1.619
2481	-0.219	-0.504	1.629
2482	-0.216	-0.505	1.619
2483	-0.218	-0.502	1.617
2484	-0.218	-0.504	1.624
2485	-0.216	-0.504	1.619
2486	-0.218	-0.505	1.623
2487	-0.217	-0.504	1.624
2488	-0.218	-0.504	1.617
2489	-0.218	-0.502	1.625
2490	-0.217	-0.503	1.629
2491	-0.216	-0.502	1.615
2492	-0.217	-0.506	1.624
2493	-0.215	-0.505	1.619
2494	-0.217	-0.503	1.626
2495	-0.217	-0.503	1.622
2496	-0.218	-0.506	1.618
2497	-0.217	-0.504	1.624
2498	-0.217	-0.501	1.619
2499	-0.220	-0.503	1.615
2500	-0.218	-0.503	1.621
2501	-0.217	-0.501	1.621
2502	-0.217	-0.504	1.623
2503	-0.218	-0.504	1.611
2504	-0.219	-0.502	1.625
2505	-0.219	-0.502	1.625
2506	-0.218	-0.503	1.615
2507	-0.220	-0.504	1.621
2508	-0.218	-0.503	1.619
2509	-0.219	-0.501	1.623
2510	-0.220	-0.503	1.620
2511	-0.218	-0.502	1.618
2512	-0.221	-0.503	1.622
2513	-0.217	-0.505	1.616
2514	-0.219	-0.504	1.616
2515	-0.221	-0.503	1.623
2516	-0.216	-0.502	1.615
2517	-0.218	-0.500	1.615
2518	-0.220	-0.505	1.616
2519	-0.216	-0.502	1.614
2520	-0.138	-0.303	1.208
2521	-0.037	-0.078	0.806
2522	-0.012	-0.009	0.779
2523	-0.013	-0.009	0.784
2524	-0.013	-0.011	0.767
2525	-0.011	-0.014	0.771
2526	-0.015	-0.013	0.775
2527	-0.015	-0.017	0.779
2528	-0.016	-0.015	0.779
2529	-0.016	-0.013	0.778
2530	-0.013	-0.010	0.772
2531	-0.015	-0.007	0.776
2532	-0.014	-0.010	0.774
2533	-0.016	-0.013	0.768
2534	-0.015	-0.014	0.773
2535	-0.016	-0.015	0.775
2536	-0.015	-0.013	0.766
2537	-0.016	-0.008	0.777
2538	-0.016	-0.007	0.778
2539	-0.014	-0.007	0.776
2540	-0.015	-0.011	0.772
2541	-0.015	-0.011	0.766
2542	-0.017	-0.013	0.770
2543	-0.015	-0.013	0.771
2544	-0.013	-0.011	0.768
2545	-0.015	-0.013	0.769
2546	-0.015	-0.009	0.775
2547	-0.013	-0.009	0.772
2548	-0.013	-0.012	0.775
2549	-0.011	-0.010	0.773
2550	-0.013	-0.010	0.776
2551	-0.013	-0.013	0.775
2552	-0.016	-0.011	0.775
2553	-0.012	-0.011	0.779
2554	-0.013	-0.013	0.779
2555	-0.012	-0.008	0.778
2556	-0.013	-0.007	0.777
2557	-0.014	-0.009	0.776
2558	-0.013	-0.013	0.773
2559	-0.013	-0.013	0.771
2560	-0.013	-0.015	0.771
2561	-0.011	-0.015	0.775
2562	-0.014	-0.011	0.772
2563	-0.013	-0.008	0.774
2564	-0.012	-0.009	0.776
2565	-0.014	-0.012	0.774
2566	-0.011	-0.014	0.775
2567	-0.012	-0.014	0.776
2568	-0.010	-0.018	0.777
2569	-0.011	-0.017	0.775
2570	-0.009	-0.011	0.776
2571	-0.011	-0.010	0.776
2572	-0.009	-0.007	0.776
2573	-0.011	-0.010	0.774
2574	-0.010	-0.013	0.775
2575	-0.009	-0.014	0.773
2576	-0.010	-0.017	0.772
2577	-0.009	-0.015	0.775
2578	-0.011	-0.013	0.774
2579	-0.010	-0.011	0.772
2580	-0.011	-0.010	0.776
2581	-0.011	-0.011	0.774
2582	-0.012	-0.010	0.777
2583	-0.013	-0.013	0.775
2584	-0.014	-0.014	0.777
2585	-0.013	-0.015	0.780
2586	-0.014	-0.012	0.774
2587	-0.012	-0.010	0.775
2588	-0.013	-0.009	0.775
2589	-0.014	-0.011	0.774
2590	-0.012	-0.012	0.772
2591	-0.011	-0.013	0.772
2592	-0.013	-0.012	0.774
2593	-0.013	-0.013	0.774
2594	-0.013	-0.015	0.779
2595	-0.012	-0.014	0.775
2596	-0.012	-0.014	0.775
2597	-0.013	-0.011	0.774
2598	-0.013	-0.011	0.780
2599	-0.014	-0.012	0.776
2600	-0.012	-0.015	0.774
2601	-0.015	-0.013	0.780
2602	-0.015	-0.013	0.776
2603	-0.013	-0.011	0.776
2604	-0.011	-0.014	0.774
2605	-0.015	-0.013	0.774
2606	-0.015	-0.013	0.772
2607	-0.015	-0.011	0.774
2608	-0.013	-0.013	0.771
2609	-0.014	-0.013	0.773
2610	-0.015	-0.013	0.775
2611	-0.015	-0.014	0.778
2612	-0.009	-0.013	0.773
2613	-0.013	-0.013	0.777
2614	-0.013	-0.011	0.775
2615	-0.013	-0.014	0.776
2616	-0.013	-0.014	0.776
2617	-0.012	-0.012	0.776
2618	-0.011	-0.012	0.773
2619	-0.012	-0.013	0.775
2620	-0.010	-0.014	0.773
2621	-0.011	-0.014	0.775
2622	-0.012	-0.013	0.774
2623	-0.012	-0.012	0.775
2624	-0.009	-0.012	0.775
2625	-0.011	-0.013	0.776
2626	-0.009	-0.016	0.780
2627	-0.014	-0.017	0.780
2628	-0.014	-0.015	0.775
2629	-0.011	-0.015	0.778
2630	-0.013	-0.011	0.777
2631	-0.015	-0.013	0.778
2632	-0.013	-0.015	0.777
2633	-0.013	-0.013	0.776
2634	-0.015	-0.016	0.773
2635	-0.016	-0.013	0.774
2636	-0.015	-0.015	0.774
2637	-0.015	-0.014	0.772
2638	-0.012	-0.013	0.772
2639	-0.013	-0.015	0.773
2640	-0.013	-0.015	0.774
2641	-0.015	-0.016	0.774
2642	-0.013	-0.011	0.774
2643	-0.014	-0.013	0.776
2644	-0.013	-0.015	0.774
2645	-0.015	-0.017	0.775
2646	-0.013	-0.012	0.778
2647	-0.018	-0.014	0.775
2648	-0.015	-0.011	0.775
2649	-0.015	-0.012	0.776
2650	-0.017	-0.014	0.774
2651	-0.015	-0.015	0.773
2652	-0.016	-0.016	0.774
2653	-0.013	-0.013	0.775
2654	-0.012	-0.012	0.772
2655	-0.013	-0.013	0.771
2656	-0.012	-0.017	0.774
2657	-0.015	-0.017	0.776
2658	-0.013	-0.015	0.771
2659	-0.014	-0.016	0.775
2660	-0.013	-0.015	0.775
2661	-0.013	-0.014	0.777
2662	-0.014	-0.011	0.777
2663	-0.015	-0.013	0.778
2664	-0.015	-0.014	0.779
2665	-0.015	-0.018	0.777
2666	-0.014	-0.017	0.775
2667	-0.014	-0.015	0.776
2668	-0.013	-0.011	0.774
2669	-0.015	-0.011	0.770
2670	-0.017	-0.013	0.771
2671	-0.015	-0.014	0.771
2672	-0.013	-0.016	0.773
2673	-0.017	-0.018	0.775
2674	-0.015	-0.018	0.778
2675	-0.015	-0.012	0.774
2676	-0.015	-0.013	0.775
2677	-0.015	-0.014	0.778
2678	-0.015	-0.017	0.777
2679	-0.015	-0.017	0.774
2680	-0.013	-0.015	0.774
2681	-0.015	-0.015	0.772
2682	-0.012	-0.012	0.774
2683	-0.017	-0.014	0.773
2684	-0.015	-0.016	0.772
2685	-0.015	-0.015	0.772
2686	-0.012	-0.014	0.769
2687	-0.011	-0.014	0.776
2688	-0.011	-0.012	0.772
2689	-0.013	-0.014	0.774
2690	-0.013	-0.016	0.778
2691	-0.013	-0.014	0.776
2692	-0.014	-0.014	0.775
2693	-0.013	-0.012	0.776
2694	-0.013	-0.013	0.779
2695	-0.015	-0.013	0.776
2696	-0.013	-0.017	0.774
2697	-0.011	-0.013	0.772
2698	-0.014	-0.015	0.774
2699	-0.015	-0.014	0.772
2700	-0.011	-0.014	0.773
2701	-0.012	-0.015	0.774
2702	-0.013	-0.015	0.775
2703	-0.013	-0.012	0.774
2704	-0.013	-0.014	0.774
2705	-0.013	-0.015	0.777
2706	-0.013	-0.017	0.775
2707	-0.013	-0.017	0.774
2708	-0.013	-0.015	0.775
2709	-0.012	-0.013	0.775
2710	-0.011	-0.011	0.777
2711	-0.011	-0.013	0.776
2712	-0.013	-0.015	0.776
2713	-0.013	-0.017	0.776
2714	-0.013	-0.017	0.772
2715	-0.011	-0.015	0.772
2716	-0.011	-0.012	0.776
2717	-0.011	-0.010	0.770
2718	-0.011	-0.011	0.770
2719	-0.011	-0.013	0.771
2720	-0.011	-0.015	0.772
2721	-0.011	-0.017	0.776
2722	-0.011	-0.017	0.774
2723	-0.012	-0.017	0.775
2724	-0.011	-0.013	0.777
2725	-0.011	-0.011	0.774
2726	-0.010	-0.011	0.774
2727	-0.009	-0.011	0.775
2728	-0.012	-0.014	0.776
2729	-0.010	-0.019	0.772
2730	-0.011	-0.019	0.774
2731	-0.011	-0.015	0.774
2732	-0.012	-0.011	0.773
2733	-0.012	-0.010	0.773
2734	-0.011	-0.012	0.770
2735	-0.011	-0.015	0.771
2736	-0.011	-0.015	0.774
2737	-0.011	-0.017	0.775
2738	-0.015	-0.016	0.778
2739	-0.013	-0.015	0.776
2740	-0.011	-0.014	0.778
2741	-0.012	-0.013	0.773
2742	-0.015	-0.013	0.775
2743	-0.013	-0.012	0.774
2744	-0.014	-0.014	0.772
2745	-0.015	-0.016	0.774
2746	-0.012	-0.015	0.771
2747	-0.013	-0.016	0.775
2748	-0.015	-0.016	0.772
2749	-0.013	-0.014	0.774
2750	-0.011	-0.013	0.775
2751	-0.015	-0.014	0.778
2752	-0.013	-0.015	0.778
2753	-0.012	-0.015	0.779
2754	-0.012	-0.017	0.778
2755	-0.012	-0.015	0.775
2756	-0.013	-0.015	0.774
2757	-0.012	-0.012	0.775
2758	-0.013	-0.014	0.778
2759	-0.012	-0.015	0.773
2760	-0.013	-0.015	0.774
2761	-0.012	-0.014	0.777
2762	-0.011	-0.013	0.774
2763	-0.011	-0.016	0.775
2764	-0.013	-0.017	0.776
2765	-0.013	-0.012	0.771
2766	-0.013	-0.013	0.774
2767	-0.011	-0.015	0.775
2768	-0.011	-0.014	0.774
2769	-0.013	-0.017	0.776
2770	-0.011	-0.017	0.780
2771	-0.013	-0.014	0.775
2772	-0.012	-0.014	0.778
2773	-0.013	-0.014	0.775
2774	-0.014	-0.016	0.773
2775	-0.013	-0.013	0.772
2776	-0.016	-0.010	0.773
2777	-0.013	-0.011	0.771
2778	-0.013	-0.014	0.773
2779	-0.015	-0.015	0.772
2780	-0.015	-0.017	0.773
2781	-0.015	-0.015	0.777
2782	-0.012	-0.015	0.772
2783	-0.015	-0.012	0.776
2784	-0.015	-0.014	0.778
2785	-0.013	-0.015	0.776
2786	-0.016	-0.015	0.779
2787	-0.014	-0.015	0.775
2788	-0.017	-0.015	0.777
2789	-0.014	-0.013	0.772
2790	-0.015	-0.014	0.775
2791	-0.013	-0.013	0.774
2792	-0.016	-0.013	0.773
2793	-0.017	-0.017	0.772
2794	-0.015	-0.015	0.772
2795	-0.015	-0.014	0.774
2796	-0.013	-0.016	0.774
2797	-0.016	-0.017	0.774
2798	-0.015	-0.013	0.773
2799	-0.016	-0.011	0.776
2800	-0.015	-0.012	0.774
2801	-0.015	-0.012	0.772
2802	-0.013	-0.011	0.776
2803	-0.015	-0.014	0.776
2804	-0.014	-0.015	0.777
2805	-0.013	-0.015	0.777
2806	-0.012	-0.015	0.774
2807	-0.015	-0.014	0.771
2808	-0.011	-0.012	0.773
2809	-0.013	-0.013	0.776
2810	-0.011	-0.015	0.771
2811	-0.012	-0.016	0.776
2812	-0.012	-0.015	0.774
2813	-0.012	-0.011	0.773
2814	-0.010	-0.010	0.774
2815	-0.011	-0.011	0.777
2816	-0.012	-0.017	0.774
2817	-0.012	-0.017	0.774
2818	-0.011	-0.015	0.776
2819	-0.011	-0.013	0.777
2820	-0.011	-0.012	0.778
2821	-0.011	-0.009	0.775
2822	-0.010	-0.012	0.774
2823	-0.012	-0.013	0.774
2824	-0.011	-0.015	0.773
2825	-0.009	-0.014	0.772
2826	-0.009	-0.015	0.774
2827	-0.009	-0.013	0.772
2828	-0.012	-0.014	0.774
2829	-0.007	-0.013	0.776
2830	-0.009	-0.013	0.776
2831	-0.009	-0.010	0.776
2832	-0.010	-0.013	0.777
2833	-0.010	-0.017	0.778
2834	-0.009	-0.018	0.774
2835	-0.011	-0.015	0.772
2836	-0.010	-0.010	0.777
2837	-0.009	-0.012	0.775
2838	-0.010	-0.011	0.776
2839	-0.010	-0.014	0.774
2840	-0.009	-0.014	0.772
2841	-0.010	-0.017	0.772
2842	-0.011	-0.014	0.775
2843	-0.011	-0.015	0.772
2844	-0.011	-0.013	0.774
2845	-0.013	-0.013	0.774
2846	-0.009	-0.014	0.776
2847	-0.013	-0.012	0.776
2848	-0.011	-0.011	0.776
2849	-0.011	-0.011	0.777
2850	-0.012	-0.014	0.776
2851	-0.011	-0.018	0.776
2852	-0.012	-0.018	0.774
2853	-0.012	-0.016	0.773
2854	-0.013	-0.012	0.771
2855	-0.010	-0.010	0.776
2856	-0.016	-0.011	0.772
2857	-0.013	-0.013	0.772
2858	-0.011	-0.018	0.769
2859	-0.011	-0.018	0.776
2860	-0.012	-0.014	0.776
2861	-0.013	-0.015	0.773
2862	-0.013	-0.011	0.773
2863	-0.015	-0.011	0.775
2864	-0.013	-0.013	0.779
2865	-0.014	-0.015	0.779
2866	-0.015	-0.015	0.776
2867	-0.014	-0.019	0.777
2868	-0.012	-0.017	0.774
2869	-0.013	-0.016	0.773
2870	-0.012	-0.014	0.776
2871	-0.013	-0.013	0.775
2872	-0.011	-0.010	0.771
2873	-0.011	-0.013	0.776
2874	-0.012	-0.011	0.772
2875	-0.011	-0.015	0.773
2876	-0.010	-0.016	0.772
2877	-0.010	-0.015	0.776
2878	-0.009	-0.013	0.774
2879	-0.011	-0.011	0.776
2880	-0.010	-0.013	0.774
2881	-0.011	-0.013	0.776
2882	-0.012	-0.015	0.780
2883	-0.010	-0.015	0.774
2884	-0.010	-0.014	0.775
2885	-0.010	-0.016	0.777
2886	-0.011	-0.013	0.774
2887	-0.012	-0.015	0.773
2888	-0.010	-0.017	0.776
2889	-0.013	-0.018	0.772
2890	-0.013	-0.015	0.771
2891	-0.011	-0.013	0.773
2892	-0.013	-0.013	0.775
2893	-0.012	-0.013	0.773
2894	-0.011	-0.016	0.774
2895	-0.010	-0.020	0.776
2896	-0.014	-0.019	0.772
2897	-0.011	-0.014	0.777
2898	-0.010	-0.013	0.779
2899	-0.013	-0.014	0.777
2900	-0.013	-0.017	0.775
2901	-0.012	-0.014	0.776
2902	-0.011	-0.017	0.775
2903	-0.012	-0.013	0.772
2904	-0.013	-0.015	0.775
2905	-0.012	-0.016	0.773
2906	-0.015	-0.018	0.773
2907	-0.011	-0.018	0.773
2908	-0.010	-0.013	0.776
2909	-0.012	-0.012	0.774
2910	-0.012	-0.013	0.774
2911	-0.013	-0.015	0.777
2912	-0.011	-0.015	0.776
2913	-0.013	-0.012	0.773
2914	-0.014	-0.015	0.776
2915	-0.013	-0.015	0.777
2916	-0.013	-0.014	0.774
2917	-0.011	-0.015	0.775
2918	-0.012	-0.012	0.771
2919	-0.011	-0.012	0.777
2920	-0.011	-0.013	0.774
2921	-0.011	-0.010	0.771
2922	-0.013	-0.013	0.771
2923	-0.011	-0.014	0.775
2924	-0.012	-0.013	0.768
2925	-0.014	-0.013	0.770
2926	-0.011	-0.011	0.776
2927	-0.011	-0.011	0.774
2928	-0.011	-0.013	0.775
2929	-0.011	-0.017	0.776
2930	-0.012	-0.016	0.774
2931	-0.011	-0.014	0.775
2932	-0.012	-0.015	0.778
2933	-0.010	-0.013	0.772
2934	-0.009	-0.009	0.775
2935	-0.011	-0.013	0.775
2936	-0.010	-0.013	0.772
2937	-0.011	-0.013	0.773
2938	-0.012	-0.017	0.775
2939	-0.011	-0.014	0.771
2940	-0.013	-0.014	0.767
2941	-0.013	-0.015	0.771
2942	-0.012	-0.012	0.772
2943	-0.013	-0.013	0.768
2944	-0.013	-0.011	0.776
2945	-0.013	-0.012	0.777
2946	-0.015	-0.011	0.777
2947	-0.013	-0.015	0.771
2948	-0.013	-0.014	0.778
2949	-0.015	-0.011	0.773
2950	-0.013	-0.012	0.774
2951	-0.013	-0.009	0.774
2952	-0.013	-0.013	0.777
2953	-0.013	-0.015	0.772
2954	-0.013	-0.017	0.771
2955	-0.013	-0.015	0.774
2956	-0.011	-0.015	0.772
2957	-0.012	-0.014	0.774
2958	-0.012	-0.011	0.776
2959	-0.013	-0.013	0.772
2960	-0.013	-0.014	0.778
2961	-0.014	-0.015	0.775
2962	-0.010	-0.015	0.774
2963	-0.012	-0.017	0.773
2964	-0.012	-0.016	0.775
2965	-0.011	-0.015	0.775
2966	-0.011	-0.013	0.774
2967	-0.009	-0.011	0.775
2968	-0.009	-0.013	0.774
2969	-0.011	-0.015	0.775
2970	-0.011	-0.015	0.774
2971	-0.011	-0.020	0.773
2972	-0.013	-0.017	0.771
2973	-0.009	-0.016	0.772
2974	-0.010	-0.014	0.772
2975	-0.012	-0.015	0.773
2976	-0.011	-0.015	0.774
2977	-0.011	-0.013	0.773
2978	-0.010	-0.013	0.777
2979	-0.011	-0.015	0.775
2980	-0.011	-0.013	0.778
2981	-0.011	-0.015	0.776
2982	-0.011	-0.017	0.775
2983	-0.011	-0.014	0.776
2984	-0.012	-0.015	0.776
2985	-0.013	-0.013	0.774
2986	-0.012	-0.013	0.775
2987	-0.013	-0.013	0.773
2988	-0.011	-0.014	0.774
2989	-0.012	-0.015	0.772
2990	-0.012	-0.010	0.772
2991	-0.011	-0.014	0.774
2992	-0.009	-0.013	0.772
2993	-0.013	-0.015	0.776
2994	-0.013	-0.014	0.774
2995	-0.011	-0.013	0.774
2996	-0.012	-0.011	0.775
2997	-0.011	-0.010	0.774
2998	-0.012	-0.012	0.777
2999	-0.013	-0.015	0.774
3000	-0.011	-0.017	0.774
3001	-0.010	-0.013	0.774
3002	-0.012	-0.014	0.776
3003	-0.008	-0.012	0.769
3004	-0.011	-0.012	0.770
3005	-0.011	-0.013	0.775
3006	-0.012	-0.016	0.772
3007	-0.011	-0.015	0.774
3008	-0.011	-0.015	0.773
3009	-0.011	-0.015	0.773
3010	-0.011	-0.015	0.775
3011	-0.010	-0.012	0.773
3012	-0.011	-0.017	0.776
