0	-0.005	0.000	0.774	0.0
1	-0.005	-0.001	0.772	0.2
2	-0.003	-0.004	0.773	0.4
3	-0.006	-0.003	0.774	0.6
4	-0.005	-0.005	0.773	0.8
5	-0.004	-0.007	0.773	1.0
6	-0.006	-0.004	0.772	1.2
7	-0.005	-0.003	0.774	1.4
8	-0.005	-0.002	0.773	1.6
9	-0.004	-0.001	0.774	1.8
10	-0.004	-0.001	0.774	2.0
11	-0.006	-0.001	0.772	2.2
12	-0.006	-0.003	0.771	2.4
13	-0.005	-0.004	0.772	2.6
14	-0.005	-0.003	0.771	2.8
15	-0.006	-0.005	0.770	3.0
16	-0.004	-0.002	0.771	3.2
17	-0.005	-0.001	0.771	3.4
18	-0.006	-0.002	0.771	3.6
19	-0.009	-0.004	0.773	3.8
20	-0.007	-0.005	0.775	4.0
21	-0.005	-0.005	0.772	4.2
22	-0.003	-0.005	0.774	4.4
23	-0.007	-0.004	0.777	4.6
24	-0.004	-0.002	0.775	4.8
25	-0.004	-0.004	0.774	5.0
26	-0.005	-0.002	0.776	5.2
27	-0.005	-0.002	0.775	5.4
28	-0.006	-0.003	0.774	5.6
29	-0.005	-0.004	0.773	5.8
30	-0.005	-0.004	0.770	6.0
31	-0.004	-0.005	0.768	6.2
32	-0.005	-0.005	0.768	6.4
33	-0.006	-0.004	0.771	6.6
34	-0.003	-0.002	0.773	6.8
35	-0.003	-0.002	0.772	7.0
36	-0.003	-0.003	0.776	7.2
37	-0.003	-0.004	0.771	7.4
38	-0.005	-0.001	0.775	7.6
39	-0.002	-0.002	0.774	7.8
40	-0.003	-0.004	0.776	8.0
41	-0.005	-0.001	0.776	8.2
42	-0.004	-0.002	0.775	8.4
43	-0.002	-0.001	0.775	8.6
44	-0.006	-0.002	0.774	8.8
45	-0.003	0.000	0.777	9.0
46	-0.002	0.001	0.771	9.2
47	-0.003	-0.002	0.776	9.4
48	-0.006	-0.001	0.772	9.6
49	-0.004	-0.001	0.774	9.8
50	-0.004	-0.002	0.770	10.0
51	-0.005	0.001	0.775	10.2
52	-0.006	-0.002	0.770	10.4
53	-0.004	-0.001	0.770	10.6
54	-0.004	-0.004	0.772	10.8
55	-0.004	0.001	0.773	11.0
56	-0.002	-0.002	0.774	11.2
57	-0.004	0.001	0.773	11.4
58	-0.003	-0.001	0.775	11.6
59	-0.003	0.000	0.779	11.8
60	-0.003	0.001	0.776	12.0
61	-0.003	0.000	0.776	12.2
62	-0.002	-0.003	0.777	12.4
63	-0.005	0.001	0.775	12.6
64	-0.005	-0.002	0.776	12.8
65	-0.003	-0.001	0.777	13.0
66	-0.001	0.001	0.770	13.2
67	-0.002	-0.001	0.772	13.4
68	-0.002	0.000	0.771	13.6
69	-0.001	-0.003	0.773	13.8
70	-0.003	0.001	0.770	14.0
71	-0.004	-0.002	0.770	14.2
72	-0.003	0.002	0.771	14.4
73	-0.003	-0.001	0.774	14.6
74	-0.001	0.003	0.774	14.8
75	-0.002	-0.001	0.771	15.0
76	-0.004	-0.003	0.776	15.2
77	-0.003	-0.005	0.772	15.4
78	-0.002	-0.002	0.774	15.6
79	0.000	-0.004	0.777	15.8
80	0.001	-0.002	0.775	16.0
81	-0.002	-0.006	0.775	16.2
82	-0.002	-0.003	0.776	16.4
83	0.002	-0.004	0.776	16.6
84	0.001	-0.006	0.775	16.8
85	0.000	-0.003	0.775	17.0
86	-0.002	-0.005	0.772	17.2
87	0.002	-0.003	0.772	17.4
88	0.001	-0.001	0.772	17.6
89	-0.001	-0.004	0.773	17.8
90	0.001	-0.004	0.771	18.0
91	-0.001	-0.005	0.772	18.2
92	-0.001	-0.004	0.772	18.4
93	0.000	-0.003	0.769	18.6
94	-0.002	-0.001	0.775	18.8
95	0.000	0.000	0.772	19.0
96	0.001	-0.002	0.775	19.2
97	-0.002	-0.003	0.775	19.4
98	0.001	-0.006	0.775	19.6
99	-0.001	-0.004	0.774	19.8
100	-0.002	-0.005	0.772	20.0
101	0.000	-0.001	0.774	20.2
102	-0.001	0.001	0.775	20.4
103	0.001	0.003	0.771	20.6
104	0.000	0.000	0.771	20.8
105	0.000	-0.005	0.772	21.0
106	0.000	-0.005	0.770	21.2
107	0.002	-0.004	0.772	21.4
108	0.002	0.000	0.771	21.6
109	0.001	0.004	0.771	21.8
110	0.003	0.005	0.774	22.0
111	0.003	0.002	0.771	22.2
112	0.003	-0.002	0.772	22.4
113	0.003	-0.004	0.774	22.6
114	0.003	-0.005	0.775	22.8
115	0.002	-0.003	0.777	23.0
116	0.004	0.000	0.772	23.2
117	0.005	0.003	0.775	23.4
118	0.003	0.005	0.774	23.6
119	0.005	0.002	0.777	23.8
120	0.006	0.000	0.778	24.0
121	0.005	0.000	0.773	24.2
122	0.004	-0.003	0.772	24.4
123	0.006	-0.003	0.772	24.6
124	0.005	-0.002	0.772	24.8
125	0.005	-0.001	0.770	25.0
126	0.005	0.002	0.771	25.2
127	0.003	0.001	0.771	25.4
128	0.005	0.000	0.772	25.6
129	0.005	0.001	0.775	25.8
130	0.004	-0.002	0.773	26.0
131	0.002	-0.001	0.770	26.2
132	0.002	-0.002	0.773	26.4
133	0.002	-0.002	0.775	26.6
134	0.003	0.001	0.777	26.8
135	0.003	-0.001	0.775	27.0
136	0.003	-0.004	0.777	27.2
137	0.001	-0.001	0.775	27.4
138	0.003	-0.006	0.776	27.6
139	-0.001	-0.007	0.771	27.8
140	0.002	-0.006	0.775	28.0
141	0.001	-0.005	0.774	28.2
142	0.001	-0.003	0.774	28.4
143	0.003	-0.002	0.773	28.6
144	0.001	-0.006	0.774	28.8
145	0.000	-0.004	0.773	29.0
146	0.003	-0.008	0.772	29.2
147	0.001	-0.007	0.774	29.4
148	0.002	-0.004	0.772	29.6
149	0.002	-0.005	0.773	29.8
150	0.003	-0.005	0.777	30.0
151	0.003	-0.003	0.775	30.2
152	0.001	-0.005	0.773	30.4
153	0.001	-0.009	0.775	30.6
154	0.000	-0.008	0.774	30.8
155	0.001	-0.008	0.774	31.0
156	0.001	-0.009	0.775	31.2
157	0.000	-0.009	0.775	31.4
158	0.002	-0.004	0.772	31.6
159	0.000	-0.007	0.774	31.8
160	0.002	-0.006	0.771	32.0
161	0.000	-0.006	0.773	32.2
162	-0.001	-0.007	0.773	32.4
163	-0.001	-0.009	0.774	32.6
164	0.000	-0.009	0.775	32.8
165	0.000	-0.007	0.772	33.0
166	0.000	-0.003	0.772	33.2
167	-0.002	-0.005	0.772	33.4
168	0.000	-0.005	0.772	33.6
169	0.000	-0.004	0.773	33.8
170	-0.001	-0.009	0.774	34.0
171	-0.002	-0.007	0.777	34.2
172	-0.002	-0.007	0.774	34.4
173	-0.001	-0.006	0.775	34.6
174	0.000	-0.005	0.776	34.8
175	0.001	-0.007	0.778	35.0
176	-0.003	-0.005	0.778	35.2
177	-0.001	-0.006	0.775	35.4
178	-0.005	-0.009	0.773	35.6
179	-0.002	-0.005	0.771	35.8
180	-0.002	-0.005	0.772	36.0
181	-0.001	-0.005	0.771	36.2
182	-0.003	-0.004	0.770	36.4
183	-0.004	-0.003	0.770	36.6
184	-0.002	-0.009	0.772	36.8
185	-0.001	-0.009	0.772	37.0
186	-0.001	-0.007	0.771	37.2
187	-0.002	-0.007	0.771	37.4
188	-0.001	-0.008	0.771	37.6
189	0.002	-0.005	0.774	37.8
190	0.002	-0.001	0.773	38.0
191	0.000	-0.001	0.774	38.2
192	0.001	-0.005	0.774	38.4
193	-0.003	-0.006	0.772	38.6
194	-0.004	-0.005	0.772	38.8
195	-0.002	-0.005	0.776	39.0
196	-0.001	-0.006	0.776	39.2
197	-0.002	-0.003	0.774	39.4
198	-0.002	-0.001	0.773	39.6
199	0.000	-0.002	0.770	39.8
200	-0.003	-0.003	0.773	40.0
201	-0.003	-0.006	0.773	40.2
202	-0.003	-0.006	0.770	40.4
203	-0.004	-0.003	0.774	40.6
204	-0.003	-0.004	0.771	40.8
205	-0.004	-0.003	0.773	41.0
206	-0.005	-0.002	0.771	41.2
207	-0.004	-0.004	0.774	41.4
208	-0.005	-0.004	0.774	41.6
209	-0.003	-0.003	0.778	41.8
210	-0.004	-0.001	0.774	42.0
211	-0.004	-0.005	0.773	42.2
212	-0.005	-0.007	0.776	42.4
213	-0.004	-0.005	0.774	42.6
214	-0.006	-0.005	0.774	42.8
215	-0.005	-0.005	0.772	43.0
216	-0.005	-0.005	0.774	43.2
217	-0.005	-0.006	0.774	43.4
218	-0.004	-0.008	0.771	43.6
219	-0.005	-0.007	0.774	43.8
220	-0.005	-0.006	0.773	44.0
221	-0.005	-0.007	0.773	44.2
222	-0.006	-0.006	0.774	44.4
223	-0.003	-0.003	0.772	44.6
224	-0.002	-0.004	0.771	44.8
225	-0.002	-0.003	0.772	45.0
226	-0.003	-0.005	0.775	45.2
227	-0.002	-0.006	0.774	45.4
228	-0.002	-0.003	0.775	45.6
229	-0.002	-0.005	0.775	45.8
230	-0.002	-0.004	0.776	46.0
231	-0.001	-0.003	0.776	46.2
232	-0.001	-0.001	0.778	46.4
233	-0.001	-0.002	0.775	46.6
234	0.001	-0.002	0.774	46.8
235	-0.001	-0.005	0.774	47.0
236	-0.001	-0.004	0.771	47.2
237	-0.001	-0.005	0.773	47.4
238	0.002	-0.003	0.771	47.6
239	0.001	-0.001	0.770	47.8
240	0.001	0.001	0.773	48.0
241	0.001	-0.003	0.773	48.2
242	0.001	-0.002	0.772	48.4
243	-0.001	-0.003	0.773	48.6
244	0.000	-0.002	0.771	48.8
245	0.001	-0.001	0.774	49.0
246	-0.002	-0.001	0.774	49.2
247	-0.003	-0.001	0.774	49.4
248	0.000	0.000	0.772	49.6
249	-0.002	-0.001	0.774	49.8
250	-0.004	-0.001	0.775	50.0
251	-0.002	-0.003	0.775	50.2
252	0.000	-0.002	0.773	50.4
253	-0.001	0.001	0.772	50.6
254	0.001	-0.002	0.773	50.8
255	-0.001	-0.001	0.770	51.0
256	-0.001	-0.002	0.773	51.2
257	-0.005	-0.003	0.773	51.4
258	-0.003	-0.003	0.771	51.6
259	-0.003	0.001	0.771	51.8
260	-0.002	-0.001	0.772	52.0
261	-0.002	-0.003	0.772	52.2
262	-0.001	-0.002	0.775	52.4
263	-0.004	0.000	0.773	52.6
264	-0.004	-0.002	0.777	52.8
265	-0.004	-0.005	0.773	53.0
266	-0.004	-0.006	0.775	53.2
267	-0.004	-0.003	0.774	53.4
268	-0.004	-0.006	0.776	53.6
269	-0.003	-0.004	0.776	53.8
270	-0.002	-0.006	0.775	54.0
271	-0.004	-0.004	0.772	54.2
272	-0.004	-0.004	0.772	54.4
273	-0.004	-0.004	0.773	54.6
274	-0.005	-0.004	0.772	54.8
275	-0.003	-0.005	0.771	55.0
276	-0.002	-0.004	0.772	55.2
277	-0.001	0.001	0.771	55.4
278	-0.001	0.001	0.772	55.6
279	-0.002	0.000	0.772	55.8
280	-0.003	-0.003	0.774	56.0
281	-0.002	-0.004	0.773	56.2
282	-0.002	-0.002	0.770	56.4
283	-0.002	-0.001	0.777	56.6
284	-0.003	-0.001	0.773	56.8
285	-0.001	-0.001	0.775	57.0
286	0.001	0.001	0.774	57.2
287	0.002	-0.002	0.774	57.4
288	-0.003	-0.001	0.771	57.6
289	0.000	-0.002	0.773	57.8
290	-0.001	-0.002	0.772	58.0
291	0.000	0.002	0.772	58.2
292	-0.001	0.001	0.772	58.4
293	0.000	0.002	0.773	58.6
294	-0.001	-0.001	0.771	58.8
295	0.000	0.000	0.770	59.0
296	0.001	-0.002	0.770	59.2
297	0.000	0.001	0.772	59.4
298	-0.002	-0.002	0.771	59.6
299	-0.001	0.001	0.774	59.8
300	-0.002	-0.003	0.771	60.0
301	0.000	0.000	0.775	60.2
302	0.000	0.002	0.775	60.4
303	0.001	-0.003	0.775	60.6
304	0.001	-0.001	0.776	60.8
305	-0.001	-0.002	0.778	61.0
306	0.001	-0.002	0.774	61.2
307	0.001	-0.002	0.776	61.4
308	0.001	-0.002	0.775	61.6
309	-0.002	-0.002	0.772	61.8
310	0.003	-0.002	0.773	62.0
311	0.000	-0.002	0.770	62.2
312	0.001	-0.005	0.771	62.4
313	0.003	-0.002	0.771	62.6
314	0.002	-0.003	0.773	62.8
315	0.004	-0.001	0.777	63.0
316	0.003	-0.002	0.775	63.2
317	0.005	-0.003	0.776	63.4
318	0.002	-0.004	0.773	63.6
319	0.001	-0.003	0.772	63.8
320	0.004	-0.003	0.776	64.0
321	0.005	-0.003	0.774	64.2
322	0.003	-0.002	0.777	64.4
323	0.005	-0.003	0.774	64.6
324	0.003	-0.002	0.774	64.8
325	0.005	-0.002	0.775	65.0
326	0.005	-0.002	0.773	65.2
327	0.005	-0.002	0.776	65.4
328	0.005	-0.005	0.775	65.6
329	0.005	-0.007	0.775	65.8
330	0.009	-0.003	0.774	66.0
331	0.007	0.002	0.770	66.2
332	0.007	0.000	0.772	66.4
333	0.007	-0.002	0.771	66.6
334	0.007	-0.003	0.773	66.8
335	0.007	-0.003	0.769	67.0
336	0.008	-0.003	0.774	67.2
337	0.007	-0.003	0.773	67.4
338	0.007	-0.003	0.775	67.6
339	0.007	-0.003	0.775	67.8
340	0.005	-0.002	0.776	68.0
341	0.004	-0.003	0.774	68.2
342	0.006	-0.002	0.775	68.4
343	0.003	-0.001	0.776	68.6
344	0.006	-0.001	0.777	68.8
345	0.005	-0.003	0.775	69.0
346	0.005	-0.005	0.774	69.2
347	0.003	-0.004	0.772	69.4
348	0.006	-0.003	0.771	69.6
349	0.008	-0.006	0.771	69.8
350	0.008	-0.006	0.771	70.0
351	0.006	-0.005	0.774	70.2
352	0.008	-0.005	0.771	70.4
353	0.006	-0.003	0.772	70.6
354	0.008	-0.005	0.771	70.8
355	0.007	-0.002	0.771	71.0
356	0.007	-0.002	0.775	71.2
357	0.004	-0.005	0.774	71.4
358	0.007	-0.003	0.775	71.6
359	0.005	-0.004	0.774	71.8
360	0.006	-0.002	0.777	72.0
361	0.004	-0.005	0.774	72.2
362	0.005	-0.005	0.774	72.4
363	0.004	-0.008	0.775	72.6
364	0.006	-0.008	0.773	72.8
365	0.005	-0.006	0.774	73.0
366	0.005	-0.007	0.771	73.2
367	0.005	-0.003	0.774	73.4
368	0.007	-0.003	0.771	73.6
369	0.007	-0.004	0.773	73.8
370	0.008	-0.002	0.771	74.0
371	0.007	-0.002	0.775	74.2
372	0.007	-0.004	0.774	74.4
373	0.007	-0.003	0.775	74.6
374	0.009	-0.003	0.774	74.8
375	0.009	-0.001	0.774	75.0
376	0.010	-0.002	0.776	75.2
377	0.005	-0.003	0.776	75.4
378	0.006	-0.003	0.775	75.6
379	0.007	-0.002	0.777	75.8
380	0.008	-0.004	0.776	76.0
381	0.006	-0.005	0.773	76.2
382	0.005	-0.003	0.775	76.4
383	0.007	-0.002	0.774	76.6
384	0.006	-0.002	0.773	76.8
385	0.007	-0.001	0.772	77.0
386	0.007	-0.001	0.773	77.2
387	0.007	-0.003	0.771	77.4
388	0.009	-0.002	0.776	77.6
389	0.007	-0.005	0.771	77.8
390	0.008	-0.006	0.774	78.0
391	0.007	-0.003	0.774	78.2
392	0.007	-0.003	0.772	78.4
393	0.005	-0.003	0.777	78.6
394	0.007	0.002	0.775	78.8
395	0.007	0.003	0.776	79.0
396	0.006	-0.001	0.773	79.2
397	0.005	-0.002	0.777	79.4
398	0.004	-0.003	0.773	79.6
399	0.005	-0.004	0.774	79.8
400	0.005	-0.002	0.776	80.0
401	0.005	-0.003	0.778	80.2
402	0.005	-0.003	0.773	80.4
403	0.004	-0.002	0.771	80.6
404	0.003	-0.002	0.772	80.8
405	0.002	-0.004	0.773	81.0
406	0.005	-0.003	0.772	81.2
407	0.002	-0.006	0.772	81.4
408	0.003	-0.005	0.772	81.6
409	0.006	-0.001	0.775	81.8
410	0.005	-0.001	0.771	82.0
411	0.001	-0.003	0.772	82.2
412	0.003	-0.003	0.777	82.4
413	0.004	-0.005	0.775	82.6
414	0.004	-0.005	0.778	82.8
415	0.002	-0.006	0.775	83.0
416	0.002	-0.005	0.775	83.2
417	0.002	0.000	0.775	83.4
418	0.002	-0.002	0.777	83.6
419	0.003	-0.002	0.774	83.8
420	0.002	-0.004	0.772	84.0
421	0.002	-0.003	0.776	84.2
422	0.003	-0.004	0.768	84.4
423	0.000	-0.003	0.772	84.6
424	0.002	-0.001	0.771	84.8
425	0.002	0.001	0.771	85.0
426	0.003	0.001	0.775	85.2
427	0.003	-0.002	0.774	85.4
428	0.003	-0.003	0.775	85.6
429	0.002	-0.004	0.771	85.8
430	0.002	-0.007	0.774	86.0
431	0.004	-0.006	0.773	86.2
432	0.005	-0.005	0.773	86.4
433	0.003	-0.003	0.777	86.6
434	0.003	-0.002	0.773	86.8
435	0.004	-0.001	0.776	87.0
436	0.005	-0.002	0.778	87.2
437	0.004	-0.003	0.774	87.4
438	0.004	-0.003	0.774	87.6
439	0.003	-0.005	0.772	87.8
440	0.002	-0.005	0.772	88.0
441	0.004	-0.002	0.772	88.2
442	0.003	-0.003	0.774	88.4
443	0.004	-0.002	0.770	88.6
444	0.005	-0.002	0.771	88.8
445	0.003	-0.004	0.772	89.0
446	0.005	-0.006	0.772	89.2
447	0.006	-0.006	0.774	89.4
448	0.005	-0.002	0.778	89.6
449	0.004	0.000	0.774	89.8
450	0.007	0.000	0.774	90.0
451	0.002	-0.001	0.778	90.2
452	0.002	-0.003	0.778	90.4
453	0.002	-0.007	0.774	90.6
454	0.002	-0.005	0.777	90.8
455	0.002	-0.003	0.774	91.0
456	0.004	-0.005	0.774	91.2
457	0.000	-0.003	0.774	91.4
458	-0.001	-0.003	0.771	91.6
459	0.001	-0.005	0.773	91.8
460	0.002	-0.005	0.775	92.0
461	0.002	-0.006	0.774	92.2
462	0.002	-0.005	0.772	92.4
463	0.005	-0.008	0.772	92.6
464	0.004	-0.005	0.772	92.8
465	0.003	-0.005	0.773	93.0
466	0.003	-0.008	0.776	93.2
467	0.004	-0.006	0.772	93.4
468	0.004	-0.006	0.776	93.6
469	0.003	-0.011	0.775	93.8
470	0.004	-0.010	0.774	94.0
471	0.004	-0.008	0.774	94.2
472	0.003	-0.008	0.774	94.4
473	0.002	-0.007	0.775	94.6
474	0.003	-0.007	0.776	94.8
475	0.003	-0.008	0.778	95.0
476	0.005	-0.007	0.771	95.2
477	0.003	-0.006	0.775	95.4
478	0.005	-0.007	0.774	95.6
479	0.004	-0.008	0.773	95.8
480	0.003	-0.007	0.773	96.0
481	0.002	-0.006	0.772	96.2
482	0.004	-0.005	0.772	96.4
483	0.003	-0.004	0.775	96.6
484	0.003	-0.003	0.776	96.8
485	0.003	-0.007	0.774	97.0
486	0.003	-0.006	0.775	97.2
487	0.001	-0.002	0.777	97.4
488	0.002	-0.004	0.776	97.6
489	0.001	-0.006	0.776	97.8
490	0.003	-0.003	0.775	98.0
491	0.003	-0.002	0.775	98.2
492	0.002	-0.004	0.774	98.4
493	0.003	-0.002	0.774	98.6
494	0.003	-0.005	0.773	98.8
495	0.005	-0.003	0.772	99.0
496	0.004	-0.003	0.774	99.2
497	0.002	-0.002	0.771	99.4
498	0.003	-0.005	0.771	99.6
499	0.002	-0.003	0.773	99.8
500	0.002	-0.005	0.771	100.0
501	0.001	-0.008	0.774	100.2
502	0.000	-0.005	0.776	100.4
503	-0.001	-0.005	0.772	100.6
504	0.000	-0.006	0.775	100.8
505	0.001	-0.004	0.775	101.0
506	0.003	-0.004	0.776	101.2
507	0.002	-0.007	0.775	101.4
508	0.001	-0.010	0.775	101.6
509	0.003	-0.009	0.772	101.8
510	-0.001	-0.011	0.777	102.0
511	-0.002	-0.006	0.775	102.2
512	-0.002	-0.009	0.773	102.4
513	0.001	-0.009	0.773	102.6
514	-0.001	-0.008	0.776	102.8
515	0.000	-0.009	0.773	103.0
516	-0.002	-0.010	0.774	103.2
517	-0.001	-0.010	0.830	103.4
518	-0.026	-0.211	1.093	103.6
519	-0.029	-0.206	1.077	103.8
520	-0.023	-0.198	1.087	104.0
521	-0.026	-0.196	1.074	104.2
522	-0.025	-0.195	1.060	104.4
523	-0.023	-0.192	1.066	104.6
524	-0.024	-0.190	1.065	104.8
525	-0.022	-0.186	1.058	105.0
526	-0.022	-0.186	1.054	105.2
527	-0.022	-0.185	1.056	105.4
528	-0.022	-0.183	1.047	105.6
529	-0.020	-0.182	1.044	105.8
530	-0.020	-0.182	1.044	106.0
531	-0.019	-0.180	1.047	106.2
532	-0.022	-0.182	1.049	106.4
533	-0.021	-0.181	1.043	106.6
534	-0.020	-0.178	1.038	106.8
535	-0.020	-0.176	1.050	107.0
536	-0.019	-0.176	1.030	107.2
537	-0.021	-0.178	1.032	107.4
538	-0.019	-0.176	1.049	107.6
539	-0.020	-0.176	1.032	107.8
540	-0.019	-0.176	1.030	108.0
541	-0.018	-0.176	1.039	108.2
542	-0.020	-0.175	1.033	108.4
543	-0.020	-0.176	1.022	108.6
544	-0.019	-0.173	1.037	108.8
545	-0.019	-0.171	1.028	109.0
546	-0.020	-0.171	1.027	109.2
547	-0.021	-0.169	1.032	109.4
548	-0.018	-0.168	1.024	109.6
549	-0.018	-0.169	1.022	109.8
550	-0.018	-0.168	1.030	110.0
551	-0.018	-0.167	1.019	110.2
552	-0.017	-0.165	1.024	110.4
553	-0.019	-0.165	1.034	110.6
554	-0.019	-0.167	1.020	110.8
555	-0.018	-0.165	1.019	111.0
556	-0.018	-0.165	1.030	111.2
557	-0.020	-0.164	1.025	111.4
558	-0.017	-0.161	1.020	111.6
559	-0.017	-0.164	1.029	111.8
560	-0.019	-0.161	1.024	112.0
561	-0.020	-0.163	1.021	112.2
562	-0.019	-0.163	1.028	112.4
563	-0.018	-0.164	1.018	112.6
564	-0.015	-0.164	1.023	112.8
565	-0.019	-0.163	1.025	113.0
566	-0.018	-0.165	1.015	113.2
567	-0.018	-0.166	1.023	113.4
568	-0.015	-0.167	1.028	113.6
569	-0.016	-0.165	1.024	113.8
570	-0.015	-0.165	1.014	114.0
571	-0.016	-0.166	1.027	114.2
572	-0.018	-0.163	1.022	114.4
573	-0.016	-0.161	1.013	114.6
574	-0.018	-0.160	1.029	114.8
575	-0.020	-0.160	1.019	115.0
576	-0.019	-0.162	1.016	115.2
577	-0.018	-0.161	1.027	115.4
578	-0.015	-0.163	1.018	115.6
579	-0.020	-0.162	1.022	115.8
580	-0.020	-0.163	1.024	116.0
581	-0.018	-0.163	1.016	116.2
582	-0.020	-0.160	1.030	116.4
583	-0.018	-0.164	1.026	116.6
584	-0.019	-0.162	1.014	116.8
585	-0.018	-0.163	1.026	117.0
586	-0.019	-0.161	1.024	117.2
587	-0.020	-0.159	1.016	117.4
588	-0.018	-0.159	1.015	117.6
589	-0.019	-0.158	1.027	117.8
590	-0.020	-0.158	1.016	118.0
591	-0.018	-0.158	1.011	118.2
592	-0.020	-0.158	1.027	118.4
593	-0.017	-0.157	1.017	118.6
594	-0.017	-0.158	1.020	118.8
595	-0.020	-0.158	1.020	119.0
596	-0.018	-0.159	1.016	119.2
597	-0.019	-0.157	1.019	119.4
598	-0.020	-0.159	1.020	119.6
599	-0.019	-0.157	1.017	119.8
600	-0.019	-0.156	1.019	120.0
601	-0.019	-0.158	1.014	120.2
602	-0.019	-0.158	1.005	120.4
603	-0.020	-0.155	1.013	120.6
604	-0.019	-0.157	1.019	120.8
605	-0.019	-0.155	1.011	121.0
606	-0.020	-0.154	1.002	121.2
607	-0.019	-0.155	1.018	121.4
608	-0.019	-0.156	1.006	121.6
609	-0.018	-0.154	1.014	121.8
610	-0.022	-0.156	1.012	122.0
611	-0.020	-0.155	1.011	122.2
612	-0.019	-0.156	1.014	122.4
613	-0.020	-0.154	1.015	122.6
614	-0.020	-0.154	1.011	122.8
615	-0.019	-0.157	1.016	123.0
616	-0.019	-0.154	1.019	123.2
617	-0.021	-0.157	1.006	123.4
618	-0.020	-0.157	1.010	123.6
619	-0.020	-0.157	1.017	123.8
620	-0.023	-0.159	1.012	124.0
621	-0.021	-0.156	1.015	124.2
622	-0.021	-0.157	1.018	124.4
623	-0.021	-0.156	0.999	124.6
624	-0.023	-0.156	1.018	124.8
625	-0.022	-0.156	1.013	125.0
626	-0.022	-0.154	1.008	125.2
627	-0.021	-0.155	1.018	125.4
628	-0.022	-0.154	1.012	125.6
629	-0.022	-0.154	1.008	125.8
630	-0.023	-0.156	1.017	126.0
631	-0.022	-0.152	1.022	126.2
632	-0.023	-0.154	1.012	126.4
633	-0.022	-0.155	1.010	126.6
634	-0.024	-0.154	1.024	126.8
635	-0.024	-0.157	1.009	127.0
636	-0.024	-0.157	1.010	127.2
637	-0.022	-0.154	1.020	127.4
638	-0.023	-0.155	1.008	127.6
639	-0.024	-0.158	1.013	127.8
640	-0.020	-0.156	1.016	128.0
641	-0.024	-0.157	1.003	128.2
642	-0.024	-0.156	1.015	128.4
643	-0.022	-0.158	1.008	128.6
644	-0.025	-0.157	1.010	128.8
645	-0.025	-0.157	1.018	129.0
646	-0.022	-0.157	1.021	129.2
647	-0.023	-0.158	1.016	129.4
648	-0.024	-0.156	1.018	129.6
649	-0.024	-0.158	1.024	129.8
650	-0.024	-0.157	1.014	130.0
651	-0.024	-0.157	1.019	130.2
652	-0.022	-0.156	1.024	130.4
653	-0.023	-0.157	1.008	130.6
654	-0.023	-0.157	1.020	130.8
655	-0.022	-0.155	1.014	131.0
656	-0.022	-0.155	1.007	131.2
657	-0.022	-0.155	1.015	131.4
658	-0.023	-0.156	1.010	131.6
659	-0.023	-0.156	1.009	131.8
660	-0.023	-0.157	1.022	132.0
661	-0.022	-0.156	1.014	132.2
662	-0.023	-0.156	1.008	132.4
663	-0.022	-0.156	1.018	132.6
664	-0.023	-0.157	1.015	132.8
665	-0.022	-0.155	1.006	133.0
666	-0.022	-0.156	1.016	133.2
667	-0.022	-0.156	1.014	133.4
668	-0.023	-0.156	1.008	133.6
669	-0.023	-0.155	1.016	133.8
670	-0.022	-0.156	1.013	134.0
671	-0.022	-0.154	1.012	134.2
672	-0.020	-0.156	1.016	134.4
673	-0.023	-0.157	1.009	134.6
674	-0.023	-0.155	1.016	134.8
675	-0.024	-0.155	1.018	135.0
676	-0.023	-0.159	1.013	135.2
677	-0.024	-0.158	1.010	135.4
678	-0.022	-0.154	1.022	135.6
679	-0.025	-0.157	1.014	135.8
680	-0.020	-0.156	1.001	136.0
681	-0.023	-0.155	1.022	136.2
682	-0.023	-0.158	1.016	136.4
683	-0.022	-0.154	1.010	136.6
684	-0.024	-0.155	1.012	136.8
685	-0.021	-0.155	1.012	137.0
686	-0.021	-0.155	1.018	137.2
687	-0.021	-0.154	1.015	137.4
688	-0.021	-0.154	1.006	137.6
689	-0.021	-0.155	1.008	137.8
690	-0.021	-0.152	1.013	138.0
691	-0.021	-0.154	1.008	138.2
692	-0.023	-0.156	1.005	138.4
693	-0.022	-0.153	1.015	138.6
694	-0.022	-0.154	1.007	138.8
695	-0.020	-0.154	1.001	139.0
696	-0.023	-0.153	1.017	139.2
697	-0.022	-0.154	1.008	139.4
698	-0.021	-0.151	1.009	139.6
699	-0.021	-0.151	1.011	139.8
700	-0.022	-0.149	1.006	140.0
701	-0.022	-0.152	1.014	140.2
702	-0.022	-0.151	1.010	140.4
703	-0.021	-0.150	1.009	140.6
704	-0.020	-0.149	1.008	140.8
705	-0.021	-0.150	1.012	141.0
706	-0.022	-0.149	1.004	141.2
707	-0.022	-0.150	1.006	141.4
708	-0.022	-0.150	1.014	141.6
709	-0.020	-0.150	1.004	141.8
710	-0.021	-0.150	1.008	142.0
711	-0.020	-0.149	1.019	142.2
712	-0.019	-0.151	1.004	142.4
713	-0.020	-0.150	1.007	142.6
714	-0.020	-0.148	1.010	142.8
715	-0.019	-0.152	1.004	143.0
716	-0.019	-0.152	1.008	143.2
717	-0.019	-0.153	1.013	143.4
718	-0.020	-0.152	1.007	143.6
719	-0.018	-0.152	1.012	143.8
720	-0.017	-0.151	1.009	144.0
721	-0.020	-0.154	1.000	144.2
722	-0.018	-0.153	1.008	144.4
723	-0.018	-0.154	1.015	144.6
724	-0.019	-0.154	1.006	144.8
725	-0.017	-0.155	1.004	145.0
726	-0.017	-0.156	1.011	145.2
727	-0.021	-0.155	1.002	145.4
728	-0.020	-0.156	1.008	145.6
729	-0.019	-0.156	1.010	145.8
730	-0.020	-0.156	1.000	146.0
731	-0.019	-0.158	1.012	146.2
732	-0.017	-0.156	1.008	146.4
733	-0.018	-0.159	1.004	146.6
734	-0.018	-0.158	1.014	146.8
735	-0.016	-0.159	1.011	147.0
736	-0.019	-0.156	1.008	147.2
737	-0.018	-0.156	1.010	147.4
738	-0.017	-0.154	1.012	147.6
739	-0.018	-0.157	1.005	147.8
740	-0.018	-0.156	1.008	148.0
741	-0.016	-0.158	1.010	148.2
742	-0.017	-0.156	1.003	148.4
743	-0.017	-0.157	1.014	148.6
744	-0.015	-0.155	1.011	148.8
745	-0.018	-0.155	1.006	149.0
746	-0.015	-0.155	1.014	149.2
747	-0.015	-0.157	1.010	149.4
748	-0.016	-0.155	1.003	149.6
749	-0.015	-0.157	1.014	149.8
750	-0.016	-0.159	1.013	150.0
751	-0.013	-0.155	1.005	150.2
752	-0.014	-0.154	1.012	150.4
753	-0.014	-0.155	1.020	150.6
754	-0.014	-0.152	1.004	150.8
755	-0.016	-0.153	1.009	151.0
756	-0.015	-0.152	1.025	151.2
757	-0.013	-0.151	1.007	151.4
758	-0.013	-0.154	1.011	151.6
759	-0.014	-0.156	1.012	151.8
760	-0.015	-0.154	1.016	152.0
761	-0.015	-0.156	1.011	152.2
762	-0.015	-0.156	1.006	152.4
763	-0.015	-0.156	1.000	152.6
764	-0.014	-0.155	1.017	152.8
765	-0.013	-0.156	1.007	153.0
766	-0.014	-0.159	1.002	153.2
767	-0.013	-0.156	1.009	153.4
768	-0.013	-0.157	1.014	153.6
769	-0.015	-0.155	1.006	153.8
770	-0.013	-0.155	1.012	154.0
771	-0.014	-0.156	1.009	154.2
772	-0.013	-0.157	1.008	154.4
773	-0.014	-0.155	1.014	154.6
774	-0.013	-0.157	1.006	154.8
775	-0.014	-0.156	1.008	155.0
776	-0.015	-0.154	1.015	155.2
777	-0.012	-0.154	1.003	155.4
778	-0.012	-0.153	1.004	155.6
779	-0.014	-0.154	1.015	155.8
780	-0.015	-0.154	1.007	156.0
781	-0.013	-0.152	1.000	156.2
782	-0.014	-0.154	1.016	156.4
783	-0.014	-0.152	1.010	156.6
784	-0.015	-0.154	1.006	156.8
785	-0.014	-0.154	1.014	157.0
786	-0.013	-0.151	1.012	157.2
787	-0.015	-0.153	1.004	157.4
788	-0.015	-0.154	1.015	157.6
789	-0.016	-0.153	1.008	157.8
790	-0.017	-0.154	1.016	158.0
791	-0.015	-0.153	1.010	158.2
792	-0.017	-0.148	1.008	158.4
793	-0.017	-0.149	1.011	158.6
794	-0.016	-0.150	1.012	158.8
795	-0.017	-0.153	1.005	159.0
796	-0.015	-0.150	1.012	159.2
797	-0.016	-0.149	1.008	159.4
798	-0.018	-0.150	1.003	159.6
799	-0.019	-0.149	1.010	159.8
800	-0.018	-0.149	1.008	160.0
801	-0.019	-0.149	1.007	160.2
802	-0.017	-0.149	1.005	160.4
803	-0.018	-0.149	1.008	160.6
804	-0.018	-0.149	1.008	160.8
805	-0.018	-0.148	1.007	161.0
806	-0.020	-0.149	1.006	161.2
807	-0.018	-0.146	1.009	161.4
808	-0.018	-0.146	1.010	161.6
809	-0.020	-0.149	1.006	161.8
810	-0.020	-0.148	1.004	162.0
811	-0.021	-0.150	1.006	162.2
812	-0.022	-0.147	1.009	162.4
813	-0.022	-0.150	0.998	162.6
814	-0.019	-0.149	1.002	162.8
815	-0.020	-0.149	1.005	163.0
816	-0.022	-0.147	1.003	163.2
817	-0.021	-0.151	0.998	163.4
818	-0.021	-0.150	1.006	163.6
819	-0.022	-0.148	1.006	163.8
820	-0.022	-0.148	1.010	164.0
821	-0.022	-0.149	1.010	164.2
822	-0.023	-0.148	1.011	164.4
823	-0.019	-0.149	1.008	164.6
824	-0.020	-0.148	1.012	164.8
825	-0.020	-0.148	1.011	165.0
826	-0.020	-0.149	1.006	165.2
827	-0.022	-0.149	1.015	165.4
828	-0.022	-0.151	1.008	165.6
829	-0.021	-0.151	1.002	165.8
830	-0.022	-0.153	1.012	166.0
831	-0.020	-0.151	1.010	166.2
832	-0.022	-0.152	1.005	166.4
833	-0.020	-0.153	1.003	166.6
834	-0.021	-0.153	1.008	166.8
835	-0.021	-0.152	1.006	167.0
836	-0.024	-0.151	1.002	167.2
837	-0.022	-0.153	1.010	167.4
838	-0.022	-0.153	1.010	167.6
839	-0.023	-0.153	1.009	167.8
840	-0.022	-0.156	1.010	168.0
841	-0.023	-0.153	1.008	168.2
842	-0.023	-0.156	1.011	168.4
843	-0.023	-0.154	1.009	168.6
844	-0.023	-0.156	1.002	168.8
845	-0.021	-0.154	1.012	169.0
846	-0.022	-0.154	1.012	169.2
847	-0.021	-0.154	1.006	169.4
848	-0.022	-0.153	1.006	169.6
849	-0.022	-0.153	1.012	169.8
850	-0.022	-0.152	1.008	170.0
851	-0.020	-0.153	1.004	170.2
852	-0.021	-0.150	1.009	170.4
853	-0.021	-0.152	1.012	170.6
854	-0.021	-0.152	1.002	170.8
855	-0.020	-0.153	1.012	171.0
856	-0.021	-0.150	1.010	171.2
857	-0.022	-0.152	1.008	171.4
858	-0.021	-0.149	1.013	171.6
859	-0.019	-0.151	1.010	171.8
860	-0.020	-0.150	1.008	172.0
861	-0.018	-0.148	1.006	172.2
862	-0.018	-0.147	1.010	172.4
863	-0.018	-0.148	1.008	172.6
864	-0.018	-0.147	1.006	172.8
865	-0.018	-0.147	1.002	173.0
866	-0.018	-0.146	1.002	173.2
867	-0.019	-0.147	1.003	173.4
868	-0.018	-0.146	1.009	173.6
869	-0.016	-0.146	1.004	173.8
870	-0.015	-0.144	1.002	174.0
871	-0.017	-0.145	1.006	174.2
872	-0.016	-0.143	1.007	174.4
873	-0.019	-0.145	1.010	174.6
874	-0.017	-0.145	1.004	174.8
875	-0.017	-0.143	1.008	175.0
876	-0.019	-0.143	1.006	175.2
877	-0.016	-0.141	1.007	175.4
878	-0.016	-0.144	1.008	175.6
879	-0.015	-0.141	1.006	175.8
880	-0.015	-0.142	1.004	176.0
881	-0.013	-0.142	1.011	176.2
882	-0.014	-0.142	1.005	176.4
883	-0.013	-0.142	1.005	176.6
884	-0.014	-0.143	1.006	176.8
885	-0.013	-0.142	1.010	177.0
886	-0.013	-0.141	1.006	177.2
887	-0.013	-0.143	1.006	177.4
888	-0.013	-0.143	1.008	177.6
889	-0.013	-0.143	1.009	177.8
890	-0.013	-0.144	1.008	178.0
891	-0.014	-0.143	1.010	178.2
892	-0.013	-0.142	1.013	178.4
893	-0.013	-0.141	1.014	178.6
894	-0.014	-0.142	1.006	178.8
895	-0.013	-0.139	1.007	179.0
896	-0.014	-0.143	1.013	179.2
897	-0.011	-0.143	1.005	179.4
898	-0.011	-0.142	1.010	179.6
899	-0.015	-0.141	1.008	179.8
900	-0.013	-0.144	1.007	180.0
901	-0.015	-0.144	1.004	180.2
902	-0.015	-0.143	1.005	180.4
903	-0.018	-0.145	1.013	180.6
904	-0.015	-0.143	1.005	180.8
905	-0.016	-0.143	1.006	181.0
906	-0.018	-0.141	1.003	181.2
907	-0.018	-0.143	1.008	181.4
908	-0.018	-0.143	1.002	181.6
909	-0.019	-0.144	1.008	181.8
910	-0.017	-0.144	1.011	182.0
911	-0.017	-0.145	1.006	182.2
912	-0.016	-0.145	1.004	182.4
913	-0.017	-0.145	1.008	182.6
914	-0.017	-0.145	1.008	182.8
915	-0.018	-0.147	0.999	183.0
916	-0.018	-0.145	1.007	183.2
917	-0.019	-0.144	1.007	183.4
918	-0.019	-0.143	1.004	183.6
919	-0.019	-0.144	0.998	183.8
920	-0.019	-0.144	1.005	184.0
921	-0.021	-0.144	1.008	184.2
922	-0.020	-0.144	1.004	184.4
923	-0.019	-0.145	1.001	184.6
924	-0.018	-0.143	1.004	184.8
925	-0.020	-0.143	1.008	185.0
926	-0.019	-0.144	1.008	185.2
927	-0.020	-0.143	1.007	185.4
928	-0.018	-0.142	1.008	185.6
929	-0.019	-0.143	1.004	185.8
930	-0.019	-0.144	1.004	186.0
931	-0.020	-0.144	1.004	186.2
932	-0.018	-0.143	1.004	186.4
933	-0.019	-0.144	1.001	186.6
934	-0.021	-0.143	1.002	186.8
935	-0.020	-0.144	1.003	187.0
936	-0.020	-0.141	1.003	187.2
937	-0.018	-0.144	1.001	187.4
938	-0.018	-0.143	1.001	187.6
939	-0.015	-0.142	1.000	187.8
940	-0.015	-0.142	1.005	188.0
941	-0.014	-0.144	1.002	188.2
942	-0.015	-0.144	1.002	188.4
943	-0.015	-0.145	1.006	188.6
944	-0.013	-0.144	1.007	188.8
945	-0.014	-0.144	0.999	189.0
946	-0.013	-0.144	1.006	189.2
947	-0.012	-0.143	1.006	189.4
948	-0.010	-0.144	1.007	189.6
949	-0.011	-0.142	0.996	189.8
950	-0.011	-0.142	1.006	190.0
951	-0.009	-0.143	1.008	190.2
952	-0.011	-0.141	1.000	190.4
953	-0.011	-0.142	1.004	190.6
954	-0.009	-0.144	1.004	190.8
955	-0.010	-0.143	1.011	191.0
956	-0.011	-0.143	1.000	191.2
957	-0.010	-0.142	1.010	191.4
958	-0.009	-0.144	1.011	191.6
959	-0.012	-0.145	1.002	191.8
960	-0.013	-0.143	1.008	192.0
961	-0.011	-0.146	1.020	192.2
962	-0.013	-0.145	1.000	192.4
963	-0.011	-0.145	1.010	192.6
964	-0.012	-0.144	1.008	192.8
965	-0.010	-0.144	1.003	193.0
966	-0.011	-0.145	1.010	193.2
967	-0.011	-0.144	1.003	193.4
968	-0.012	-0.142	1.004	193.6
969	-0.012	-0.143	1.003	193.8
970	-0.012	-0.146	1.001	194.0
971	-0.012	-0.144	1.003	194.2
972	-0.012	-0.144	1.003	194.4
973	-0.011	-0.146	1.007	194.6
974	-0.012	-0.145	1.004	194.8
975	-0.013	-0.145	1.002	195.0
976	-0.010	-0.145	1.007	195.2
977	-0.011	-0.144	1.000	195.4
978	-0.012	-0.143	1.012	195.6
979	-0.012	-0.145	1.006	195.8
980	-0.011	-0.145	0.999	196.0
981	-0.011	-0.146	1.002	196.2
982	-0.011	-0.146	1.007	196.4
983	-0.012	-0.148	1.003	196.6
984	-0.012	-0.149	1.012	196.8
985	-0.010	-0.149	1.010	197.0
986	-0.010	-0.147	1.003	197.2
987	-0.011	-0.150	1.000	197.4
988	-0.011	-0.146	1.006	197.6
989	-0.011	-0.148	0.997	197.8
990	-0.010	-0.146	1.002	198.0
991	-0.011	-0.146	1.016	198.2
992	-0.011	-0.146	0.993	198.4
993	-0.010	-0.145	1.003	198.6
994	-0.011	-0.146	0.995	198.8
995	-0.007	-0.143	0.998	199.0
996	-0.010	-0.144	1.007	199.2
997	-0.010	-0.144	0.997	199.4
998	-0.011	-0.147	0.998	199.6
999	-0.010	-0.143	1.002	199.8
1000	-0.010	-0.144	1.000	200.0
1001	-0.007	-0.143	0.994	200.2
1002	-0.010	-0.145	0.996	200.4
1003	-0.009	-0.144	1.006	200.6
1004	-0.009	-0.143	0.997	200.8
1005	-0.008	-0.141	0.993	201.0
1006	-0.009	-0.143	1.002	201.2
1007	-0.007	-0.141	0.993	201.4
1008	-0.010	-0.141	1.000	201.6
1009	-0.010	-0.143	1.001	201.8
1010	-0.009	-0.143	0.995	202.0
1011	-0.011	-0.144	1.010	202.2
1012	-0.009	-0.145	0.999	202.4
1013	-0.008	-0.141	0.997	202.6
1014	-0.009	-0.141	1.000	202.8
1015	-0.007	-0.141	1.006	203.0
1016	-0.008	-0.141	1.002	203.2
1017	-0.006	-0.140	0.996	203.4
1018	-0.017	-0.244	1.227	203.6
1019	-0.032	-0.367	1.365	203.8
1020	-0.027	-0.351	1.325	204.0
1021	-0.026	-0.344	1.315	204.2
1022	-0.025	-0.337	1.310	204.4
1023	-0.024	-0.334	1.315	204.6
1024	-0.023	-0.330	1.290	204.8
1025	-0.021	-0.327	1.291	205.0
1026	-0.021	-0.323	1.300	205.2
1027	-0.023	-0.324	1.287	205.4
1028	-0.020	-0.322	1.284	205.6
1029	-0.022	-0.321	1.288	205.8
1030	-0.019	-0.321	1.288	206.0
1031	-0.020	-0.320	1.278	206.2
1032	-0.021	-0.321	1.269	206.4
1033	-0.019	-0.318	1.288	206.6
1034	-0.020	-0.317	1.274	206.8
1035	-0.022	-0.315	1.266	207.0
1036	-0.022	-0.314	1.276	207.2
1037	-0.022	-0.314	1.270	207.4
1038	-0.019	-0.314	1.274	207.6
1039	-0.020	-0.311	1.264	207.8
1040	-0.019	-0.310	1.277	208.0
1041	-0.020	-0.308	1.275	208.2
1042	-0.022	-0.311	1.258	208.4
1043	-0.021	-0.310	1.261	208.6
1044	-0.020	-0.309	1.260	208.8
1045	-0.018	-0.307	1.273	209.0
1046	-0.023	-0.307	1.255	209.2
1047	-0.022	-0.308	1.259	209.4
1048	-0.022	-0.307	1.271	209.6
1049	-0.020	-0.306	1.261	209.8
1050	-0.021	-0.306	1.260	210.0
1051	-0.023	-0.307	1.262	210.2
1052	-0.022	-0.305	1.264	210.4
1053	-0.021	-0.304	1.255	210.6
1054	-0.023	-0.303	1.242	210.8
1055	-0.021	-0.302	1.255	211.0
1056	-0.023	-0.304	1.255	211.2
1057	-0.022	-0.302	1.246	211.4
1058	-0.022	-0.303	1.250	211.6
1059	-0.021	-0.301	1.253	211.8
1060	-0.022	-0.301	1.254	212.0
1061	-0.022	-0.300	1.248	212.2
1062	-0.022	-0.298	1.256	212.4
1063	-0.022	-0.298	1.257	212.6
1064	-0.021	-0.298	1.252	212.8
1065	-0.022	-0.300	1.253	213.0
1066	-0.023	-0.301	1.257	213.2
1067	-0.023	-0.301	1.254	213.4
1068	-0.021	-0.301	1.252	213.6
1069	-0.022	-0.299	1.243	213.8
1070	-0.020	-0.301	1.256	214.0
1071	-0.021	-0.301	1.248	214.2
1072	-0.023	-0.302	1.239	214.4
1073	-0.023	-0.300	1.251	214.6
1074	-0.023	-0.299	1.246	214.8
1075	-0.025	-0.303	1.246	215.0
1076	-0.024	-0.301	1.246	215.2
1077	-0.021	-0.301	1.250	215.4
1078	-0.024	-0.300	1.256	215.6
1079	-0.023	-0.302	1.247	215.8
1080	-0.025	-0.304	1.255	216.0
1081	-0.023	-0.301	1.245	216.2
1082	-0.023	-0.302	1.253	216.4
1083	-0.025	-0.303	1.245	216.6
1084	-0.024	-0.302	1.238	216.8
1085	-0.024	-0.301	1.247	217.0
1086	-0.024	-0.301	1.248	217.2
1087	-0.023	-0.298	1.234	217.4
1088	-0.023	-0.299	1.248	217.6
1089	-0.025	-0.298	1.242	217.8
1090	-0.024	-0.296	1.242	218.0
1091	-0.025	-0.297	1.238	218.2
1092	-0.024	-0.297	1.246	218.4
1093	-0.025	-0.295	1.247	218.6
1094	-0.026	-0.296	1.240	218.8
1095	-0.026	-0.298	1.248	219.0
1096	-0.024	-0.296	1.247	219.2
1097	-0.026	-0.294	1.249	219.4
1098	-0.025	-0.297	1.244	219.6
1099	-0.025	-0.295	1.241	219.8
1100	-0.023	-0.296	1.250	220.0
1101	-0.026	-0.294	1.235	220.2
1102	-0.025	-0.292	1.230	220.4
1103	-0.024	-0.292	1.243	220.6
1104	-0.027	-0.293	1.240	220.8
1105	-0.025	-0.295	1.236	221.0
1106	-0.025	-0.294	1.235	221.2
1107	-0.023	-0.290	1.247	221.4
1108	-0.026	-0.293	1.244	221.6
1109	-0.027	-0.292	1.237	221.8
1110	-0.026	-0.294	1.250	222.0
1111	-0.026	-0.292	1.242	222.2
1112	-0.026	-0.290	1.254	222.4
1113	-0.028	-0.289	1.236	222.6
1114	-0.028	-0.289	1.240	222.8
1115	-0.026	-0.288	1.244	223.0
1116	-0.026	-0.291	1.232	223.2
1117	-0.027	-0.288	1.228	223.4
1118	-0.026	-0.289	1.246	223.6
1119	-0.028	-0.290	1.234	223.8
1120	-0.026	-0.290	1.232	224.0
1121	-0.029	-0.289	1.232	224.2
1122	-0.026	-0.289	1.242	224.4
1123	-0.027	-0.288	1.230	224.6
1124	-0.026	-0.288	1.232	224.8
1125	-0.027	-0.289	1.236	225.0
1126	-0.026	-0.289	1.224	225.2
1127	-0.026	-0.288	1.244	225.4
1128	-0.027	-0.285	1.235	225.6
1129	-0.027	-0.286	1.239	225.8
1130	-0.027	-0.287	1.248	226.0
1131	-0.026	-0.286	1.230	226.2
1132	-0.027	-0.284	1.235	226.4
1133	-0.029	-0.287	1.233	226.6
1134	-0.026	-0.286	1.234	226.8
1135	-0.028	-0.283	1.225	227.0
1136	-0.029	-0.285	1.228	227.2
1137	-0.026	-0.283	1.230	227.4
1138	-0.029	-0.284	1.228	227.6
1139	-0.028	-0.283	1.231	227.8
1140	-0.027	-0.284	1.238	228.0
1141	-0.029	-0.283	1.230	228.2
1142	-0.026	-0.286	1.238	228.4
1143	-0.025	-0.282	1.237	228.6
1144	-0.026	-0.284	1.235	228.8
1145	-0.028	-0.284	1.234	229.0
1146	-0.025	-0.284	1.231	229.2
1147	-0.026	-0.284	1.236	229.4
1148	-0.026	-0.284	1.232	229.6
1149	-0.026	-0.283	1.228	229.8
1150	-0.027	-0.282	1.225	230.0
1151	-0.027	-0.284	1.238	230.2
1152	-0.024	-0.284	1.234	230.4
1153	-0.026	-0.284	1.227	230.6
1154	-0.028	-0.283	1.233	230.8
1155	-0.025	-0.284	1.242	231.0
1156	-0.026	-0.284	1.227	231.2
1157	-0.025	-0.285	1.239	231.4
1158	-0.026	-0.283	1.230	231.6
1159	-0.024	-0.283	1.234	231.8
1160	-0.026	-0.285	1.230	232.0
1161	-0.025	-0.285	1.234	232.2
1162	-0.025	-0.281	1.235	232.4
1163	-0.025	-0.285	1.230	232.6
1164	-0.028	-0.285	1.228	232.8
1165	-0.025	-0.282	1.226	233.0
1166	-0.026	-0.280	1.230	233.2
1167	-0.026	-0.283	1.230	233.4
1168	-0.025	-0.284	1.222	233.6
1169	-0.026	-0.283	1.234	233.8
1170	-0.025	-0.284	1.233	234.0
1171	-0.026	-0.282	1.220	234.2
1172	-0.025	-0.284	1.228	234.4
1173	-0.025	-0.281	1.227	234.6
1174	-0.024	-0.283	1.236	234.8
1175	-0.024	-0.283	1.232	235.0
1176	-0.023	-0.282	1.230	235.2
1177	-0.026	-0.283	1.234	235.4
1178	-0.028	-0.282	1.238	235.6
1179	-0.025	-0.282	1.228	235.8
1180	-0.022	-0.283	1.228	236.0
1181	-0.023	-0.282	1.229	236.2
1182	-0.024	-0.282	1.238	236.4
1183	-0.024	-0.283	1.224	236.6
1184	-0.025	-0.281	1.224	236.8
1185	-0.026	-0.281	1.231	237.0
1186	-0.025	-0.281	1.229	237.2
1187	-0.025	-0.282	1.228	237.4
1188	-0.025	-0.282	1.222	237.6
1189	-0.026	-0.281	1.232	237.8
1190	-0.025	-0.282	1.230	238.0
1191	-0.025	-0.282	1.223	238.2
1192	-0.026	-0.280	1.230	238.4
1193	-0.026	-0.282	1.231	238.6
1194	-0.025	-0.282	1.231	238.8
1195	-0.028	-0.279	1.222	239.0
1196	-0.025	-0.282	1.234	239.2
1197	-0.023	-0.282	1.226	239.4
1198	-0.024	-0.283	1.223	239.6
1199	-0.028	-0.283	1.228	239.8
1200	-0.026	-0.279	1.224	240.0
1201	-0.025	-0.278	1.222	240.2
1202	-0.029	-0.281	1.224	240.4
1203	-0.026	-0.280	1.219	240.6
1204	-0.028	-0.280	1.226	240.8
1205	-0.027	-0.279	1.230	241.0
1206	-0.026	-0.281	1.222	241.2
1207	-0.026	-0.280	1.226	241.4
1208	-0.028	-0.280	1.222	241.6
1209	-0.026	-0.281	1.234	241.8
1210	-0.026	-0.280	1.226	242.0
1211	-0.026	-0.279	1.224	242.2
1212	-0.026	-0.279	1.230	242.4
1213	-0.025	-0.281	1.228	242.6
1214	-0.024	-0.282	1.229	242.8
1215	-0.024	-0.282	1.218	243.0
1216	-0.026	-0.280	1.224	243.2
1217	-0.027	-0.282	1.222	243.4
1218	-0.028	-0.281	1.220	243.6
1219	-0.025	-0.280	1.230	243.8
1220	-0.026	-0.281	1.224	244.0
1221	-0.026	-0.279	1.231	244.2
1222	-0.025	-0.279	1.229	244.4
1223	-0.025	-0.279	1.222	244.6
1224	-0.027	-0.277	1.225	244.8
1225	-0.026	-0.278	1.232	245.0
1226	-0.026	-0.276	1.234	245.2
1227	-0.025	-0.276	1.222	245.4
1228	-0.025	-0.280	1.228	245.6
1229	-0.025	-0.276	1.234	245.8
1230	-0.025	-0.277	1.220	246.0
1231	-0.024	-0.277	1.222	246.2
1232	-0.024	-0.277	1.219	246.4
1233	-0.021	-0.278	1.221	246.6
1234	-0.023	-0.279	1.220	246.8
1235	-0.023	-0.275	1.220	247.0
1236	-0.022	-0.276	1.229	247.2
1237	-0.023	-0.275	1.230	247.4
1238	-0.021	-0.277	1.213	247.6
1239	-0.023	-0.278	1.229	247.8
1240	-0.022	-0.276	1.226	248.0
1241	-0.024	-0.278	1.230	248.2
1242	-0.022	-0.279	1.216	248.4
1243	-0.025	-0.279	1.231	248.6
1244	-0.025	-0.277	1.233	248.8
1245	-0.024	-0.277	1.217	249.0
1246	-0.026	-0.279	1.225	249.2
1247	-0.022	-0.279	1.224	249.4
1248	-0.023	-0.278	1.220	249.6
1249	-0.023	-0.278	1.223	249.8
1250	-0.023	-0.276	1.220	250.0
1251	-0.023	-0.278	1.223	250.2
1252	-0.022	-0.278	1.228	250.4
1253	-0.024	-0.277	1.216	250.6
1254	-0.022	-0.276	1.226	250.8
1255	-0.022	-0.279	1.230	251.0
1256	-0.023	-0.277	1.230	251.2
1257	-0.021	-0.276	1.211	251.4
1258	-0.020	-0.276	1.222	251.6
1259	-0.022	-0.276	1.229	251.8
1260	-0.023	-0.276	1.211	252.0
1261	-0.024	-0.276	1.224	252.2
1262	-0.024	-0.276	1.214	252.4
1263	-0.021	-0.277	1.219	252.6
1264	-0.022	-0.278	1.219	252.8
1265	-0.022	-0.276	1.217	253.0
1266	-0.022	-0.272	1.231	253.2
1267	-0.020	-0.277	1.227	253.4
1268	-0.021	-0.273	1.214	253.6
1269	-0.020	-0.273	1.226	253.8
1270	-0.021	-0.274	1.223	254.0
1271	-0.021	-0.277	1.222	254.2
1272	-0.020	-0.280	1.220	254.4
1273	-0.022	-0.278	1.224	254.6
1274	-0.021	-0.280	1.222	254.8
1275	-0.019	-0.278	1.218	255.0
1276	-0.020	-0.282	1.222	255.2
1277	-0.023	-0.282	1.210	255.4
1278	-0.021	-0.282	1.215	255.6
1279	-0.022	-0.282	1.222	255.8
1280	-0.019	-0.282	1.215	256.0
1281	-0.022	-0.283	1.209	256.2
1282	-0.020	-0.282	1.219	256.4
1283	-0.020	-0.281	1.215	256.6
1284	-0.019	-0.282	1.220	256.8
1285	-0.020	-0.283	1.217	257.0
1286	-0.022	-0.283	1.206	257.2
1287	-0.020	-0.281	1.215	257.4
1288	-0.020	-0.280	1.223	257.6
1289	-0.019	-0.280	1.210	257.8
1290	-0.018	-0.283	1.212	258.0
1291	-0.021	-0.281	1.230	258.2
1292	-0.018	-0.279	1.206	258.4
1293	-0.017	-0.283	1.210	258.6
1294	-0.018	-0.281	1.222	258.8
1295	-0.018	-0.279	1.221	259.0
1296	-0.018	-0.282	1.212	259.2
1297	-0.019	-0.277	1.207	259.4
1298	-0.017	-0.279	1.214	259.6
1299	-0.019	-0.279	1.223	259.8
1300	-0.021	-0.279	1.212	260.0
1301	-0.019	-0.277	1.216	260.2
1302	-0.020	-0.278	1.224	260.4
1303	-0.018	-0.278	1.220	260.6
1304	-0.017	-0.277	1.210	260.8
1305	-0.018	-0.280	1.214	261.0
1306	-0.018	-0.277	1.226	261.2
1307	-0.019	-0.275	1.211	261.4
1308	-0.020	-0.281	1.210	261.6
1309	-0.019	-0.278	1.219	261.8
1310	-0.021	-0.275	1.213	262.0
1311	-0.020	-0.279	1.213	262.2
1312	-0.018	-0.277	1.203	262.4
1313	-0.020	-0.276	1.211	262.6
1314	-0.019	-0.275	1.217	262.8
1315	-0.019	-0.275	1.205	263.0
1316	-0.018	-0.274	1.216	263.2
1317	-0.019	-0.274	1.215	263.4
1318	-0.019	-0.271	1.215	263.6
1319	-0.017	-0.272	1.211	263.8
1320	-0.021	-0.273	1.212	264.0
1321	-0.017	-0.275	1.226	264.2
1322	-0.019	-0.273	1.212	264.4
1323	-0.018	-0.275	1.208	264.6
1324	-0.018	-0.272	1.216	264.8
1325	-0.018	-0.273	1.215	265.0
1326	-0.019	-0.273	1.209	265.2
1327	-0.017	-0.274	1.211	265.4
1328	-0.020	-0.273	1.212	265.6
1329	-0.019	-0.274	1.215	265.8
1330	-0.020	-0.275	1.215	266.0
1331	-0.019	-0.271	1.214	266.2
1332	-0.020	-0.274	1.209	266.4
1333	-0.018	-0.271	1.216	266.6
1334	-0.019	-0.272	1.218	266.8
1335	-0.018	-0.273	1.220	267.0
1336	-0.019	-0.275	1.217	267.2
1337	-0.018	-0.274	1.218	267.4
1338	-0.020	-0.274	1.213	267.6
1339	-0.019	-0.275	1.220	267.8
1340	-0.019	-0.273	1.216	268.0
1341	-0.018	-0.274	1.216	268.2
1342	-0.022	-0.271	1.220	268.4
1343	-0.019	-0.272	1.219	268.6
1344	-0.020	-0.272	1.211	268.8
1345	-0.019	-0.275	1.216	269.0
1346	-0.019	-0.273	1.219	269.2
1347	-0.018	-0.273	1.219	269.4
1348	-0.019	-0.273	1.219	269.6
1349	-0.020	-0.274	1.220	269.8
1350	-0.020	-0.275	1.224	270.0
1351	-0.018	-0.276	1.218	270.2
1352	-0.019	-0.275	1.220	270.4
1353	-0.019	-0.275	1.216	270.6
1354	-0.019	-0.276	1.219	270.8
1355	-0.021	-0.279	1.221	271.0
1356	-0.019	-0.275	1.216	271.2
1357	-0.018	-0.277	1.214	271.4
1358	-0.019	-0.278	1.222	271.6
1359	-0.018	-0.277	1.215	271.8
1360	-0.019	-0.277	1.220	272.0
1361	-0.020	-0.276	1.215	272.2
1362	-0.017	-0.275	1.218	272.4
1363	-0.021	-0.275	1.219	272.6
1364	-0.018	-0.275	1.223	272.8
1365	-0.020	-0.277	1.218	273.0
1366	-0.019	-0.273	1.220	273.2
1367	-0.020	-0.277	1.215	273.4
1368	-0.021	-0.275	1.218	273.6
1369	-0.018	-0.274	1.222	273.8
1370	-0.020	-0.275	1.214	274.0
1371	-0.019	-0.274	1.218	274.2
1372	-0.020	-0.279	1.212	274.4
1373	-0.020	-0.277	1.216	274.6
1374	-0.021	-0.278	1.222	274.8
1375	-0.020	-0.280	1.208	275.0
1376	-0.018	-0.276	1.218	275.2
1377	-0.021	-0.279	1.224	275.4
1378	-0.021	-0.278	1.215	275.6
1379	-0.020	-0.278	1.215	275.8
1380	-0.020	-0.279	1.217	276.0
1381	-0.019	-0.278	1.220	276.2
1382	-0.020	-0.277	1.214	276.4
1383	-0.022	-0.278	1.214	276.6
1384	-0.018	-0.277	1.224	276.8
1385	-0.022	-0.277	1.222	277.0
1386	-0.021	-0.275	1.220	277.2
1387	-0.021	-0.274	1.215	277.4
1388	-0.022	-0.277	1.218	277.6
1389	-0.020	-0.276	1.217	277.8
1390	-0.020	-0.274	1.213	278.0
1391	-0.022	-0.274	1.216	278.2
1392	-0.019	-0.275	1.216	278.4
1393	-0.021	-0.276	1.216	278.6
1394	-0.021	-0.276	1.217	278.8
1395	-0.021	-0.276	1.221	279.0
1396	-0.022	-0.275	1.218	279.2
1397	-0.020	-0.275	1.221	279.4
1398	-0.023	-0.276	1.226	279.6
1399	-0.020	-0.273	1.215	279.8
1400	-0.022	-0.273	1.218	280.0
1401	-0.022	-0.275	1.223	280.2
1402	-0.019	-0.274	1.222	280.4
1403	-0.023	-0.274	1.209	280.6
1404	-0.018	-0.273	1.219	280.8
1405	-0.020	-0.273	1.222	281.0
1406	-0.022	-0.272	1.212	281.2
1407	-0.022	-0.272	1.216	281.4
1408	-0.021	-0.273	1.214	281.6
1409	-0.020	-0.275	1.219	281.8
1410	-0.021	-0.275	1.222	282.0
1411	-0.022	-0.277	1.217	282.2
1412	-0.022	-0.273	1.220	282.4
1413	-0.022	-0.275	1.220	282.6
1414	-0.022	-0.274	1.216	282.8
1415	-0.022	-0.274	1.217	283.0
1416	-0.023	-0.276	1.216	283.2
1417	-0.020	-0.276	1.220	283.4
1418	-0.023	-0.273	1.214	283.6
1419	-0.022	-0.272	1.213	283.8
1420	-0.022	-0.272	1.217	284.0
1421	-0.023	-0.273	1.222	284.2
1422	-0.021	-0.273	1.216	284.4
1423	-0.021	-0.273	1.214	284.6
1424	-0.024	-0.275	1.213	284.8
1425	-0.023	-0.271	1.225	285.0
1426	-0.022	-0.273	1.216	285.2
1427	-0.024	-0.273	1.219	285.4
1428	-0.021	-0.275	1.227	285.6
1429	-0.022	-0.273	1.224	285.8
1430	-0.023	-0.273	1.217	286.0
1431	-0.022	-0.274	1.217	286.2
1432	-0.023	-0.273	1.222	286.4
1433	-0.024	-0.275	1.224	286.6
1434	-0.023	-0.274	1.213	286.8
1435	-0.023	-0.273	1.220	287.0
1436	-0.022	-0.275	1.223	287.2
1437	-0.021	-0.276	1.222	287.4
1438	-0.022	-0.276	1.220	287.6
1439	-0.022	-0.277	1.220	287.8
1440	-0.022	-0.274	1.221	288.0
1441	-0.021	-0.275	1.228	288.2
1442	-0.025	-0.277	1.218	288.4
1443	-0.019	-0.275	1.216	288.6
1444	-0.021	-0.276	1.226	288.8
1445	-0.022	-0.276	1.223	289.0
1446	-0.020	-0.276	1.212	289.2
1447	-0.024	-0.275	1.222	289.4
1448	-0.018	-0.274	1.222	289.6
1449	-0.023	-0.273	1.220	289.8
1450	-0.023	-0.273	1.214	290.0
1451	-0.020	-0.275	1.223	290.2
1452	-0.021	-0.276	1.220	290.4
1453	-0.020	-0.274	1.212	290.6
1454	-0.022	-0.273	1.215	290.8
1455	-0.019	-0.274	1.212	291.0
1456	-0.021	-0.274	1.218	291.2
1457	-0.021	-0.273	1.223	291.4
1458	-0.019	-0.274	1.211	291.6
1459	-0.021	-0.274	1.225	291.8
1460	-0.020	-0.275	1.226	292.0
1461	-0.019	-0.273	1.214	292.2
1462	-0.021	-0.274	1.225	292.4
1463	-0.017	-0.271	1.219	292.6
1464	-0.020	-0.276	1.224	292.8
1465	-0.021	-0.275	1.220	293.0
1466	-0.019	-0.273	1.209	293.2
1467	-0.020	-0.275	1.220	293.4
1468	-0.018	-0.273	1.221	293.6
1469	-0.019	-0.272	1.205	293.8
1470	-0.019	-0.271	1.213	294.0
1471	-0.018	-0.273	1.216	294.2
1472	-0.017	-0.272	1.222	294.4
1473	-0.019	-0.271	1.211	294.6
1474	-0.019	-0.272	1.220	294.8
1475	-0.019	-0.271	1.218	295.0
1476	-0.019	-0.274	1.208	295.2
1477	-0.019	-0.272	1.216	295.4
1478	-0.019	-0.271	1.214	295.6
1479	-0.019	-0.272	1.220	295.8
1480	-0.019	-0.272	1.215	296.0
1481	-0.020	-0.273	1.211	296.2
1482	-0.019	-0.270	1.224	296.4
1483	-0.018	-0.272	1.216	296.6
1484	-0.020	-0.270	1.211	296.8
1485	-0.017	-0.268	1.204	297.0
1486	-0.021	-0.269	1.218	297.2
1487	-0.021	-0.269	1.214	297.4
1488	-0.018	-0.267	1.207	297.6
1489	-0.022	-0.270	1.214	297.8
1490	-0.021	-0.268	1.220	298.0
1491	-0.019	-0.269	1.212	298.2
1492	-0.020	-0.271	1.218	298.4
1493	-0.020	-0.272	1.213	298.6
1494	-0.021	-0.271	1.218	298.8
1495	-0.022	-0.270	1.216	299.0
1496	-0.021	-0.270	1.209	299.2
1497	-0.020	-0.268	1.221	299.4
1498	-0.021	-0.269	1.214	299.6
1499	-0.019	-0.271	1.203	299.8
1500	-0.019	-0.271	1.210	300.0
1501	-0.018	-0.268	1.218	300.2
1502	-0.019	-0.272	1.208	300.4
1503	-0.017	-0.271	1.208	300.6
1504	-0.018	-0.272	1.215	300.8
1505	-0.018	-0.271	1.214	301.0
1506	-0.019	-0.272	1.212	301.2
1507	-0.016	-0.272	1.223	301.4
1508	-0.018	-0.270	1.212	301.6
1509	-0.019	-0.272	1.219	301.8
1510	-0.019	-0.272	1.215	302.0
1511	-0.018	-0.272	1.210	302.2
1512	-0.017	-0.273	1.224	302.4
1513	-0.021	-0.274	1.214	302.6
1514	-0.020	-0.273	1.210	302.8
1515	-0.019	-0.273	1.210	303.0
1516	-0.022	-0.273	1.214	303.2
1517	-0.022	-0.272	1.211	303.4
1518	-0.018	-0.274	1.216	303.6
1519	-0.038	-0.457	1.610	303.8
1520	-0.041	-0.504	1.564	304.0
1521	-0.040	-0.487	1.570	304.2
1522	-0.039	-0.480	1.559	304.4
1523	-0.037	-0.477	1.532	304.6
1524	-0.038	-0.473	1.536	304.8
1525	-0.036	-0.469	1.538	305.0
1526	-0.037	-0.466	1.525	305.2
1527	-0.036	-0.465	1.522	305.4
1528	-0.034	-0.461	1.512	305.6
1529	-0.034	-0.458	1.520	305.8
1530	-0.030	-0.457	1.500	306.0
1531	-0.032	-0.456	1.502	306.2
1532	-0.031	-0.454	1.505	306.4
1533	-0.030	-0.454	1.510	306.6
1534	-0.030	-0.454	1.495	306.8
1535	-0.029	-0.452	1.497	307.0
1536	-0.032	-0.449	1.510	307.2
1537	-0.030	-0.448	1.504	307.4
1538	-0.028	-0.449	1.485	307.6
1539	-0.030	-0.450	1.504	307.8
1540	-0.029	-0.450	1.505	308.0
1541	-0.029	-0.449	1.482	308.2
1542	-0.029	-0.449	1.498	308.4
1543	-0.028	-0.446	1.496	308.6
1544	-0.030	-0.444	1.486	308.8
1545	-0.026	-0.445	1.483	309.0
1546	-0.031	-0.445	1.483	309.2
1547	-0.028	-0.445	1.488	309.4
1548	-0.026	-0.444	1.488	309.6
1549	-0.027	-0.443	1.480	309.8
1550	-0.026	-0.442	1.485	310.0
1551	-0.030	-0.441	1.486	310.2
1552	-0.028	-0.440	1.484	310.4
1553	-0.030	-0.442	1.469	310.6
1554	-0.029	-0.441	1.491	310.8
1555	-0.028	-0.441	1.483	311.0
1556	-0.028	-0.438	1.476	311.2
1557	-0.026	-0.440	1.492	311.4
1558	-0.029	-0.439	1.477	311.6
1559	-0.026	-0.438	1.474	311.8
1560	-0.028	-0.441	1.485	312.0
1561	-0.028	-0.440	1.476	312.2
1562	-0.028	-0.436	1.468	312.4
1563	-0.028	-0.438	1.478	312.6
1564	-0.028	-0.438	1.475	312.8
1565	-0.028	-0.436	1.474	313.0
1566	-0.026	-0.437	1.480	313.2
1567	-0.028	-0.436	1.472	313.4
1568	-0.027	-0.440	1.467	313.6
1569	-0.027	-0.440	1.482	313.8
1570	-0.026	-0.438	1.471	314.0
1571	-0.026	-0.438	1.466	314.2
1572	-0.029	-0.434	1.480	314.4
1573	-0.028	-0.436	1.472	314.6
1574	-0.027	-0.438	1.469	314.8
1575	-0.029	-0.436	1.472	315.0
1576	-0.027	-0.437	1.470	315.2
1577	-0.026	-0.437	1.468	315.4
1578	-0.026	-0.434	1.469	315.6
1579	-0.025	-0.435	1.466	315.8
1580	-0.027	-0.434	1.472	316.0
1581	-0.028	-0.436	1.474	316.2
1582	-0.026	-0.436	1.464	316.4
1583	-0.027	-0.437	1.467	316.6
1584	-0.027	-0.435	1.477	316.8
1585	-0.026	-0.435	1.463	317.0
1586	-0.026	-0.435	1.461	317.2
1587	-0.029	-0.437	1.478	317.4
1588	-0.026	-0.433	1.460	317.6
1589	-0.026	-0.435	1.463	317.8
1590	-0.026	-0.432	1.471	318.0
1591	-0.024	-0.434	1.464	318.2
1592	-0.029	-0.435	1.458	318.4
1593	-0.026	-0.435	1.465	318.6
1594	-0.028	-0.434	1.468	318.8
1595	-0.026	-0.434	1.469	319.0
1596	-0.027	-0.434	1.469	319.2
1597	-0.026	-0.436	1.461	319.4
1598	-0.026	-0.432	1.473	319.6
1599	-0.026	-0.431	1.471	319.8
1600	-0.025	-0.431	1.460	320.0
1601	-0.027	-0.433	1.466	320.2
1602	-0.025	-0.435	1.471	320.4
1603	-0.026	-0.433	1.454	320.6
1604	-0.024	-0.432	1.467	320.8
1605	-0.024	-0.429	1.472	321.0
1606	-0.025	-0.428	1.456	321.2
1607	-0.026	-0.428	1.458	321.4
1608	-0.026	-0.428	1.467	321.6
1609	-0.026	-0.428	1.457	321.8
1610	-0.026	-0.427	1.455	322.0
1611	-0.024	-0.426	1.464	322.2
1612	-0.024	-0.428	1.458	322.4
1613	-0.027	-0.427	1.463	322.6
1614	-0.024	-0.428	1.466	322.8
1615	-0.027	-0.426	1.454	323.0
1616	-0.025	-0.425	1.463	323.2
1617	-0.025	-0.426	1.461	323.4
1618	-0.026	-0.426	1.457	323.6
1619	-0.026	-0.424	1.463	323.8
1620	-0.026	-0.424	1.464	324.0
1621	-0.025	-0.424	1.457	324.2
1622	-0.027	-0.426	1.462	324.4
1623	-0.025	-0.425	1.463	324.6
1624	-0.027	-0.425	1.450	324.8
1625	-0.027	-0.424	1.460	325.0
1626	-0.026	-0.425	1.464	325.2
1627	-0.025	-0.423	1.454	325.4
1628	-0.027	-0.423	1.463	325.6
1629	-0.027	-0.424	1.463	325.8
1630	-0.029	-0.423	1.454	326.0
1631	-0.028	-0.423	1.462	326.2
1632	-0.028	-0.423	1.461	326.4
1633	-0.027	-0.422	1.460	326.6
1634	-0.027	-0.425	1.464	326.8
1635	-0.028	-0.423	1.462	327.0
1636	-0.026	-0.425	1.452	327.2
1637	-0.030	-0.422	1.461	327.4
1638	-0.026	-0.424	1.463	327.6
1639	-0.027	-0.425	1.453	327.8
1640	-0.028	-0.424	1.459	328.0
1641	-0.026	-0.424	1.460	328.2
1642	-0.029	-0.425	1.454	328.4
1643	-0.025	-0.424	1.462	328.6
1644	-0.025	-0.421	1.458	328.8
1645	-0.025	-0.420	1.454	329.0
1646	-0.025	-0.422	1.468	329.2
1647	-0.025	-0.420	1.456	329.4
1648	-0.028	-0.424	1.454	329.6
1649	-0.026	-0.424	1.460	329.8
1650	-0.027	-0.422	1.459	330.0
1651	-0.022	-0.420	1.449	330.2
1652	-0.025	-0.422	1.462	330.4
1653	-0.026	-0.423	1.459	330.6
1654	-0.026	-0.424	1.447	330.8
1655	-0.028	-0.423	1.457	331.0
1656	-0.026	-0.425	1.459	331.2
1657	-0.026	-0.423	1.458	331.4
1658	-0.024	-0.425	1.462	331.6
1659	-0.026	-0.421	1.461	331.8
1660	-0.027	-0.422	1.457	332.0
1661	-0.023	-0.422	1.464	332.2
1662	-0.024	-0.422	1.454	332.4
1663	-0.024	-0.424	1.456	332.6
1664	-0.024	-0.423	1.459	332.8
1665	-0.024	-0.422	1.454	333.0
1666	-0.023	-0.422	1.458	333.2
1667	-0.023	-0.422	1.461	333.4
1668	-0.023	-0.421	1.455	333.6
1669	-0.022	-0.421	1.449	333.8
1670	-0.024	-0.420	1.464	334.0
1671	-0.022	-0.422	1.454	334.2
1672	-0.023	-0.423	1.451	334.4
1673	-0.024	-0.421	1.464	334.6
1674	-0.023	-0.423	1.449	334.8
1675	-0.023	-0.423	1.451	335.0
1676	-0.023	-0.422	1.463	335.2
1677	-0.021	-0.420	1.454	335.4
1678	-0.021	-0.420	1.452	335.6
1679	-0.024	-0.420	1.463	335.8
1680	-0.023	-0.423	1.455	336.0
1681	-0.025	-0.423	1.454	336.2
1682	-0.024	-0.423	1.455	336.4
1683	-0.022	-0.424	1.450	336.6
1684	-0.021	-0.422	1.452	336.8
1685	-0.023	-0.424	1.463	337.0
1686	-0.024	-0.423	1.446	337.2
1687	-0.023	-0.423	1.454	337.4
1688	-0.023	-0.422	1.462	337.6
1689	-0.022	-0.422	1.450	337.8
1690	-0.020	-0.422	1.454	338.0
1691	-0.023	-0.422	1.464	338.2
1692	-0.022	-0.420	1.452	338.4
1693	-0.019	-0.421	1.454	338.6
1694	-0.023	-0.423	1.462	338.8
1695	-0.023	-0.424	1.454	339.0
1696	-0.024	-0.424	1.451	339.2
1697	-0.021	-0.423	1.458	339.4
1698	-0.022	-0.422	1.451	339.6
1699	-0.022	-0.423	1.451	339.8
1700	-0.023	-0.422	1.459	340.0
1701	-0.024	-0.423	1.451	340.2
1702	-0.022	-0.421	1.458	340.4
1703	-0.022	-0.422	1.461	340.6
1704	-0.023	-0.423	1.450	340.8
1705	-0.023	-0.423	1.454	341.0
1706	-0.024	-0.422	1.468	341.2
1707	-0.024	-0.423	1.453	341.4
1708	-0.022	-0.421	1.453	341.6
1709	-0.023	-0.420	1.461	341.8
1710	-0.024	-0.421	1.455	342.0
1711	-0.025	-0.421	1.452	342.2
1712	-0.024	-0.420	1.451	342.4
1713	-0.024	-0.420	1.454	342.6
1714	-0.024	-0.420	1.449	342.8
1715	-0.024	-0.419	1.449	343.0
1716	-0.025	-0.422	1.444	343.2
1717	-0.026	-0.421	1.460	343.4
1718	-0.024	-0.420	1.457	343.6
1719	-0.026	-0.423	1.447	343.8
1720	-0.024	-0.423	1.454	344.0
1721	-0.025	-0.421	1.457	344.2
1722	-0.026	-0.421	1.450	344.4
1723	-0.025	-0.421	1.455	344.6
1724	-0.027	-0.420	1.455	344.8
1725	-0.023	-0.420	1.441	345.0
1726	-0.024	-0.421	1.451	345.2
1727	-0.025	-0.421	1.453	345.4
1728	-0.024	-0.421	1.437	345.6
1729	-0.026	-0.422	1.447	345.8
1730	-0.026	-0.422	1.452	346.0
1731	-0.025	-0.421	1.445	346.2
1732	-0.025	-0.421	1.445	346.4
1733	-0.025	-0.418	1.459	346.6
1734	-0.024	-0.420	1.448	346.8
1735	-0.026	-0.422	1.449	347.0
1736	-0.025	-0.421	1.454	347.2
1737	-0.025	-0.422	1.444	347.4
1738	-0.026	-0.421	1.451	347.6
1739	-0.024	-0.419	1.447	347.8
1740	-0.024	-0.419	1.439	348.0
1741	-0.024	-0.418	1.454	348.2
1742	-0.025	-0.418	1.448	348.4
1743	-0.026	-0.420	1.444	348.6
1744	-0.025	-0.420	1.451	348.8
1745	-0.024	-0.419	1.450	349.0
1746	-0.025	-0.419	1.444	349.2
1747	-0.024	-0.420	1.450	349.4
1748	-0.027	-0.420	1.456	349.6
1749	-0.024	-0.419	1.446	349.8
1750	-0.026	-0.422	1.455	350.0
1751	-0.026	-0.422	1.450	350.2
1752	-0.028	-0.420	1.445	350.4
1753	-0.027	-0.423	1.452	350.6
1754	-0.026	-0.423	1.446	350.8
1755	-0.027	-0.422	1.448	351.0
1756	-0.028	-0.420	1.456	351.2
1757	-0.026	-0.421	1.455	351.4
1758	-0.029	-0.422	1.444	351.6
1759	-0.026	-0.420	1.452	351.8
1760	-0.028	-0.421	1.454	352.0
1761	-0.029	-0.422	1.447	352.2
1762	-0.028	-0.424	1.454	352.4
1763	-0.028	-0.422	1.453	352.6
1764	-0.026	-0.422	1.446	352.8
1765	-0.026	-0.424	1.452	353.0
1766	-0.028	-0.422	1.450	353.2
1767	-0.028	-0.422	1.451	353.4
1768	-0.027	-0.422	1.454	353.6
1769	-0.027	-0.423	1.444	353.8
1770	-0.030	-0.421	1.443	354.0
1771	-0.027	-0.421	1.454	354.2
1772	-0.027	-0.421	1.447	354.4
1773	-0.026	-0.422	1.439	354.6
1774	-0.026	-0.420	1.450	354.8
1775	-0.026	-0.418	1.447	355.0
1776	-0.027	-0.419	1.443	355.2
1777	-0.027	-0.419	1.446	355.4
1778	-0.028	-0.420	1.447	355.6
1779	-0.028	-0.419	1.443	355.8
1780	-0.029	-0.421	1.453	356.0
1781	-0.028	-0.421	1.444	356.2
1782	-0.029	-0.419	1.444	356.4
1783	-0.029	-0.419	1.446	356.6
1784	-0.027	-0.420	1.442	356.8
1785	-0.025	-0.421	1.440	357.0
1786	-0.027	-0.419	1.445	357.2
1787	-0.027	-0.419	1.447	357.4
1788	-0.027	-0.420	1.442	357.6
1789	-0.026	-0.418	1.443	357.8
1790	-0.026	-0.420	1.444	358.0
1791	-0.028	-0.420	1.445	358.2
1792	-0.025	-0.420	1.449	358.4
1793	-0.026	-0.420	1.439	358.6
1794	-0.027	-0.416	1.436	358.8
1795	-0.026	-0.417	1.455	359.0
1796	-0.025	-0.419	1.439	359.2
1797	-0.026	-0.419	1.438	359.4
1798	-0.024	-0.419	1.448	359.6
1799	-0.026	-0.420	1.441	359.8
1800	-0.027	-0.419	1.441	360.0
1801	-0.026	-0.420	1.443	360.2
1802	-0.029	-0.418	1.437	360.4
1803	-0.025	-0.416	1.443	360.6
1804	-0.026	-0.418	1.448	360.8
1805	-0.026	-0.420	1.429	361.0
1806	-0.029	-0.416	1.437	361.2
1807	-0.025	-0.418	1.444	361.4
1808	-0.025	-0.419	1.439	361.6
1809	-0.025	-0.418	1.442	361.8
1810	-0.027	-0.417	1.448	362.0
1811	-0.025	-0.417	1.444	362.2
1812	-0.026	-0.418	1.433	362.4
1813	-0.025	-0.419	1.435	362.6
1814	-0.026	-0.415	1.434	362.8
1815	-0.026	-0.415	1.439	363.0
1816	-0.023	-0.416	1.443	363.2
1817	-0.025	-0.416	1.437	363.4
1818	-0.024	-0.414	1.448	363.6
1819	-0.025	-0.416	1.440	363.8
1820	-0.026	-0.415	1.429	364.0
1821	-0.026	-0.414	1.435	364.2
1822	-0.026	-0.415	1.440	364.4
1823	-0.025	-0.415	1.437	364.6
1824	-0.025	-0.414	1.437	364.8
1825	-0.025	-0.415	1.440	365.0
1826	-0.023	-0.411	1.431	365.2
1827	-0.025	-0.415	1.433	365.4
1828	-0.024	-0.414	1.439	365.6
1829	-0.025	-0.413	1.441	365.8
1830	-0.025	-0.413	1.435	366.0
1831	-0.025	-0.413	1.432	366.2
1832	-0.024	-0.412	1.430	366.4
1833	-0.025	-0.411	1.430	366.6
1834	-0.024	-0.413	1.432	366.8
1835	-0.026	-0.411	1.433	367.0
1836	-0.025	-0.411	1.435	367.2
1837	-0.026	-0.413	1.438	367.4
1838	-0.023	-0.412	1.435	367.6
1839	-0.023	-0.412	1.433	367.8
1840	-0.026	-0.414	1.438	368.0
1841	-0.026	-0.412	1.437	368.2
1842	-0.025	-0.412	1.433	368.4
1843	-0.026	-0.411	1.435	368.6
1844	-0.027	-0.413	1.431	368.8
1845	-0.026	-0.414	1.438	369.0
1846	-0.026	-0.414	1.437	369.2
1847	-0.026	-0.411	1.433	369.4
1848	-0.026	-0.414	1.435	369.6
1849	-0.023	-0.411	1.439	369.8
1850	-0.025	-0.411	1.443	370.0
1851	-0.028	-0.410	1.436	370.2
1852	-0.026	-0.412	1.434	370.4
1853	-0.027	-0.413	1.437	370.6
1854	-0.025	-0.412	1.435	370.8
1855	-0.026	-0.412	1.433	371.0
1856	-0.028	-0.414	1.433	371.2
1857	-0.027	-0.413	1.437	371.4
1858	-0.027	-0.412	1.435	371.6
1859	-0.026	-0.411	1.434	371.8
1860	-0.030	-0.414	1.435	372.0
1861	-0.025	-0.413	1.436	372.2
1862	-0.028	-0.412	1.427	372.4
1863	-0.028	-0.412	1.434	372.6
1864	-0.025	-0.413	1.437	372.8
1865	-0.029	-0.414	1.433	373.0
1866	-0.030	-0.413	1.433	373.2
1867	-0.026	-0.412	1.446	373.4
1868	-0.028	-0.411	1.438	373.6
1869	-0.028	-0.415	1.433	373.8
1870	-0.027	-0.411	1.434	374.0
1871	-0.027	-0.410	1.436	374.2
1872	-0.027	-0.414	1.434	374.4
1873	-0.027	-0.411	1.430	374.6
1874	-0.026	-0.413	1.438	374.8
1875	-0.026	-0.412	1.433	375.0
1876	-0.027	-0.413	1.437	375.2
1877	-0.027	-0.413	1.435	375.4
1878	-0.026	-0.413	1.429	375.6
1879	-0.028	-0.411	1.434	375.8
1880	-0.026	-0.413	1.439	376.0
1881	-0.028	-0.411	1.427	376.2
1882	-0.028	-0.411	1.434	376.4
1883	-0.024	-0.411	1.433	376.6
1884	-0.026	-0.410	1.435	376.8
1885	-0.028	-0.412	1.443	377.0
1886	-0.027	-0.412	1.433	377.2
1887	-0.028	-0.412	1.432	377.4
1888	-0.030	-0.411	1.431	377.6
1889	-0.026	-0.413	1.442	377.8
1890	-0.030	-0.413	1.435	378.0
1891	-0.027	-0.413	1.434	378.2
1892	-0.027	-0.414	1.435	378.4
1893	-0.027	-0.412	1.438	378.6
1894	-0.026	-0.414	1.435	378.8
1895	-0.029	-0.414	1.436	379.0
1896	-0.027	-0.414	1.439	379.2
1897	-0.026	-0.414	1.437	379.4
1898	-0.027	-0.414	1.440	379.6
1899	-0.028	-0.413	1.435	379.8
1900	-0.028	-0.414	1.437	380.0
1901	-0.026	-0.416	1.433	380.2
1902	-0.028	-0.414	1.433	380.4
1903	-0.027	-0.413	1.438	380.6
1904	-0.028	-0.412	1.438	380.8
1905	-0.029	-0.414	1.424	381.0
1906	-0.028	-0.412	1.434	381.2
1907	-0.027	-0.411	1.445	381.4
1908	-0.027	-0.415	1.433	381.6
1909	-0.028	-0.415	1.431	381.8
1910	-0.026	-0.412	1.439	382.0
1911	-0.026	-0.413	1.443	382.2
1912	-0.025	-0.412	1.433	382.4
1913	-0.026	-0.410	1.427	382.6
1914	-0.028	-0.409	1.438	382.8
1915	-0.026	-0.412	1.433	383.0
1916	-0.024	-0.411	1.427	383.2
1917	-0.028	-0.412	1.427	383.4
1918	-0.025	-0.408	1.434	383.6
1919	-0.026	-0.409	1.431	383.8
1920	-0.028	-0.412	1.423	384.0
1921	-0.025	-0.411	1.431	384.2
1922	-0.025	-0.408	1.442	384.4
1923	-0.027	-0.411	1.431	384.6
1924	-0.026	-0.414	1.434	384.8
1925	-0.024	-0.411	1.443	385.0
1926	-0.025	-0.411	1.432	385.2
1927	-0.026	-0.414	1.428	385.4
1928	-0.026	-0.412	1.432	385.6
1929	-0.024	-0.412	1.433	385.8
1930	-0.026	-0.411	1.427	386.0
1931	-0.024	-0.410	1.426	386.2
1932	-0.027	-0.411	1.429	386.4
1933	-0.027	-0.410	1.434	386.6
1934	-0.026	-0.412	1.432	386.8
1935	-0.026	-0.411	1.435	387.0
1936	-0.027	-0.410	1.427	387.2
1937	-0.025	-0.411	1.437	387.4
1938	-0.025	-0.410	1.433	387.6
1939	-0.026	-0.413	1.427	387.8
1940	-0.026	-0.412	1.433	388.0
1941	-0.026	-0.412	1.438	388.2
1942	-0.027	-0.411	1.427	388.4
1943	-0.027	-0.410	1.428	388.6
1944	-0.028	-0.409	1.444	388.8
1945	-0.026	-0.409	1.423	389.0
1946	-0.027	-0.411	1.427	389.2
1947	-0.025	-0.411	1.436	389.4
1948	-0.027	-0.409	1.433	389.6
1949	-0.027	-0.411	1.429	389.8
1950	-0.026	-0.410	1.438	390.0
1951	-0.026	-0.407	1.425	390.2
1952	-0.023	-0.410	1.427	390.4
1953	-0.026	-0.409	1.440	390.6
1954	-0.026	-0.409	1.431	390.8
1955	-0.025	-0.410	1.426	391.0
1956	-0.025	-0.407	1.431	391.2
1957	-0.026	-0.406	1.426	391.4
1958	-0.024	-0.408	1.426	391.6
1959	-0.024	-0.407	1.440	391.8
1960	-0.025	-0.409	1.429	392.0
1961	-0.027	-0.409	1.417	392.2
1962	-0.025	-0.407	1.441	392.4
1963	-0.025	-0.409	1.434	392.6
1964	-0.023	-0.409	1.414	392.8
1965	-0.024	-0.409	1.440	393.0
1966	-0.025	-0.409	1.440	393.2
1967	-0.026	-0.408	1.423	393.4
1968	-0.026	-0.410	1.431	393.6
1969	-0.026	-0.409	1.443	393.8
1970	-0.023	-0.408	1.429	394.0
1971	-0.023	-0.408	1.425	394.2
1972	-0.026	-0.410	1.428	394.4
1973	-0.023	-0.408	1.430	394.6
1974	-0.024	-0.408	1.425	394.8
1975	-0.024	-0.409	1.417	395.0
1976	-0.024	-0.408	1.424	395.2
1977	-0.025	-0.408	1.440	395.4
1978	-0.024	-0.410	1.421	395.6
1979	-0.025	-0.409	1.429	395.8
1980	-0.024	-0.407	1.450	396.0
1981	-0.023	-0.408	1.429	396.2
1982	-0.024	-0.410	1.423	396.4
1983	-0.025	-0.407	1.436	396.6
1984	-0.024	-0.408	1.437	396.8
1985	-0.025	-0.406	1.422	397.0
1986	-0.023	-0.407	1.431	397.2
1987	-0.025	-0.407	1.426	397.4
1988	-0.027	-0.405	1.425	397.6
1989	-0.024	-0.407	1.424	397.8
1990	-0.023	-0.408	1.417	398.0
1991	-0.025	-0.406	1.426	398.2
1992	-0.024	-0.405	1.433	398.4
1993	-0.023	-0.408	1.415	398.6
1994	-0.024	-0.403	1.429	398.8
1995	-0.025	-0.407	1.442	399.0
1996	-0.022	-0.406	1.423	399.2
1997	-0.024	-0.404	1.423	399.4
1998	-0.024	-0.403	1.434	399.6
1999	-0.025	-0.406	1.421	399.8
2000	-0.024	-0.407	1.419	400.0
2001	-0.023	-0.405	1.437	400.2
2002	-0.024	-0.408	1.426	400.4
2003	-0.024	-0.407	1.418	400.6
2004	-0.025	-0.406	1.433	400.8
2005	-0.023	-0.405	1.427	401.0
2006	-0.024	-0.406	1.427	401.2
2007	-0.026	-0.407	1.431	401.4
2008	-0.025	-0.407	1.429	401.6
2009	-0.024	-0.406	1.433	401.8
2010	-0.028	-0.408	1.433	402.0
2011	-0.027	-0.407	1.423	402.2
2012	-0.024	-0.406	1.426	402.4
2013	-0.022	-0.407	1.435	402.6
2014	-0.024	-0.406	1.416	402.8
2015	-0.025	-0.406	1.419	403.0
2016	-0.025	-0.406	1.432	403.2
2017	-0.025	-0.406	1.420	403.4
2018	-0.026	-0.406	1.422	403.6
2019	-0.026	-0.407	1.430	403.8
2020	-0.051	-0.668	1.797	404.0
2021	-0.046	-0.659	1.840	404.2
2022	-0.045	-0.650	1.808	404.4
2023	-0.044	-0.645	1.799	404.6
2024	-0.041	-0.635	1.800	404.8
2025	-0.042	-0.635	1.800	405.0
2026	-0.041	-0.628	1.770	405.2
2027	-0.039	-0.630	1.777	405.4
2028	-0.041	-0.623	1.782	405.6
2029	-0.038	-0.624	1.761	405.8
2030	-0.039	-0.622	1.760	406.0
2031	-0.037	-0.618	1.768	406.2
2032	-0.037	-0.615	1.752	406.4
2033	-0.037	-0.616	1.750	406.6
2034	-0.036	-0.610	1.748	406.8
2035	-0.036	-0.611	1.753	407.0
2036	-0.034	-0.608	1.753	407.2
2037	-0.036	-0.609	1.743	407.4
2038	-0.036	-0.608	1.739	407.6
2039	-0.034	-0.605	1.755	407.8
2040	-0.036	-0.605	1.742	408.0
2041	-0.034	-0.605	1.728	408.2
2042	-0.034	-0.601	1.743	408.4
2043	-0.034	-0.600	1.742	408.6
2044	-0.034	-0.601	1.721	408.8
2045	-0.033	-0.599	1.730	409.0
2046	-0.033	-0.598	1.740	409.2
2047	-0.032	-0.598	1.719	409.4
2048	-0.032	-0.595	1.720	409.6
2049	-0.032	-0.599	1.732	409.8
2050	-0.034	-0.594	1.723	410.0
2051	-0.034	-0.597	1.723	410.2
2052	-0.030	-0.593	1.726	410.4
2053	-0.034	-0.591	1.726	410.6
2054	-0.032	-0.589	1.723	410.8
2055	-0.029	-0.593	1.719	411.0
2056	-0.031	-0.590	1.711	411.2
2057	-0.029	-0.589	1.732	411.4
2058	-0.029	-0.590	1.713	411.6
2059	-0.029	-0.587	1.700	411.8
2060	-0.030	-0.590	1.724	412.0
2061	-0.028	-0.585	1.714	412.2
2062	-0.027	-0.590	1.700	412.4
2063	-0.029	-0.586	1.720	412.6
2064	-0.030	-0.585	1.721	412.8
2065	-0.030	-0.586	1.704	413.0
2066	-0.029	-0.585	1.713	413.2
2067	-0.028	-0.586	1.721	413.4
2068	-0.028	-0.583	1.710	413.6
2069	-0.028	-0.589	1.703	413.8
2070	-0.031	-0.584	1.712	414.0
2071	-0.028	-0.584	1.707	414.2
2072	-0.026	-0.582	1.705	414.4
2073	-0.026	-0.582	1.699	414.6
2074	-0.028	-0.584	1.704	414.8
2075	-0.027	-0.580	1.710	415.0
2076	-0.028	-0.582	1.693	415.2
2077	-0.029	-0.578	1.704	415.4
2078	-0.029	-0.577	1.714	415.6
2079	-0.029	-0.581	1.701	415.8
2080	-0.028	-0.580	1.695	416.0
2081	-0.026	-0.579	1.714	416.2
2082	-0.028	-0.579	1.703	416.4
2083	-0.027	-0.580	1.690	416.6
2084	-0.027	-0.580	1.706	416.8
2085	-0.028	-0.577	1.706	417.0
2086	-0.031	-0.579	1.687	417.2
2087	-0.027	-0.578	1.698	417.4
2088	-0.028	-0.576	1.703	417.6
2089	-0.028	-0.577	1.699	417.8
2090	-0.027	-0.577	1.704	418.0
2091	-0.029	-0.578	1.690	418.2
2092	-0.030	-0.576	1.700	418.4
2093	-0.028	-0.574	1.704	418.6
2094	-0.029	-0.575	1.697	418.8
2095	-0.029	-0.577	1.696	419.0
2096	-0.029	-0.575	1.705	419.2
2097	-0.028	-0.576	1.695	419.4
2098	-0.029	-0.574	1.687	419.6
2099	-0.028	-0.574	1.704	419.8
2100	-0.028	-0.575	1.690	420.0
2101	-0.030	-0.573	1.692	420.2
2102	-0.031	-0.573	1.696	420.4
2103	-0.029	-0.572	1.691	420.6
2104	-0.030	-0.575	1.690	420.8
2105	-0.029	-0.572	1.704	421.0
2106	-0.026	-0.571	1.689	421.2
2107	-0.029	-0.572	1.690	421.4
2108	-0.029	-0.572	1.698	421.6
2109	-0.027	-0.573	1.694	421.8
2110	-0.029	-0.573	1.688	422.0
2111	-0.030	-0.571	1.696	422.2
2112	-0.029	-0.572	1.691	422.4
2113	-0.030	-0.571	1.681	422.6
2114	-0.030	-0.568	1.693	422.8
2115	-0.030	-0.570	1.687	423.0
2116	-0.031	-0.569	1.681	423.2
2117	-0.029	-0.571	1.689	423.4
2118	-0.027	-0.570	1.676	423.6
2119	-0.030	-0.568	1.686	423.8
2120	-0.028	-0.570	1.693	424.0
2121	-0.029	-0.571	1.681	424.2
2122	-0.030	-0.568	1.684	424.4
2123	-0.030	-0.569	1.699	424.6
2124	-0.031	-0.568	1.688	424.8
2125	-0.029	-0.569	1.679	425.0
2126	-0.028	-0.569	1.694	425.2
2127	-0.029	-0.566	1.688	425.4
2128	-0.029	-0.570	1.672	425.6
2129	-0.029	-0.569	1.683	425.8
2130	-0.029	-0.567	1.689	426.0
2131	-0.028	-0.568	1.680	426.2
2132	-0.031	-0.569	1.672	426.4
2133	-0.028	-0.568	1.678	426.6
2134	-0.029	-0.568	1.693	426.8
2135	-0.030	-0.568	1.691	427.0
2136	-0.030	-0.570	1.668	427.2
2137	-0.029	-0.567	1.688	427.4
2138	-0.028	-0.569	1.696	427.6
2139	-0.027	-0.569	1.687	427.8
2140	-0.030	-0.570	1.672	428.0
2141	-0.030	-0.570	1.691	428.2
2142	-0.029	-0.567	1.686	428.4
2143	-0.032	-0.568	1.673	428.6
2144	-0.030	-0.570	1.672	428.8
2145	-0.029	-0.569	1.683	429.0
2146	-0.028	-0.565	1.683	429.2
2147	-0.029	-0.568	1.683	429.4
2148	-0.030	-0.569	1.667	429.6
2149	-0.030	-0.566	1.692	429.8
2150	-0.028	-0.568	1.683	430.0
2151	-0.028	-0.570	1.677	430.2
2152	-0.029	-0.569	1.688	430.4
2153	-0.028	-0.568	1.687	430.6
2154	-0.028	-0.568	1.679	430.8
2155	-0.029	-0.567	1.679	431.0
2156	-0.028	-0.568	1.695	431.2
2157	-0.029	-0.568	1.670	431.4
2158	-0.030	-0.567	1.677	431.6
2159	-0.028	-0.567	1.691	431.8
2160	-0.029	-0.569	1.683	432.0
2161	-0.028	-0.567	1.675	432.2
2162	-0.029	-0.568	1.681	432.4
2163	-0.028	-0.564	1.681	432.6
2164	-0.028	-0.567	1.689	432.8
2165	-0.029	-0.568	1.679	433.0
2166	-0.026	-0.568	1.680	433.2
2167	-0.030	-0.566	1.687	433.4
2168	-0.029	-0.567	1.677	433.6
2169	-0.028	-0.565	1.680	433.8
2170	-0.029	-0.568	1.687	434.0
2171	-0.029	-0.567	1.688	434.2
2172	-0.026	-0.569	1.671	434.4
2173	-0.030	-0.567	1.679	434.6
2174	-0.030	-0.565	1.687	434.8
2175	-0.030	-0.567	1.675	435.0
2176	-0.026	-0.568	1.681	435.2
2177	-0.029	-0.569	1.679	435.4
2178	-0.030	-0.568	1.677	435.6
2179	-0.030	-0.568	1.685	435.8
2180	-0.030	-0.566	1.677	436.0
2181	-0.029	-0.564	1.679	436.2
2182	-0.030	-0.567	1.679	436.4
2183	-0.030	-0.568	1.674	436.6
2184	-0.028	-0.566	1.684	436.8
2185	-0.030	-0.565	1.681	437.0
2186	-0.028	-0.568	1.675	437.2
2187	-0.029	-0.569	1.675	437.4
2188	-0.027	-0.566	1.685	437.6
2189	-0.028	-0.565	1.681	437.8
2190	-0.028	-0.564	1.675	438.0
2191	-0.029	-0.568	1.686	438.2
2192	-0.030	-0.566	1.673	438.4
2193	-0.029	-0.569	1.675	438.6
2194	-0.030	-0.565	1.685	438.8
2195	-0.029	-0.563	1.677	439.0
2196	-0.029	-0.565	1.671	439.2
2197	-0.029	-0.567	1.684	439.4
2198	-0.028	-0.566	1.675	439.6
2199	-0.030	-0.564	1.679	439.8
2200	-0.029	-0.567	1.676	440.0
2201	-0.026	-0.566	1.682	440.2
2202	-0.029	-0.564	1.675	440.4
2203	-0.030	-0.568	1.684	440.6
2204	-0.030	-0.566	1.682	440.8
2205	-0.030	-0.564	1.668	441.0
2206	-0.028	-0.566	1.685	441.2
2207	-0.028	-0.565	1.674	441.4
2208	-0.026	-0.564	1.671	441.6
2209	-0.026	-0.567	1.683	441.8
2210	-0.028	-0.563	1.672	442.0
2211	-0.028	-0.564	1.675	442.2
2212	-0.027	-0.566	1.680	442.4
2213	-0.029	-0.564	1.673	442.6
2214	-0.028	-0.564	1.683	442.8
2215	-0.027	-0.566	1.679	443.0
2216	-0.028	-0.564	1.678	443.2
2217	-0.027	-0.565	1.671	443.4
2218	-0.028	-0.566	1.685	443.6
2219	-0.026	-0.566	1.675	443.8
2220	-0.028	-0.565	1.670	444.0
2221	-0.030	-0.565	1.684	444.2
2222	-0.028	-0.565	1.667	444.4
2223	-0.027	-0.565	1.673	444.6
2224	-0.029	-0.564	1.677	444.8
2225	-0.029	-0.564	1.675	445.0
2226	-0.029	-0.566	1.671	445.2
2227	-0.028	-0.561	1.675	445.4
2228	-0.028	-0.565	1.669	445.6
2229	-0.028	-0.564	1.678	445.8
2230	-0.029	-0.564	1.675	446.0
2231	-0.027	-0.564	1.673	446.2
2232	-0.027	-0.564	1.674	446.4
2233	-0.027	-0.565	1.685	446.6
2234	-0.029	-0.564	1.673	446.8
2235	-0.026	-0.564	1.666	447.0
2236	-0.031	-0.564	1.685	447.2
2237	-0.027	-0.565	1.673	447.4
2238	-0.028	-0.561	1.673	447.6
2239	-0.028	-0.564	1.679	447.8
2240	-0.028	-0.564	1.669	448.0
2241	-0.028	-0.562	1.676	448.2
2242	-0.028	-0.564	1.672	448.4
2243	-0.030	-0.563	1.665	448.6
2244	-0.029	-0.562	1.672	448.8
2245	-0.030	-0.562	1.673	449.0
2246	-0.026	-0.563	1.673	449.2
2247	-0.028	-0.562	1.669	449.4
2248	-0.028	-0.562	1.683	449.6
2249	-0.030	-0.563	1.675	449.8
2250	-0.028	-0.561	1.668	450.0
2251	-0.027	-0.560	1.682	450.2
2252	-0.028	-0.562	1.670	450.4
2253	-0.028	-0.564	1.679	450.6
2254	-0.027	-0.562	1.672	450.8
2255	-0.029	-0.564	1.672	451.0
2256	-0.030	-0.564	1.672	451.2
2257	-0.028	-0.562	1.674	451.4
2258	-0.027	-0.559	1.665	451.6
2259	-0.029	-0.560	1.677	451.8
2260	-0.026	-0.562	1.677	452.0
2261	-0.029	-0.560	1.669	452.2
2262	-0.029	-0.561	1.673	452.4
2263	-0.028	-0.561	1.677	452.6
2264	-0.029	-0.559	1.671	452.8
2265	-0.029	-0.560	1.666	453.0
2266	-0.026	-0.562	1.677	453.2
2267	-0.027	-0.560	1.664	453.4
2268	-0.028	-0.561	1.677	453.6
2269	-0.030	-0.561	1.667	453.8
2270	-0.027	-0.560	1.667	454.0
2271	-0.029	-0.562	1.671	454.2
2272	-0.029	-0.560	1.671	454.4
2273	-0.028	-0.559	1.663	454.6
2274	-0.028	-0.558	1.669	454.8
2275	-0.029	-0.561	1.675	455.0
2276	-0.028	-0.560	1.670	455.2
2277	-0.028	-0.561	1.667	455.4
2278	-0.029	-0.564	1.677	455.6
2279	-0.029	-0.562	1.672	455.8
2280	-0.028	-0.559	1.666	456.0
2281	-0.030	-0.561	1.668	456.2
2282	-0.027	-0.560	1.668	456.4
2283	-0.028	-0.560	1.672	456.6
2284	-0.029	-0.560	1.665	456.8
2285	-0.028	-0.560	1.664	457.0
2286	-0.027	-0.556	1.675	457.2
2287	-0.029	-0.559	1.665	457.4
2288	-0.029	-0.561	1.667	457.6
2289	-0.028	-0.559	1.668	457.8
2290	-0.029	-0.561	1.673	458.0
2291	-0.028	-0.561	1.663	458.2
2292	-0.028	-0.560	1.663	458.4
2293	-0.030	-0.560	1.671	458.6
2294	-0.029	-0.559	1.666	458.8
2295	-0.030	-0.560	1.669	459.0
2296	-0.028	-0.559	1.669	459.2
2297	-0.029	-0.560	1.673	459.4
2298	-0.027	-0.559	1.668	459.6
2299	-0.030	-0.560	1.665	459.8
2300	-0.030	-0.561	1.668	460.0
2301	-0.029	-0.561	1.676	460.2
2302	-0.029	-0.561	1.663	460.4
2303	-0.028	-0.558	1.669	460.6
2304	-0.030	-0.563	1.667	460.8
2305	-0.030	-0.560	1.675	461.0
2306	-0.028	-0.560	1.669	461.2
2307	-0.029	-0.559	1.661	461.4
2308	-0.030	-0.559	1.672	461.6
2309	-0.029	-0.558	1.665	461.8
2310	-0.030	-0.561	1.662	462.0
2311	-0.030	-0.560	1.668	462.2
2312	-0.030	-0.557	1.670	462.4
2313	-0.027	-0.557	1.663	462.6
2314	-0.028	-0.561	1.662	462.8
2315	-0.029	-0.559	1.667	463.0
2316	-0.026	-0.556	1.671	463.2
2317	-0.029	-0.559	1.667	463.4
2318	-0.031	-0.561	1.667	463.6
2319	-0.030	-0.559	1.672	463.8
2320	-0.027	-0.558	1.673	464.0
2321	-0.027	-0.557	1.669	464.2
2322	-0.028	-0.560	1.670	464.4
2323	-0.028	-0.560	1.667	464.6
2324	-0.029	-0.558	1.668	464.8
2325	-0.028	-0.557	1.671	465.0
2326	-0.030	-0.559	1.665	465.2
2327	-0.030	-0.559	1.664	465.4
2328	-0.032	-0.558	1.665	465.6
2329	-0.031	-0.557	1.674	465.8
2330	-0.030	-0.559	1.669	466.0
2331	-0.030	-0.559	1.667	466.2
2332	-0.029	-0.559	1.669	466.4
2333	-0.030	-0.557	1.673	466.6
2334	-0.028	-0.558	1.671	466.8
2335	-0.027	-0.557	1.665	467.0
2336	-0.030	-0.560	1.663	467.2
2337	-0.030	-0.559	1.666	467.4
2338	-0.029	-0.560	1.670	467.6
2339	-0.032	-0.561	1.666	467.8
2340	-0.029	-0.558	1.663	468.0
2341	-0.030	-0.559	1.664	468.2
2342	-0.029	-0.560	1.667	468.4
2343	-0.029	-0.561	1.666	468.6
2344	-0.029	-0.558	1.673	468.8
2345	-0.029	-0.559	1.669	469.0
2346	-0.029	-0.561	1.671	469.2
2347	-0.030	-0.561	1.672	469.4
2348	-0.030	-0.560	1.673	469.6
2349	-0.028	-0.557	1.661	469.8
2350	-0.029	-0.559	1.666	470.0
2351	-0.028	-0.558	1.665	470.2
2352	-0.029	-0.559	1.665	470.4
2353	-0.028	-0.559	1.661	470.6
2354	-0.029	-0.558	1.663	470.8
2355	-0.029	-0.557	1.664	471.0
2356	-0.029	-0.558	1.666	471.2
2357	-0.029	-0.558	1.665	471.4
2358	-0.029	-0.557	1.669	471.6
2359	-0.027	-0.558	1.665	471.8
2360	-0.029	-0.557	1.667	472.0
2361	-0.028	-0.554	1.666	472.2
2362	-0.028	-0.557	1.673	472.4
2363	-0.030	-0.559	1.669	472.6
2364	-0.030	-0.561	1.663	472.8
2365	-0.029	-0.557	1.661	473.0
2366	-0.030	-0.557	1.669	473.2
2367	-0.028	-0.557	1.662	473.4
2368	-0.030	-0.559	1.662	473.6
2369	-0.032	-0.556	1.663	473.8
2370	-0.028	-0.555	1.667	474.0
2371	-0.027	-0.555	1.659	474.2
2372	-0.029	-0.556	1.671	474.4
2373	-0.029	-0.556	1.669	474.6
2374	-0.030	-0.557	1.664	474.8
2375	-0.030	-0.556	1.667	475.0
2376	-0.029	-0.556	1.668	475.2
2377	-0.029	-0.558	1.667	475.4
2378	-0.028	-0.557	1.663	475.6
2379	-0.028	-0.558	1.665	475.8
2380	-0.027	-0.555	1.666	476.0
2381	-0.029	-0.556	1.667	476.2
2382	-0.029	-0.558	1.662	476.4
2383	-0.028	-0.556	1.659	476.6
2384	-0.028	-0.555	1.666	476.8
2385	-0.027	-0.555	1.665	477.0
2386	-0.028	-0.553	1.659	477.2
2387	-0.028	-0.556	1.664	477.4
2388	-0.029	-0.553	1.664	477.6
2389	-0.030	-0.556	1.660	477.8
2390	-0.029	-0.554	1.662	478.0
2391	-0.030	-0.555	1.664	478.2
2392	-0.029	-0.554	1.663	478.4
2393	-0.028	-0.557	1.662	478.6
2394	-0.029	-0.556	1.659	478.8
2395	-0.030	-0.557	1.667	479.0
2396	-0.027	-0.555	1.658	479.2
2397	-0.027	-0.558	1.666	479.4
2398	-0.028	-0.555	1.659	479.6
2399	-0.026	-0.556	1.662	479.8
2400	-0.029	-0.556	1.659	480.0
2401	-0.029	-0.556	1.664	480.2
2402	-0.027	-0.553	1.662	480.4
2403	-0.029	-0.555	1.657	480.6
2404	-0.029	-0.557	1.664	480.8
2405	-0.029	-0.556	1.664	481.0
2406	-0.029	-0.556	1.664	481.2
2407	-0.028	-0.555	1.660	481.4
2408	-0.028	-0.555	1.655	481.6
2409	-0.027	-0.552	1.659	481.8
2410	-0.028	-0.555	1.666	482.0
2411	-0.029	-0.556	1.655	482.2
2412	-0.030	-0.556	1.658	482.4
2413	-0.030	-0.555	1.663	482.6
2414	-0.029	-0.553	1.659	482.8
2415	-0.027	-0.556	1.659	483.0
2416	-0.029	-0.556	1.665	483.2
2417	-0.030	-0.556	1.663	483.4
2418	-0.029	-0.556	1.665	483.6
2419	-0.032	-0.554	1.658	483.8
2420	-0.028	-0.555	1.660	484.0
2421	-0.030	-0.556	1.666	484.2
2422	-0.030	-0.555	1.663	484.4
2423	-0.029	-0.556	1.658	484.6
2424	-0.029	-0.555	1.663	484.8
2425	-0.030	-0.557	1.664	485.0
2426	-0.030	-0.557	1.659	485.2
2427	-0.030	-0.557	1.663	485.4
2428	-0.027	-0.555	1.664	485.6
2429	-0.029	-0.555	1.664	485.8
2430	-0.031	-0.556	1.654	486.0
2431	-0.029	-0.557	1.663	486.2
2432	-0.028	-0.557	1.662	486.4
2433	-0.028	-0.555	1.654	486.6
2434	-0.028	-0.554	1.659	486.8
2435	-0.030	-0.555	1.663	487.0
2436	-0.032	-0.557	1.661	487.2
2437	-0.031	-0.557	1.658	487.4
2438	-0.030	-0.558	1.661	487.6
2439	-0.030	-0.556	1.663	487.8
2440	-0.029	-0.557	1.663	488.0
2441	-0.029	-0.557	1.665	488.2
2442	-0.030	-0.555	1.665	488.4
2443	-0.028	-0.558	1.660	488.6
2444	-0.029	-0.555	1.660	488.8
2445	-0.028	-0.556	1.665	489.0
2446	-0.029	-0.557	1.659	489.2
2447	-0.030	-0.557	1.661	489.4
2448	-0.029	-0.552	1.660	489.6
2449	-0.028	-0.555	1.663	489.8
2450	-0.028	-0.556	1.661	490.0
2451	-0.029	-0.555	1.663	490.2
2452	-0.028	-0.556	1.659	490.4
2453	-0.029	-0.553	1.660	490.6
2454	-0.028	-0.554	1.663	490.8
2455	-0.028	-0.555	1.655	491.0
2456	-0.029	-0.555	1.667	491.2
2457	-0.030	-0.555	1.661	491.4
2458	-0.028	-0.555	1.666	491.6
2459	-0.028	-0.554	1.655	491.8
2460	-0.028	-0.555	1.659	492.0
2461	-0.028	-0.556	1.659	492.2
2462	-0.029	-0.555	1.659	492.4
2463	-0.028	-0.554	1.657	492.6
2464	-0.030	-0.555	1.662	492.8
2465	-0.030	-0.554	1.656	493.0
2466	-0.030	-0.554	1.659	493.2
2467	-0.028	-0.555	1.657	493.4
2468	-0.031	-0.556	1.662	493.6
2469	-0.030	-0.555	1.659	493.8
2470	-0.029	-0.555	1.665	494.0
2471	-0.030	-0.554	1.661	494.2
2472	-0.029	-0.552	1.661	494.4
2473	-0.029	-0.553	1.655	494.6
2474	-0.029	-0.556	1.667	494.8
2475	-0.029	-0.555	1.658	495.0
2476	-0.029	-0.554	1.651	495.2
2477	-0.032	-0.552	1.661	495.4
2478	-0.031	-0.554	1.649	495.6
2479	-0.029	-0.552	1.662	495.8
2480	-0.029	-0.555	1.664	496.0
2481	-0.029	-0.554	1.657	496.2
2482	-0.029	-0.553	1.661	496.4
2483	-0.030	-0.554	1.658	496.6
2484	-0.030	-0.555	1.661	496.8
2485	-0.031	-0.554	1.660	497.0
2486	-0.030	-0.556	1.660	497.2
2487	-0.029	-0.555	1.656	497.4
2488	-0.028	-0.552	1.655	497.6
2489	-0.031	-0.550	1.655	497.8
2490	-0.030	-0.553	1.659	498.0
2491	-0.031	-0.550	1.655	498.2
2492	-0.030	-0.552	1.657	498.4
2493	-0.030	-0.551	1.651	498.6
2494	-0.028	-0.553	1.656	498.8
2495	-0.032	-0.553	1.658	499.0
2496	-0.030	-0.554	1.666	499.2
2497	-0.031	-0.554	1.656	499.4
2498	-0.030	-0.553	1.657	499.6
2499	-0.031	-0.551	1.657	499.8
2500	-0.031	-0.554	1.658	500.0
2501	-0.030	-0.554	1.655	500.2
2502	-0.028	-0.553	1.658	500.4
2503	-0.030	-0.551	1.659	500.6
2504	-0.030	-0.553	1.655	500.8
2505	-0.029	-0.554	1.649	501.0
2506	-0.031	-0.553	1.650	501.2
2507	-0.031	-0.554	1.664	501.4
2508	-0.031	-0.553	1.653	501.6
2509	-0.032	-0.552	1.651	501.8
2510	-0.029	-0.552	1.659	502.0
2511	-0.029	-0.553	1.663	502.2
2512	-0.029	-0.553	1.648	502.4
2513	-0.028	-0.554	1.661	502.6
2514	-0.029	-0.551	1.659	502.8
2515	-0.032	-0.552	1.656	503.0
2516	-0.028	-0.552	1.654	503.2
2517	-0.030	-0.553	1.654	503.4
2518	-0.030	-0.553	1.653	503.6
2519	-0.030	-0.553	1.655	503.8
2520	-0.023	-0.486	1.349	504.0
2521	0.014	-0.176	1.001	504.2
2522	0.008	-0.001	0.780	504.4
2523	0.009	0.003	0.778	504.6
2524	0.010	0.001	0.778	504.8
2525	0.009	0.000	0.784	505.0
2526	0.007	-0.004	0.772	505.2
2527	0.007	-0.002	0.780	505.4
2528	0.009	0.001	0.774	505.6
2529	0.007	0.001	0.764	505.8
2530	0.007	0.001	0.769	506.0
2531	0.007	0.001	0.781	506.2
2532	0.007	0.002	0.775	506.4
2533	0.008	0.002	0.778	506.6
2534	0.006	-0.002	0.778	506.8
2535	0.009	-0.004	0.772	507.0
2536	0.007	-0.002	0.776	507.2
2537	0.007	-0.001	0.780	507.4
2538	0.009	0.004	0.775	507.6
2539	0.007	0.000	0.776	507.8
2540	0.008	0.002	0.780	508.0
2541	0.007	-0.001	0.756	508.2
2542	0.006	-0.002	0.767	508.4
2543	0.009	-0.003	0.770	508.6
2544	0.010	0.002	0.774	508.8
2545	0.009	0.002	0.771	509.0
2546	0.007	0.002	0.771	509.2
2547	0.008	0.002	0.773	509.4
2548	0.009	-0.003	0.773	509.6
2549	0.006	0.000	0.774	509.8
2550	0.008	0.002	0.774	510.0
2551	0.008	0.001	0.775	510.2
2552	0.009	0.003	0.775	510.4
2553	0.007	0.000	0.771	510.6
2554	0.006	-0.002	0.776	510.8
2555	0.008	-0.001	0.774	511.0
2556	0.009	-0.002	0.775	511.2
2557	0.007	0.004	0.774	511.4
2558	0.005	0.001	0.773	511.6
2559	0.007	0.005	0.774	511.8
2560	0.009	0.001	0.775	512.0
2561	0.006	0.000	0.775	512.2
2562	0.006	-0.002	0.774	512.4
2563	0.009	-0.002	0.775	512.6
2564	0.007	-0.002	0.774	512.8
2565	0.008	0.002	0.778	513.0
2566	0.011	-0.001	0.779	513.2
2567	0.012	0.001	0.776	513.4
2568	0.009	-0.001	0.775	513.6
2569	0.009	-0.002	0.777	513.8
2570	0.009	-0.003	0.773	514.0
2571	0.009	0.002	0.773	514.2
2572	0.009	-0.001	0.775	514.4
2573	0.008	-0.001	0.774	514.6
2574	0.009	0.000	0.773	514.8
2575	0.009	0.000	0.775	515.0
2576	0.010	0.001	0.775	515.2
2577	0.011	-0.001	0.777	515.4
2578	0.010	-0.002	0.777	515.6
2579	0.011	-0.001	0.775	515.8
2580	0.009	0.002	0.776	516.0
2581	0.010	0.000	0.776	516.2
2582	0.011	-0.002	0.775	516.4
2583	0.011	-0.001	0.773	516.6
2584	0.009	-0.002	0.772	516.8
2585	0.009	-0.001	0.771	517.0
2586	0.009	-0.003	0.773	517.2
2587	0.009	0.000	0.773	517.4
2588	0.009	-0.003	0.775	517.6
2589	0.009	0.000	0.776	517.8
2590	0.011	-0.005	0.776	518.0
2591	0.012	-0.002	0.777	518.2
2592	0.014	-0.001	0.777	518.4
2593	0.014	-0.003	0.773	518.6
2594	0.010	-0.002	0.774	518.8
2595	0.012	-0.003	0.773	519.0
2596	0.013	-0.001	0.772	519.2
2597	0.012	-0.001	0.776	519.4
2598	0.012	-0.001	0.771	519.6
2599	0.011	-0.002	0.772	519.8
2600	0.012	0.000	0.771	520.0
2601	0.013	-0.003	0.771	520.2
2602	0.013	-0.004	0.773	520.4
2603	0.013	-0.005	0.774	520.6
2604	0.013	0.000	0.774	520.8
2605	0.011	0.002	0.776	521.0
2606	0.013	0.006	0.778	521.2
2607	0.013	0.003	0.778	521.4
2608	0.015	-0.002	0.775	521.6
2609	0.013	-0.004	0.774	521.8
2610	0.010	-0.004	0.775	522.0
2611	0.012	-0.002	0.773	522.2
2612	0.011	0.001	0.774	522.4
2613	0.010	0.002	0.772	522.6
2614	0.014	0.003	0.772	522.8
2615	0.012	0.002	0.774	523.0
2616	0.010	0.001	0.773	523.2
2617	0.010	-0.002	0.774	523.4
2618	0.009	-0.002	0.776	523.6
2619	0.011	-0.002	0.778	523.8
2620	0.010	0.000	0.779	524.0
2621	0.010	-0.001	0.778	524.2
2622	0.012	0.003	0.775	524.4
2623	0.013	0.002	0.774	524.6
2624	0.010	0.001	0.772	524.8
2625	0.011	-0.004	0.774	525.0
2626	0.008	-0.003	0.774	525.2
2627	0.009	-0.003	0.772	525.4
2628	0.011	0.003	0.773	525.6
2629	0.009	0.001	0.773	525.8
2630	0.008	0.002	0.773	526.0
2631	0.010	0.001	0.777	526.2
2632	0.007	-0.003	0.775	526.4
2633	0.009	-0.002	0.775	526.6
2634	0.011	-0.001	0.778	526.8
2635	0.010	0.001	0.778	527.0
2636	0.009	0.004	0.776	527.2
2637	0.009	-0.002	0.776	527.4
2638	0.009	0.001	0.775	527.6
2639	0.010	-0.003	0.775	527.8
2640	0.009	0.000	0.772	528.0
2641	0.009	-0.001	0.773	528.2
2642	0.011	-0.001	0.772	528.4
2643	0.010	-0.002	0.774	528.6
2644	0.011	-0.003	0.774	528.8
2645	0.012	0.000	0.775	529.0
2646	0.009	0.003	0.777	529.2
2647	0.011	0.002	0.779	529.4
2648	0.009	-0.001	0.776	529.6
2649	0.009	-0.003	0.775	529.8
2650	0.010	-0.004	0.774	530.0
2651	0.011	0.001	0.777	530.2
2652	0.010	-0.001	0.775	530.4
2653	0.011	0.000	0.774	530.6
2654	0.011	0.001	0.776	530.8
2655	0.010	-0.002	0.774	531.0
2656	0.010	0.001	0.775	531.2
2657	0.011	-0.001	0.774	531.4
2658	0.008	-0.003	0.776	531.6
2659	0.011	-0.001	0.774	531.8
2660	0.008	-0.001	0.774	532.0
2661	0.010	0.000	0.775	532.2
2662	0.009	0.000	0.775	532.4
2663	0.007	0.000	0.774	532.6
2664	0.010	-0.002	0.774	532.8
2665	0.008	-0.002	0.772	533.0
2666	0.007	-0.002	0.772	533.2
2667	0.005	-0.002	0.771	533.4
2668	0.006	-0.001	0.770	533.6
2669	0.006	-0.004	0.775	533.8
2670	0.005	0.002	0.773	534.0
2671	0.006	0.000	0.775	534.2
2672	0.007	0.000	0.775	534.4
2673	0.007	-0.005	0.774	534.6
2674	0.005	-0.001	0.777	534.8
2675	0.005	-0.003	0.774	535.0
2676	0.005	-0.001	0.776	535.2
2677	0.006	-0.002	0.773	535.4
2678	0.006	0.000	0.775	535.6
2679	0.006	-0.003	0.773	535.8
2680	0.007	-0.002	0.773	536.0
2681	0.007	-0.001	0.775	536.2
2682	0.005	-0.004	0.772	536.4
2683	0.006	-0.002	0.771	536.6
2684	0.007	-0.004	0.774	536.8
2685	0.007	-0.003	0.773	537.0
2686	0.005	-0.001	0.779	537.2
2687	0.009	-0.005	0.776	537.4
2688	0.009	-0.002	0.776	537.6
2689	0.009	-0.003	0.778	537.8
2690	0.005	0.001	0.777	538.0
2691	0.005	-0.001	0.772	538.2
2692	0.006	-0.001	0.775	538.4
2693	0.007	-0.003	0.774	538.6
2694	0.007	-0.002	0.773	538.8
2695	0.005	-0.001	0.771	539.0
2696	0.006	-0.002	0.771	539.2
2697	0.010	-0.001	0.773	539.4
2698	0.007	-0.001	0.775	539.6
2699	0.007	0.000	0.778	539.8
2700	0.009	-0.002	0.778	540.0
2701	0.009	-0.002	0.777	540.2
2702	0.007	-0.001	0.775	540.4
2703	0.009	-0.002	0.776	540.6
2704	0.007	0.001	0.779	540.8
2705	0.008	-0.003	0.772	541.0
2706	0.009	-0.002	0.774	541.2
2707	0.008	-0.006	0.772	541.4
2708	0.008	-0.002	0.773	541.6
2709	0.010	0.001	0.773	541.8
2710	0.008	-0.001	0.768	542.0
2711	0.006	0.000	0.773	542.2
2712	0.009	-0.002	0.773	542.4
2713	0.007	-0.002	0.773	542.6
2714	0.007	-0.002	0.773	542.8
2715	0.008	-0.002	0.776	543.0
2716	0.006	-0.005	0.779	543.2
2717	0.006	-0.002	0.775	543.4
2718	0.007	-0.005	0.772	543.6
2719	0.007	-0.003	0.773	543.8
2720	0.006	0.000	0.772	544.0
2721	0.005	-0.002	0.772	544.2
2722	0.008	-0.002	0.770	544.4
2723	0.005	-0.001	0.771	544.6
2724	0.006	-0.001	0.771	544.8
2725	0.006	-0.002	0.768	545.0
2726	0.005	-0.002	0.775	545.2
2727	0.006	-0.001	0.777	545.4
2728	0.005	-0.005	0.772	545.6
2729	0.003	-0.003	0.775	545.8
2730	0.002	-0.003	0.774	546.0
2731	0.006	-0.001	0.774	546.2
2732	0.004	-0.002	0.775	546.4
2733	0.006	0.002	0.774	546.6
2734	0.006	0.000	0.771	546.8
2735	0.007	-0.004	0.772	547.0
2736	0.005	-0.002	0.775	547.2
2737	0.006	-0.003	0.774	547.4
2738	0.009	0.000	0.775	547.6
2739	0.007	-0.003	0.778	547.8
2740	0.009	-0.004	0.774	548.0
2741	0.006	-0.004	0.779	548.2
2742	0.009	-0.003	0.775	548.4
2743	0.009	-0.002	0.775	548.6
2744	0.010	-0.002	0.773	548.8
2745	0.007	-0.001	0.773	549.0
2746	0.009	-0.003	0.771	549.2
2747	0.010	-0.002	0.771	549.4
2748	0.009	-0.003	0.770	549.6
2749	0.008	-0.003	0.772	549.8
2750	0.008	-0.002	0.770	550.0
2751	0.007	-0.001	0.773	550.2
2752	0.009	-0.001	0.771	550.4
2753	0.007	-0.001	0.776	550.6
2754	0.007	-0.004	0.773	550.8
2755	0.008	-0.003	0.773	551.0
2756	0.007	-0.003	0.779	551.2
2757	0.008	-0.004	0.775	551.4
2758	0.009	-0.002	0.773	551.6
2759	0.008	0.001	0.773	551.8
2760	0.007	0.003	0.773	552.0
2761	0.007	0.000	0.771	552.2
2762	0.005	0.003	0.771	552.4
2763	0.007	-0.004	0.775	552.6
2764	0.009	-0.002	0.775	552.8
2765	0.007	-0.003	0.775	553.0
2766	0.008	0.001	0.778	553.2
2767	0.009	0.001	0.775	553.4
2768	0.007	0.001	0.777	553.6
2769	0.007	-0.002	0.773	553.8
2770	0.007	-0.003	0.775	554.0
2771	0.010	-0.004	0.776	554.2
2772	0.007	-0.005	0.770	554.4
2773	0.010	-0.001	0.771	554.6
2774	0.008	0.000	0.772	554.8
2775	0.008	-0.002	0.772	555.0
2776	0.008	-0.001	0.770	555.2
2777	0.009	0.000	0.772	555.4
2778	0.008	0.001	0.772	555.6
2779	0.007	-0.003	0.775	555.8
2780	0.007	-0.005	0.775	556.0
2781	0.005	-0.005	0.774	556.2
2782	0.006	-0.002	0.774	556.4
2783	0.007	0.000	0.778	556.6
2784	0.007	0.004	0.778	556.8
2785	0.009	0.000	0.775	557.0
2786	0.005	-0.003	0.774	557.2
2787	0.005	-0.006	0.773	557.4
2788	0.007	-0.006	0.774	557.6
2789	0.007	-0.003	0.772	557.8
2790	0.007	-0.003	0.773	558.0
2791	0.008	0.001	0.773	558.2
2792	0.008	-0.004	0.774	558.4
2793	0.009	-0.005	0.775	558.6
2794	0.009	-0.002	0.774	558.8
2795	0.007	-0.003	0.777	559.0
2796	0.007	-0.001	0.775	559.2
2797	0.006	-0.004	0.775	559.4
2798	0.007	-0.003	0.774	559.6
2799	0.005	-0.004	0.773	559.8
2800	0.007	-0.004	0.774	560.0
2801	0.005	-0.002	0.774	560.2
2802	0.005	0.001	0.771	560.4
2803	0.006	-0.001	0.775	560.6
2804	0.006	-0.006	0.776	560.8
2805	0.007	-0.005	0.774	561.0
2806	0.005	-0.003	0.774	561.2
2807	0.006	-0.001	0.773	561.4
2808	0.003	-0.002	0.774	561.6
2809	0.004	-0.002	0.773	561.8
2810	0.005	-0.003	0.773	562.0
2811	0.007	-0.006	0.776	562.2
2812	0.007	-0.002	0.775	562.4
2813	0.005	-0.001	0.774	562.6
2814	0.007	-0.002	0.771	562.8
2815	0.006	-0.002	0.775	563.0
2816	0.009	-0.009	0.774	563.2
2817	0.007	-0.006	0.771	563.4
2818	0.006	-0.002	0.773	563.6
2819	0.007	0.001	0.777	563.8
2820	0.007	-0.001	0.772	564.0
2821	0.006	-0.004	0.772	564.2
2822	0.006	-0.005	0.775	564.4
2823	0.005	-0.004	0.771	564.6
2824	0.006	-0.002	0.772	564.8
2825	0.007	-0.001	0.772	565.0
2826	0.007	-0.002	0.769	565.2
2827	0.006	-0.005	0.772	565.4
2828	0.004	-0.007	0.772	565.6
2829	0.005	-0.007	0.769	565.8
2830	0.007	-0.001	0.773	566.0
2831	0.005	-0.001	0.775	566.2
2832	0.007	0.001	0.774	566.4
2833	0.005	-0.001	0.774	566.6
2834	0.007	-0.004	0.779	566.8
2835	0.005	-0.002	0.777	567.0
2836	0.005	-0.004	0.774	567.2
2837	0.005	-0.003	0.775	567.4
2838	0.005	-0.001	0.772	567.6
2839	0.005	-0.003	0.771	567.8
2840	0.004	-0.001	0.774	568.0
2841	0.004	-0.003	0.769	568.2
2842	0.005	-0.001	0.775	568.4
2843	0.004	-0.004	0.773	568.6
2844	0.005	-0.004	0.772	568.8
2845	0.004	-0.005	0.776	569.0
2846	0.004	-0.005	0.776	569.2
2847	0.006	-0.004	0.776	569.4
2848	0.006	-0.001	0.778	569.6
2849	0.004	-0.002	0.777	569.8
2850	0.003	-0.004	0.777	570.0
2851	0.005	-0.004	0.772	570.2
2852	0.002	-0.004	0.773	570.4
2853	0.006	-0.003	0.775	570.6
2854	0.007	-0.001	0.771	570.8
2855	0.007	-0.003	0.777	571.0
2856	0.006	-0.002	0.772	571.2
2857	0.006	-0.003	0.775	571.4
2858	0.005	-0.002	0.777	571.6
2859	0.005	-0.004	0.775	571.8
2860	0.004	-0.004	0.777	572.0
2861	0.005	-0.003	0.778	572.2
2862	0.006	-0.003	0.775	572.4
2863	0.005	-0.003	0.776	572.6
2864	0.004	-0.003	0.777	572.8
2865	0.006	-0.003	0.775	573.0
2866	0.007	-0.001	0.771	573.2
2867	0.006	-0.001	0.775	573.4
2868	0.007	-0.002	0.771	573.6
2869	0.006	-0.003	0.774	573.8
2870	0.006	-0.005	0.774	574.0
2871	0.005	-0.004	0.774	574.2
2872	0.007	-0.003	0.777	574.4
2873	0.007	0.000	0.774	574.6
2874	0.005	-0.004	0.775	574.8
2875	0.006	-0.002	0.778	575.0
2876	0.005	-0.003	0.775	575.2
2877	0.006	-0.004	0.776	575.4
2878	0.005	-0.004	0.778	575.6
2879	0.004	0.000	0.776	575.8
2880	0.004	0.002	0.774	576.0
2881	0.006	-0.001	0.773	576.2
2882	0.006	-0.002	0.771	576.4
2883	0.005	-0.003	0.771	576.6
2884	0.006	0.000	0.772	576.8
2885	0.005	0.001	0.774	577.0
2886	0.005	-0.002	0.774	577.2
2887	0.005	-0.003	0.776	577.4
2888	0.004	-0.001	0.776	577.6
2889	0.005	-0.003	0.775	577.8
2890	0.002	0.000	0.774	578.0
2891	0.006	0.000	0.772	578.2
2892	0.003	-0.001	0.773	578.4
2893	0.003	-0.003	0.770	578.6
2894	0.003	-0.006	0.774	578.8
2895	0.004	-0.003	0.772	579.0
2896	0.005	-0.001	0.772	579.2
2897	0.007	-0.001	0.775	579.4
2898	0.005	0.001	0.772	579.6
2899	0.003	-0.006	0.773	579.8
2900	0.007	-0.003	0.774	580.0
2901	0.005	-0.003	0.773	580.2
2902	0.006	-0.002	0.773	580.4
2903	0.006	-0.002	0.774	580.6
2904	0.007	-0.003	0.770	580.8
2905	0.007	-0.006	0.774	581.0
2906	0.008	-0.004	0.774	581.2
2907	0.007	0.001	0.771	581.4
2908	0.007	-0.002	0.774	581.6
2909	0.007	0.000	0.772	581.8
2910	0.007	-0.005	0.775	582.0
2911	0.005	-0.005	0.772	582.2
2912	0.005	-0.005	0.777	582.4
2913	0.005	-0.003	0.773	582.6
2914	0.004	-0.001	0.776	582.8
2915	0.005	-0.001	0.779	583.0
2916	0.005	-0.003	0.774	583.2
2917	0.005	-0.005	0.775	583.4
2918	0.003	-0.005	0.773	583.6
2919	0.004	-0.002	0.773	583.8
2920	0.004	-0.001	0.775	584.0
2921	0.004	-0.002	0.772	584.2
2922	0.005	-0.004	0.775	584.4
2923	0.004	-0.002	0.776	584.6
2924	0.006	-0.002	0.775	584.8
2925	0.005	0.000	0.778	585.0
2926	0.007	-0.002	0.777	585.2
2927	0.003	0.000	0.778	585.4
2928	0.005	-0.009	0.778	585.6
2929	0.006	-0.006	0.777	585.8
2930	0.006	-0.005	0.776	586.0
2931	0.009	0.000	0.772	586.2
2932	0.007	0.001	0.774	586.4
2933	0.007	-0.001	0.772	586.6
2934	0.007	-0.006	0.773	586.8
2935	0.007	-0.007	0.773	587.0
2936	0.009	-0.004	0.772	587.2
2937	0.008	-0.004	0.776	587.4
2938	0.009	-0.002	0.775	587.6
2939	0.007	-0.005	0.776	587.8
2940	0.009	-0.005	0.778	588.0
2941	0.006	-0.005	0.776	588.2
2942	0.007	0.002	0.775	588.4
2943	0.008	-0.005	0.775	588.6
2944	0.007	-0.003	0.773	588.8
2945	0.007	-0.007	0.775	589.0
2946	0.007	-0.006	0.770	589.2
2947	0.007	-0.008	0.773	589.4
2948	0.005	-0.002	0.771	589.6
2949	0.007	-0.004	0.773	589.8
2950	0.005	-0.002	0.773	590.0
2951	0.005	-0.005	0.771	590.2
2952	0.006	-0.006	0.775	590.4
2953	0.003	-0.007	0.776	590.6
2954	0.004	-0.002	0.775	590.8
2955	0.005	-0.003	0.774	591.0
2956	0.007	-0.004	0.773	591.2
2957	0.005	-0.004	0.775	591.4
2958	0.005	-0.007	0.774	591.6
2959	0.005	-0.005	0.771	591.8
2960	0.007	-0.002	0.770	592.0
2961	0.007	0.001	0.771	592.2
2962	0.008	0.000	0.771	592.4
2963	0.006	-0.004	0.772	592.6
2964	0.009	-0.003	0.768	592.8
2965	0.008	-0.001	0.772	593.0
2966	0.008	-0.001	0.773	593.2
2967	0.009	-0.002	0.774	593.4
2968	0.009	-0.007	0.773	593.6
2969	0.008	-0.007	0.774	593.8
2970	0.009	-0.003	0.772	594.0
2971	0.006	-0.001	0.772	594.2
2972	0.009	0.000	0.772	594.4
2973	0.007	0.000	0.771	594.6
2974	0.009	-0.005	0.776	594.8
2975	0.005	-0.005	0.775	595.0
2976	0.008	-0.007	0.775	595.2
2977	0.007	-0.003	0.776	595.4
2978	0.009	-0.001	0.776	595.6
2979	0.005	0.001	0.777	595.8
2980	0.008	-0.003	0.779	596.0
2981	0.008	-0.002	0.776	596.2
2982	0.003	-0.008	0.776	596.4
2983	0.004	-0.003	0.775	596.6
2984	0.006	-0.003	0.773	596.8
2985	0.005	-0.004	0.772	597.0
2986	0.005	-0.003	0.772	597.2
2987	0.005	-0.004	0.773	597.4
2988	0.005	-0.004	0.774	597.6
2989	0.006	-0.001	0.771	597.8
2990	0.005	0.001	0.775	598.0
2991	0.003	-0.005	0.774	598.2
2992	0.006	-0.005	0.773	598.4
2993	0.004	-0.006	0.776	598.6
2994	0.006	-0.007	0.774	598.8
2995	0.008	-0.002	0.772	599.0
2996	0.005	0.000	0.777	599.2
2997	0.007	-0.003	0.774	599.4
2998	0.007	-0.004	0.773	599.6
2999	0.007	-0.003	0.774	599.8
3000	0.005	-0.001	0.771	600.0
3001	0.009	-0.003	0.771	600.2
3002	0.007	-0.005	0.773	600.4
3003	0.007	-0.005	0.773	600.6
3004	0.007	-0.007	0.773	600.8
3005	0.008	-0.003	0.776	601.0
3006	0.008	-0.003	0.776	601.2
3007	0.009	-0.003	0.777	601.4
3008	0.008	-0.004	0.778	601.6
3009	0.009	-0.009	0.776	601.8
3010	0.007	-0.007	0.778	602.0
3011	0.010	-0.005	0.774	602.2
3012	0.008	-0.006	0.774	602.4
