0	-0.003	-0.010	0.758
1	-0.002	-0.009	0.762
2	-0.001	-0.004	0.766
3	-0.002	-0.005	0.766
4	-0.002	-0.007	0.767
5	-0.002	-0.002	0.769
6	-0.002	-0.003	0.778
7	-0.005	-0.007	0.767
8	-0.003	-0.009	0.768
9	-0.004	-0.009	0.765
10	-0.005	-0.006	0.762
11	-0.005	-0.005	0.762
12	-0.006	-0.004	0.770
13	-0.004	-0.007	0.770
14	-0.005	-0.005	0.768
15	-0.006	-0.003	0.767
16	-0.003	-0.004	0.762
17	-0.002	-0.006	0.763
18	-0.004	-0.006	0.757
19	-0.005	-0.008	0.766
20	-0.002	-0.005	0.761
21	-0.004	-0.003	0.768
22	-0.001	-0.003	0.777
23	-0.003	-0.004	0.772
24	-0.002	-0.003	0.771
25	-0.003	-0.008	0.763
26	-0.002	-0.007	0.766
27	-0.002	-0.009	0.760
28	-0.004	-0.004	0.756
29	-0.005	-0.004	0.757
30	-0.005	-0.004	0.760
31	-0.006	-0.007	0.770
32	-0.002	-0.005	0.764
33	-0.002	-0.006	0.768
34	-0.005	-0.004	0.769
35	-0.005	-0.005	0.768
36	-0.004	-0.009	0.768
37	-0.001	-0.005	0.761
38	-0.002	-0.002	0.757
39	-0.005	-0.001	0.756
40	-0.005	-0.004	0.758
41	-0.002	-0.005	0.757
42	-0.003	-0.010	0.762
43	-0.002	-0.008	0.762
44	-0.004	-0.006	0.774
45	-0.003	-0.004	0.779
46	-0.003	-0.006	0.768
47	-0.002	-0.005	0.754
48	0.000	-0.002	0.753
49	-0.003	-0.003	0.760
50	-0.003	-0.009	0.762
51	-0.004	-0.008	0.767
52	-0.001	-0.008	0.767
53	-0.003	-0.006	0.767
54	-0.004	-0.007	0.758
55	-0.001	-0.002	0.768
56	-0.002	-0.001	0.769
57	-0.002	-0.003	0.768
58	-0.004	-0.007	0.756
59	-0.003	-0.009	0.745
60	-0.003	-0.010	0.757
61	-0.003	-0.007	0.762
62	-0.002	-0.002	0.768
63	-0.003	0.001	0.771
64	-0.005	-0.006	0.762
65	-0.003	-0.008	0.767
66	-0.002	-0.007	0.766
67	-0.004	-0.005	0.766
68	-0.002	-0.005	0.760
69	-0.004	-0.007	0.758
70	-0.004	-0.006	0.751
71	-0.003	-0.004	0.761
72	-0.004	0.001	0.765
73	-0.004	-0.001	0.769
74	-0.003	-0.006	0.771
75	-0.004	-0.008	0.765
76	-0.005	-0.004	0.771
77	-0.005	-0.007	0.776
78	-0.004	-0.003	0.763
79	-0.003	-0.004	0.759
80	-0.005	-0.005	0.760
81	-0.004	-0.004	0.754
82	-0.005	-0.004	0.754
83	-0.004	-0.009	0.770
84	-0.004	-0.009	0.770
85	-0.003	-0.009	0.767
86	-0.004	-0.007	0.763
87	-0.003	-0.001	0.780
88	-0.003	-0.003	0.771
89	-0.004	-0.003	0.760
90	-0.003	-0.005	0.756
91	-0.004	-0.007	0.766
92	-0.005	-0.008	0.771
93	-0.005	-0.005	0.769
94	-0.005	-0.004	0.768
95	-0.002	-0.003	0.765
96	-0.001	-0.003	0.779
97	-0.001	-0.007	0.774
98	0.000	-0.007	0.759
99	-0.001	-0.005	0.771
100	-0.002	-0.005	0.758
101	-0.005	-0.004	0.758
102	-0.001	-0.005	0.753
103	-0.001	-0.009	0.765
104	-0.001	-0.007	0.769
105	-0.002	0.000	0.770
106	-0.003	0.000	0.775
107	-0.004	-0.005	0.776
108	-0.003	-0.007	0.769
109	-0.003	-0.007	0.762
110	-0.003	-0.004	0.765
111	-0.005	-0.002	0.745
112	-0.003	-0.005	0.765
113	-0.006	-0.007	0.761
114	-0.004	-0.005	0.765
115	-0.004	-0.005	0.775
116	-0.002	-0.007	0.766
117	-0.004	-0.004	0.768
118	-0.003	-0.003	0.775
119	-0.002	-0.006	0.758
120	-0.003	-0.006	0.766
121	-0.002	-0.005	0.760
122	0.001	-0.006	0.760
123	-0.001	-0.006	0.766
124	-0.003	-0.003	0.760
125	0.000	-0.005	0.763
126	-0.003	-0.006	0.779
127	0.000	-0.003	0.766
128	-0.002	-0.004	0.762
129	-0.002	-0.007	0.759
130	0.001	-0.005	0.757
131	-0.001	-0.007	0.759
132	0.001	-0.005	0.757
133	-0.001	-0.003	0.762
134	-0.001	-0.004	0.752
135	-0.001	-0.008	0.762
136	-0.001	-0.006	0.772
137	-0.003	-0.007	0.775
138	-0.002	-0.003	0.775
139	-0.001	-0.003	0.778
140	-0.001	-0.002	0.767
141	-0.001	-0.007	0.753
142	-0.003	-0.007	0.757
143	0.000	-0.002	0.769
144	0.000	-0.004	0.769
145	-0.003	-0.006	0.762
146	-0.002	-0.004	0.770
147	0.000	-0.005	0.777
148	0.000	-0.005	0.767
149	-0.001	-0.004	0.763
150	-0.001	-0.005	0.767
151	-0.001	-0.005	0.765
152	0.001	-0.005	0.757
153	-0.002	-0.005	0.758
154	-0.004	-0.005	0.763
155	-0.001	-0.005	0.759
156	0.000	-0.005	0.776
157	0.000	-0.005	0.767
158	-0.002	-0.005	0.774
159	-0.001	-0.004	0.778
160	-0.002	-0.004	0.768
161	-0.003	-0.003	0.760
162	-0.001	-0.004	0.756
163	-0.003	-0.006	0.765
164	-0.002	-0.007	0.765
165	-0.002	-0.005	0.767
166	-0.001	-0.002	0.768
167	0.000	-0.004	0.770
168	-0.001	-0.003	0.772
169	-0.001	-0.004	0.760
170	0.001	-0.001	0.772
171	-0.002	-0.004	0.765
172	-0.002	-0.004	0.756
173	-0.002	-0.005	0.762
174	0.001	-0.006	0.754
175	0.001	-0.005	0.761
176	0.002	0.001	0.771
177	-0.001	-0.001	0.766
178	-0.002	-0.005	0.764
179	0.000	-0.010	0.763
180	0.000	-0.010	0.767
181	0.001	-0.005	0.763
182	0.003	0.000	0.767
183	0.002	-0.002	0.769
184	0.002	-0.001	0.764
185	0.002	-0.006	0.764
186	0.002	-0.006	0.757
187	0.000	-0.011	0.760
188	0.003	-0.007	0.774
189	-0.001	-0.003	0.773
190	0.001	-0.001	0.771
191	0.001	-0.001	0.766
192	-0.001	-0.003	0.768
193	-0.003	-0.006	0.764
194	-0.003	-0.006	0.767
195	-0.002	-0.004	0.773
196	-0.005	-0.004	0.772
197	-0.005	-0.006	0.765
198	-0.003	-0.005	0.765
199	-0.004	-0.001	0.771
200	-0.004	-0.001	0.768
201	-0.003	-0.002	0.770
202	-0.003	-0.005	0.758
203	-0.003	-0.005	0.760
204	-0.003	-0.009	0.754
205	-0.002	-0.007	0.759
206	-0.003	-0.005	0.754
207	-0.001	-0.002	0.764
208	-0.002	-0.003	0.770
209	-0.001	-0.002	0.775
210	0.000	-0.003	0.772
211	0.000	-0.006	0.771
212	-0.002	-0.009	0.761
213	-0.002	-0.007	0.757
214	0.001	-0.003	0.759
215	-0.001	-0.001	0.763
216	-0.003	-0.001	0.758
217	-0.005	-0.002	0.760
218	-0.003	-0.005	0.771
219	-0.004	-0.008	0.761
220	-0.004	-0.007	0.774
221	-0.003	-0.007	0.768
222	-0.002	-0.004	0.765
223	-0.003	0.000	0.760
224	-0.003	-0.001	0.757
225	-0.004	-0.004	0.765
226	-0.002	-0.009	0.763
227	-0.003	-0.009	0.768
228	0.000	-0.009	0.763
229	0.001	-0.005	0.770
230	0.001	-0.003	0.769
231	0.001	-0.001	0.775
232	0.001	-0.002	0.768
233	-0.002	-0.004	0.760
234	-0.002	-0.006	0.760
235	-0.001	-0.005	0.759
236	-0.003	-0.009	0.764
237	-0.001	-0.007	0.767
238	-0.001	-0.002	0.768
239	-0.002	-0.004	0.775
240	-0.002	-0.005	0.779
241	-0.002	-0.005	0.767
242	-0.003	-0.004	0.763
243	-0.003	-0.006	0.762
244	-0.004	-0.008	0.761
245	-0.002	-0.007	0.766
246	-0.002	-0.005	0.758
247	-0.005	-0.002	0.760
248	-0.002	-0.002	0.772
249	-0.003	-0.003	0.763
250	-0.002	-0.007	0.773
251	-0.002	-0.009	0.774
252	0.000	-0.006	0.768
253	-0.001	-0.005	0.772
254	-0.001	-0.005	0.755
255	-0.002	-0.002	0.755
256	-0.002	-0.001	0.757
257	-0.002	-0.002	0.771
258	-0.003	-0.008	0.765
259	-0.004	-0.007	0.773
260	-0.001	-0.008	0.777
261	0.001	-0.002	0.758
262	-0.002	-0.001	0.769
263	-0.002	-0.003	0.775
264	-0.001	-0.006	0.757
265	-0.001	-0.005	0.761
266	-0.005	-0.004	0.756
267	-0.002	-0.005	0.759
268	-0.002	-0.005	0.765
269	-0.001	-0.005	0.774
270	0.000	-0.003	0.772
271	-0.002	-0.003	0.773
272	-0.001	-0.002	0.763
273	-0.001	-0.002	0.762
274	-0.002	-0.005	0.768
275	-0.001	-0.007	0.757
276	-0.003	-0.007	0.756
277	-0.002	-0.007	0.758
278	-0.004	-0.004	0.767
279	-0.004	-0.003	0.773
280	-0.003	-0.001	0.767
281	-0.002	-0.001	0.771
282	-0.003	-0.007	0.782
283	-0.002	-0.008	0.769
284	-0.004	-0.005	0.771
285	-0.002	0.000	0.759
286	-0.001	0.000	0.759
287	-0.003	-0.005	0.765
288	0.000	-0.005	0.752
289	-0.001	-0.005	0.766
290	-0.005	-0.004	0.760
291	-0.004	-0.003	0.765
292	-0.001	-0.007	0.772
293	-0.002	-0.006	0.764
294	-0.002	-0.003	0.772
295	0.000	-0.001	0.767
296	-0.001	-0.002	0.767
297	-0.001	-0.004	0.760
298	-0.003	-0.009	0.765
299	-0.002	-0.005	0.763
300	0.000	-0.005	0.768
301	-0.002	-0.003	0.771
302	-0.001	-0.003	0.774
303	-0.001	-0.005	0.765
304	-0.003	-0.005	0.766
305	0.000	-0.005	0.765
306	-0.001	-0.005	0.768
307	-0.001	-0.007	0.758
308	-0.001	-0.006	0.759
309	-0.002	-0.006	0.762
310	0.000	-0.003	0.759
311	0.000	-0.003	0.765
312	0.001	-0.005	0.765
313	0.001	-0.003	0.758
314	0.000	-0.005	0.765
315	-0.001	-0.005	0.760
316	0.001	-0.007	0.757
317	-0.002	-0.006	0.758
318	0.000	-0.003	0.761
319	-0.001	-0.001	0.755
320	0.001	-0.003	0.765
321	0.000	-0.007	0.767
322	0.001	-0.007	0.762
323	-0.001	-0.004	0.763
324	-0.001	-0.003	0.758
325	-0.001	-0.005	0.763
326	-0.001	-0.005	0.763
327	-0.001	-0.005	0.757
328	-0.003	-0.003	0.756
329	0.002	-0.001	0.754
330	-0.001	-0.003	0.754
331	-0.003	-0.004	0.763
332	-0.004	-0.005	0.769
333	-0.002	-0.006	0.769
334	-0.001	-0.007	0.780
335	-0.002	-0.005	0.763
336	-0.001	0.001	0.769
337	-0.001	-0.002	0.762
338	-0.001	-0.003	0.756
339	0.001	-0.005	0.757
340	-0.002	-0.006	0.757
341	-0.002	-0.005	0.763
342	0.000	-0.002	0.771
343	-0.001	-0.005	0.765
344	0.000	-0.005	0.767
345	-0.001	-0.006	0.774
346	0.001	-0.003	0.768
347	-0.001	-0.001	0.768
348	-0.001	-0.004	0.763
349	-0.002	-0.006	0.757
350	0.000	-0.009	0.760
351	-0.002	-0.006	0.763
352	-0.001	-0.001	0.769
353	-0.001	0.001	0.773
354	-0.001	0.001	0.760
355	0.001	-0.005	0.767
356	0.000	-0.007	0.769
357	-0.001	-0.005	0.767
358	0.002	-0.002	0.754
359	-0.001	-0.001	0.748
360	-0.001	-0.003	0.760
361	0.000	-0.001	0.761
362	-0.003	-0.003	0.770
363	-0.002	-0.005	0.766
364	-0.001	-0.004	0.779
365	-0.001	-0.005	0.779
366	-0.002	-0.004	0.769
367	-0.002	-0.002	0.759
368	-0.001	-0.004	0.758
369	-0.001	-0.006	0.773
370	-0.001	-0.002	0.760
371	-0.002	-0.005	0.762
372	0.000	-0.006	0.770
373	0.001	-0.005	0.773
374	-0.002	-0.004	0.768
375	-0.002	0.000	0.764
376	-0.001	0.001	0.767
377	-0.003	-0.005	0.756
378	-0.003	-0.008	0.762
379	-0.001	-0.007	0.767
380	-0.004	-0.002	0.757
381	-0.005	0.000	0.759
382	-0.003	-0.004	0.761
383	-0.002	-0.003	0.767
384	-0.001	-0.002	0.774
385	-0.002	-0.004	0.770
386	-0.002	-0.005	0.767
387	-0.001	-0.010	0.751
388	-0.002	-0.007	0.761
389	-0.001	-0.004	0.751
390	-0.002	0.001	0.754
391	-0.001	0.001	0.757
392	-0.002	-0.001	0.768
393	-0.005	-0.005	0.762
394	-0.004	-0.009	0.774
395	-0.002	-0.011	0.763
396	0.001	-0.006	0.763
397	-0.002	-0.003	0.775
398	-0.001	0.004	0.759
399	-0.002	0.006	0.752
400	0.002	-0.003	0.756
401	-0.001	-0.008	0.753
402	-0.001	-0.009	0.766
403	0.000	-0.008	0.774
404	-0.001	-0.004	0.771
405	-0.001	-0.001	0.773
406	-0.001	-0.003	0.775
407	-0.001	0.000	0.762
408	0.000	-0.001	0.767
409	-0.001	-0.006	0.760
410	-0.002	-0.007	0.768
411	-0.002	-0.012	0.770
412	-0.001	-0.010	0.773
413	0.002	-0.002	0.767
414	0.001	0.001	0.771
415	0.002	0.003	0.762
416	0.001	0.002	0.772
417	0.004	-0.005	0.771
418	-0.001	-0.008	0.760
419	-0.001	-0.009	0.754
420	0.002	-0.006	0.755
421	0.001	-0.004	0.766
422	-0.001	-0.004	0.757
423	0.002	0.000	0.771
424	0.002	0.001	0.777
425	0.001	-0.002	0.768
426	0.002	-0.005	0.765
427	-0.001	-0.007	0.767
428	-0.003	-0.006	0.767
429	0.002	-0.003	0.747
430	0.003	0.002	0.767
431	0.001	0.005	0.762
432	-0.001	0.002	0.759
433	0.000	-0.001	0.769
434	0.000	-0.005	0.770
435	0.000	-0.009	0.779
436	-0.001	-0.007	0.769
437	-0.001	-0.002	0.774
438	0.001	0.003	0.761
439	-0.002	0.001	0.756
440	0.001	-0.002	0.749
441	-0.001	-0.006	0.768
442	-0.003	-0.008	0.761
443	-0.002	-0.006	0.762
444	0.000	-0.005	0.773
445	0.002	-0.001	0.758
446	-0.001	-0.002	0.767
447	0.001	-0.001	0.762
448	0.005	-0.005	0.773
449	0.005	-0.004	0.762
450	0.003	-0.004	0.767
451	0.002	-0.005	0.755
452	0.002	-0.004	0.755
453	0.005	-0.004	0.766
454	0.003	-0.001	0.769
455	0.003	-0.001	0.768
456	0.002	-0.001	0.776
457	0.001	-0.006	0.762
458	0.003	-0.008	0.755
459	0.001	-0.005	0.764
460	0.002	-0.002	0.765
461	-0.001	-0.001	0.756
462	0.001	-0.002	0.771
463	-0.001	-0.002	0.756
464	0.001	-0.001	0.765
465	-0.001	-0.002	0.765
466	-0.001	-0.006	0.757
467	0.001	-0.006	0.766
468	0.001	-0.003	0.766
469	0.002	0.001	0.769
470	0.000	0.001	0.757
471	0.001	-0.002	0.755
472	0.002	-0.003	0.753
473	0.001	-0.004	0.765
474	0.003	-0.003	0.767
475	0.002	-0.004	0.771
476	0.000	-0.006	0.770
477	0.002	-0.005	0.765
478	0.002	-0.003	0.768
479	0.003	0.003	0.762
480	0.001	0.002	0.756
481	0.002	-0.001	0.757
482	0.001	-0.009	0.766
483	-0.001	-0.006	0.756
484	-0.001	-0.006	0.775
485	-0.001	-0.002	0.768
486	-0.002	-0.002	0.765
487	-0.004	0.002	0.777
488	-0.001	-0.001	0.775
489	-0.002	-0.001	0.755
490	-0.003	-0.005	0.757
491	-0.005	-0.004	0.762
492	-0.001	-0.003	0.769
493	0.000	-0.003	0.764
494	-0.002	0.001	0.762
495	-0.002	0.000	0.774
496	0.000	0.003	0.777
497	-0.001	0.001	0.767
498	-0.002	-0.002	0.760
499	-0.003	-0.006	0.761
500	-0.003	-0.010	0.761
501	-0.001	-0.005	0.764
502	0.001	-0.001	0.765
503	0.000	0.001	0.762
504	0.001	0.003	0.761
505	0.003	-0.002	0.777
506	0.000	-0.003	0.770
507	-0.001	-0.005	0.776
508	0.000	-0.006	0.777
509	0.000	-0.006	0.764
510	0.001	-0.003	0.765
511	0.001	-0.003	0.761
512	0.002	-0.001	0.760
513	0.002	-0.003	0.758
514	0.001	-0.001	0.768
515	0.002	-0.005	0.774
516	-0.001	-0.006	0.772
517	0.242	0.042	1.155
518	0.258	0.053	1.204
519	0.257	0.052	1.159
520	0.255	0.049	1.166
521	0.250	0.050	1.169
522	0.252	0.051	1.170
523	0.251	0.052	1.165
524	0.249	0.052	1.161
525	0.247	0.049	1.151
526	0.247	0.052	1.161
527	0.248	0.052	1.167
528	0.247	0.052	1.161
529	0.245	0.049	1.159
530	0.247	0.053	1.159
531	0.243	0.052	1.166
532	0.243	0.052	1.155
533	0.246	0.050	1.157
534	0.240	0.049	1.140
535	0.240	0.053	1.145
536	0.241	0.053	1.147
537	0.239	0.052	1.149
538	0.241	0.050	1.159
539	0.240	0.050	1.147
540	0.240	0.052	1.145
541	0.240	0.053	1.158
542	0.240	0.051	1.152
543	0.240	0.050	1.137
544	0.240	0.052	1.136
545	0.239	0.055	1.142
546	0.236	0.054	1.157
547	0.238	0.050	1.151
548	0.237	0.052	1.143
549	0.238	0.054	1.151
550	0.237	0.054	1.147
551	0.239	0.051	1.140
552	0.237	0.051	1.141
553	0.237	0.052	1.147
554	0.235	0.052	1.145
555	0.236	0.053	1.148
556	0.236	0.051	1.133
557	0.235	0.051	1.152
558	0.236	0.052	1.155
559	0.235	0.052	1.137
560	0.237	0.053	1.145
561	0.234	0.052	1.148
562	0.233	0.053	1.132
563	0.234	0.056	1.137
564	0.233	0.055	1.121
565	0.232	0.053	1.139
566	0.234	0.051	1.149
567	0.232	0.051	1.149
568	0.233	0.054	1.133
569	0.231	0.052	1.143
570	0.233	0.053	1.139
571	0.231	0.051	1.147
572	0.235	0.052	1.144
573	0.232	0.053	1.126
574	0.231	0.053	1.129
575	0.233	0.050	1.137
576	0.230	0.051	1.154
577	0.229	0.054	1.142
578	0.231	0.055	1.135
579	0.233	0.055	1.137
580	0.231	0.052	1.157
581	0.230	0.054	1.145
582	0.229	0.054	1.139
583	0.229	0.051	1.119
584	0.230	0.052	1.131
585	0.229	0.052	1.141
586	0.230	0.051	1.129
587	0.230	0.052	1.124
588	0.230	0.054	1.133
589	0.230	0.053	1.144
590	0.230	0.049	1.133
591	0.228	0.052	1.129
592	0.228	0.055	1.131
593	0.228	0.052	1.140
594	0.226	0.052	1.124
595	0.227	0.053	1.117
596	0.229	0.051	1.129
597	0.227	0.051	1.151
598	0.230	0.056	1.145
599	0.227	0.051	1.125
600	0.228	0.052	1.122
601	0.229	0.052	1.141
602	0.228	0.055	1.149
603	0.226	0.054	1.139
604	0.229	0.048	1.127
605	0.228	0.050	1.115
606	0.230	0.054	1.125
607	0.227	0.052	1.160
608	0.228	0.050	1.141
609	0.230	0.051	1.130
610	0.225	0.050	1.130
611	0.226	0.052	1.151
612	0.228	0.052	1.132
613	0.227	0.052	1.128
614	0.226	0.052	1.114
615	0.227	0.052	1.127
616	0.227	0.050	1.132
617	0.226	0.052	1.139
618	0.227	0.051	1.134
619	0.226	0.051	1.141
620	0.226	0.052	1.135
621	0.223	0.050	1.123
622	0.227	0.051	1.135
623	0.228	0.048	1.128
624	0.228	0.051	1.127
625	0.226	0.052	1.113
626	0.226	0.051	1.109
627	0.229	0.049	1.124
628	0.229	0.049	1.148
629	0.229	0.051	1.128
630	0.226	0.051	1.127
631	0.226	0.049	1.125
632	0.227	0.051	1.127
633	0.226	0.049	1.122
634	0.228	0.052	1.139
635	0.226	0.051	1.124
636	0.226	0.050	1.114
637	0.229	0.051	1.127
638	0.228	0.051	1.134
639	0.226	0.051	1.125
640	0.226	0.049	1.140
641	0.228	0.050	1.133
642	0.227	0.048	1.132
643	0.226	0.048	1.123
644	0.227	0.051	1.120
645	0.225	0.050	1.125
646	0.226	0.050	1.115
647	0.227	0.050	1.118
648	0.225	0.051	1.125
649	0.228	0.052	1.146
650	0.225	0.051	1.132
651	0.229	0.049	1.125
652	0.229	0.049	1.119
653	0.227	0.051	1.125
654	0.226	0.052	1.120
655	0.227	0.051	1.128
656	0.227	0.048	1.121
657	0.226	0.051	1.123
658	0.228	0.050	1.128
659	0.228	0.051	1.130
660	0.228	0.049	1.128
661	0.225	0.049	1.137
662	0.226	0.051	1.121
663	0.225	0.052	1.137
664	0.226	0.050	1.122
665	0.226	0.049	1.125
666	0.226	0.051	1.121
667	0.225	0.052	1.121
668	0.222	0.049	1.133
669	0.224	0.051	1.132
670	0.224	0.049	1.144
671	0.223	0.047	1.131
672	0.224	0.051	1.135
673	0.226	0.050	1.113
674	0.225	0.049	1.119
675	0.225	0.048	1.128
676	0.225	0.048	1.131
677	0.228	0.049	1.127
678	0.222	0.051	1.128
679	0.224	0.048	1.121
680	0.225	0.048	1.133
681	0.224	0.051	1.126
682	0.222	0.052	1.132
683	0.222	0.050	1.113
684	0.223	0.050	1.116
685	0.226	0.048	1.103
686	0.223	0.052	1.119
687	0.222	0.052	1.137
688	0.225	0.048	1.137
689	0.225	0.050	1.129
690	0.223	0.053	1.119
691	0.225	0.052	1.123
692	0.228	0.052	1.129
693	0.225	0.046	1.126
694	0.226	0.049	1.119
695	0.226	0.050	1.116
696	0.229	0.051	1.125
697	0.227	0.048	1.129
698	0.228	0.048	1.129
699	0.227	0.053	1.139
700	0.229	0.053	1.141
701	0.226	0.049	1.125
702	0.228	0.050	1.118
703	0.229	0.050	1.117
704	0.228	0.051	1.118
705	0.225	0.049	1.120
706	0.226	0.050	1.120
707	0.226	0.050	1.119
708	0.224	0.050	1.129
709	0.226	0.051	1.121
710	0.224	0.051	1.119
711	0.226	0.051	1.137
712	0.224	0.052	1.125
713	0.227	0.049	1.118
714	0.226	0.052	1.119
715	0.224	0.049	1.113
716	0.225	0.050	1.116
717	0.225	0.049	1.109
718	0.225	0.050	1.139
719	0.226	0.051	1.143
720	0.226	0.051	1.136
721	0.227	0.052	1.111
722	0.227	0.050	1.113
723	0.225	0.051	1.115
724	0.225	0.053	1.117
725	0.226	0.052	1.113
726	0.226	0.048	1.109
727	0.227	0.051	1.118
728	0.226	0.052	1.137
729	0.227	0.052	1.138
730	0.226	0.050	1.123
731	0.225	0.050	1.121
732	0.226	0.052	1.120
733	0.225	0.052	1.117
734	0.225	0.053	1.141
735	0.225	0.052	1.135
736	0.226	0.048	1.122
737	0.225	0.054	1.130
738	0.226	0.053	1.139
739	0.224	0.050	1.115
740	0.226	0.050	1.125
741	0.227	0.052	1.120
742	0.225	0.052	1.115
743	0.226	0.050	1.125
744	0.225	0.052	1.129
745	0.229	0.052	1.119
746	0.225	0.052	1.123
747	0.225	0.050	1.135
748	0.226	0.054	1.143
749	0.229	0.051	1.121
750	0.226	0.048	1.128
751	0.226	0.053	1.123
752	0.225	0.053	1.119
753	0.225	0.050	1.115
754	0.227	0.054	1.123
755	0.224	0.052	1.131
756	0.225	0.049	1.121
757	0.224	0.051	1.136
758	0.225	0.051	1.118
759	0.224	0.048	1.131
760	0.224	0.052	1.124
761	0.224	0.051	1.125
762	0.225	0.050	1.109
763	0.225	0.049	1.121
764	0.225	0.049	1.129
765	0.224	0.049	1.132
766	0.224	0.051	1.133
767	0.223	0.052	1.126
768	0.224	0.050	1.116
769	0.225	0.049	1.128
770	0.225	0.049	1.125
771	0.224	0.052	1.111
772	0.222	0.050	1.117
773	0.223	0.045	1.119
774	0.225	0.050	1.123
775	0.225	0.052	1.127
776	0.224	0.051	1.136
777	0.223	0.051	1.117
778	0.225	0.047	1.119
779	0.225	0.049	1.134
780	0.224	0.052	1.121
781	0.224	0.053	1.121
782	0.224	0.051	1.114
783	0.225	0.048	1.133
784	0.225	0.050	1.125
785	0.225	0.052	1.138
786	0.222	0.052	1.145
787	0.224	0.048	1.133
788	0.226	0.050	1.129
789	0.226	0.051	1.121
790	0.223	0.052	1.117
791	0.224	0.050	1.119
792	0.225	0.050	1.120
793	0.226	0.049	1.128
794	0.225	0.051	1.129
795	0.227	0.053	1.127
796	0.226	0.049	1.127
797	0.225	0.051	1.126
798	0.226	0.050	1.131
799	0.226	0.053	1.126
800	0.226	0.053	1.118
801	0.228	0.050	1.123
802	0.228	0.050	1.115
803	0.225	0.053	1.122
804	0.226	0.050	1.135
805	0.227	0.049	1.135
806	0.228	0.051	1.131
807	0.229	0.049	1.123
808	0.226	0.051	1.123
809	0.227	0.052	1.123
810	0.227	0.048	1.110
811	0.228	0.049	1.130
812	0.229	0.051	1.130
813	0.227	0.050	1.131
814	0.226	0.052	1.133
815	0.228	0.050	1.128
816	0.228	0.049	1.137
817	0.228	0.052	1.131
818	0.229	0.051	1.129
819	0.229	0.053	1.123
820	0.230	0.049	1.133
821	0.228	0.049	1.121
822	0.227	0.049	1.132
823	0.227	0.053	1.129
824	0.230	0.047	1.143
825	0.228	0.049	1.138
826	0.230	0.051	1.142
827	0.229	0.052	1.120
828	0.229	0.052	1.115
829	0.227	0.052	1.132
830	0.229	0.047	1.131
831	0.230	0.051	1.135
832	0.230	0.052	1.133
833	0.230	0.049	1.123
834	0.231	0.050	1.133
835	0.232	0.049	1.147
836	0.233	0.051	1.118
837	0.231	0.051	1.114
838	0.230	0.052	1.109
839	0.232	0.048	1.134
840	0.234	0.049	1.125
841	0.230	0.053	1.124
842	0.231	0.054	1.132
843	0.233	0.050	1.119
844	0.232	0.052	1.128
845	0.232	0.052	1.135
846	0.231	0.052	1.114
847	0.232	0.051	1.115
848	0.233	0.048	1.111
849	0.234	0.046	1.117
850	0.231	0.052	1.127
851	0.235	0.054	1.134
852	0.234	0.048	1.133
853	0.233	0.050	1.136
854	0.234	0.051	1.123
855	0.237	0.049	1.125
856	0.236	0.052	1.126
857	0.234	0.051	1.117
858	0.235	0.050	1.110
859	0.235	0.052	1.113
860	0.237	0.051	1.125
861	0.235	0.052	1.133
862	0.235	0.052	1.119
863	0.236	0.049	1.132
864	0.238	0.051	1.122
865	0.236	0.053	1.131
866	0.235	0.053	1.115
867	0.235	0.053	1.116
868	0.235	0.053	1.121
869	0.235	0.053	1.125
870	0.236	0.053	1.122
871	0.235	0.054	1.138
872	0.237	0.052	1.120
873	0.236	0.051	1.136
874	0.237	0.052	1.119
875	0.234	0.052	1.109
876	0.236	0.052	1.121
877	0.236	0.049	1.114
878	0.237	0.054	1.124
879	0.234	0.053	1.121
880	0.237	0.051	1.133
881	0.236	0.052	1.137
882	0.235	0.051	1.128
883	0.235	0.053	1.129
884	0.235	0.052	1.115
885	0.236	0.054	1.123
886	0.236	0.049	1.135
887	0.237	0.052	1.117
888	0.238	0.056	1.119
889	0.235	0.055	1.118
890	0.235	0.050	1.131
891	0.236	0.052	1.135
892	0.237	0.052	1.128
893	0.235	0.052	1.131
894	0.235	0.054	1.119
895	0.238	0.052	1.119
896	0.236	0.049	1.126
897	0.237	0.054	1.116
898	0.235	0.053	1.120
899	0.237	0.053	1.129
900	0.237	0.051	1.127
901	0.236	0.053	1.132
902	0.235	0.051	1.132
903	0.238	0.051	1.127
904	0.237	0.052	1.119
905	0.238	0.050	1.115
906	0.236	0.052	1.122
907	0.234	0.053	1.135
908	0.236	0.052	1.131
909	0.236	0.050	1.117
910	0.234	0.052	1.123
911	0.238	0.050	1.134
912	0.236	0.053	1.123
913	0.233	0.051	1.124
914	0.235	0.051	1.126
915	0.237	0.050	1.101
916	0.235	0.054	1.121
917	0.235	0.053	1.139
918	0.235	0.050	1.130
919	0.234	0.050	1.130
920	0.233	0.050	1.121
921	0.235	0.051	1.137
922	0.232	0.054	1.122
923	0.235	0.052	1.117
924	0.236	0.049	1.124
925	0.233	0.051	1.120
926	0.235	0.052	1.120
927	0.236	0.052	1.116
928	0.235	0.049	1.125
929	0.234	0.050	1.132
930	0.234	0.049	1.131
931	0.235	0.051	1.133
932	0.233	0.051	1.121
933	0.233	0.047	1.121
934	0.234	0.049	1.122
935	0.234	0.053	1.127
936	0.235	0.053	1.136
937	0.235	0.052	1.134
938	0.235	0.051	1.133
939	0.236	0.053	1.129
940	0.236	0.051	1.122
941	0.235	0.052	1.141
942	0.235	0.052	1.119
943	0.237	0.048	1.129
944	0.236	0.051	1.131
945	0.236	0.054	1.129
946	0.236	0.051	1.136
947	0.239	0.051	1.143
948	0.239	0.049	1.129
949	0.239	0.051	1.137
950	0.236	0.050	1.131
951	0.237	0.052	1.124
952	0.237	0.050	1.127
953	0.234	0.048	1.118
954	0.237	0.051	1.129
955	0.235	0.053	1.141
956	0.237	0.051	1.135
957	0.238	0.051	1.141
958	0.238	0.053	1.143
959	0.236	0.052	1.132
960	0.237	0.052	1.137
961	0.238	0.052	1.122
962	0.237	0.049	1.127
963	0.236	0.052	1.144
964	0.236	0.053	1.143
965	0.235	0.052	1.139
966	0.237	0.048	1.135
967	0.237	0.051	1.131
968	0.236	0.052	1.123
969	0.238	0.052	1.133
970	0.236	0.052	1.135
971	0.238	0.051	1.120
972	0.236	0.050	1.129
973	0.236	0.052	1.125
974	0.237	0.052	1.141
975	0.238	0.052	1.142
976	0.237	0.051	1.140
977	0.240	0.051	1.147
978	0.237	0.051	1.142
979	0.239	0.052	1.124
980	0.238	0.050	1.125
981	0.235	0.046	1.132
982	0.237	0.053	1.159
983	0.237	0.052	1.144
984	0.238	0.051	1.131
985	0.237	0.050	1.140
986	0.237	0.052	1.151
987	0.235	0.051	1.138
988	0.235	0.052	1.127
989	0.235	0.052	1.128
990	0.235	0.049	1.145
991	0.237	0.051	1.152
992	0.236	0.052	1.143
993	0.237	0.053	1.141
994	0.236	0.050	1.140
995	0.236	0.053	1.154
996	0.237	0.052	1.145
997	0.235	0.052	1.131
998	0.236	0.051	1.131
999	0.238	0.052	1.148
1000	0.238	0.051	1.137
1001	0.236	0.054	1.135
1002	0.236	0.056	1.153
1003	0.235	0.053	1.150
1004	0.235	0.051	1.141
1005	0.237	0.052	1.144
1006	0.235	0.051	1.139
1007	0.235	0.048	1.133
1008	0.236	0.052	1.148
1009	0.236	0.051	1.139
1010	0.235	0.052	1.131
1011	0.234	0.052	1.147
1012	0.235	0.053	1.151
1013	0.237	0.050	1.149
1014	0.238	0.051	1.145
1015	0.236	0.054	1.140
1016	0.237	0.053	1.143
1017	0.236	0.052	1.068
1018	0.532	0.121	1.685
1019	0.537	0.126	1.597
1020	0.534	0.125	1.624
1021	0.531	0.129	1.616
1022	0.531	0.126	1.633
1023	0.527	0.124	1.617
1024	0.525	0.126	1.599
1025	0.525	0.127	1.601
1026	0.523	0.125	1.599
1027	0.524	0.123	1.600
1028	0.522	0.124	1.600
1029	0.521	0.123	1.611
1030	0.523	0.127	1.611
1031	0.521	0.123	1.602
1032	0.522	0.123	1.599
1033	0.523	0.120	1.589
1034	0.520	0.123	1.598
1035	0.519	0.124	1.597
1036	0.520	0.124	1.589
1037	0.522	0.123	1.574
1038	0.519	0.122	1.588
1039	0.520	0.126	1.580
1040	0.520	0.123	1.584
1041	0.521	0.122	1.594
1042	0.521	0.120	1.593
1043	0.520	0.122	1.586
1044	0.518	0.126	1.580
1045	0.517	0.122	1.570
1046	0.519	0.120	1.574
1047	0.519	0.120	1.585
1048	0.519	0.123	1.597
1049	0.519	0.121	1.593
1050	0.519	0.122	1.576
1051	0.520	0.119	1.579
1052	0.519	0.122	1.595
1053	0.518	0.122	1.579
1054	0.519	0.122	1.584
1055	0.518	0.120	1.586
1056	0.519	0.121	1.579
1057	0.519	0.123	1.591
1058	0.517	0.122	1.590
1059	0.516	0.123	1.584
1060	0.520	0.121	1.599
1061	0.518	0.120	1.590
1062	0.517	0.122	1.577
1063	0.515	0.123	1.577
1064	0.516	0.122	1.573
1065	0.515	0.121	1.568
1066	0.517	0.122	1.571
1067	0.515	0.123	1.588
1068	0.516	0.123	1.579
1069	0.515	0.123	1.579
1070	0.515	0.121	1.585
1071	0.513	0.122	1.576
1072	0.514	0.122	1.572
1073	0.515	0.123	1.585
1074	0.515	0.121	1.576
1075	0.513	0.120	1.567
1076	0.516	0.118	1.578
1077	0.512	0.122	1.585
1078	0.512	0.121	1.586
1079	0.512	0.120	1.575
1080	0.513	0.121	1.581
1081	0.512	0.120	1.566
1082	0.512	0.119	1.565
1083	0.512	0.119	1.576
1084	0.513	0.117	1.573
1085	0.511	0.119	1.580
1086	0.511	0.118	1.574
1087	0.510	0.120	1.587
1088	0.511	0.118	1.580
1089	0.512	0.116	1.585
1090	0.510	0.114	1.578
1091	0.509	0.122	1.554
1092	0.510	0.118	1.577
1093	0.511	0.118	1.577
1094	0.510	0.118	1.584
1095	0.507	0.121	1.580
1096	0.510	0.120	1.577
1097	0.509	0.119	1.577
1098	0.510	0.117	1.568
1099	0.509	0.119	1.578
1100	0.507	0.117	1.575
1101	0.508	0.120	1.561
1102	0.507	0.119	1.567
1103	0.508	0.118	1.584
1104	0.509	0.121	1.572
1105	0.507	0.122	1.584
1106	0.507	0.122	1.580
1107	0.506	0.119	1.569
1108	0.507	0.121	1.580
1109	0.507	0.122	1.575
1110	0.507	0.123	1.559
1111	0.507	0.121	1.556
1112	0.507	0.118	1.569
1113	0.507	0.121	1.582
1114	0.506	0.121	1.578
1115	0.506	0.121	1.584
1116	0.506	0.122	1.569
1117	0.506	0.120	1.563
1118	0.507	0.122	1.569
1119	0.507	0.120	1.570
1120	0.504	0.123	1.567
1121	0.505	0.120	1.566
1122	0.507	0.117	1.584
1123	0.506	0.120	1.563
1124	0.507	0.121	1.579
1125	0.506	0.120	1.583
1126	0.506	0.119	1.590
1127	0.507	0.121	1.562
1128	0.508	0.121	1.571
1129	0.508	0.121	1.566
1130	0.506	0.120	1.575
1131	0.505	0.120	1.575
1132	0.506	0.120	1.571
1133	0.506	0.120	1.570
1134	0.507	0.122	1.580
1135	0.506	0.119	1.577
1136	0.505	0.120	1.568
1137	0.506	0.117	1.573
1138	0.507	0.121	1.559
1139	0.505	0.120	1.566
1140	0.505	0.120	1.569
1141	0.505	0.118	1.575
1142	0.507	0.117	1.569
1143	0.505	0.121	1.570
1144	0.505	0.120	1.583
1145	0.505	0.117	1.584
1146	0.504	0.118	1.567
1147	0.505	0.117	1.566
1148	0.502	0.120	1.567
1149	0.502	0.118	1.571
1150	0.505	0.118	1.565
1151	0.505	0.120	1.577
1152	0.504	0.117	1.580
1153	0.505	0.121	1.587
1154	0.506	0.116	1.572
1155	0.506	0.120	1.569
1156	0.505	0.118	1.568
1157	0.505	0.121	1.565
1158	0.504	0.120	1.554
1159	0.506	0.120	1.566
1160	0.504	0.119	1.563
1161	0.506	0.120	1.571
1162	0.506	0.124	1.564
1163	0.505	0.119	1.570
1164	0.506	0.119	1.558
1165	0.508	0.117	1.564
1166	0.504	0.120	1.554
1167	0.504	0.119	1.560
1168	0.505	0.120	1.557
1169	0.504	0.119	1.558
1170	0.505	0.120	1.568
1171	0.505	0.120	1.574
1172	0.505	0.123	1.570
1173	0.506	0.118	1.570
1174	0.505	0.120	1.564
1175	0.506	0.118	1.551
1176	0.505	0.120	1.565
1177	0.503	0.118	1.566
1178	0.503	0.119	1.549
1179	0.504	0.119	1.575
1180	0.502	0.120	1.565
1181	0.502	0.122	1.565
1182	0.502	0.118	1.576
1183	0.502	0.119	1.562
1184	0.503	0.118	1.556
1185	0.504	0.118	1.555
1186	0.502	0.121	1.576
1187	0.503	0.118	1.567
1188	0.504	0.117	1.553
1189	0.505	0.117	1.569
1190	0.502	0.120	1.564
1191	0.503	0.115	1.569
1192	0.502	0.116	1.574
1193	0.502	0.114	1.562
1194	0.502	0.117	1.548
1195	0.503	0.116	1.558
1196	0.503	0.117	1.557
1197	0.502	0.114	1.558
1198	0.503	0.116	1.565
1199	0.503	0.116	1.567
1200	0.502	0.117	1.564
1201	0.503	0.115	1.562
1202	0.504	0.116	1.575
1203	0.503	0.115	1.552
1204	0.503	0.116	1.552
1205	0.501	0.119	1.562
1206	0.502	0.114	1.548
1207	0.501	0.113	1.554
1208	0.503	0.115	1.568
1209	0.500	0.118	1.575
1210	0.501	0.116	1.566
1211	0.502	0.113	1.570
1212	0.502	0.116	1.564
1213	0.503	0.115	1.568
1214	0.498	0.116	1.556
1215	0.500	0.116	1.563
1216	0.500	0.118	1.560
1217	0.501	0.115	1.570
1218	0.501	0.116	1.573
1219	0.500	0.118	1.566
1220	0.501	0.113	1.565
1221	0.502	0.115	1.556
1222	0.502	0.114	1.556
1223	0.500	0.116	1.566
1224	0.498	0.117	1.560
1225	0.498	0.116	1.547
1226	0.501	0.113	1.565
1227	0.502	0.116	1.564
1228	0.503	0.117	1.566
1229	0.500	0.115	1.560
1230	0.500	0.116	1.563
1231	0.501	0.114	1.562
1232	0.502	0.116	1.544
1233	0.500	0.115	1.559
1234	0.501	0.116	1.555
1235	0.499	0.114	1.554
1236	0.501	0.117	1.556
1237	0.498	0.119	1.562
1238	0.501	0.117	1.562
1239	0.499	0.115	1.565
1240	0.501	0.117	1.563
1241	0.501	0.116	1.548
1242	0.501	0.118	1.550
1243	0.497	0.118	1.566
1244	0.501	0.118	1.558
1245	0.499	0.118	1.554
1246	0.501	0.115	1.562
1247	0.499	0.120	1.581
1248	0.499	0.117	1.560
1249	0.498	0.117	1.566
1250	0.501	0.116	1.566
1251	0.500	0.116	1.559
1252	0.502	0.119	1.551
1253	0.502	0.118	1.562
1254	0.501	0.117	1.547
1255	0.501	0.116	1.547
1256	0.501	0.117	1.567
1257	0.498	0.117	1.567
1258	0.499	0.116	1.576
1259	0.499	0.115	1.563
1260	0.498	0.115	1.555
1261	0.499	0.118	1.559
1262	0.498	0.116	1.552
1263	0.500	0.117	1.563
1264	0.503	0.114	1.569
1265	0.500	0.115	1.560
1266	0.499	0.116	1.562
1267	0.502	0.117	1.569
1268	0.502	0.114	1.566
1269	0.499	0.116	1.568
1270	0.502	0.117	1.562
1271	0.498	0.118	1.544
1272	0.502	0.116	1.555
1273	0.503	0.114	1.550
1274	0.501	0.118	1.556
1275	0.500	0.118	1.564
1276	0.501	0.116	1.574
1277	0.501	0.117	1.567
1278	0.501	0.117	1.568
1279	0.502	0.116	1.566
1280	0.503	0.119	1.558
1281	0.501	0.117	1.564
1282	0.501	0.117	1.556
1283	0.502	0.116	1.550
1284	0.502	0.119	1.552
1285	0.501	0.116	1.556
1286	0.502	0.119	1.566
1287	0.501	0.116	1.559
1288	0.501	0.117	1.569
1289	0.500	0.118	1.560
1290	0.500	0.119	1.554
1291	0.500	0.117	1.560
1292	0.503	0.116	1.549
1293	0.499	0.117	1.550
1294	0.501	0.119	1.572
1295	0.501	0.120	1.562
1296	0.497	0.116	1.559
1297	0.499	0.116	1.571
1298	0.500	0.117	1.566
1299	0.498	0.120	1.569
1300	0.497	0.119	1.566
1301	0.498	0.114	1.561
1302	0.501	0.117	1.554
1303	0.500	0.116	1.556
1304	0.498	0.117	1.544
1305	0.499	0.117	1.571
1306	0.499	0.116	1.572
1307	0.498	0.117	1.578
1308	0.498	0.117	1.567
1309	0.498	0.118	1.561
1310	0.498	0.117	1.556
1311	0.497	0.114	1.550
1312	0.498	0.115	1.557
1313	0.500	0.119	1.570
1314	0.498	0.117	1.561
1315	0.498	0.117	1.570
1316	0.498	0.113	1.563
1317	0.497	0.116	1.564
1318	0.497	0.117	1.567
1319	0.496	0.119	1.566
1320	0.499	0.115	1.560
1321	0.499	0.117	1.557
1322	0.499	0.115	1.548
1323	0.499	0.118	1.553
1324	0.498	0.117	1.571
1325	0.498	0.117	1.576
1326	0.498	0.116	1.557
1327	0.497	0.117	1.548
1328	0.496	0.119	1.574
1329	0.498	0.117	1.570
1330	0.499	0.115	1.568
1331	0.499	0.116	1.566
1332	0.500	0.119	1.554
1333	0.498	0.117	1.564
1334	0.497	0.117	1.559
1335	0.497	0.117	1.562
1336	0.498	0.116	1.570
1337	0.497	0.116	1.561
1338	0.497	0.114	1.562
1339	0.497	0.119	1.562
1340	0.496	0.116	1.560
1341	0.496	0.116	1.561
1342	0.494	0.118	1.549
1343	0.496	0.114	1.559
1344	0.498	0.116	1.559
1345	0.497	0.114	1.567
1346	0.495	0.117	1.570
1347	0.496	0.116	1.560
1348	0.494	0.115	1.556
1349	0.495	0.115	1.559
1350	0.497	0.118	1.552
1351	0.496	0.115	1.552
1352	0.496	0.116	1.541
1353	0.496	0.115	1.551
1354	0.495	0.116	1.550
1355	0.494	0.115	1.560
1356	0.494	0.117	1.548
1357	0.495	0.118	1.557
1358	0.495	0.119	1.554
1359	0.494	0.114	1.568
1360	0.495	0.117	1.549
1361	0.494	0.117	1.547
1362	0.494	0.119	1.554
1363	0.497	0.117	1.557
1364	0.497	0.114	1.552
1365	0.495	0.117	1.560
1366	0.494	0.121	1.542
1367	0.494	0.118	1.557
1368	0.493	0.116	1.551
1369	0.493	0.117	1.552
1370	0.492	0.120	1.560
1371	0.492	0.116	1.552
1372	0.492	0.117	1.546
1373	0.494	0.114	1.547
1374	0.492	0.114	1.550
1375	0.491	0.117	1.558
1376	0.496	0.116	1.554
1377	0.494	0.115	1.557
1378	0.493	0.110	1.566
1379	0.492	0.114	1.567
1380	0.491	0.116	1.550
1381	0.493	0.114	1.544
1382	0.493	0.113	1.541
1383	0.492	0.113	1.559
1384	0.491	0.114	1.548
1385	0.491	0.114	1.563
1386	0.490	0.113	1.551
1387	0.494	0.113	1.560
1388	0.492	0.113	1.564
1389	0.493	0.111	1.552
1390	0.492	0.112	1.552
1391	0.492	0.112	1.554
1392	0.493	0.110	1.546
1393	0.494	0.113	1.535
1394	0.492	0.113	1.553
1395	0.493	0.115	1.551
1396	0.494	0.112	1.555
1397	0.494	0.112	1.573
1398	0.493	0.116	1.554
1399	0.492	0.115	1.556
1400	0.493	0.114	1.562
1401	0.493	0.116	1.553
1402	0.493	0.116	1.552
1403	0.493	0.117	1.559
1404	0.493	0.114	1.551
1405	0.492	0.117	1.556
1406	0.493	0.116	1.553
1407	0.496	0.117	1.548
1408	0.493	0.118	1.560
1409	0.493	0.116	1.569
1410	0.493	0.116	1.559
1411	0.494	0.116	1.544
1412	0.494	0.116	1.549
1413	0.494	0.118	1.544
1414	0.495	0.117	1.539
1415	0.494	0.115	1.555
1416	0.495	0.116	1.556
1417	0.494	0.116	1.558
1418	0.496	0.115	1.559
1419	0.493	0.115	1.557
1420	0.494	0.115	1.559
1421	0.495	0.115	1.550
1422	0.495	0.116	1.542
1423	0.495	0.118	1.542
1424	0.493	0.114	1.550
1425	0.495	0.115	1.541
1426	0.494	0.114	1.553
1427	0.495	0.118	1.554
1428	0.496	0.115	1.551
1429	0.494	0.115	1.555
1430	0.496	0.114	1.554
1431	0.495	0.120	1.557
1432	0.496	0.115	1.552
1433	0.494	0.117	1.550
1434	0.496	0.114	1.544
1435	0.497	0.114	1.552
1436	0.497	0.115	1.546
1437	0.495	0.118	1.548
1438	0.496	0.115	1.550
1439	0.496	0.115	1.567
1440	0.498	0.113	1.552
1441	0.496	0.117	1.555
1442	0.497	0.115	1.551
1443	0.495	0.117	1.548
1444	0.497	0.115	1.549
1445	0.497	0.115	1.544
1446	0.495	0.117	1.548
1447	0.494	0.117	1.554
1448	0.498	0.114	1.563
1449	0.496	0.115	1.563
1450	0.495	0.116	1.548
1451	0.496	0.119	1.558
1452	0.495	0.116	1.558
1453	0.494	0.113	1.533
1454	0.495	0.117	1.547
1455	0.496	0.116	1.550
1456	0.494	0.116	1.560
1457	0.496	0.114	1.569
1458	0.494	0.114	1.554
1459	0.495	0.113	1.551
1460	0.493	0.115	1.554
1461	0.494	0.116	1.550
1462	0.495	0.115	1.541
1463	0.496	0.111	1.538
1464	0.496	0.113	1.554
1465	0.494	0.115	1.553
1466	0.494	0.114	1.543
1467	0.496	0.112	1.532
1468	0.495	0.114	1.558
1469	0.496	0.114	1.560
1470	0.494	0.113	1.560
1471	0.493	0.112	1.558
1472	0.496	0.112	1.540
1473	0.495	0.112	1.542
1474	0.497	0.111	1.542
1475	0.495	0.116	1.556
1476	0.495	0.113	1.540
1477	0.494	0.113	1.552
1478	0.495	0.111	1.554
1479	0.498	0.114	1.550
1480	0.495	0.116	1.558
1481	0.496	0.114	1.554
1482	0.497	0.112	1.557
1483	0.496	0.114	1.554
1484	0.495	0.115	1.550
1485	0.496	0.115	1.546
1486	0.497	0.111	1.552
1487	0.498	0.113	1.539
1488	0.498	0.114	1.565
1489	0.495	0.116	1.562
1490	0.497	0.114	1.562
1491	0.496	0.112	1.565
1492	0.497	0.114	1.548
1493	0.496	0.113	1.554
1494	0.497	0.114	1.546
1495	0.495	0.113	1.550
1496	0.496	0.115	1.550
1497	0.496	0.110	1.554
1498	0.495	0.117	1.551
1499	0.495	0.114	1.552
1500	0.496	0.114	1.561
1501	0.497	0.113	1.566
1502	0.496	0.115	1.551
1503	0.497	0.116	1.559
1504	0.495	0.116	1.549
1505	0.495	0.115	1.545
1506	0.495	0.116	1.544
1507	0.492	0.113	1.556
1508	0.494	0.118	1.558
1509	0.495	0.116	1.554
1510	0.496	0.116	1.557
1511	0.494	0.113	1.570
1512	0.493	0.117	1.567
1513	0.494	0.117	1.558
1514	0.495	0.119	1.544
1515	0.495	0.114	1.558
1516	0.495	0.117	1.542
1517	0.495	0.117	1.542
1518	0.562	0.132	1.875
1519	0.797	0.191	2.011
1520	0.799	0.189	2.051
1521	0.794	0.193	2.007
1522	0.793	0.192	2.032
1523	0.791	0.193	2.037
1524	0.788	0.191	2.036
1525	0.789	0.190	2.029
1526	0.787	0.190	2.011
1527	0.786	0.193	2.021
1528	0.783	0.190	2.015
1529	0.786	0.187	2.006
1530	0.782	0.189	2.007
1531	0.782	0.189	2.003
1532	0.783	0.185	2.020
1533	0.782	0.189	2.030
1534	0.781	0.185	2.011
1535	0.781	0.187	2.005
1536	0.779	0.191	2.011
1537	0.780	0.187	2.002
1538	0.777	0.185	2.005
1539	0.780	0.186	2.006
1540	0.779	0.187	1.998
1541	0.775	0.187	2.008
1542	0.776	0.189	1.999
1543	0.776	0.185	2.006
1544	0.777	0.185	2.003
1545	0.774	0.185	2.006
1546	0.776	0.185	2.014
1547	0.775	0.186	1.994
1548	0.773	0.185	2.000
1549	0.775	0.184	1.993
1550	0.773	0.184	1.998
1551	0.773	0.187	1.987
1552	0.773	0.185	1.988
1553	0.770	0.180	1.987
1554	0.773	0.185	2.002
1555	0.773	0.183	2.006
1556	0.771	0.183	1.992
1557	0.771	0.180	2.001
1558	0.769	0.181	1.987
1559	0.770	0.183	1.988
1560	0.770	0.181	1.977
1561	0.768	0.181	1.977
1562	0.768	0.181	1.977
1563	0.770	0.179	1.995
1564	0.768	0.181	1.995
1565	0.768	0.183	1.988
1566	0.768	0.180	1.994
1567	0.768	0.176	1.990
1568	0.768	0.176	1.988
1569	0.770	0.178	1.982
1570	0.768	0.181	1.989
1571	0.769	0.176	1.982
1572	0.766	0.175	1.979
1573	0.768	0.176	1.976
1574	0.769	0.177	1.986
1575	0.768	0.179	1.990
1576	0.768	0.176	1.998
1577	0.768	0.174	1.989
1578	0.768	0.177	1.983
1579	0.766	0.177	1.988
1580	0.766	0.175	1.980
1581	0.766	0.176	1.972
1582	0.765	0.175	1.966
1583	0.766	0.177	1.982
1584	0.764	0.177	1.984
1585	0.766	0.174	1.974
1586	0.765	0.176	1.975
1587	0.764	0.174	1.990
1588	0.765	0.175	1.994
1589	0.762	0.177	1.979
1590	0.763	0.176	1.972
1591	0.761	0.175	1.976
1592	0.764	0.176	1.976
1593	0.763	0.177	1.970
1594	0.762	0.178	1.970
1595	0.763	0.178	1.979
1596	0.762	0.176	1.983
1597	0.761	0.176	1.988
1598	0.761	0.180	1.980
1599	0.760	0.178	1.982
1600	0.760	0.177	1.986
1601	0.760	0.177	1.977
1602	0.758	0.177	1.973
1603	0.759	0.179	1.970
1604	0.761	0.177	1.968
1605	0.757	0.177	1.989
1606	0.758	0.179	1.978
1607	0.760	0.178	1.994
1608	0.759	0.181	1.982
1609	0.759	0.179	1.983
1610	0.760	0.177	1.978
1611	0.759	0.178	1.983
1612	0.758	0.178	1.963
1613	0.756	0.179	1.964
1614	0.756	0.178	1.961
1615	0.757	0.178	1.967
1616	0.757	0.177	1.965
1617	0.755	0.179	1.975
1618	0.755	0.179	1.977
1619	0.757	0.179	1.981
1620	0.757	0.179	1.971
1621	0.756	0.178	1.966
1622	0.757	0.178	1.964
1623	0.754	0.177	1.964
1624	0.755	0.178	1.954
1625	0.755	0.178	1.958
1626	0.755	0.180	1.963
1627	0.754	0.181	1.971
1628	0.755	0.180	1.971
1629	0.754	0.176	1.975
1630	0.754	0.181	1.968
1631	0.754	0.178	1.958
1632	0.754	0.180	1.971
1633	0.753	0.180	1.963
1634	0.754	0.178	1.961
1635	0.753	0.179	1.950
1636	0.752	0.178	1.951
1637	0.756	0.178	1.962
1638	0.755	0.178	1.960
1639	0.755	0.176	1.968
1640	0.754	0.179	1.974
1641	0.751	0.180	1.956
1642	0.754	0.177	1.963
1643	0.754	0.178	1.950
1644	0.753	0.178	1.954
1645	0.753	0.180	1.953
1646	0.753	0.179	1.955
1647	0.753	0.176	1.965
1648	0.753	0.177	1.966
1649	0.752	0.178	1.966
1650	0.750	0.179	1.970
1651	0.751	0.178	1.968
1652	0.753	0.178	1.962
1653	0.749	0.177	1.965
1654	0.750	0.177	1.952
1655	0.750	0.177	1.947
1656	0.750	0.179	1.949
1657	0.750	0.178	1.970
1658	0.749	0.179	1.957
1659	0.750	0.177	1.959
1660	0.750	0.179	1.967
1661	0.749	0.177	1.983
1662	0.752	0.177	1.966
1663	0.750	0.179	1.956
1664	0.750	0.177	1.950
1665	0.748	0.180	1.947
1666	0.751	0.176	1.954
1667	0.752	0.178	1.957
1668	0.750	0.179	1.961
1669	0.750	0.177	1.952
1670	0.748	0.178	1.953
1671	0.746	0.177	1.958
1672	0.746	0.176	1.942
1673	0.747	0.175	1.954
1674	0.745	0.176	1.955
1675	0.744	0.177	1.947
1676	0.746	0.176	1.952
1677	0.745	0.175	1.953
1678	0.745	0.177	1.961
1679	0.743	0.175	1.960
1680	0.744	0.175	1.961
1681	0.747	0.175	1.967
1682	0.747	0.174	1.950
1683	0.745	0.178	1.944
1684	0.744	0.173	1.955
1685	0.743	0.175	1.951
1686	0.743	0.175	1.949
1687	0.744	0.173	1.942
1688	0.742	0.176	1.947
1689	0.742	0.176	1.957
1690	0.743	0.174	1.962
1691	0.743	0.174	1.970
1692	0.743	0.172	1.966
1693	0.743	0.175	1.954
1694	0.742	0.175	1.950
1695	0.742	0.174	1.955
1696	0.742	0.174	1.944
1697	0.744	0.173	1.944
1698	0.741	0.176	1.957
1699	0.742	0.172	1.957
1700	0.742	0.175	1.951
1701	0.740	0.173	1.958
1702	0.741	0.173	1.961
1703	0.741	0.176	1.958
1704	0.743	0.173	1.960
1705	0.740	0.173	1.947
1706	0.740	0.175	1.944
1707	0.741	0.174	1.945
1708	0.743	0.176	1.954
1709	0.742	0.172	1.958
1710	0.741	0.173	1.944
1711	0.741	0.171	1.958
1712	0.740	0.176	1.954
1713	0.741	0.174	1.958
1714	0.740	0.174	1.949
1715	0.738	0.175	1.947
1716	0.738	0.175	1.938
1717	0.738	0.175	1.947
1718	0.739	0.174	1.939
1719	0.740	0.171	1.949
1720	0.738	0.172	1.955
1721	0.736	0.172	1.954
1722	0.739	0.174	1.956
1723	0.738	0.170	1.952
1724	0.739	0.170	1.946
1725	0.738	0.171	1.951
1726	0.735	0.172	1.942
1727	0.738	0.173	1.951
1728	0.739	0.170	1.943
1729	0.738	0.172	1.950
1730	0.739	0.172	1.942
1731	0.738	0.171	1.944
1732	0.739	0.174	1.947
1733	0.738	0.168	1.951
1734	0.740	0.172	1.946
1735	0.738	0.172	1.937
1736	0.737	0.172	1.935
1737	0.738	0.174	1.927
1738	0.739	0.170	1.942
1739	0.737	0.169	1.945
1740	0.737	0.173	1.939
1741	0.738	0.171	1.953
1742	0.740	0.173	1.962
1743	0.740	0.171	1.956
1744	0.741	0.169	1.945
1745	0.741	0.171	1.949
1746	0.738	0.173	1.953
1747	0.739	0.171	1.950
1748	0.741	0.170	1.930
1749	0.739	0.172	1.938
1750	0.740	0.172	1.943
1751	0.738	0.169	1.949
1752	0.739	0.170	1.944
1753	0.741	0.171	1.950
1754	0.738	0.172	1.946
1755	0.739	0.170	1.940
1756	0.739	0.169	1.944
1757	0.741	0.169	1.927
1758	0.741	0.171	1.937
1759	0.741	0.173	1.935
1760	0.739	0.174	1.941
1761	0.741	0.172	1.931
1762	0.739	0.171	1.950
1763	0.738	0.170	1.953
1764	0.742	0.174	1.945
1765	0.738	0.173	1.944
1766	0.740	0.169	1.933
1767	0.738	0.172	1.941
1768	0.741	0.172	1.949
1769	0.739	0.173	1.939
1770	0.739	0.171	1.946
1771	0.735	0.171	1.942
1772	0.736	0.171	1.954
1773	0.740	0.171	1.945
1774	0.737	0.171	1.943
1775	0.737	0.174	1.954
1776	0.737	0.169	1.952
1777	0.737	0.170	1.933
1778	0.736	0.171	1.939
1779	0.737	0.171	1.935
1780	0.735	0.171	1.932
1781	0.738	0.171	1.937
1782	0.737	0.170	1.955
1783	0.734	0.172	1.940
1784	0.737	0.170	1.938
1785	0.736	0.169	1.935
1786	0.734	0.170	1.936
1787	0.736	0.171	1.946
1788	0.736	0.172	1.940
1789	0.734	0.171	1.926
1790	0.737	0.170	1.936
1791	0.734	0.169	1.928
1792	0.735	0.171	1.935
1793	0.735	0.171	1.937
1794	0.734	0.171	1.949
1795	0.735	0.168	1.941
1796	0.735	0.167	1.937
1797	0.735	0.170	1.940
1798	0.732	0.170	1.943
1799	0.733	0.171	1.925
1800	0.735	0.167	1.927
1801	0.735	0.168	1.931
1802	0.732	0.172	1.934
1803	0.734	0.171	1.946
1804	0.735	0.170	1.938
1805	0.732	0.167	1.945
1806	0.733	0.171	1.957
1807	0.731	0.171	1.942
1808	0.732	0.168	1.935
1809	0.733	0.170	1.931
1810	0.734	0.167	1.936
1811	0.732	0.172	1.932
1812	0.732	0.171	1.923
1813	0.730	0.167	1.929
1814	0.731	0.170	1.948
1815	0.732	0.168	1.940
1816	0.731	0.170	1.940
1817	0.730	0.170	1.941
1818	0.732	0.168	1.931
1819	0.731	0.167	1.932
1820	0.732	0.168	1.928
1821	0.731	0.169	1.927
1822	0.732	0.168	1.929
1823	0.732	0.169	1.939
1824	0.732	0.168	1.926
1825	0.733	0.167	1.938
1826	0.731	0.170	1.935
1827	0.732	0.168	1.944
1828	0.731	0.168	1.940
1829	0.734	0.169	1.931
1830	0.730	0.168	1.920
1831	0.730	0.169	1.921
1832	0.728	0.168	1.938
1833	0.732	0.168	1.944
1834	0.732	0.168	1.924
1835	0.730	0.168	1.929
1836	0.728	0.168	1.947
1837	0.730	0.167	1.942
1838	0.732	0.168	1.935
1839	0.730	0.167	1.934
1840	0.731	0.171	1.921
1841	0.730	0.169	1.929
1842	0.729	0.167	1.923
1843	0.729	0.167	1.931
1844	0.730	0.167	1.939
1845	0.728	0.171	1.929
1846	0.727	0.167	1.943
1847	0.728	0.166	1.928
1848	0.729	0.166	1.921
1849	0.728	0.170	1.929
1850	0.728	0.170	1.919
1851	0.729	0.168	1.927
1852	0.731	0.167	1.935
1853	0.729	0.165	1.940
1854	0.726	0.168	1.941
1855	0.728	0.170	1.935
1856	0.728	0.167	1.933
1857	0.730	0.167	1.928
1858	0.729	0.168	1.934
1859	0.726	0.166	1.921
1860	0.727	0.170	1.923
1861	0.728	0.166	1.924
1862	0.727	0.165	1.922
1863	0.727	0.168	1.933
1864	0.727	0.167	1.927
1865	0.726	0.167	1.933
1866	0.727	0.165	1.934
1867	0.728	0.164	1.945
1868	0.724	0.166	1.939
1869	0.726	0.167	1.934
1870	0.725	0.166	1.927
1871	0.725	0.166	1.927
1872	0.728	0.166	1.929
1873	0.724	0.165	1.921
1874	0.726	0.168	1.927
1875	0.725	0.166	1.928
1876	0.724	0.163	1.927
1877	0.724	0.164	1.935
1878	0.725	0.165	1.928
1879	0.724	0.166	1.934
1880	0.724	0.166	1.917
1881	0.725	0.161	1.932
1882	0.724	0.165	1.922
1883	0.722	0.166	1.923
1884	0.723	0.168	1.928
1885	0.723	0.166	1.921
1886	0.723	0.164	1.923
1887	0.726	0.165	1.937
1888	0.725	0.164	1.937
1889	0.725	0.166	1.928
1890	0.726	0.165	1.923
1891	0.725	0.165	1.917
1892	0.726	0.169	1.908
1893	0.724	0.165	1.917
1894	0.726	0.169	1.923
1895	0.727	0.167	1.921
1896	0.724	0.167	1.925
1897	0.725	0.166	1.931
1898	0.725	0.167	1.923
1899	0.722	0.166	1.919
1900	0.726	0.168	1.929
1901	0.725	0.166	1.917
1902	0.722	0.167	1.918
1903	0.725	0.168	1.917
1904	0.726	0.164	1.918
1905	0.728	0.164	1.921
1906	0.726	0.164	1.935
1907	0.726	0.166	1.928
1908	0.726	0.167	1.934
1909	0.725	0.168	1.927
1910	0.725	0.163	1.927
1911	0.728	0.167	1.920
1912	0.725	0.164	1.911
1913	0.724	0.165	1.920
1914	0.727	0.165	1.923
1915	0.729	0.165	1.917
1916	0.726	0.166	1.925
1917	0.727	0.168	1.930
1918	0.724	0.167	1.943
1919	0.725	0.165	1.938
1920	0.725	0.164	1.917
1921	0.726	0.162	1.921
1922	0.725	0.165	1.919
1923	0.725	0.165	1.924
1924	0.725	0.163	1.921
1925	0.724	0.166	1.916
1926	0.724	0.165	1.912
1927	0.723	0.165	1.933
1928	0.725	0.165	1.930
1929	0.726	0.165	1.937
1930	0.724	0.165	1.927
1931	0.727	0.165	1.929
1932	0.725	0.164	1.918
1933	0.725	0.164	1.913
1934	0.721	0.161	1.914
1935	0.723	0.165	1.923
1936	0.722	0.166	1.922
1937	0.723	0.164	1.930
1938	0.722	0.164	1.931
1939	0.722	0.163	1.936
1940	0.722	0.167	1.921
1941	0.723	0.164	1.917
1942	0.722	0.164	1.913
1943	0.722	0.163	1.908
1944	0.722	0.163	1.934
1945	0.720	0.163	1.916
1946	0.721	0.161	1.912
1947	0.722	0.165	1.922
1948	0.720	0.163	1.921
1949	0.721	0.166	1.931
1950	0.721	0.162	1.923
1951	0.722	0.163	1.914
1952	0.721	0.162	1.913
1953	0.720	0.160	1.913
1954	0.718	0.164	1.924
1955	0.721	0.162	1.913
1956	0.722	0.162	1.921
1957	0.723	0.161	1.916
1958	0.722	0.162	1.929
1959	0.721	0.165	1.935
1960	0.719	0.163	1.922
1961	0.721	0.162	1.925
1962	0.720	0.159	1.908
1963	0.719	0.163	1.915
1964	0.718	0.162	1.908
1965	0.719	0.163	1.905
1966	0.719	0.159	1.929
1967	0.719	0.161	1.913
1968	0.718	0.161	1.919
1969	0.719	0.164	1.923
1970	0.719	0.165	1.925
1971	0.719	0.163	1.919
1972	0.719	0.161	1.913
1973	0.720	0.161	1.914
1974	0.721	0.161	1.916
1975	0.721	0.164	1.907
1976	0.718	0.159	1.918
1977	0.721	0.159	1.923
1978	0.720	0.163	1.927
1979	0.723	0.163	1.925
1980	0.720	0.163	1.927
1981	0.720	0.160	1.931
1982	0.720	0.163	1.927
1983	0.720	0.162	1.912
1984	0.721	0.163	1.908
1985	0.720	0.161	1.911
1986	0.721	0.159	1.919
1987	0.721	0.163	1.927
1988	0.720	0.160	1.927
1989	0.720	0.163	1.915
1990	0.719	0.162	1.921
1991	0.721	0.161	1.935
1992	0.722	0.160	1.923
1993	0.720	0.161	1.904
1994	0.718	0.163	1.903
1995	0.719	0.160	1.917
1996	0.719	0.159	1.920
1997	0.720	0.162	1.917
1998	0.720	0.161	1.924
1999	0.718	0.159	1.926
2000	0.720	0.158	1.925
2001	0.719	0.160	1.927
2002	0.718	0.160	1.919
2003	0.718	0.162	1.915
2004	0.719	0.160	1.908
2005	0.720	0.159	1.914
2006	0.720	0.160	1.912
2007	0.720	0.162	1.915
2008	0.721	0.160	1.919
2009	0.719	0.161	1.927
2010	0.721	0.160	1.916
2011	0.719	0.160	1.917
2012	0.719	0.161	1.926
2013	0.718	0.160	1.923
2014	0.717	0.158	1.907
2015	0.719	0.160	1.912
2016	0.720	0.158	1.915
2017	0.718	0.161	1.913
2018	0.717	0.160	1.915
2019	0.895	0.199	2.272
2020	1.027	0.238	2.448
2021	1.019	0.238	2.386
2022	1.016	0.236	2.396
2023	1.014	0.235	2.397
2024	1.010	0.235	2.394
2025	1.011	0.232	2.393
2026	1.008	0.235	2.388
2027	1.006	0.237	2.370
2028	1.003	0.233	2.377
2029	1.003	0.232	2.373
2030	1.000	0.232	2.368
2031	0.998	0.235	2.374
2032	0.998	0.230	2.369
2033	0.998	0.230	2.374
2034	0.995	0.230	2.378
2035	0.995	0.228	2.370
2036	0.994	0.229	2.368
2037	0.994	0.231	2.365
2038	0.993	0.229	2.358
2039	0.993	0.227	2.361
2040	0.993	0.226	2.345
2041	0.991	0.229	2.337
2042	0.989	0.228	2.353
2043	0.989	0.224	2.367
2044	0.987	0.226	2.360
2045	0.987	0.227	2.364
2046	0.987	0.225	2.350
2047	0.987	0.226	2.347
2048	0.987	0.226	2.353
2049	0.985	0.224	2.345
2050	0.987	0.225	2.340
2051	0.984	0.224	2.351
2052	0.985	0.223	2.351
2053	0.982	0.223	2.340
2054	0.982	0.227	2.343
2055	0.980	0.225	2.357
2056	0.982	0.223	2.355
2057	0.980	0.220	2.335
2058	0.982	0.222	2.337
2059	0.981	0.222	2.337
2060	0.979	0.222	2.332
2061	0.978	0.224	2.336
2062	0.978	0.222	2.344
2063	0.977	0.221	2.335
2064	0.978	0.224	2.349
2065	0.977	0.221	2.335
2066	0.976	0.221	2.325
2067	0.978	0.224	2.327
2068	0.977	0.218	2.340
2069	0.978	0.221	2.328
2070	0.975	0.221	2.333
2071	0.973	0.218	2.336
2072	0.979	0.218	2.338
2073	0.974	0.218	2.323
2074	0.973	0.220	2.331
2075	0.974	0.221	2.327
2076	0.974	0.218	2.329
2077	0.973	0.218	2.347
2078	0.973	0.221	2.329
2079	0.972	0.220	2.318
2080	0.971	0.216	2.305
2081	0.971	0.218	2.325
2082	0.971	0.219	2.341
2083	0.971	0.221	2.333
2084	0.971	0.221	2.328
2085	0.971	0.218	2.329
2086	0.970	0.217	2.327
2087	0.969	0.219	2.322
2088	0.969	0.219	2.331
2089	0.968	0.218	2.312
2090	0.968	0.217	2.309
2091	0.971	0.218	2.312
2092	0.968	0.216	2.321
2093	0.967	0.219	2.333
2094	0.968	0.219	2.324
2095	0.968	0.216	2.328
2096	0.967	0.217	2.330
2097	0.965	0.217	2.326
2098	0.966	0.217	2.314
2099	0.965	0.218	2.291
2100	0.964	0.216	2.313
2101	0.965	0.214	2.311
2102	0.964	0.219	2.316
2103	0.963	0.218	2.316
2104	0.963	0.217	2.306
2105	0.964	0.215	2.311
2106	0.964	0.217	2.311
2107	0.962	0.214	2.307
2108	0.962	0.216	2.317
2109	0.961	0.215	2.305
2110	0.962	0.217	2.304
2111	0.962	0.213	2.294
2112	0.962	0.216	2.306
2113	0.961	0.216	2.318
2114	0.961	0.215	2.312
2115	0.960	0.212	2.307
2116	0.960	0.214	2.311
2117	0.958	0.215	2.306
2118	0.960	0.219	2.303
2119	0.960	0.212	2.292
2120	0.958	0.213	2.300
2121	0.959	0.217	2.291
2122	0.961	0.216	2.305
2123	0.957	0.213	2.306
2124	0.958	0.214	2.320
2125	0.958	0.215	2.314
2126	0.957	0.214	2.306
2127	0.957	0.217	2.293
2128	0.958	0.212	2.285
2129	0.958	0.215	2.303
2130	0.955	0.214	2.297
2131	0.957	0.213	2.298
2132	0.955	0.215	2.286
2133	0.955	0.211	2.309
2134	0.953	0.213	2.299
2135	0.956	0.214	2.304
2136	0.955	0.214	2.299
2137	0.955	0.213	2.292
2138	0.954	0.212	2.298
2139	0.955	0.211	2.298
2140	0.953	0.214	2.282
2141	0.953	0.212	2.284
2142	0.951	0.210	2.293
2143	0.954	0.212	2.304
2144	0.952	0.209	2.312
2145	0.952	0.212	2.308
2146	0.951	0.211	2.298
2147	0.953	0.210	2.300
2148	0.953	0.208	2.288
2149	0.951	0.210	2.291
2150	0.949	0.213	2.298
2151	0.950	0.210	2.296
2152	0.951	0.211	2.285
2153	0.950	0.206	2.299
2154	0.950	0.210	2.302
2155	0.949	0.212	2.298
2156	0.949	0.210	2.297
2157	0.949	0.210	2.298
2158	0.948	0.209	2.293
2159	0.948	0.208	2.281
2160	0.947	0.211	2.284
2161	0.948	0.209	2.280
2162	0.949	0.204	2.286
2163	0.947	0.208	2.291
2164	0.946	0.208	2.295
2165	0.946	0.208	2.299
2166	0.946	0.208	2.293
2167	0.946	0.204	2.290
2168	0.947	0.208	2.292
2169	0.945	0.208	2.280
2170	0.943	0.209	2.280
2171	0.943	0.206	2.288
2172	0.943	0.207	2.282
2173	0.944	0.209	2.286
2174	0.942	0.206	2.294
2175	0.943	0.208	2.290
2176	0.944	0.205	2.286
2177	0.944	0.207	2.290
2178	0.943	0.209	2.288
2179	0.940	0.207	2.278
2180	0.943	0.205	2.296
2181	0.940	0.207	2.274
2182	0.943	0.205	2.281
2183	0.943	0.208	2.272
2184	0.940	0.205	2.285
2185	0.941	0.205	2.300
2186	0.940	0.207	2.283
2187	0.942	0.206	2.283
2188	0.941	0.206	2.284
2189	0.938	0.208	2.285
2190	0.939	0.207	2.271
2191	0.941	0.206	2.270
2192	0.941	0.207	2.261
2193	0.940	0.208	2.276
2194	0.937	0.210	2.284
2195	0.939	0.204	2.278
2196	0.939	0.207	2.288
2197	0.939	0.207	2.289
2198	0.936	0.207	2.278
2199	0.938	0.208	2.279
2200	0.938	0.203	2.280
2201	0.936	0.205	2.272
2202	0.938	0.208	2.262
2203	0.936	0.206	2.283
2204	0.937	0.207	2.269
2205	0.936	0.204	2.281
2206	0.936	0.207	2.285
2207	0.936	0.208	2.278
2208	0.934	0.206	2.278
2209	0.935	0.205	2.274
2210	0.936	0.207	2.271
2211	0.936	0.204	2.268
2212	0.935	0.208	2.256
2213	0.933	0.206	2.263
2214	0.936	0.204	2.263
2215	0.933	0.205	2.277
2216	0.934	0.204	2.274
2217	0.934	0.209	2.284
2218	0.936	0.206	2.276
2219	0.934	0.204	2.277
2220	0.934	0.207	2.260
2221	0.931	0.204	2.259
2222	0.933	0.207	2.276
2223	0.936	0.206	2.269
2224	0.933	0.205	2.260
2225	0.934	0.205	2.260
2226	0.936	0.205	2.265
2227	0.933	0.206	2.275
2228	0.932	0.205	2.276
2229	0.935	0.202	2.284
2230	0.933	0.203	2.258
2231	0.931	0.205	2.262
2232	0.930	0.205	2.260
2233	0.931	0.205	2.264
2234	0.933	0.202	2.263
2235	0.932	0.205	2.265
2236	0.930	0.204	2.263
2237	0.932	0.204	2.272
2238	0.932	0.204	2.269
2239	0.928	0.203	2.276
2240	0.932	0.204	2.280
2241	0.930	0.204	2.272
2242	0.933	0.206	2.257
2243	0.931	0.203	2.251
2244	0.930	0.202	2.264
2245	0.929	0.201	2.274
2246	0.930	0.208	2.259
2247	0.930	0.203	2.262
2248	0.929	0.199	2.271
2249	0.932	0.202	2.281
2250	0.932	0.203	2.268
2251	0.928	0.204	2.263
2252	0.926	0.202	2.259
2253	0.929	0.199	2.261
2254	0.927	0.201	2.265
2255	0.927	0.202	2.250
2256	0.926	0.202	2.261
2257	0.929	0.203	2.270
2258	0.928	0.201	2.271
2259	0.927	0.203	2.270
2260	0.926	0.206	2.273
2261	0.930	0.202	2.260
2262	0.926	0.202	2.268
2263	0.928	0.200	2.246
2264	0.927	0.201	2.259
2265	0.925	0.204	2.263
2266	0.925	0.201	2.261
2267	0.926	0.202	2.264
2268	0.926	0.201	2.266
2269	0.925	0.202	2.259
2270	0.925	0.204	2.270
2271	0.925	0.201	2.266
2272	0.926	0.202	2.262
2273	0.925	0.200	2.246
2274	0.921	0.201	2.252
2275	0.923	0.199	2.262
2276	0.924	0.198	2.255
2277	0.922	0.200	2.251
2278	0.925	0.198	2.255
2279	0.924	0.202	2.259
2280	0.923	0.200	2.272
2281	0.924	0.198	2.260
2282	0.923	0.199	2.259
2283	0.924	0.197	2.255
2284	0.922	0.201	2.250
2285	0.923	0.199	2.251
2286	0.924	0.200	2.257
2287	0.920	0.196	2.259
2288	0.923	0.198	2.242
2289	0.922	0.203	2.261
2290	0.923	0.200	2.259
2291	0.921	0.200	2.251
2292	0.922	0.197	2.264
2293	0.922	0.199	2.264
2294	0.923	0.200	2.242
2295	0.922	0.200	2.247
2296	0.922	0.198	2.255
2297	0.922	0.197	2.259
2298	0.922	0.201	2.238
2299	0.921	0.202	2.247
2300	0.921	0.202	2.249
2301	0.920	0.196	2.254
2302	0.920	0.201	2.252
2303	0.919	0.198	2.251
2304	0.917	0.200	2.245
2305	0.920	0.203	2.241
2306	0.919	0.197	2.241
2307	0.918	0.199	2.243
2308	0.919	0.200	2.240
2309	0.917	0.200	2.246
2310	0.919	0.197	2.252
2311	0.919	0.198	2.249
2312	0.919	0.199	2.244
2313	0.918	0.201	2.255
2314	0.917	0.199	2.244
2315	0.918	0.199	2.244
2316	0.919	0.197	2.256
2317	0.918	0.197	2.244
2318	0.917	0.199	2.238
2319	0.917	0.200	2.232
2320	0.918	0.199	2.247
2321	0.916	0.196	2.257
2322	0.918	0.199	2.251
2323	0.915	0.199	2.250
2324	0.914	0.199	2.241
2325	0.917	0.197	2.240
2326	0.917	0.199	2.246
2327	0.914	0.199	2.236
2328	0.917	0.199	2.239
2329	0.916	0.200	2.240
2330	0.917	0.198	2.245
2331	0.915	0.200	2.241
2332	0.915	0.197	2.247
2333	0.915	0.202	2.250
2334	0.913	0.196	2.248
2335	0.915	0.196	2.236
2336	0.916	0.200	2.244
2337	0.914	0.201	2.236
2338	0.913	0.198	2.238
2339	0.914	0.196	2.231
2340	0.916	0.198	2.226
2341	0.913	0.198	2.220
2342	0.915	0.199	2.234
2343	0.914	0.199	2.249
2344	0.911	0.195	2.244
2345	0.912	0.199	2.239
2346	0.913	0.197	2.234
2347	0.911	0.199	2.236
2348	0.911	0.199	2.228
2349	0.913	0.196	2.224
2350	0.912	0.198	2.229
2351	0.912	0.196	2.230
2352	0.911	0.197	2.229
2353	0.912	0.199	2.243
2354	0.912	0.197	2.239
2355	0.914	0.199	2.240
2356	0.912	0.198	2.238
2357	0.909	0.200	2.243
2358	0.912	0.198	2.230
2359	0.911	0.196	2.224
2360	0.912	0.200	2.219
2361	0.912	0.198	2.233
2362	0.909	0.199	2.231
2363	0.910	0.198	2.243
2364	0.911	0.196	2.240
2365	0.910	0.201	2.241
2366	0.908	0.198	2.223
2367	0.909	0.199	2.232
2368	0.907	0.196	2.227
2369	0.908	0.197	2.222
2370	0.906	0.198	2.206
2371	0.908	0.198	2.213
2372	0.906	0.198	2.228
2373	0.907	0.194	2.236
2374	0.907	0.197	2.244
2375	0.909	0.198	2.231
2376	0.909	0.198	2.228
2377	0.907	0.196	2.230
2378	0.905	0.196	2.236
2379	0.909	0.196	2.223
2380	0.906	0.195	2.222
2381	0.907	0.197	2.221
2382	0.907	0.194	2.225
2383	0.909	0.196	2.229
2384	0.908	0.196	2.224
2385	0.906	0.196	2.224
2386	0.907	0.194	2.227
2387	0.907	0.193	2.239
2388	0.906	0.194	2.227
2389	0.907	0.196	2.225
2390	0.905	0.197	2.211
2391	0.906	0.198	2.221
2392	0.909	0.194	2.236
2393	0.906	0.196	2.229
2394	0.909	0.195	2.211
2395	0.906	0.195	2.227
2396	0.906	0.195	2.239
2397	0.910	0.196	2.227
2398	0.907	0.194	2.228
2399	0.907	0.195	2.216
2400	0.909	0.195	2.212
2401	0.906	0.196	2.211
2402	0.907	0.195	2.217
2403	0.910	0.193	2.216
2404	0.907	0.194	2.222
2405	0.907	0.195	2.220
2406	0.906	0.194	2.223
2407	0.907	0.193	2.233
2408	0.906	0.194	2.238
2409	0.905	0.195	2.226
2410	0.906	0.196	2.229
2411	0.906	0.194	2.223
2412	0.906	0.191	2.213
2413	0.903	0.194	2.212
2414	0.907	0.194	2.215
2415	0.905	0.195	2.211
2416	0.906	0.193	2.213
2417	0.902	0.192	2.232
2418	0.906	0.195	2.236
2419	0.904	0.195	2.222
2420	0.902	0.194	2.222
2421	0.904	0.192	2.212
2422	0.904	0.194	2.211
2423	0.902	0.193	2.205
2424	0.902	0.195	2.204
2425	0.903	0.194	2.215
2426	0.905	0.194	2.233
2427	0.902	0.194	2.213
2428	0.904	0.193	2.207
2429	0.903	0.194	2.218
2430	0.900	0.192	2.211
2431	0.902	0.192	2.210
2432	0.901	0.192	2.208
2433	0.900	0.195	2.208
2434	0.901	0.194	2.214
2435	0.901	0.192	2.200
2436	0.900	0.192	2.199
2437	0.898	0.195	2.210
2438	0.901	0.195	2.220
2439	0.900	0.198	2.214
2440	0.899	0.194	2.214
2441	0.899	0.193	2.207
2442	0.899	0.194	2.221
2443	0.898	0.194	2.202
2444	0.898	0.194	2.201
2445	0.898	0.195	2.199
2446	0.899	0.192	2.204
2447	0.898	0.195	2.208
2448	0.897	0.197	2.204
2449	0.897	0.196	2.214
2450	0.897	0.193	2.210
2451	0.896	0.194	2.208
2452	0.897	0.194	2.207
2453	0.896	0.198	2.200
2454	0.896	0.193	2.207
2455	0.896	0.193	2.214
2456	0.895	0.194	2.207
2457	0.896	0.196	2.196
2458	0.894	0.197	2.198
2459	0.894	0.191	2.201
2460	0.895	0.194	2.223
2461	0.894	0.192	2.212
2462	0.895	0.195	2.206
2463	0.895	0.193	2.206
2464	0.893	0.194	2.212
2465	0.895	0.192	2.195
2466	0.894	0.194	2.191
2467	0.892	0.192	2.202
2468	0.893	0.194	2.203
2469	0.892	0.189	2.193
2470	0.893	0.191	2.219
2471	0.892	0.191	2.212
2472	0.891	0.192	2.221
2473	0.890	0.193	2.224
2474	0.891	0.189	2.208
2475	0.893	0.190	2.194
2476	0.891	0.190	2.196
2477	0.891	0.192	2.203
2478	0.890	0.190	2.203
2479	0.891	0.191	2.204
2480	0.890	0.189	2.208
2481	0.889	0.190	2.204
2482	0.891	0.191	2.205
2483	0.890	0.189	2.214
2484	0.893	0.189	2.213
2485	0.889	0.189	2.206
2486	0.888	0.192	2.200
2487	0.888	0.191	2.194
2488	0.888	0.190	2.199
2489	0.888	0.188	2.204
2490	0.888	0.191	2.199
2491	0.886	0.190	2.207
2492	0.887	0.191	2.192
2493	0.887	0.190	2.196
2494	0.886	0.188	2.203
2495	0.887	0.190	2.196
2496	0.885	0.191	2.190
2497	0.884	0.189	2.187
2498	0.884	0.188	2.191
2499	0.885	0.190	2.182
2500	0.884	0.190	2.187
2501	0.883	0.191	2.190
2502	0.884	0.188	2.194
2503	0.884	0.187	2.201
2504	0.882	0.187	2.211
2505	0.879	0.191	2.199
2506	0.882	0.189	2.184
2507	0.881	0.190	2.181
2508	0.882	0.188	2.184
2509	0.881	0.189	2.186
2510	0.883	0.190	2.184
2511	0.882	0.192	2.194
2512	0.881	0.189	2.188
2513	0.881	0.187	2.188
2514	0.879	0.188	2.204
2515	0.880	0.193	2.207
2516	0.878	0.187	2.200
2517	0.877	0.189	2.193
2518	0.881	0.188	2.186
2519	0.879	0.187	2.196
2520	0.531	0.110	1.467
2521	0.139	0.005	0.873
2522	-0.002	-0.007	0.752
2523	-0.002	-0.005	0.774
2524	-0.003	-0.007	0.757
2525	-0.001	-0.009	0.761
2526	-0.002	-0.009	0.782
2527	-0.003	-0.007	0.781
2528	-0.004	-0.007	0.747
2529	-0.004	-0.007	0.746
2530	-0.005	-0.007	0.771
2531	-0.005	-0.006	0.763
2532	-0.001	-0.008	0.758
2533	-0.005	-0.009	0.780
2534	-0.005	-0.008	0.778
2535	-0.005	-0.007	0.767
2536	-0.007	-0.007	0.746
2537	-0.007	-0.008	0.766
2538	-0.005	-0.007	0.781
2539	-0.006	-0.006	0.766
2540	-0.008	-0.004	0.770
2541	-0.008	-0.007	0.771
2542	-0.008	-0.008	0.762
2543	-0.009	-0.007	0.757
2544	-0.009	-0.006	0.772
2545	-0.009	-0.007	0.776
2546	-0.009	-0.009	0.778
2547	-0.007	-0.007	0.767
2548	-0.009	-0.009	0.768
2549	-0.007	-0.007	0.766
2550	-0.007	-0.012	0.765
2551	-0.007	-0.013	0.757
2552	-0.005	-0.012	0.762
2553	-0.005	-0.010	0.755
2554	-0.005	-0.010	0.765
2555	-0.006	-0.007	0.770
2556	-0.005	-0.009	0.768
2557	-0.003	-0.010	0.769
2558	-0.007	-0.008	0.776
2559	-0.006	-0.010	0.770
2560	-0.001	-0.012	0.768
2561	-0.003	-0.011	0.764
2562	-0.004	-0.010	0.756
2563	-0.003	-0.011	0.749
2564	-0.004	-0.009	0.765
2565	-0.003	-0.011	0.772
2566	-0.004	-0.010	0.779
2567	-0.004	-0.008	0.771
2568	-0.005	-0.006	0.775
2569	-0.005	-0.010	0.772
2570	-0.003	-0.009	0.777
2571	-0.002	-0.009	0.770
2572	-0.006	-0.007	0.765
2573	-0.003	-0.005	0.766
2574	-0.002	-0.009	0.764
2575	-0.004	-0.009	0.762
2576	-0.002	-0.012	0.763
2577	-0.001	-0.011	0.767
2578	-0.003	-0.007	0.772
2579	-0.003	-0.009	0.773
2580	-0.003	-0.009	0.767
2581	-0.002	-0.009	0.766
2582	-0.002	-0.009	0.768
2583	-0.002	-0.005	0.764
2584	0.001	-0.006	0.764
2585	0.002	-0.006	0.761
2586	0.001	-0.006	0.766
2587	0.001	-0.005	0.765
2588	0.004	-0.006	0.771
2589	0.003	-0.007	0.762
2590	0.004	-0.007	0.769
2591	0.005	-0.004	0.779
2592	0.003	-0.005	0.770
2593	0.006	-0.003	0.756
2594	0.005	-0.009	0.757
2595	0.006	-0.005	0.769
2596	0.005	-0.004	0.772
2597	0.005	-0.003	0.763
2598	0.004	-0.005	0.771
2599	0.005	-0.005	0.775
2600	0.003	-0.006	0.774
2601	0.005	-0.005	0.767
2602	0.003	-0.007	0.774
2603	0.005	-0.007	0.766
2604	0.003	-0.008	0.760
2605	0.003	-0.007	0.761
2606	0.003	-0.006	0.760
2607	0.002	-0.006	0.761
2608	0.000	-0.009	0.766
2609	0.003	-0.009	0.757
2610	-0.001	-0.007	0.768
2611	0.003	-0.004	0.767
2612	0.002	-0.002	0.767
2613	0.002	-0.005	0.769
2614	0.002	-0.007	0.761
2615	0.003	-0.009	0.766
2616	0.003	-0.007	0.755
2617	0.003	-0.007	0.752
2618	0.002	-0.007	0.760
2619	0.003	-0.006	0.767
2620	0.001	-0.006	0.766
2621	0.001	-0.007	0.776
2622	0.003	-0.009	0.766
2623	0.003	-0.009	0.769
2624	0.004	-0.009	0.777
2625	0.004	-0.006	0.762
2626	0.003	-0.002	0.769
2627	0.000	-0.004	0.761
2628	0.002	-0.009	0.760
2629	0.001	-0.011	0.753
2630	0.001	-0.011	0.770
2631	-0.001	-0.009	0.761
2632	-0.003	-0.009	0.770
2633	-0.001	-0.006	0.767
2634	-0.002	-0.005	0.777
2635	-0.005	-0.002	0.768
2636	-0.006	-0.005	0.763
2637	-0.006	-0.010	0.757
2638	-0.005	-0.012	0.762
2639	-0.006	-0.008	0.755
2640	-0.007	-0.010	0.761
2641	-0.008	-0.007	0.769
2642	-0.006	-0.005	0.759
2643	-0.007	-0.007	0.774
2644	-0.007	-0.007	0.782
2645	-0.006	-0.007	0.770
2646	-0.007	-0.013	0.763
2647	-0.007	-0.013	0.759
2648	-0.005	-0.011	0.761
2649	-0.003	-0.007	0.768
2650	-0.007	-0.006	0.765
2651	-0.005	-0.007	0.769
2652	-0.004	-0.008	0.764
2653	-0.005	-0.009	0.756
2654	-0.004	-0.009	0.766
2655	-0.005	-0.007	0.774
2656	-0.005	-0.010	0.772
2657	-0.005	-0.009	0.765
2658	-0.005	-0.008	0.765
2659	-0.007	-0.005	0.760
2660	-0.005	-0.007	0.758
2661	-0.006	-0.010	0.755
2662	-0.005	-0.011	0.771
2663	-0.006	-0.009	0.756
2664	-0.006	-0.007	0.763
2665	-0.006	-0.005	0.760
2666	-0.004	-0.011	0.773
2667	-0.004	-0.011	0.767
2668	-0.003	-0.009	0.764
2669	-0.006	-0.007	0.762
2670	-0.003	-0.009	0.761
2671	-0.004	-0.009	0.763
2672	-0.002	-0.010	0.755
2673	-0.001	-0.009	0.752
2674	-0.001	-0.007	0.766
2675	-0.001	-0.009	0.778
2676	-0.004	-0.009	0.764
2677	0.000	-0.005	0.767
2678	-0.003	-0.007	0.771
2679	-0.003	-0.006	0.761
2680	-0.005	-0.003	0.763
2681	-0.004	-0.008	0.763
2682	-0.005	-0.007	0.762
2683	-0.007	-0.007	0.756
2684	-0.006	-0.007	0.766
2685	-0.007	-0.007	0.774
2686	-0.009	-0.009	0.778
2687	-0.007	-0.007	0.768
2688	-0.007	-0.007	0.765
2689	-0.008	-0.006	0.760
2690	-0.005	-0.007	0.764
2691	-0.007	-0.009	0.769
2692	-0.009	-0.009	0.773
2693	-0.008	-0.005	0.762
2694	-0.009	-0.005	0.752
2695	-0.008	-0.009	0.756
2696	-0.010	-0.009	0.771
2697	-0.009	-0.010	0.774
2698	-0.009	-0.008	0.769
2699	-0.009	-0.008	0.772
2700	-0.009	-0.008	0.773
2701	-0.005	-0.006	0.768
2702	-0.009	-0.005	0.766
2703	-0.007	-0.005	0.750
2704	-0.007	-0.007	0.764
2705	-0.007	-0.009	0.759
2706	-0.006	-0.010	0.750
2707	-0.006	-0.009	0.771
2708	-0.003	-0.008	0.768
2709	-0.006	-0.008	0.778
2710	-0.005	-0.008	0.768
2711	-0.007	-0.005	0.768
2712	-0.005	-0.006	0.770
2713	-0.005	-0.005	0.765
2714	-0.006	-0.009	0.759
2715	-0.005	-0.008	0.763
2716	-0.004	-0.010	0.765
2717	-0.005	-0.006	0.770
2718	-0.005	-0.007	0.759
2719	-0.004	-0.006	0.770
2720	-0.002	-0.005	0.779
2721	-0.005	-0.004	0.772
2722	-0.005	-0.004	0.766
2723	-0.006	-0.005	0.762
2724	-0.005	-0.009	0.768
2725	-0.005	-0.009	0.765
2726	-0.005	-0.009	0.765
2727	-0.005	-0.005	0.766
2728	-0.007	-0.008	0.761
2729	-0.005	-0.007	0.762
2730	-0.005	-0.005	0.768
2731	-0.006	-0.006	0.780
2732	-0.004	-0.005	0.777
2733	-0.005	-0.010	0.774
2734	-0.006	-0.011	0.774
2735	-0.005	-0.007	0.760
2736	-0.005	-0.004	0.756
2737	-0.006	-0.005	0.763
2738	-0.007	-0.006	0.765
2739	-0.004	-0.009	0.763
2740	-0.006	-0.008	0.767
2741	-0.003	-0.012	0.762
2742	-0.003	-0.009	0.763
2743	-0.007	-0.010	0.774
2744	-0.005	-0.005	0.768
2745	-0.002	-0.002	0.762
2746	-0.004	-0.001	0.771
2747	-0.002	-0.007	0.760
2748	-0.004	-0.013	0.750
2749	-0.003	-0.015	0.754
2750	-0.006	-0.008	0.766
2751	-0.005	-0.005	0.769
2752	-0.004	0.000	0.766
2753	-0.004	-0.003	0.763
2754	-0.003	-0.005	0.759
2755	-0.005	-0.005	0.765
2756	-0.002	-0.008	0.772
2757	-0.005	-0.007	0.768
2758	-0.004	-0.010	0.768
2759	-0.004	-0.007	0.762
2760	-0.006	-0.003	0.759
2761	-0.003	-0.002	0.771
2762	-0.009	-0.005	0.767
2763	-0.009	-0.009	0.772
2764	-0.006	-0.011	0.775
2765	-0.007	-0.010	0.768
2766	-0.009	-0.009	0.770
2767	-0.007	-0.010	0.773
2768	-0.008	-0.008	0.766
2769	-0.009	-0.004	0.763
2770	-0.007	-0.004	0.768
2771	-0.008	-0.006	0.756
2772	-0.007	-0.010	0.765
2773	-0.004	-0.011	0.767
2774	-0.006	-0.010	0.767
2775	-0.007	-0.005	0.764
2776	-0.005	-0.003	0.769
2777	-0.005	-0.002	0.757
2778	-0.005	-0.003	0.766
2779	-0.006	-0.008	0.765
2780	-0.007	-0.012	0.759
2781	-0.007	-0.014	0.761
2782	-0.005	-0.016	0.765
2783	-0.005	-0.011	0.760
2784	-0.006	-0.002	0.756
2785	-0.006	0.001	0.775
2786	-0.005	-0.002	0.774
2787	-0.008	-0.007	0.774
2788	-0.007	-0.009	0.772
2789	-0.008	-0.014	0.764
2790	-0.007	-0.010	0.757
2791	-0.008	-0.008	0.759
2792	-0.010	-0.002	0.753
2793	-0.009	0.000	0.765
2794	-0.008	0.001	0.751
2795	-0.010	-0.004	0.762
2796	-0.009	-0.006	0.773
2797	-0.010	-0.013	0.778
2798	-0.010	-0.012	0.772
2799	-0.012	-0.008	0.773
2800	-0.013	-0.003	0.758
2801	-0.009	0.001	0.768
2802	-0.011	0.000	0.752
2803	-0.013	-0.003	0.758
2804	-0.013	-0.005	0.761
2805	-0.011	-0.010	0.762
2806	-0.013	-0.010	0.770
2807	-0.012	-0.010	0.765
2808	-0.013	-0.004	0.773
2809	-0.015	-0.002	0.776
2810	-0.012	-0.002	0.769
2811	-0.012	-0.007	0.765
2812	-0.011	-0.009	0.763
2813	-0.014	-0.009	0.755
2814	-0.013	-0.005	0.763
2815	-0.013	-0.006	0.759
2816	-0.011	-0.004	0.760
2817	-0.009	-0.006	0.771
2818	-0.010	-0.002	0.766
2819	-0.010	-0.004	0.765
2820	-0.011	-0.003	0.770
2821	-0.007	-0.009	0.771
2822	-0.010	-0.006	0.768
2823	-0.007	-0.007	0.755
2824	-0.009	-0.006	0.759
2825	-0.009	-0.007	0.752
2826	-0.009	-0.007	0.762
2827	-0.007	-0.007	0.764
2828	-0.008	-0.006	0.769
2829	-0.009	-0.006	0.775
2830	-0.013	-0.005	0.778
2831	-0.009	-0.008	0.774
2832	-0.012	-0.007	0.767
2833	-0.011	-0.007	0.760
2834	-0.011	-0.006	0.765
2835	-0.011	-0.009	0.763
2836	-0.009	-0.009	0.758
2837	-0.014	-0.010	0.764
2838	-0.013	-0.009	0.763
2839	-0.011	-0.009	0.762
2840	-0.011	-0.012	0.770
2841	-0.011	-0.013	0.769
2842	-0.011	-0.009	0.772
2843	-0.010	-0.006	0.772
2844	-0.009	-0.005	0.762
2845	-0.008	-0.005	0.748
2846	-0.009	-0.005	0.763
2847	-0.009	-0.006	0.764
2848	-0.009	-0.006	0.752
2849	-0.008	-0.009	0.770
2850	-0.009	-0.009	0.768
2851	-0.008	-0.006	0.764
2852	-0.010	-0.006	0.767
2853	-0.011	-0.003	0.772
2854	-0.011	-0.007	0.775
2855	-0.007	-0.006	0.762
2856	-0.007	-0.007	0.769
2857	-0.007	-0.009	0.748
2858	-0.008	-0.011	0.766
2859	-0.007	-0.012	0.752
2860	-0.006	-0.008	0.766
2861	-0.006	-0.002	0.758
2862	-0.005	-0.001	0.765
2863	-0.005	-0.002	0.773
2864	-0.005	-0.007	0.765
2865	-0.005	-0.010	0.775
2866	-0.007	-0.012	0.762
2867	-0.004	-0.011	0.755
2868	-0.006	-0.013	0.758
2869	-0.006	-0.014	0.758
2870	-0.005	-0.007	0.761
2871	-0.004	-0.005	0.768
2872	-0.005	-0.004	0.765
2873	-0.006	-0.007	0.772
2874	-0.006	-0.011	0.774
2875	-0.009	-0.012	0.770
2876	-0.006	-0.012	0.764
2877	-0.009	-0.012	0.762
2878	-0.007	-0.007	0.761
2879	-0.007	-0.005	0.764
2880	-0.005	-0.006	0.756
2881	-0.006	-0.009	0.755
2882	-0.007	-0.013	0.771
2883	-0.009	-0.018	0.762
2884	-0.007	-0.017	0.772
2885	-0.007	-0.015	0.781
2886	-0.006	-0.011	0.765
2887	-0.010	-0.009	0.767
2888	-0.010	-0.011	0.766
2889	-0.009	-0.014	0.765
2890	-0.009	-0.014	0.764
2891	-0.011	-0.018	0.760
2892	-0.008	-0.020	0.756
2893	-0.008	-0.019	0.756
2894	-0.009	-0.020	0.769
2895	-0.008	-0.018	0.774
2896	-0.007	-0.017	0.767
2897	-0.007	-0.018	0.776
2898	-0.007	-0.020	0.767
2899	-0.008	-0.018	0.755
2900	-0.007	-0.021	0.768
2901	-0.005	-0.021	0.758
2902	-0.007	-0.018	0.764
2903	-0.004	-0.016	0.762
2904	-0.005	-0.013	0.759
2905	-0.005	-0.014	0.770
2906	-0.005	-0.015	0.777
2907	-0.006	-0.015	0.770
2908	-0.009	-0.013	0.773
2909	-0.007	-0.011	0.762
2910	-0.009	-0.012	0.767
2911	-0.010	-0.016	0.759
2912	-0.008	-0.017	0.766
2913	-0.012	-0.015	0.758
2914	-0.011	-0.010	0.758
2915	-0.012	-0.008	0.765
2916	-0.011	-0.008	0.762
2917	-0.010	-0.009	0.763
2918	-0.010	-0.015	0.768
2919	-0.011	-0.016	0.768
2920	-0.009	-0.012	0.770
2921	-0.008	-0.011	0.765
2922	-0.009	-0.011	0.765
2923	-0.007	-0.007	0.757
2924	-0.007	-0.006	0.770
2925	-0.009	-0.009	0.766
2926	-0.007	-0.011	0.771
2927	-0.006	-0.012	0.770
2928	-0.006	-0.011	0.768
2929	-0.005	-0.009	0.775
2930	-0.005	-0.009	0.767
2931	-0.003	-0.005	0.775
2932	-0.004	-0.009	0.758
2933	-0.005	-0.008	0.766
2934	-0.004	-0.009	0.760
2935	-0.007	-0.010	0.762
2936	-0.008	-0.014	0.759
2937	-0.005	-0.014	0.768
2938	-0.007	-0.008	0.760
2939	-0.007	-0.006	0.776
2940	-0.005	-0.010	0.762
2941	-0.009	-0.013	0.775
2942	-0.009	-0.011	0.769
2943	-0.011	-0.013	0.770
2944	-0.009	-0.010	0.758
2945	-0.007	-0.010	0.768
2946	-0.008	-0.007	0.766
2947	-0.009	-0.010	0.758
2948	-0.009	-0.006	0.765
2949	-0.009	-0.009	0.771
2950	-0.009	-0.009	0.768
2951	-0.009	-0.014	0.777
2952	-0.010	-0.011	0.775
2953	-0.009	-0.009	0.763
2954	-0.007	-0.011	0.754
2955	-0.006	-0.011	0.767
2956	-0.008	-0.010	0.764
2957	-0.007	-0.013	0.752
2958	-0.006	-0.008	0.768
2959	-0.008	-0.011	0.774
2960	-0.007	-0.013	0.768
2961	-0.007	-0.013	0.763
2962	-0.007	-0.010	0.779
2963	-0.005	-0.011	0.764
2964	-0.005	-0.011	0.758
2965	-0.005	-0.012	0.768
2966	-0.005	-0.011	0.756
2967	-0.005	-0.011	0.762
2968	-0.005	-0.009	0.766
2969	-0.005	-0.011	0.766
2970	-0.005	-0.009	0.764
2971	-0.006	-0.012	0.776
2972	-0.005	-0.009	0.766
2973	-0.007	-0.010	0.769
2974	-0.007	-0.011	0.764
2975	-0.008	-0.014	0.763
2976	-0.007	-0.014	0.761
2977	-0.009	-0.012	0.770
2978	-0.009	-0.013	0.755
2979	-0.007	-0.017	0.771
2980	-0.010	-0.015	0.763
2981	-0.009	-0.013	0.767
2982	-0.009	-0.012	0.776
2983	-0.011	-0.013	0.776
2984	-0.009	-0.015	0.769
2985	-0.009	-0.015	0.768
2986	-0.010	-0.012	0.770
2987	-0.009	-0.014	0.763
2988	-0.007	-0.015	0.758
2989	-0.009	-0.014	0.744
2990	-0.007	-0.011	0.757
2991	-0.010	-0.010	0.761
2992	-0.011	-0.012	0.768
2993	-0.011	-0.012	0.771
2994	-0.011	-0.014	0.761
2995	-0.010	-0.013	0.771
2996	-0.011	-0.010	0.767
2997	-0.009	-0.009	0.762
2998	-0.011	-0.008	0.765
2999	-0.011	-0.009	0.757
3000	-0.011	-0.011	0.761
3001	-0.012	-0.011	0.769
3002	-0.013	-0.011	0.753
3003	-0.011	-0.013	0.768
3004	-0.011	-0.013	0.771
3005	-0.016	-0.014	0.775
3006	-0.013	-0.011	0.778
3007	-0.011	-0.009	0.772
3008	-0.012	-0.014	0.768
3009	-0.015	-0.013	0.763
3010	-0.012	-0.013	0.757
3011	-0.015	-0.009	0.758
3012	-0.014	-0.011	0.761
