0	-0.013	-0.011	0.772	0.0
1	-0.011	-0.009	0.768	0.2
2	-0.012	-0.011	0.765	0.4
3	-0.011	-0.011	0.769	0.6
4	-0.012	-0.011	0.759	0.8
5	-0.009	-0.006	0.768	1.0
6	-0.011	-0.011	0.757	1.2
7	-0.007	-0.009	0.763	1.4
8	-0.010	-0.011	0.761	1.6
9	-0.010	-0.007	0.760	1.8
10	-0.011	-0.012	0.759	2.0
11	-0.011	-0.013	0.775	2.2
12	-0.011	-0.009	0.775	2.4
13	-0.011	-0.009	0.772	2.6
14	-0.012	-0.010	0.757	2.8
15	-0.013	-0.008	0.770	3.0
16	-0.011	-0.011	0.755	3.2
17	-0.012	-0.014	0.758	3.4
18	-0.013	-0.013	0.768	3.6
19	-0.013	-0.010	0.765	3.8
20	-0.015	-0.012	0.776	4.0
21	-0.013	-0.013	0.765	4.2
22	-0.015	-0.008	0.773	4.4
23	-0.012	-0.008	0.766	4.6
24	-0.015	-0.011	0.760	4.8
25	-0.011	-0.013	0.765	5.0
26	-0.012	-0.012	0.766	5.2
27	-0.009	-0.015	0.766	5.4
28	-0.011	-0.009	0.760	5.6
29	-0.011	-0.010	0.771	5.8
30	-0.011	-0.013	0.769	6.0
31	-0.010	-0.010	0.765	6.2
32	-0.011	-0.011	0.764	6.4
33	-0.009	-0.009	0.767	6.6
34	-0.013	-0.013	0.758	6.8
35	-0.010	-0.013	0.753	7.0
36	-0.009	-0.011	0.757	7.2
37	-0.012	-0.013	0.756	7.4
38	-0.010	-0.011	0.753	7.6
39	-0.011	-0.008	0.755	7.8
40	-0.011	-0.012	0.758	8.0
41	-0.012	-0.014	0.759	8.2
42	-0.011	-0.017	0.754	8.4
43	-0.011	-0.011	0.766	8.6
44	-0.009	-0.013	0.768	8.8
45	-0.010	-0.010	0.761	9.0
46	-0.010	-0.011	0.768	9.2
47	-0.012	-0.007	0.768	9.4
48	-0.012	-0.009	0.769	9.6
49	-0.013	-0.013	0.770	9.8
50	-0.010	-0.013	0.769	10.0
51	-0.012	-0.011	0.763	10.2
52	-0.012	-0.009	0.761	10.4
53	-0.012	-0.007	0.763	10.6
54	-0.011	-0.011	0.762	10.8
55	-0.013	-0.007	0.761	11.0
56	-0.012	-0.009	0.758	11.2
57	-0.012	-0.013	0.761	11.4
58	-0.013	-0.012	0.759	11.6
59	-0.011	-0.018	0.759	11.8
60	-0.009	-0.013	0.762	12.0
61	-0.009	-0.009	0.766	12.2
62	-0.010	-0.005	0.772	12.4
63	-0.009	-0.009	0.763	12.6
64	-0.009	-0.011	0.765	12.8
65	-0.008	-0.013	0.774	13.0
66	-0.008	-0.013	0.775	13.2
67	-0.007	-0.013	0.766	13.4
68	-0.004	-0.010	0.770	13.6
69	-0.005	-0.013	0.764	13.8
70	-0.006	-0.010	0.769	14.0
71	-0.005	-0.007	0.761	14.2
72	-0.003	-0.004	0.761	14.4
73	-0.005	-0.009	0.766	14.6
74	-0.002	-0.011	0.769	14.8
75	-0.003	-0.011	0.765	15.0
76	-0.006	-0.010	0.772	15.2
77	-0.004	-0.012	0.765	15.4
78	-0.006	-0.007	0.757	15.6
79	-0.003	-0.009	0.760	15.8
80	-0.006	-0.008	0.761	16.0
81	-0.007	-0.009	0.764	16.2
82	-0.006	-0.011	0.762	16.4
83	-0.006	-0.014	0.767	16.6
84	-0.007	-0.012	0.754	16.8
85	-0.008	-0.010	0.761	17.0
86	-0.007	-0.011	0.775	17.2
87	-0.009	-0.009	0.769	17.4
88	-0.009	-0.010	0.767	17.6
89	-0.007	-0.010	0.762	17.8
90	-0.007	-0.009	0.767	18.0
91	-0.006	-0.010	0.755	18.2
92	-0.007	-0.013	0.768	18.4
93	-0.007	-0.013	0.766	18.6
94	-0.007	-0.013	0.771	18.8
95	-0.011	-0.011	0.760	19.0
96	-0.009	-0.015	0.764	19.2
97	-0.009	-0.011	0.763	19.4
98	-0.007	-0.005	0.767	19.6
99	-0.009	-0.003	0.770	19.8
100	-0.008	-0.005	0.767	20.0
101	-0.007	-0.009	0.766	20.2
102	-0.008	-0.013	0.764	20.4
103	-0.006	-0.021	0.771	20.6
104	-0.007	-0.022	0.773	20.8
105	-0.008	-0.018	0.772	21.0
106	-0.005	-0.012	0.768	21.2
107	-0.009	-0.009	0.764	21.4
108	-0.007	-0.005	0.766	21.6
109	-0.007	-0.005	0.773	21.8
110	-0.009	-0.011	0.771	22.0
111	-0.011	-0.017	0.759	22.2
112	-0.011	-0.022	0.771	22.4
113	-0.011	-0.022	0.771	22.6
114	-0.011	-0.017	0.768	22.8
115	-0.010	-0.010	0.767	23.0
116	-0.009	-0.002	0.762	23.2
117	-0.008	0.002	0.763	23.4
118	-0.009	-0.004	0.770	23.6
119	-0.005	-0.009	0.771	23.8
120	-0.007	-0.014	0.768	24.0
121	-0.007	-0.021	0.754	24.2
122	-0.005	-0.020	0.760	24.4
123	-0.006	-0.015	0.758	24.6
124	-0.001	-0.006	0.759	24.8
125	-0.005	-0.006	0.761	25.0
126	-0.003	-0.007	0.764	25.2
127	-0.002	-0.008	0.758	25.4
128	-0.004	-0.012	0.767	25.6
129	-0.004	-0.018	0.761	25.8
130	-0.003	-0.018	0.776	26.0
131	-0.004	-0.015	0.765	26.2
132	-0.001	-0.011	0.767	26.4
133	-0.002	-0.007	0.767	26.6
134	-0.003	-0.006	0.768	26.8
135	-0.002	-0.011	0.769	27.0
136	-0.003	-0.014	0.761	27.2
137	-0.004	-0.018	0.774	27.4
138	-0.003	-0.015	0.767	27.6
139	-0.003	-0.015	0.770	27.8
140	-0.005	-0.013	0.764	28.0
141	-0.005	-0.008	0.763	28.2
142	-0.002	-0.008	0.765	28.4
143	-0.006	-0.011	0.758	28.6
144	-0.005	-0.013	0.769	28.8
145	-0.005	-0.015	0.769	29.0
146	-0.004	-0.017	0.759	29.2
147	-0.005	-0.013	0.765	29.4
148	-0.006	-0.011	0.761	29.6
149	-0.006	-0.011	0.769	29.8
150	-0.005	-0.012	0.775	30.0
151	-0.004	-0.011	0.765	30.2
152	-0.007	-0.012	0.767	30.4
153	-0.006	-0.013	0.758	30.6
154	-0.007	-0.011	0.756	30.8
155	-0.005	-0.013	0.766	31.0
156	-0.005	-0.015	0.769	31.2
157	-0.005	-0.012	0.765	31.4
158	-0.005	-0.010	0.766	31.6
159	-0.007	-0.013	0.766	31.8
160	-0.005	-0.015	0.764	32.0
161	-0.004	-0.014	0.762	32.2
162	-0.003	-0.011	0.761	32.4
163	-0.003	-0.009	0.764	32.6
164	-0.004	-0.012	0.759	32.8
165	-0.002	-0.014	0.761	33.0
166	-0.003	-0.012	0.770	33.2
167	-0.003	-0.014	0.761	33.4
168	-0.002	-0.012	0.758	33.6
169	-0.003	-0.011	0.768	33.8
170	-0.005	-0.011	0.765	34.0
171	-0.004	-0.009	0.772	34.2
172	-0.002	-0.005	0.764	34.4
173	-0.005	-0.009	0.757	34.6
174	-0.005	-0.009	0.766	34.8
175	-0.003	-0.012	0.767	35.0
176	-0.003	-0.011	0.767	35.2
177	-0.004	-0.009	0.767	35.4
178	-0.006	-0.007	0.760	35.6
179	-0.001	-0.009	0.764	35.8
180	-0.005	-0.009	0.768	36.0
181	-0.003	-0.011	0.756	36.2
182	-0.003	-0.010	0.777	36.4
183	-0.001	-0.011	0.763	36.6
184	-0.004	-0.011	0.765	36.8
185	-0.003	-0.009	0.766	37.0
186	-0.005	-0.005	0.757	37.2
187	-0.004	-0.006	0.765	37.4
188	-0.004	-0.011	0.764	37.6
189	-0.005	-0.010	0.766	37.8
190	-0.003	-0.012	0.757	38.0
191	-0.005	-0.014	0.767	38.2
192	-0.006	-0.011	0.762	38.4
193	-0.005	-0.009	0.772	38.6
194	-0.007	-0.010	0.768	38.8
195	-0.006	-0.009	0.768	39.0
196	-0.006	-0.009	0.769	39.2
197	-0.006	-0.010	0.764	39.4
198	-0.007	-0.015	0.764	39.6
199	-0.009	-0.013	0.759	39.8
200	-0.007	-0.010	0.760	40.0
201	-0.007	-0.009	0.765	40.2
202	-0.006	-0.008	0.757	40.4
203	-0.007	-0.007	0.766	40.6
204	-0.007	-0.007	0.767	40.8
205	-0.008	-0.012	0.764	41.0
206	-0.009	-0.010	0.764	41.2
207	-0.009	-0.009	0.763	41.4
208	-0.010	-0.012	0.763	41.6
209	-0.010	-0.011	0.755	41.8
210	-0.009	-0.006	0.765	42.0
211	-0.008	-0.007	0.764	42.2
212	-0.008	-0.007	0.769	42.4
213	-0.006	-0.011	0.764	42.6
214	-0.009	-0.009	0.772	42.8
215	-0.009	-0.007	0.760	43.0
216	-0.009	-0.009	0.762	43.2
217	-0.007	-0.009	0.771	43.4
218	-0.007	-0.007	0.767	43.6
219	-0.006	-0.007	0.767	43.8
220	-0.012	-0.007	0.767	44.0
221	-0.008	-0.007	0.763	44.2
222	-0.009	-0.010	0.764	44.4
223	-0.008	-0.009	0.761	44.6
224	-0.008	-0.008	0.754	44.8
225	-0.010	-0.006	0.760	45.0
226	-0.009	-0.009	0.768	45.2
227	-0.009	-0.008	0.768	45.4
228	-0.007	-0.010	0.770	45.6
229	-0.008	-0.009	0.766	45.8
230	-0.010	-0.011	0.753	46.0
231	-0.007	-0.007	0.760	46.2
232	-0.009	-0.007	0.768	46.4
233	-0.007	-0.009	0.764	46.6
234	-0.008	-0.010	0.768	46.8
235	-0.010	-0.004	0.766	47.0
236	-0.007	-0.007	0.772	47.2
237	-0.007	-0.011	0.766	47.4
238	-0.006	-0.008	0.762	47.6
239	-0.006	-0.007	0.761	47.8
240	-0.005	-0.008	0.763	48.0
241	-0.007	-0.006	0.768	48.2
242	-0.006	-0.007	0.759	48.4
243	-0.007	-0.006	0.764	48.6
244	-0.007	-0.007	0.765	48.8
245	-0.007	-0.008	0.766	49.0
246	-0.005	-0.011	0.772	49.2
247	-0.008	-0.011	0.769	49.4
248	-0.005	-0.009	0.772	49.6
249	-0.005	-0.005	0.764	49.8
250	-0.005	-0.006	0.770	50.0
251	-0.005	-0.009	0.776	50.2
252	-0.005	-0.007	0.764	50.4
253	-0.005	-0.008	0.754	50.6
254	-0.006	-0.010	0.769	50.8
255	-0.006	-0.009	0.773	51.0
256	-0.005	-0.010	0.773	51.2
257	-0.005	-0.007	0.763	51.4
258	-0.007	-0.006	0.778	51.6
259	-0.006	-0.007	0.765	51.8
260	-0.007	-0.009	0.765	52.0
261	-0.007	-0.010	0.758	52.2
262	-0.008	-0.015	0.757	52.4
263	-0.007	-0.010	0.770	52.6
264	-0.008	-0.009	0.762	52.8
265	-0.007	-0.011	0.770	53.0
266	-0.006	-0.007	0.764	53.2
267	-0.007	-0.011	0.759	53.4
268	-0.005	-0.011	0.766	53.6
269	-0.006	-0.010	0.763	53.8
270	-0.007	-0.012	0.774	54.0
271	-0.004	-0.015	0.767	54.2
272	-0.005	-0.009	0.766	54.4
273	-0.007	-0.009	0.772	54.6
274	-0.006	-0.010	0.768	54.8
275	-0.005	-0.011	0.761	55.0
276	-0.006	-0.009	0.771	55.2
277	-0.005	-0.009	0.768	55.4
278	-0.006	-0.007	0.772	55.6
279	-0.006	-0.010	0.770	55.8
280	-0.005	-0.008	0.768	56.0
281	-0.004	-0.011	0.765	56.2
282	-0.003	-0.009	0.763	56.4
283	-0.002	-0.005	0.757	56.6
284	-0.004	-0.009	0.755	56.8
285	-0.004	-0.010	0.757	57.0
286	-0.004	-0.006	0.761	57.2
287	-0.001	-0.009	0.771	57.4
288	-0.004	-0.008	0.762	57.6
289	-0.004	-0.009	0.761	57.8
290	-0.003	-0.011	0.760	58.0
291	-0.003	-0.013	0.763	58.2
292	-0.005	-0.007	0.763	58.4
293	-0.004	-0.004	0.765	58.6
294	-0.007	-0.009	0.762	58.8
295	-0.006	-0.010	0.768	59.0
296	-0.004	-0.008	0.771	59.2
297	-0.007	-0.009	0.768	59.4
298	-0.009	-0.011	0.775	59.6
299	-0.004	-0.009	0.762	59.8
300	-0.005	-0.009	0.770	60.0
301	-0.008	-0.007	0.761	60.2
302	-0.005	-0.009	0.763	60.4
303	-0.007	-0.005	0.765	60.6
304	-0.007	-0.010	0.762	60.8
305	-0.007	-0.013	0.760	61.0
306	-0.008	-0.013	0.765	61.2
307	-0.007	-0.009	0.765	61.4
308	-0.008	-0.009	0.753	61.6
309	-0.009	-0.010	0.762	61.8
310	-0.005	-0.009	0.778	62.0
311	-0.006	-0.012	0.770	62.2
312	-0.006	-0.013	0.760	62.4
313	-0.005	-0.013	0.766	62.6
314	-0.003	-0.013	0.775	62.8
315	-0.003	-0.013	0.761	63.0
316	-0.002	-0.009	0.761	63.2
317	-0.004	-0.010	0.758	63.4
318	-0.003	-0.009	0.758	63.6
319	-0.003	-0.012	0.767	63.8
320	-0.004	-0.011	0.772	64.0
321	-0.004	-0.009	0.765	64.2
322	-0.004	-0.012	0.766	64.4
323	-0.005	-0.012	0.763	64.6
324	-0.005	-0.010	0.772	64.8
325	-0.004	-0.009	0.772	65.0
326	-0.005	-0.006	0.768	65.2
327	-0.005	-0.009	0.758	65.4
328	-0.005	-0.011	0.765	65.6
329	-0.005	-0.009	0.774	65.8
330	-0.006	-0.011	0.765	66.0
331	-0.008	-0.010	0.761	66.2
332	-0.009	-0.011	0.768	66.4
333	-0.006	-0.010	0.775	66.6
334	-0.005	-0.011	0.767	66.8
335	-0.006	-0.006	0.761	67.0
336	-0.007	-0.009	0.768	67.2
337	-0.006	-0.011	0.757	67.4
338	-0.005	-0.012	0.760	67.6
339	-0.005	-0.011	0.763	67.8
340	-0.007	-0.008	0.763	68.0
341	-0.007	-0.013	0.762	68.2
342	-0.008	-0.010	0.764	68.4
343	-0.009	-0.010	0.766	68.6
344	-0.006	-0.011	0.776	68.8
345	-0.006	-0.008	0.764	69.0
346	-0.007	-0.008	0.762	69.2
347	-0.005	-0.011	0.771	69.4
348	-0.007	-0.013	0.760	69.6
349	-0.009	-0.006	0.757	69.8
350	-0.008	-0.007	0.765	70.0
351	-0.009	-0.007	0.772	70.2
352	-0.010	-0.008	0.767	70.4
353	-0.007	-0.008	0.772	70.6
354	-0.009	-0.006	0.768	70.8
355	-0.011	-0.010	0.769	71.0
356	-0.009	-0.011	0.765	71.2
357	-0.011	-0.012	0.764	71.4
358	-0.009	-0.010	0.766	71.6
359	-0.007	-0.009	0.767	71.8
360	-0.009	-0.008	0.766	72.0
361	-0.009	-0.009	0.764	72.2
362	-0.009	-0.011	0.766	72.4
363	-0.009	-0.013	0.764	72.6
364	-0.009	-0.010	0.761	72.8
365	-0.008	-0.012	0.768	73.0
366	-0.010	-0.011	0.774	73.2
367	-0.008	-0.010	0.761	73.4
368	-0.009	-0.013	0.766	73.6
369	-0.010	-0.011	0.763	73.8
370	-0.007	-0.009	0.766	74.0
371	-0.009	-0.011	0.760	74.2
372	-0.011	-0.009	0.761	74.4
373	-0.009	-0.010	0.770	74.6
374	-0.010	-0.009	0.766	74.8
375	-0.009	-0.011	0.772	75.0
376	-0.009	-0.011	0.771	75.2
377	-0.009	-0.011	0.756	75.4
378	-0.011	-0.008	0.765	75.6
379	-0.009	-0.011	0.764	75.8
380	-0.011	-0.010	0.765	76.0
381	-0.012	-0.009	0.756	76.2
382	-0.011	-0.009	0.767	76.4
383	-0.011	-0.009	0.760	76.6
384	-0.012	-0.006	0.755	76.8
385	-0.013	-0.012	0.771	77.0
386	-0.011	-0.010	0.762	77.2
387	-0.007	-0.009	0.773	77.4
388	-0.011	-0.007	0.771	77.6
389	-0.011	-0.005	0.766	77.8
390	-0.010	-0.005	0.757	78.0
391	-0.011	-0.007	0.767	78.2
392	-0.014	-0.011	0.760	78.4
393	-0.015	-0.011	0.771	78.6
394	-0.012	-0.012	0.758	78.8
395	-0.010	-0.011	0.771	79.0
396	-0.013	-0.009	0.771	79.2
397	-0.013	-0.009	0.759	79.4
398	-0.010	-0.009	0.755	79.6
399	-0.011	-0.006	0.766	79.8
400	-0.011	-0.011	0.765	80.0
401	-0.009	-0.013	0.773	80.2
402	-0.013	-0.010	0.759	80.4
403	-0.009	-0.011	0.763	80.6
404	-0.009	-0.009	0.759	80.8
405	-0.011	-0.007	0.762	81.0
406	-0.011	-0.006	0.766	81.2
407	-0.010	-0.006	0.766	81.4
408	-0.012	-0.008	0.766	81.6
409	-0.011	-0.012	0.773	81.8
410	-0.011	-0.013	0.769	82.0
411	-0.012	-0.009	0.765	82.2
412	-0.013	-0.009	0.757	82.4
413	-0.011	-0.007	0.766	82.6
414	-0.011	-0.005	0.762	82.8
415	-0.010	-0.009	0.767	83.0
416	-0.010	-0.009	0.756	83.2
417	-0.009	-0.007	0.770	83.4
418	-0.010	-0.007	0.758	83.6
419	-0.010	-0.010	0.768	83.8
420	-0.008	-0.008	0.770	84.0
421	-0.009	-0.005	0.766	84.2
422	-0.010	-0.004	0.764	84.4
423	-0.008	-0.005	0.766	84.6
424	-0.011	-0.010	0.771	84.8
425	-0.010	-0.009	0.754	85.0
426	-0.009	-0.007	0.763	85.2
427	-0.013	-0.006	0.762	85.4
428	-0.011	-0.009	0.763	85.6
429	-0.013	-0.006	0.770	85.8
430	-0.011	-0.007	0.769	86.0
431	-0.011	-0.006	0.762	86.2
432	-0.012	-0.007	0.760	86.4
433	-0.012	-0.008	0.759	86.6
434	-0.010	-0.006	0.764	86.8
435	-0.010	-0.006	0.766	87.0
436	-0.010	-0.006	0.760	87.2
437	-0.009	-0.004	0.773	87.4
438	-0.009	-0.004	0.760	87.6
439	-0.008	-0.010	0.772	87.8
440	-0.009	-0.009	0.763	88.0
441	-0.008	-0.007	0.771	88.2
442	-0.006	-0.005	0.757	88.4
443	-0.004	-0.010	0.776	88.6
444	-0.004	-0.006	0.761	88.8
445	-0.005	-0.006	0.769	89.0
446	-0.005	-0.005	0.761	89.2
447	-0.005	-0.006	0.760	89.4
448	-0.003	-0.008	0.763	89.6
449	-0.005	-0.012	0.767	89.8
450	-0.005	-0.007	0.768	90.0
451	-0.004	-0.006	0.772	90.2
452	-0.005	-0.009	0.769	90.4
453	-0.005	-0.012	0.759	90.6
454	-0.005	-0.009	0.776	90.8
455	-0.007	-0.009	0.767	91.0
456	-0.004	-0.011	0.761	91.2
457	-0.006	-0.011	0.760	91.4
458	-0.006	-0.012	0.766	91.6
459	-0.006	-0.008	0.759	91.8
460	-0.007	-0.010	0.766	92.0
461	-0.005	-0.007	0.772	92.2
462	-0.003	-0.011	0.775	92.4
463	-0.007	-0.009	0.773	92.6
464	-0.007	-0.007	0.752	92.8
465	-0.007	-0.009	0.772	93.0
466	-0.007	-0.007	0.765	93.2
467	-0.008	-0.009	0.765	93.4
468	-0.007	-0.010	0.754	93.6
469	-0.009	-0.007	0.763	93.8
470	-0.008	-0.010	0.763	94.0
471	-0.008	-0.008	0.758	94.2
472	-0.005	-0.007	0.768	94.4
473	-0.006	-0.010	0.764	94.6
474	-0.007	-0.008	0.765	94.8
475	-0.005	-0.008	0.763	95.0
476	-0.006	-0.007	0.772	95.2
477	-0.003	-0.012	0.758	95.4
478	-0.004	-0.009	0.762	95.6
479	-0.001	-0.009	0.764	95.8
480	-0.004	-0.005	0.764	96.0
481	-0.002	-0.010	0.772	96.2
482	-0.003	-0.011	0.763	96.4
483	-0.004	-0.010	0.764	96.6
484	-0.002	-0.009	0.767	96.8
485	-0.002	-0.009	0.757	97.0
486	-0.003	-0.009	0.760	97.2
487	-0.002	-0.012	0.759	97.4
488	-0.003	-0.007	0.761	97.6
489	-0.001	-0.008	0.764	97.8
490	-0.001	-0.010	0.758	98.0
491	-0.001	-0.010	0.766	98.2
492	-0.002	-0.011	0.764	98.4
493	-0.002	-0.009	0.764	98.6
494	-0.001	-0.007	0.763	98.8
495	-0.003	-0.011	0.770	99.0
496	-0.002	-0.010	0.774	99.2
497	-0.003	-0.009	0.762	99.4
498	-0.003	-0.007	0.760	99.6
499	-0.003	-0.005	0.756	99.8
500	-0.004	-0.011	0.762	100.0
501	-0.004	-0.015	0.755	100.2
502	-0.005	-0.011	0.761	100.4
503	-0.005	-0.016	0.760	100.6
504	-0.005	-0.012	0.770	100.8
505	-0.005	-0.012	0.760	101.0
506	-0.009	-0.003	0.771	101.2
507	-0.004	-0.004	0.774	101.4
508	-0.005	-0.002	0.764	101.6
509	-0.008	-0.005	0.765	101.8
510	-0.007	-0.008	0.758	102.0
511	-0.007	-0.008	0.767	102.2
512	-0.008	-0.009	0.760	102.4
513	-0.004	-0.010	0.767	102.6
514	-0.005	-0.005	0.768	102.8
515	-0.003	-0.002	0.773	103.0
516	0.052	-0.051	1.004	103.2
517	0.174	-0.129	1.078	103.4
518	0.165	-0.124	1.088	103.6
519	0.163	-0.121	1.072	103.8
520	0.162	-0.123	1.070	104.0
521	0.160	-0.118	1.090	104.2
522	0.157	-0.118	1.063	104.4
523	0.159	-0.118	1.064	104.6
524	0.160	-0.116	1.064	104.8
525	0.155	-0.117	1.069	105.0
526	0.154	-0.117	1.061	105.2
527	0.155	-0.113	1.054	105.4
528	0.156	-0.114	1.067	105.6
529	0.153	-0.116	1.073	105.8
530	0.152	-0.114	1.073	106.0
531	0.157	-0.114	1.058	106.2
532	0.154	-0.110	1.059	106.4
533	0.156	-0.109	1.058	106.6
534	0.153	-0.114	1.069	106.8
535	0.153	-0.114	1.061	107.0
536	0.154	-0.114	1.055	107.2
537	0.154	-0.111	1.056	107.4
538	0.152	-0.114	1.068	107.6
539	0.153	-0.115	1.069	107.8
540	0.153	-0.111	1.052	108.0
541	0.155	-0.108	1.042	108.2
542	0.153	-0.109	1.059	108.4
543	0.152	-0.112	1.073	108.6
544	0.151	-0.114	1.057	108.8
545	0.152	-0.109	1.051	109.0
546	0.156	-0.110	1.042	109.2
547	0.153	-0.111	1.077	109.4
548	0.152	-0.113	1.077	109.6
549	0.154	-0.112	1.042	109.8
550	0.156	-0.112	1.036	110.0
551	0.156	-0.110	1.069	110.2
552	0.153	-0.111	1.065	110.4
553	0.154	-0.114	1.034	110.6
554	0.155	-0.112	1.052	110.8
555	0.152	-0.111	1.056	111.0
556	0.152	-0.108	1.044	111.2
557	0.153	-0.112	1.053	111.4
558	0.152	-0.112	1.065	111.6
559	0.151	-0.113	1.059	111.8
560	0.153	-0.111	1.042	112.0
561	0.154	-0.108	1.067	112.2
562	0.151	-0.112	1.066	112.4
563	0.151	-0.113	1.054	112.6
564	0.152	-0.113	1.043	112.8
565	0.150	-0.110	1.065	113.0
566	0.150	-0.110	1.058	113.2
567	0.150	-0.110	1.044	113.4
568	0.152	-0.112	1.065	113.6
569	0.152	-0.110	1.065	113.8
570	0.150	-0.112	1.045	114.0
571	0.148	-0.110	1.067	114.2
572	0.149	-0.112	1.064	114.4
573	0.150	-0.113	1.044	114.6
574	0.151	-0.109	1.043	114.8
575	0.149	-0.111	1.072	115.0
576	0.149	-0.110	1.055	115.2
577	0.151	-0.110	1.026	115.4
578	0.152	-0.111	1.046	115.6
579	0.151	-0.110	1.076	115.8
580	0.151	-0.110	1.046	116.0
581	0.151	-0.109	1.052	116.2
582	0.153	-0.110	1.055	116.4
583	0.152	-0.110	1.061	116.6
584	0.151	-0.110	1.048	116.8
585	0.151	-0.107	1.066	117.0
586	0.151	-0.110	1.060	117.2
587	0.151	-0.109	1.033	117.4
588	0.152	-0.110	1.049	117.6
589	0.151	-0.110	1.062	117.8
590	0.149	-0.107	1.048	118.0
591	0.150	-0.113	1.051	118.2
592	0.151	-0.110	1.057	118.4
593	0.152	-0.110	1.060	118.6
594	0.152	-0.109	1.034	118.8
595	0.152	-0.107	1.053	119.0
596	0.152	-0.111	1.046	119.2
597	0.151	-0.111	1.036	119.4
598	0.150	-0.110	1.049	119.6
599	0.151	-0.107	1.048	119.8
600	0.152	-0.110	1.032	120.0
601	0.150	-0.108	1.054	120.2
602	0.150	-0.111	1.063	120.4
603	0.152	-0.109	1.037	120.6
604	0.150	-0.104	1.050	120.8
605	0.148	-0.108	1.067	121.0
606	0.150	-0.110	1.053	121.2
607	0.150	-0.110	1.048	121.4
608	0.152	-0.107	1.043	121.6
609	0.149	-0.104	1.043	121.8
610	0.150	-0.109	1.045	122.0
611	0.151	-0.111	1.039	122.2
612	0.151	-0.108	1.034	122.4
613	0.151	-0.107	1.051	122.6
614	0.150	-0.108	1.046	122.8
615	0.150	-0.107	1.050	123.0
616	0.151	-0.111	1.060	123.2
617	0.151	-0.108	1.048	123.4
618	0.148	-0.106	1.042	123.6
619	0.147	-0.110	1.068	123.8
620	0.148	-0.107	1.050	124.0
621	0.148	-0.111	1.040	124.2
622	0.148	-0.108	1.048	124.4
623	0.146	-0.106	1.062	124.6
624	0.145	-0.107	1.059	124.8
625	0.147	-0.107	1.050	125.0
626	0.149	-0.107	1.055	125.2
627	0.147	-0.106	1.056	125.4
628	0.146	-0.106	1.050	125.6
629	0.147	-0.108	1.040	125.8
630	0.147	-0.108	1.050	126.0
631	0.147	-0.106	1.054	126.2
632	0.148	-0.109	1.040	126.4
633	0.149	-0.106	1.049	126.6
634	0.147	-0.105	1.048	126.8
635	0.148	-0.107	1.050	127.0
636	0.149	-0.107	1.068	127.2
637	0.149	-0.104	1.049	127.4
638	0.146	-0.105	1.052	127.6
639	0.144	-0.106	1.060	127.8
640	0.147	-0.107	1.051	128.0
641	0.148	-0.109	1.045	128.2
642	0.147	-0.107	1.046	128.4
643	0.149	-0.103	1.058	128.6
644	0.147	-0.109	1.053	128.8
645	0.147	-0.108	1.050	129.0
646	0.148	-0.106	1.055	129.2
647	0.150	-0.108	1.065	129.4
648	0.146	-0.106	1.058	129.6
649	0.147	-0.107	1.052	129.8
650	0.148	-0.108	1.046	130.0
651	0.149	-0.105	1.062	130.2
652	0.147	-0.106	1.050	130.4
653	0.147	-0.106	1.052	130.6
654	0.149	-0.107	1.049	130.8
655	0.149	-0.107	1.046	131.0
656	0.150	-0.105	1.063	131.2
657	0.149	-0.107	1.057	131.4
658	0.148	-0.106	1.057	131.6
659	0.151	-0.109	1.059	131.8
660	0.149	-0.108	1.052	132.0
661	0.148	-0.108	1.063	132.2
662	0.147	-0.105	1.060	132.4
663	0.150	-0.107	1.046	132.6
664	0.150	-0.106	1.041	132.8
665	0.149	-0.109	1.059	133.0
666	0.147	-0.106	1.060	133.2
667	0.150	-0.106	1.060	133.4
668	0.151	-0.108	1.054	133.6
669	0.148	-0.107	1.062	133.8
670	0.149	-0.107	1.053	134.0
671	0.150	-0.108	1.052	134.2
672	0.148	-0.106	1.046	134.4
673	0.149	-0.108	1.058	134.6
674	0.148	-0.108	1.053	134.8
675	0.150	-0.109	1.050	135.0
676	0.150	-0.105	1.035	135.2
677	0.149	-0.107	1.054	135.4
678	0.148	-0.108	1.057	135.6
679	0.150	-0.110	1.040	135.8
680	0.152	-0.107	1.054	136.0
681	0.150	-0.106	1.052	136.2
682	0.149	-0.108	1.064	136.4
683	0.149	-0.107	1.067	136.6
684	0.150	-0.110	1.049	136.8
685	0.152	-0.105	1.039	137.0
686	0.150	-0.107	1.056	137.2
687	0.148	-0.106	1.062	137.4
688	0.149	-0.107	1.053	137.6
689	0.150	-0.107	1.045	137.8
690	0.152	-0.107	1.053	138.0
691	0.149	-0.105	1.058	138.2
692	0.149	-0.106	1.054	138.4
693	0.151	-0.110	1.042	138.6
694	0.152	-0.106	1.041	138.8
695	0.153	-0.106	1.054	139.0
696	0.151	-0.106	1.050	139.2
697	0.151	-0.106	1.052	139.4
698	0.151	-0.108	1.056	139.6
699	0.152	-0.109	1.066	139.8
700	0.150	-0.107	1.063	140.0
701	0.150	-0.106	1.060	140.2
702	0.151	-0.106	1.058	140.4
703	0.151	-0.111	1.067	140.6
704	0.151	-0.108	1.060	140.8
705	0.150	-0.107	1.048	141.0
706	0.153	-0.106	1.042	141.2
707	0.150	-0.107	1.049	141.4
708	0.151	-0.108	1.044	141.6
709	0.150	-0.109	1.041	141.8
710	0.150	-0.106	1.051	142.0
711	0.150	-0.110	1.062	142.2
712	0.150	-0.106	1.041	142.4
713	0.151	-0.107	1.047	142.6
714	0.151	-0.103	1.050	142.8
715	0.150	-0.104	1.048	143.0
716	0.150	-0.104	1.052	143.2
717	0.151	-0.105	1.048	143.4
718	0.148	-0.108	1.060	143.6
719	0.149	-0.105	1.060	143.8
720	0.148	-0.106	1.047	144.0
721	0.150	-0.107	1.061	144.2
722	0.149	-0.105	1.058	144.4
723	0.150	-0.107	1.058	144.6
724	0.150	-0.104	1.054	144.8
725	0.151	-0.106	1.055	145.0
726	0.149	-0.106	1.047	145.2
727	0.148	-0.105	1.057	145.4
728	0.149	-0.107	1.054	145.6
729	0.147	-0.103	1.054	145.8
730	0.151	-0.107	1.048	146.0
731	0.148	-0.108	1.054	146.2
732	0.149	-0.107	1.044	146.4
733	0.149	-0.109	1.052	146.6
734	0.148	-0.106	1.046	146.8
735	0.149	-0.105	1.052	147.0
736	0.146	-0.109	1.063	147.2
737	0.147	-0.108	1.055	147.4
738	0.147	-0.107	1.046	147.6
739	0.150	-0.108	1.047	147.8
740	0.149	-0.104	1.053	148.0
741	0.149	-0.107	1.040	148.2
742	0.150	-0.105	1.046	148.4
743	0.150	-0.106	1.064	148.6
744	0.150	-0.106	1.050	148.8
745	0.150	-0.106	1.044	149.0
746	0.151	-0.107	1.058	149.2
747	0.150	-0.106	1.050	149.4
748	0.150	-0.103	1.044	149.6
749	0.152	-0.103	1.042	149.8
750	0.149	-0.108	1.062	150.0
751	0.150	-0.104	1.049	150.2
752	0.150	-0.107	1.045	150.4
753	0.150	-0.106	1.052	150.6
754	0.148	-0.105	1.050	150.8
755	0.151	-0.106	1.053	151.0
756	0.151	-0.107	1.046	151.2
757	0.151	-0.106	1.044	151.4
758	0.150	-0.106	1.058	151.6
759	0.149	-0.107	1.057	151.8
760	0.150	-0.107	1.042	152.0
761	0.151	-0.106	1.044	152.2
762	0.152	-0.106	1.054	152.4
763	0.150	-0.106	1.056	152.6
764	0.151	-0.106	1.039	152.8
765	0.151	-0.109	1.055	153.0
766	0.152	-0.109	1.053	153.2
767	0.151	-0.108	1.048	153.4
768	0.151	-0.104	1.043	153.6
769	0.150	-0.109	1.059	153.8
770	0.150	-0.107	1.048	154.0
771	0.152	-0.106	1.042	154.2
772	0.150	-0.105	1.035	154.4
773	0.150	-0.104	1.047	154.6
774	0.151	-0.106	1.053	154.8
775	0.150	-0.107	1.050	155.0
776	0.151	-0.105	1.030	155.2
777	0.150	-0.104	1.054	155.4
778	0.152	-0.106	1.055	155.6
779	0.150	-0.106	1.054	155.8
780	0.147	-0.107	1.052	156.0
781	0.152	-0.106	1.049	156.2
782	0.150	-0.103	1.040	156.4
783	0.150	-0.106	1.052	156.6
784	0.148	-0.108	1.055	156.8
785	0.151	-0.106	1.048	157.0
786	0.151	-0.105	1.028	157.2
787	0.152	-0.104	1.049	157.4
788	0.149	-0.105	1.051	157.6
789	0.149	-0.107	1.058	157.8
790	0.150	-0.106	1.043	158.0
791	0.151	-0.105	1.044	158.2
792	0.150	-0.106	1.048	158.4
793	0.148	-0.104	1.048	158.6
794	0.150	-0.109	1.040	158.8
795	0.151	-0.104	1.046	159.0
796	0.150	-0.102	1.050	159.2
797	0.149	-0.104	1.043	159.4
798	0.151	-0.103	1.034	159.6
799	0.150	-0.106	1.050	159.8
800	0.153	-0.104	1.053	160.0
801	0.149	-0.102	1.050	160.2
802	0.148	-0.105	1.040	160.4
803	0.150	-0.104	1.038	160.6
804	0.150	-0.106	1.046	160.8
805	0.148	-0.108	1.044	161.0
806	0.148	-0.103	1.036	161.2
807	0.148	-0.106	1.056	161.4
808	0.149	-0.107	1.034	161.6
809	0.150	-0.106	1.039	161.8
810	0.150	-0.107	1.055	162.0
811	0.148	-0.107	1.052	162.2
812	0.149	-0.106	1.044	162.4
813	0.149	-0.108	1.037	162.6
814	0.151	-0.105	1.030	162.8
815	0.147	-0.106	1.052	163.0
816	0.145	-0.105	1.046	163.2
817	0.148	-0.108	1.045	163.4
818	0.150	-0.108	1.047	163.6
819	0.149	-0.105	1.034	163.8
820	0.148	-0.106	1.048	164.0
821	0.147	-0.107	1.057	164.2
822	0.149	-0.107	1.038	164.4
823	0.149	-0.106	1.044	164.6
824	0.150	-0.108	1.048	164.8
825	0.148	-0.107	1.051	165.0
826	0.148	-0.107	1.044	165.2
827	0.148	-0.109	1.043	165.4
828	0.148	-0.107	1.028	165.6
829	0.149	-0.107	1.050	165.8
830	0.146	-0.105	1.046	166.0
831	0.147	-0.108	1.054	166.2
832	0.150	-0.106	1.032	166.4
833	0.149	-0.108	1.047	166.6
834	0.147	-0.107	1.040	166.8
835	0.147	-0.107	1.045	167.0
836	0.146	-0.106	1.041	167.2
837	0.148	-0.109	1.052	167.4
838	0.148	-0.106	1.044	167.6
839	0.146	-0.107	1.032	167.8
840	0.147	-0.106	1.035	168.0
841	0.146	-0.104	1.046	168.2
842	0.148	-0.110	1.053	168.4
843	0.147	-0.106	1.048	168.6
844	0.146	-0.106	1.052	168.8
845	0.146	-0.106	1.049	169.0
846	0.147	-0.105	1.043	169.2
847	0.148	-0.107	1.043	169.4
848	0.148	-0.106	1.038	169.6
849	0.146	-0.104	1.056	169.8
850	0.146	-0.106	1.053	170.0
851	0.147	-0.108	1.054	170.2
852	0.148	-0.106	1.037	170.4
853	0.147	-0.106	1.050	170.6
854	0.148	-0.105	1.058	170.8
855	0.149	-0.104	1.055	171.0
856	0.147	-0.107	1.056	171.2
857	0.149	-0.107	1.040	171.4
858	0.148	-0.106	1.042	171.6
859	0.148	-0.103	1.056	171.8
860	0.147	-0.106	1.040	172.0
861	0.150	-0.106	1.036	172.2
862	0.149	-0.105	1.042	172.4
863	0.146	-0.106	1.064	172.6
864	0.147	-0.105	1.065	172.8
865	0.150	-0.105	1.050	173.0
866	0.150	-0.106	1.053	173.2
867	0.147	-0.106	1.065	173.4
868	0.147	-0.106	1.049	173.6
869	0.150	-0.105	1.049	173.8
870	0.150	-0.106	1.048	174.0
871	0.151	-0.108	1.054	174.2
872	0.147	-0.106	1.050	174.4
873	0.149	-0.104	1.052	174.6
874	0.150	-0.106	1.049	174.8
875	0.149	-0.107	1.060	175.0
876	0.147	-0.107	1.057	175.2
877	0.150	-0.108	1.056	175.4
878	0.150	-0.106	1.038	175.6
879	0.149	-0.109	1.054	175.8
880	0.148	-0.108	1.062	176.0
881	0.150	-0.110	1.056	176.2
882	0.150	-0.108	1.054	176.4
883	0.151	-0.106	1.043	176.6
884	0.149	-0.107	1.053	176.8
885	0.150	-0.111	1.065	177.0
886	0.150	-0.108	1.049	177.2
887	0.150	-0.107	1.043	177.4
888	0.148	-0.108	1.058	177.6
889	0.147	-0.106	1.053	177.8
890	0.148	-0.109	1.047	178.0
891	0.150	-0.107	1.048	178.2
892	0.149	-0.107	1.048	178.4
893	0.148	-0.106	1.059	178.6
894	0.150	-0.106	1.049	178.8
895	0.150	-0.106	1.056	179.0
896	0.150	-0.105	1.062	179.2
897	0.149	-0.106	1.060	179.4
898	0.148	-0.104	1.045	179.6
899	0.149	-0.104	1.045	179.8
900	0.149	-0.104	1.052	180.0
901	0.150	-0.106	1.063	180.2
902	0.147	-0.105	1.054	180.4
903	0.150	-0.104	1.057	180.6
904	0.150	-0.103	1.048	180.8
905	0.150	-0.105	1.056	181.0
906	0.148	-0.103	1.066	181.2
907	0.148	-0.102	1.048	181.4
908	0.148	-0.105	1.048	181.6
909	0.147	-0.105	1.055	181.8
910	0.148	-0.106	1.051	182.0
911	0.149	-0.104	1.052	182.2
912	0.148	-0.101	1.043	182.4
913	0.147	-0.104	1.068	182.6
914	0.148	-0.106	1.055	182.8
915	0.150	-0.108	1.050	183.0
916	0.149	-0.103	1.042	183.2
917	0.151	-0.104	1.059	183.4
918	0.149	-0.105	1.066	183.6
919	0.149	-0.104	1.061	183.8
920	0.150	-0.108	1.056	184.0
921	0.151	-0.106	1.064	184.2
922	0.149	-0.105	1.050	184.4
923	0.148	-0.108	1.059	184.6
924	0.151	-0.108	1.048	184.8
925	0.150	-0.109	1.062	185.0
926	0.149	-0.106	1.054	185.2
927	0.151	-0.107	1.060	185.4
928	0.152	-0.106	1.067	185.6
929	0.152	-0.111	1.062	185.8
930	0.149	-0.108	1.052	186.0
931	0.151	-0.107	1.050	186.2
932	0.151	-0.106	1.053	186.4
933	0.152	-0.110	1.054	186.6
934	0.150	-0.109	1.053	186.8
935	0.151	-0.109	1.048	187.0
936	0.149	-0.107	1.049	187.2
937	0.150	-0.109	1.051	187.4
938	0.150	-0.108	1.057	187.6
939	0.151	-0.112	1.064	187.8
940	0.152	-0.107	1.059	188.0
941	0.153	-0.108	1.060	188.2
942	0.153	-0.110	1.056	188.4
943	0.150	-0.109	1.061	188.6
944	0.152	-0.111	1.058	188.8
945	0.152	-0.108	1.040	189.0
946	0.152	-0.112	1.059	189.2
947	0.150	-0.112	1.055	189.4
948	0.151	-0.113	1.055	189.6
949	0.152	-0.112	1.052	189.8
950	0.152	-0.112	1.054	190.0
951	0.152	-0.112	1.054	190.2
952	0.152	-0.115	1.048	190.4
953	0.152	-0.112	1.058	190.6
954	0.152	-0.113	1.044	190.8
955	0.152	-0.109	1.051	191.0
956	0.153	-0.110	1.062	191.2
957	0.153	-0.110	1.059	191.4
958	0.155	-0.111	1.040	191.6
959	0.153	-0.108	1.063	191.8
960	0.155	-0.108	1.065	192.0
961	0.153	-0.110	1.063	192.2
962	0.153	-0.111	1.062	192.4
963	0.155	-0.108	1.059	192.6
964	0.154	-0.107	1.063	192.8
965	0.153	-0.106	1.049	193.0
966	0.152	-0.109	1.054	193.2
967	0.154	-0.107	1.056	193.4
968	0.154	-0.110	1.066	193.6
969	0.155	-0.107	1.049	193.8
970	0.154	-0.108	1.053	194.0
971	0.154	-0.106	1.058	194.2
972	0.154	-0.111	1.062	194.4
973	0.155	-0.109	1.065	194.6
974	0.153	-0.107	1.058	194.8
975	0.156	-0.107	1.062	195.0
976	0.153	-0.109	1.052	195.2
977	0.154	-0.108	1.062	195.4
978	0.156	-0.107	1.063	195.6
979	0.155	-0.108	1.059	195.8
980	0.156	-0.105	1.061	196.0
981	0.154	-0.110	1.063	196.2
982	0.153	-0.107	1.062	196.4
983	0.155	-0.105	1.064	196.6
984	0.153	-0.107	1.062	196.8
985	0.153	-0.106	1.054	197.0
986	0.153	-0.108	1.062	197.2
987	0.153	-0.108	1.054	197.4
988	0.155	-0.107	1.045	197.6
989	0.153	-0.106	1.061	197.8
990	0.153	-0.107	1.065	198.0
991	0.153	-0.110	1.052	198.2
992	0.152	-0.108	1.054	198.4
993	0.153	-0.106	1.061	198.6
994	0.152	-0.106	1.062	198.8
995	0.152	-0.107	1.064	199.0
996	0.153	-0.110	1.061	199.2
997	0.152	-0.107	1.059	199.4
998	0.150	-0.105	1.057	199.6
999	0.152	-0.106	1.051	199.8
1000	0.152	-0.109	1.061	200.0
1001	0.151	-0.110	1.059	200.2
1002	0.153	-0.106	1.065	200.4
1003	0.153	-0.108	1.065	200.6
1004	0.152	-0.106	1.062	200.8
1005	0.154	-0.108	1.054	201.0
1006	0.154	-0.109	1.066	201.2
1007	0.155	-0.107	1.063	201.4
1008	0.154	-0.107	1.063	201.6
1009	0.155	-0.107	1.052	201.8
1010	0.154	-0.110	1.055	202.0
1011	0.155	-0.110	1.061	202.2
1012	0.155	-0.108	1.065	202.4
1013	0.155	-0.109	1.055	202.6
1014	0.156	-0.107	1.062	202.8
1015	0.158	-0.108	1.057	203.0
1016	0.158	-0.113	1.044	203.2
1017	0.324	-0.227	1.402	203.4
1018	0.361	-0.247	1.443	203.6
1019	0.356	-0.240	1.438	203.8
1020	0.351	-0.242	1.421	204.0
1021	0.349	-0.240	1.417	204.2
1022	0.347	-0.235	1.410	204.4
1023	0.347	-0.233	1.415	204.6
1024	0.346	-0.235	1.413	204.8
1025	0.345	-0.236	1.412	205.0
1026	0.346	-0.232	1.406	205.2
1027	0.345	-0.230	1.399	205.4
1028	0.343	-0.232	1.417	205.6
1029	0.343	-0.232	1.403	205.8
1030	0.342	-0.229	1.394	206.0
1031	0.343	-0.230	1.399	206.2
1032	0.339	-0.228	1.410	206.4
1033	0.339	-0.230	1.411	206.6
1034	0.338	-0.228	1.389	206.8
1035	0.341	-0.228	1.398	207.0
1036	0.338	-0.227	1.401	207.2
1037	0.337	-0.227	1.397	207.4
1038	0.338	-0.228	1.390	207.6
1039	0.339	-0.225	1.387	207.8
1040	0.337	-0.227	1.398	208.0
1041	0.333	-0.222	1.399	208.2
1042	0.333	-0.224	1.393	208.4
1043	0.334	-0.225	1.383	208.6
1044	0.335	-0.226	1.376	208.8
1045	0.332	-0.225	1.391	209.0
1046	0.334	-0.224	1.389	209.2
1047	0.332	-0.225	1.389	209.4
1048	0.332	-0.223	1.385	209.6
1049	0.331	-0.226	1.389	209.8
1050	0.331	-0.224	1.384	210.0
1051	0.329	-0.224	1.384	210.2
1052	0.329	-0.221	1.368	210.4
1053	0.330	-0.223	1.383	210.6
1054	0.329	-0.224	1.383	210.8
1055	0.330	-0.223	1.381	211.0
1056	0.328	-0.220	1.380	211.2
1057	0.329	-0.226	1.389	211.4
1058	0.326	-0.225	1.379	211.6
1059	0.328	-0.223	1.383	211.8
1060	0.327	-0.221	1.381	212.0
1061	0.328	-0.224	1.398	212.2
1062	0.327	-0.223	1.390	212.4
1063	0.329	-0.222	1.375	212.6
1064	0.328	-0.223	1.373	212.8
1065	0.327	-0.221	1.390	213.0
1066	0.328	-0.222	1.388	213.2
1067	0.325	-0.222	1.383	213.4
1068	0.329	-0.223	1.379	213.6
1069	0.327	-0.222	1.372	213.8
1070	0.328	-0.221	1.388	214.0
1071	0.325	-0.221	1.386	214.2
1072	0.328	-0.220	1.384	214.4
1073	0.328	-0.223	1.376	214.6
1074	0.328	-0.218	1.378	214.8
1075	0.326	-0.221	1.373	215.0
1076	0.329	-0.220	1.370	215.2
1077	0.329	-0.222	1.378	215.4
1078	0.325	-0.220	1.379	215.6
1079	0.326	-0.220	1.383	215.8
1080	0.326	-0.216	1.377	216.0
1081	0.326	-0.220	1.355	216.2
1082	0.327	-0.217	1.379	216.4
1083	0.327	-0.220	1.384	216.6
1084	0.327	-0.217	1.379	216.8
1085	0.325	-0.217	1.365	217.0
1086	0.326	-0.217	1.384	217.2
1087	0.324	-0.220	1.375	217.4
1088	0.324	-0.217	1.375	217.6
1089	0.326	-0.219	1.368	217.8
1090	0.323	-0.214	1.379	218.0
1091	0.325	-0.218	1.370	218.2
1092	0.322	-0.221	1.372	218.4
1093	0.323	-0.218	1.375	218.6
1094	0.322	-0.215	1.372	218.8
1095	0.323	-0.216	1.372	219.0
1096	0.325	-0.218	1.375	219.2
1097	0.323	-0.217	1.379	219.4
1098	0.323	-0.219	1.371	219.6
1099	0.323	-0.217	1.377	219.8
1100	0.321	-0.219	1.381	220.0
1101	0.323	-0.216	1.382	220.2
1102	0.324	-0.221	1.365	220.4
1103	0.323	-0.216	1.369	220.6
1104	0.324	-0.216	1.377	220.8
1105	0.323	-0.216	1.386	221.0
1106	0.322	-0.221	1.370	221.2
1107	0.324	-0.217	1.371	221.4
1108	0.325	-0.217	1.370	221.6
1109	0.322	-0.216	1.382	221.8
1110	0.324	-0.219	1.379	222.0
1111	0.325	-0.219	1.370	222.2
1112	0.326	-0.219	1.372	222.4
1113	0.324	-0.216	1.369	222.6
1114	0.323	-0.218	1.383	222.8
1115	0.324	-0.219	1.371	223.0
1116	0.325	-0.219	1.369	223.2
1117	0.322	-0.219	1.365	223.4
1118	0.323	-0.217	1.377	223.6
1119	0.325	-0.217	1.380	223.8
1120	0.323	-0.218	1.363	224.0
1121	0.321	-0.218	1.368	224.2
1122	0.323	-0.217	1.367	224.4
1123	0.322	-0.216	1.361	224.6
1124	0.322	-0.217	1.362	224.8
1125	0.322	-0.216	1.373	225.0
1126	0.320	-0.219	1.372	225.2
1127	0.321	-0.217	1.369	225.4
1128	0.320	-0.216	1.361	225.6
1129	0.321	-0.217	1.369	225.8
1130	0.321	-0.214	1.380	226.0
1131	0.323	-0.218	1.379	226.2
1132	0.318	-0.216	1.363	226.4
1133	0.320	-0.215	1.362	226.6
1134	0.320	-0.217	1.379	226.8
1135	0.319	-0.216	1.373	227.0
1136	0.320	-0.217	1.372	227.2
1137	0.320	-0.214	1.367	227.4
1138	0.318	-0.216	1.367	227.6
1139	0.318	-0.215	1.373	227.8
1140	0.319	-0.218	1.357	228.0
1141	0.319	-0.215	1.366	228.2
1142	0.319	-0.213	1.373	228.4
1143	0.319	-0.213	1.355	228.6
1144	0.319	-0.216	1.357	228.8
1145	0.319	-0.215	1.360	229.0
1146	0.318	-0.215	1.376	229.2
1147	0.318	-0.214	1.373	229.4
1148	0.318	-0.215	1.359	229.6
1149	0.318	-0.216	1.358	229.8
1150	0.317	-0.215	1.372	230.0
1151	0.317	-0.216	1.372	230.2
1152	0.316	-0.214	1.364	230.4
1153	0.319	-0.215	1.364	230.6
1154	0.316	-0.217	1.359	230.8
1155	0.316	-0.218	1.367	231.0
1156	0.316	-0.214	1.377	231.2
1157	0.316	-0.215	1.361	231.4
1158	0.317	-0.213	1.368	231.6
1159	0.316	-0.215	1.367	231.8
1160	0.317	-0.214	1.361	232.0
1161	0.315	-0.215	1.371	232.2
1162	0.314	-0.213	1.367	232.4
1163	0.317	-0.214	1.369	232.6
1164	0.316	-0.216	1.359	232.8
1165	0.314	-0.215	1.367	233.0
1166	0.316	-0.214	1.368	233.2
1167	0.315	-0.214	1.371	233.4
1168	0.317	-0.214	1.376	233.6
1169	0.315	-0.215	1.375	233.8
1170	0.315	-0.214	1.363	234.0
1171	0.317	-0.214	1.360	234.2
1172	0.315	-0.215	1.363	234.4
1173	0.317	-0.213	1.364	234.6
1174	0.312	-0.216	1.369	234.8
1175	0.317	-0.215	1.359	235.0
1176	0.316	-0.215	1.351	235.2
1177	0.315	-0.216	1.373	235.4
1178	0.314	-0.218	1.366	235.6
1179	0.316	-0.215	1.366	235.8
1180	0.315	-0.216	1.356	236.0
1181	0.314	-0.214	1.353	236.2
1182	0.315	-0.215	1.371	236.4
1183	0.312	-0.216	1.357	236.6
1184	0.314	-0.215	1.354	236.8
1185	0.314	-0.216	1.358	237.0
1186	0.316	-0.213	1.359	237.2
1187	0.314	-0.214	1.369	237.4
1188	0.312	-0.218	1.357	237.6
1189	0.315	-0.216	1.359	237.8
1190	0.317	-0.214	1.354	238.0
1191	0.316	-0.212	1.361	238.2
1192	0.314	-0.214	1.371	238.4
1193	0.316	-0.215	1.355	238.6
1194	0.317	-0.218	1.363	238.8
1195	0.314	-0.213	1.377	239.0
1196	0.315	-0.215	1.367	239.2
1197	0.315	-0.214	1.342	239.4
1198	0.316	-0.215	1.371	239.6
1199	0.313	-0.215	1.373	239.8
1200	0.314	-0.215	1.357	240.0
1201	0.316	-0.216	1.340	240.2
1202	0.317	-0.214	1.367	240.4
1203	0.316	-0.216	1.367	240.6
1204	0.312	-0.214	1.356	240.8
1205	0.316	-0.213	1.359	241.0
1206	0.313	-0.213	1.364	241.2
1207	0.313	-0.215	1.361	241.4
1208	0.313	-0.213	1.364	241.6
1209	0.314	-0.215	1.360	241.8
1210	0.314	-0.213	1.376	242.0
1211	0.314	-0.214	1.364	242.2
1212	0.314	-0.215	1.364	242.4
1213	0.315	-0.214	1.344	242.6
1214	0.313	-0.210	1.364	242.8
1215	0.314	-0.213	1.364	243.0
1216	0.313	-0.213	1.373	243.2
1217	0.316	-0.214	1.357	243.4
1218	0.314	-0.214	1.373	243.6
1219	0.313	-0.212	1.365	243.8
1220	0.315	-0.213	1.350	244.0
1221	0.315	-0.215	1.356	244.2
1222	0.314	-0.214	1.364	244.4
1223	0.314	-0.215	1.358	244.6
1224	0.313	-0.212	1.351	244.8
1225	0.313	-0.212	1.357	245.0
1226	0.316	-0.214	1.367	245.2
1227	0.314	-0.216	1.358	245.4
1228	0.312	-0.214	1.361	245.6
1229	0.312	-0.213	1.362	245.8
1230	0.312	-0.212	1.365	246.0
1231	0.313	-0.216	1.354	246.2
1232	0.314	-0.215	1.364	246.4
1233	0.313	-0.213	1.369	246.6
1234	0.313	-0.212	1.357	246.8
1235	0.311	-0.214	1.355	247.0
1236	0.312	-0.214	1.347	247.2
1237	0.312	-0.217	1.377	247.4
1238	0.311	-0.214	1.360	247.6
1239	0.313	-0.213	1.359	247.8
1240	0.308	-0.215	1.361	248.0
1241	0.312	-0.215	1.367	248.2
1242	0.311	-0.215	1.363	248.4
1243	0.310	-0.213	1.349	248.6
1244	0.311	-0.215	1.357	248.8
1245	0.311	-0.214	1.359	249.0
1246	0.313	-0.216	1.361	249.2
1247	0.313	-0.216	1.360	249.4
1248	0.309	-0.214	1.354	249.6
1249	0.311	-0.212	1.359	249.8
1250	0.311	-0.214	1.364	250.0
1251	0.310	-0.217	1.345	250.2
1252	0.312	-0.215	1.362	250.4
1253	0.311	-0.213	1.357	250.6
1254	0.312	-0.212	1.355	250.8
1255	0.310	-0.212	1.354	251.0
1256	0.312	-0.215	1.352	251.2
1257	0.310	-0.213	1.361	251.4
1258	0.310	-0.212	1.367	251.6
1259	0.309	-0.213	1.359	251.8
1260	0.311	-0.214	1.357	252.0
1261	0.312	-0.213	1.357	252.2
1262	0.309	-0.216	1.354	252.4
1263	0.310	-0.214	1.359	252.6
1264	0.308	-0.214	1.353	252.8
1265	0.310	-0.216	1.350	253.0
1266	0.311	-0.216	1.351	253.2
1267	0.310	-0.214	1.355	253.4
1268	0.308	-0.212	1.356	253.6
1269	0.309	-0.214	1.356	253.8
1270	0.310	-0.214	1.360	254.0
1271	0.311	-0.214	1.342	254.2
1272	0.309	-0.213	1.362	254.4
1273	0.309	-0.213	1.362	254.6
1274	0.309	-0.217	1.359	254.8
1275	0.307	-0.217	1.353	255.0
1276	0.310	-0.216	1.345	255.2
1277	0.309	-0.212	1.350	255.4
1278	0.307	-0.214	1.348	255.6
1279	0.309	-0.215	1.360	255.8
1280	0.309	-0.217	1.351	256.0
1281	0.309	-0.213	1.356	256.2
1282	0.308	-0.214	1.359	256.4
1283	0.309	-0.213	1.346	256.6
1284	0.307	-0.215	1.352	256.8
1285	0.309	-0.216	1.355	257.0
1286	0.309	-0.213	1.361	257.2
1287	0.307	-0.213	1.351	257.4
1288	0.307	-0.212	1.353	257.6
1289	0.308	-0.216	1.352	257.8
1290	0.304	-0.214	1.353	258.0
1291	0.307	-0.215	1.362	258.2
1292	0.306	-0.212	1.344	258.4
1293	0.307	-0.212	1.352	258.6
1294	0.306	-0.212	1.357	258.8
1295	0.306	-0.215	1.356	259.0
1296	0.306	-0.213	1.353	259.2
1297	0.308	-0.214	1.351	259.4
1298	0.306	-0.212	1.352	259.6
1299	0.304	-0.213	1.356	259.8
1300	0.303	-0.216	1.349	260.0
1301	0.307	-0.214	1.344	260.2
1302	0.303	-0.213	1.348	260.4
1303	0.307	-0.215	1.347	260.6
1304	0.305	-0.213	1.351	260.8
1305	0.308	-0.215	1.351	261.0
1306	0.304	-0.214	1.363	261.2
1307	0.305	-0.217	1.351	261.4
1308	0.304	-0.215	1.345	261.6
1309	0.305	-0.216	1.355	261.8
1310	0.306	-0.214	1.358	262.0
1311	0.304	-0.212	1.351	262.2
1312	0.304	-0.214	1.350	262.4
1313	0.304	-0.214	1.356	262.6
1314	0.304	-0.214	1.358	262.8
1315	0.306	-0.211	1.347	263.0
1316	0.304	-0.215	1.335	263.2
1317	0.304	-0.215	1.347	263.4
1318	0.304	-0.214	1.344	263.6
1319	0.304	-0.215	1.353	263.8
1320	0.306	-0.212	1.355	264.0
1321	0.303	-0.213	1.356	264.2
1322	0.302	-0.215	1.357	264.4
1323	0.303	-0.215	1.349	264.6
1324	0.303	-0.213	1.351	264.8
1325	0.305	-0.213	1.345	265.0
1326	0.302	-0.214	1.346	265.2
1327	0.301	-0.215	1.353	265.4
1328	0.302	-0.216	1.356	265.6
1329	0.305	-0.212	1.355	265.8
1330	0.303	-0.215	1.343	266.0
1331	0.304	-0.212	1.347	266.2
1332	0.305	-0.213	1.358	266.4
1333	0.305	-0.214	1.347	266.6
1334	0.302	-0.215	1.349	266.8
1335	0.306	-0.213	1.346	267.0
1336	0.304	-0.211	1.341	267.2
1337	0.306	-0.215	1.345	267.4
1338	0.307	-0.213	1.350	267.6
1339	0.305	-0.210	1.358	267.8
1340	0.304	-0.213	1.343	268.0
1341	0.303	-0.210	1.345	268.2
1342	0.306	-0.213	1.349	268.4
1343	0.305	-0.212	1.334	268.6
1344	0.304	-0.212	1.352	268.8
1345	0.306	-0.210	1.351	269.0
1346	0.304	-0.213	1.334	269.2
1347	0.305	-0.212	1.349	269.4
1348	0.304	-0.212	1.349	269.6
1349	0.304	-0.212	1.345	269.8
1350	0.304	-0.212	1.351	270.0
1351	0.306	-0.211	1.351	270.2
1352	0.304	-0.214	1.353	270.4
1353	0.305	-0.210	1.351	270.6
1354	0.302	-0.212	1.334	270.8
1355	0.304	-0.211	1.339	271.0
1356	0.304	-0.213	1.349	271.2
1357	0.304	-0.214	1.351	271.4
1358	0.303	-0.212	1.342	271.6
1359	0.305	-0.212	1.342	271.8
1360	0.303	-0.212	1.346	272.0
1361	0.303	-0.214	1.360	272.2
1362	0.304	-0.212	1.336	272.4
1363	0.304	-0.212	1.339	272.6
1364	0.304	-0.209	1.348	272.8
1365	0.303	-0.213	1.342	273.0
1366	0.304	-0.211	1.340	273.2
1367	0.302	-0.212	1.343	273.4
1368	0.305	-0.210	1.344	273.6
1369	0.304	-0.212	1.351	273.8
1370	0.302	-0.211	1.334	274.0
1371	0.304	-0.212	1.347	274.2
1372	0.305	-0.211	1.348	274.4
1373	0.303	-0.215	1.351	274.6
1374	0.303	-0.210	1.347	274.8
1375	0.305	-0.213	1.334	275.0
1376	0.305	-0.212	1.359	275.2
1377	0.303	-0.215	1.347	275.4
1378	0.303	-0.212	1.349	275.6
1379	0.302	-0.212	1.354	275.8
1380	0.302	-0.214	1.351	276.0
1381	0.304	-0.215	1.341	276.2
1382	0.304	-0.215	1.349	276.4
1383	0.304	-0.212	1.350	276.6
1384	0.302	-0.216	1.356	276.8
1385	0.303	-0.216	1.342	277.0
1386	0.305	-0.214	1.342	277.2
1387	0.306	-0.215	1.357	277.4
1388	0.303	-0.214	1.345	277.6
1389	0.303	-0.213	1.335	277.8
1390	0.304	-0.214	1.339	278.0
1391	0.306	-0.214	1.360	278.2
1392	0.303	-0.212	1.350	278.4
1393	0.301	-0.211	1.336	278.6
1394	0.306	-0.214	1.336	278.8
1395	0.304	-0.214	1.351	279.0
1396	0.303	-0.215	1.345	279.2
1397	0.302	-0.213	1.334	279.4
1398	0.304	-0.210	1.356	279.6
1399	0.301	-0.212	1.360	279.8
1400	0.302	-0.215	1.359	280.0
1401	0.303	-0.214	1.352	280.2
1402	0.304	-0.211	1.347	280.4
1403	0.302	-0.211	1.352	280.6
1404	0.302	-0.214	1.354	280.8
1405	0.301	-0.214	1.337	281.0
1406	0.303	-0.214	1.342	281.2
1407	0.300	-0.212	1.363	281.4
1408	0.301	-0.214	1.349	281.6
1409	0.301	-0.213	1.348	281.8
1410	0.300	-0.215	1.349	282.0
1411	0.303	-0.210	1.345	282.2
1412	0.299	-0.210	1.355	282.4
1413	0.302	-0.210	1.329	282.6
1414	0.300	-0.211	1.345	282.8
1415	0.301	-0.212	1.347	283.0
1416	0.299	-0.215	1.345	283.2
1417	0.301	-0.211	1.337	283.4
1418	0.300	-0.214	1.351	283.6
1419	0.300	-0.215	1.354	283.8
1420	0.299	-0.214	1.345	284.0
1421	0.300	-0.211	1.347	284.2
1422	0.299	-0.211	1.347	284.4
1423	0.300	-0.213	1.343	284.6
1424	0.297	-0.214	1.345	284.8
1425	0.298	-0.213	1.352	285.0
1426	0.297	-0.212	1.343	285.2
1427	0.300	-0.209	1.346	285.4
1428	0.297	-0.215	1.349	285.6
1429	0.301	-0.213	1.355	285.8
1430	0.299	-0.214	1.352	286.0
1431	0.299	-0.211	1.355	286.2
1432	0.297	-0.211	1.361	286.4
1433	0.298	-0.214	1.346	286.6
1434	0.299	-0.215	1.342	286.8
1435	0.298	-0.213	1.336	287.0
1436	0.297	-0.214	1.344	287.2
1437	0.298	-0.213	1.339	287.4
1438	0.297	-0.215	1.339	287.6
1439	0.300	-0.213	1.351	287.8
1440	0.299	-0.212	1.350	288.0
1441	0.297	-0.212	1.348	288.2
1442	0.297	-0.213	1.341	288.4
1443	0.300	-0.213	1.349	288.6
1444	0.299	-0.214	1.337	288.8
1445	0.297	-0.215	1.345	289.0
1446	0.300	-0.210	1.341	289.2
1447	0.299	-0.214	1.339	289.4
1448	0.300	-0.213	1.343	289.6
1449	0.300	-0.214	1.351	289.8
1450	0.299	-0.211	1.357	290.0
1451	0.297	-0.213	1.345	290.2
1452	0.299	-0.211	1.339	290.4
1453	0.300	-0.215	1.344	290.6
1454	0.299	-0.212	1.355	290.8
1455	0.296	-0.213	1.353	291.0
1456	0.299	-0.210	1.349	291.2
1457	0.298	-0.213	1.347	291.4
1458	0.298	-0.212	1.339	291.6
1459	0.297	-0.213	1.347	291.8
1460	0.299	-0.211	1.345	292.0
1461	0.297	-0.212	1.340	292.2
1462	0.296	-0.214	1.345	292.4
1463	0.297	-0.212	1.353	292.6
1464	0.297	-0.211	1.347	292.8
1465	0.299	-0.213	1.341	293.0
1466	0.297	-0.213	1.362	293.2
1467	0.297	-0.216	1.355	293.4
1468	0.296	-0.212	1.344	293.6
1469	0.297	-0.214	1.340	293.8
1470	0.296	-0.210	1.362	294.0
1471	0.296	-0.212	1.356	294.2
1472	0.297	-0.212	1.347	294.4
1473	0.296	-0.214	1.339	294.6
1474	0.297	-0.212	1.347	294.8
1475	0.295	-0.214	1.351	295.0
1476	0.298	-0.212	1.345	295.2
1477	0.297	-0.217	1.340	295.4
1478	0.297	-0.213	1.341	295.6
1479	0.297	-0.213	1.343	295.8
1480	0.298	-0.212	1.344	296.0
1481	0.300	-0.214	1.332	296.2
1482	0.300	-0.213	1.342	296.4
1483	0.299	-0.212	1.348	296.6
1484	0.298	-0.213	1.351	296.8
1485	0.300	-0.210	1.349	297.0
1486	0.301	-0.213	1.341	297.2
1487	0.301	-0.213	1.349	297.4
1488	0.298	-0.213	1.347	297.6
1489	0.300	-0.208	1.335	297.8
1490	0.300	-0.213	1.344	298.0
1491	0.302	-0.211	1.339	298.2
1492	0.300	-0.213	1.353	298.4
1493	0.299	-0.210	1.344	298.6
1494	0.301	-0.212	1.335	298.8
1495	0.298	-0.210	1.342	299.0
1496	0.301	-0.210	1.343	299.2
1497	0.299	-0.211	1.336	299.4
1498	0.302	-0.211	1.342	299.6
1499	0.300	-0.209	1.343	299.8
1500	0.301	-0.213	1.346	300.0
1501	0.300	-0.212	1.344	300.2
1502	0.300	-0.212	1.345	300.4
1503	0.300	-0.210	1.337	300.6
1504	0.299	-0.210	1.347	300.8
1505	0.299	-0.212	1.339	301.0
1506	0.300	-0.211	1.343	301.2
1507	0.299	-0.211	1.340	301.4
1508	0.299	-0.210	1.353	301.6
1509	0.300	-0.211	1.355	301.8
1510	0.299	-0.211	1.346	302.0
1511	0.301	-0.212	1.341	302.2
1512	0.301	-0.210	1.347	302.4
1513	0.300	-0.211	1.359	302.6
1514	0.299	-0.210	1.343	302.8
1515	0.299	-0.212	1.327	303.0
1516	0.300	-0.212	1.335	303.2
1517	0.299	-0.209	1.352	303.4
1518	0.510	-0.351	1.744	303.6
1519	0.499	-0.341	1.712	303.8
1520	0.495	-0.338	1.715	304.0
1521	0.493	-0.334	1.706	304.2
1522	0.489	-0.330	1.696	304.4
1523	0.488	-0.332	1.690	304.6
1524	0.489	-0.330	1.699	304.8
1525	0.487	-0.331	1.689	305.0
1526	0.485	-0.330	1.665	305.2
1527	0.487	-0.327	1.673	305.4
1528	0.484	-0.331	1.695	305.6
1529	0.480	-0.331	1.690	305.8
1530	0.483	-0.330	1.659	306.0
1531	0.481	-0.330	1.676	306.2
1532	0.481	-0.326	1.687	306.4
1533	0.479	-0.328	1.678	306.6
1534	0.481	-0.326	1.672	306.8
1535	0.478	-0.328	1.677	307.0
1536	0.477	-0.326	1.677	307.2
1537	0.476	-0.327	1.668	307.4
1538	0.478	-0.325	1.681	307.6
1539	0.479	-0.325	1.680	307.8
1540	0.476	-0.328	1.680	308.0
1541	0.475	-0.324	1.671	308.2
1542	0.476	-0.326	1.667	308.4
1543	0.474	-0.324	1.675	308.6
1544	0.476	-0.326	1.662	308.8
1545	0.475	-0.324	1.672	309.0
1546	0.473	-0.321	1.672	309.2
1547	0.475	-0.324	1.659	309.4
1548	0.473	-0.323	1.659	309.6
1549	0.475	-0.325	1.666	309.8
1550	0.473	-0.324	1.677	310.0
1551	0.473	-0.323	1.661	310.2
1552	0.473	-0.323	1.659	310.4
1553	0.474	-0.323	1.675	310.6
1554	0.473	-0.324	1.660	310.8
1555	0.473	-0.322	1.658	311.0
1556	0.472	-0.319	1.673	311.2
1557	0.474	-0.320	1.683	311.4
1558	0.471	-0.323	1.671	311.6
1559	0.472	-0.325	1.651	311.8
1560	0.472	-0.323	1.673	312.0
1561	0.472	-0.322	1.698	312.2
1562	0.469	-0.323	1.663	312.4
1563	0.471	-0.322	1.643	312.6
1564	0.471	-0.322	1.677	312.8
1565	0.469	-0.323	1.689	313.0
1566	0.468	-0.320	1.648	313.2
1567	0.470	-0.321	1.648	313.4
1568	0.472	-0.319	1.673	313.6
1569	0.469	-0.319	1.675	313.8
1570	0.469	-0.322	1.654	314.0
1571	0.470	-0.319	1.655	314.2
1572	0.467	-0.323	1.674	314.4
1573	0.469	-0.321	1.668	314.6
1574	0.470	-0.323	1.645	314.8
1575	0.470	-0.318	1.656	315.0
1576	0.468	-0.321	1.663	315.2
1577	0.471	-0.320	1.674	315.4
1578	0.467	-0.320	1.663	315.6
1579	0.469	-0.322	1.644	315.8
1580	0.470	-0.318	1.668	316.0
1581	0.468	-0.319	1.689	316.2
1582	0.467	-0.319	1.677	316.4
1583	0.469	-0.319	1.643	316.6
1584	0.469	-0.319	1.650	316.8
1585	0.469	-0.319	1.671	317.0
1586	0.469	-0.316	1.666	317.2
1587	0.467	-0.320	1.650	317.4
1588	0.469	-0.319	1.659	317.6
1589	0.466	-0.321	1.671	317.8
1590	0.467	-0.318	1.662	318.0
1591	0.468	-0.318	1.645	318.2
1592	0.467	-0.322	1.664	318.4
1593	0.467	-0.319	1.667	318.6
1594	0.468	-0.322	1.651	318.8
1595	0.467	-0.318	1.655	319.0
1596	0.468	-0.319	1.650	319.2
1597	0.466	-0.320	1.655	319.4
1598	0.466	-0.319	1.665	319.6
1599	0.468	-0.320	1.653	319.8
1600	0.467	-0.320	1.647	320.0
1601	0.467	-0.321	1.662	320.2
1602	0.466	-0.322	1.662	320.4
1603	0.467	-0.321	1.615	320.6
1604	0.468	-0.320	1.637	320.8
1605	0.467	-0.319	1.700	321.0
1606	0.463	-0.322	1.643	321.2
1607	0.467	-0.321	1.618	321.4
1608	0.470	-0.321	1.657	321.6
1609	0.466	-0.321	1.693	321.8
1610	0.464	-0.323	1.655	322.0
1611	0.464	-0.321	1.612	322.2
1612	0.467	-0.319	1.661	322.4
1613	0.464	-0.322	1.686	322.6
1614	0.463	-0.321	1.632	322.8
1615	0.464	-0.319	1.617	323.0
1616	0.465	-0.320	1.660	323.2
1617	0.466	-0.325	1.683	323.4
1618	0.462	-0.321	1.643	323.6
1619	0.465	-0.321	1.597	323.8
1620	0.467	-0.314	1.669	324.0
1621	0.461	-0.323	1.724	324.2
1622	0.459	-0.325	1.623	324.4
1623	0.466	-0.318	1.559	324.6
1624	0.463	-0.316	1.668	324.8
1625	0.461	-0.320	1.707	325.0
1626	0.462	-0.323	1.627	325.2
1627	0.463	-0.315	1.621	325.4
1628	0.464	-0.318	1.671	325.6
1629	0.457	-0.319	1.726	325.8
1630	0.459	-0.321	1.649	326.0
1631	0.465	-0.321	1.581	326.2
1632	0.465	-0.318	1.667	326.4
1633	0.460	-0.317	1.711	326.6
1634	0.458	-0.317	1.622	326.8
1635	0.463	-0.315	1.586	327.0
1636	0.466	-0.316	1.665	327.2
1637	0.461	-0.320	1.694	327.4
1638	0.459	-0.317	1.624	327.6
1639	0.459	-0.315	1.619	327.8
1640	0.461	-0.318	1.680	328.0
1641	0.459	-0.319	1.669	328.2
1642	0.459	-0.319	1.629	328.4
1643	0.461	-0.313	1.633	328.6
1644	0.459	-0.317	1.683	328.8
1645	0.459	-0.317	1.647	329.0
1646	0.460	-0.317	1.633	329.2
1647	0.460	-0.318	1.661	329.4
1648	0.457	-0.314	1.676	329.6
1649	0.459	-0.318	1.641	329.8
1650	0.462	-0.315	1.628	330.0
1651	0.459	-0.316	1.664	330.2
1652	0.457	-0.318	1.645	330.4
1653	0.457	-0.316	1.624	330.6
1654	0.459	-0.315	1.650	330.8
1655	0.458	-0.318	1.655	331.0
1656	0.460	-0.319	1.651	331.2
1657	0.459	-0.316	1.643	331.4
1658	0.456	-0.317	1.651	331.6
1659	0.458	-0.317	1.633	331.8
1660	0.460	-0.318	1.659	332.0
1661	0.462	-0.317	1.653	332.2
1662	0.459	-0.317	1.637	332.4
1663	0.460	-0.314	1.645	332.6
1664	0.459	-0.318	1.654	332.8
1665	0.458	-0.316	1.643	333.0
1666	0.459	-0.317	1.636	333.2
1667	0.459	-0.314	1.650	333.4
1668	0.458	-0.315	1.657	333.6
1669	0.459	-0.318	1.649	333.8
1670	0.459	-0.316	1.646	334.0
1671	0.459	-0.317	1.648	334.2
1672	0.461	-0.312	1.657	334.4
1673	0.457	-0.316	1.646	334.6
1674	0.459	-0.317	1.646	334.8
1675	0.460	-0.319	1.644	335.0
1676	0.459	-0.316	1.635	335.2
1677	0.460	-0.315	1.639	335.4
1678	0.459	-0.315	1.650	335.6
1679	0.459	-0.318	1.649	335.8
1680	0.460	-0.317	1.647	336.0
1681	0.458	-0.318	1.639	336.2
1682	0.459	-0.317	1.637	336.4
1683	0.460	-0.314	1.631	336.6
1684	0.456	-0.320	1.642	336.8
1685	0.457	-0.317	1.647	337.0
1686	0.459	-0.319	1.637	337.2
1687	0.457	-0.316	1.648	337.4
1688	0.457	-0.319	1.643	337.6
1689	0.458	-0.317	1.644	337.8
1690	0.456	-0.317	1.645	338.0
1691	0.456	-0.316	1.645	338.2
1692	0.455	-0.318	1.651	338.4
1693	0.456	-0.316	1.642	338.6
1694	0.458	-0.321	1.633	338.8
1695	0.456	-0.316	1.630	339.0
1696	0.455	-0.318	1.646	339.2
1697	0.452	-0.316	1.646	339.4
1698	0.454	-0.319	1.624	339.6
1699	0.454	-0.319	1.651	339.8
1700	0.455	-0.318	1.652	340.0
1701	0.453	-0.317	1.647	340.2
1702	0.454	-0.318	1.624	340.4
1703	0.454	-0.318	1.635	340.6
1704	0.453	-0.317	1.630	340.8
1705	0.453	-0.318	1.646	341.0
1706	0.452	-0.315	1.627	341.2
1707	0.451	-0.315	1.640	341.4
1708	0.453	-0.317	1.644	341.6
1709	0.453	-0.315	1.653	341.8
1710	0.453	-0.315	1.638	342.0
1711	0.453	-0.315	1.651	342.2
1712	0.451	-0.317	1.640	342.4
1713	0.451	-0.316	1.655	342.6
1714	0.452	-0.317	1.632	342.8
1715	0.451	-0.316	1.642	343.0
1716	0.450	-0.314	1.639	343.2
1717	0.449	-0.314	1.641	343.4
1718	0.450	-0.317	1.657	343.6
1719	0.449	-0.319	1.635	343.8
1720	0.451	-0.314	1.637	344.0
1721	0.450	-0.314	1.644	344.2
1722	0.449	-0.315	1.650	344.4
1723	0.449	-0.317	1.633	344.6
1724	0.452	-0.317	1.631	344.8
1725	0.450	-0.313	1.645	345.0
1726	0.448	-0.315	1.638	345.2
1727	0.448	-0.315	1.638	345.4
1728	0.452	-0.315	1.634	345.6
1729	0.453	-0.315	1.635	345.8
1730	0.449	-0.312	1.642	346.0
1731	0.449	-0.312	1.638	346.2
1732	0.449	-0.311	1.645	346.4
1733	0.449	-0.317	1.645	346.6
1734	0.451	-0.313	1.631	346.8
1735	0.449	-0.314	1.645	347.0
1736	0.450	-0.315	1.635	347.2
1737	0.452	-0.316	1.645	347.4
1738	0.452	-0.315	1.629	347.6
1739	0.451	-0.315	1.637	347.8
1740	0.450	-0.311	1.637	348.0
1741	0.448	-0.313	1.638	348.2
1742	0.450	-0.315	1.629	348.4
1743	0.449	-0.315	1.635	348.6
1744	0.448	-0.311	1.632	348.8
1745	0.447	-0.313	1.632	349.0
1746	0.450	-0.311	1.627	349.2
1747	0.449	-0.316	1.643	349.4
1748	0.449	-0.314	1.635	349.6
1749	0.449	-0.314	1.633	349.8
1750	0.449	-0.310	1.635	350.0
1751	0.448	-0.314	1.637	350.2
1752	0.449	-0.311	1.639	350.4
1753	0.447	-0.313	1.637	350.6
1754	0.449	-0.309	1.642	350.8
1755	0.447	-0.312	1.632	351.0
1756	0.449	-0.312	1.628	351.2
1757	0.446	-0.314	1.633	351.4
1758	0.448	-0.312	1.639	351.6
1759	0.448	-0.312	1.630	351.8
1760	0.448	-0.311	1.639	352.0
1761	0.448	-0.314	1.633	352.2
1762	0.448	-0.313	1.636	352.4
1763	0.448	-0.312	1.648	352.6
1764	0.445	-0.314	1.641	352.8
1765	0.448	-0.313	1.639	353.0
1766	0.447	-0.316	1.641	353.2
1767	0.449	-0.313	1.645	353.4
1768	0.449	-0.315	1.637	353.6
1769	0.447	-0.311	1.635	353.8
1770	0.446	-0.314	1.633	354.0
1771	0.447	-0.314	1.633	354.2
1772	0.449	-0.314	1.636	354.4
1773	0.449	-0.315	1.634	354.6
1774	0.448	-0.313	1.627	354.8
1775	0.448	-0.316	1.628	355.0
1776	0.451	-0.317	1.627	355.2
1777	0.448	-0.316	1.622	355.4
1778	0.447	-0.312	1.641	355.6
1779	0.449	-0.314	1.624	355.8
1780	0.449	-0.315	1.632	356.0
1781	0.449	-0.315	1.645	356.2
1782	0.448	-0.313	1.639	356.4
1783	0.448	-0.311	1.624	356.6
1784	0.448	-0.311	1.634	356.8
1785	0.447	-0.314	1.639	357.0
1786	0.447	-0.315	1.635	357.2
1787	0.449	-0.313	1.637	357.4
1788	0.450	-0.312	1.638	357.6
1789	0.450	-0.310	1.646	357.8
1790	0.446	-0.314	1.634	358.0
1791	0.447	-0.316	1.617	358.2
1792	0.448	-0.313	1.630	358.4
1793	0.449	-0.313	1.630	358.6
1794	0.445	-0.313	1.624	358.8
1795	0.449	-0.313	1.627	359.0
1796	0.445	-0.315	1.627	359.2
1797	0.449	-0.312	1.638	359.4
1798	0.447	-0.313	1.623	359.6
1799	0.449	-0.314	1.632	359.8
1800	0.447	-0.316	1.627	360.0
1801	0.448	-0.318	1.623	360.2
1802	0.445	-0.313	1.634	360.4
1803	0.446	-0.316	1.626	360.6
1804	0.448	-0.312	1.619	360.8
1805	0.446	-0.312	1.621	361.0
1806	0.447	-0.315	1.643	361.2
1807	0.446	-0.311	1.622	361.4
1808	0.446	-0.312	1.627	361.6
1809	0.446	-0.311	1.634	361.8
1810	0.448	-0.315	1.629	362.0
1811	0.448	-0.312	1.641	362.2
1812	0.447	-0.310	1.623	362.4
1813	0.447	-0.310	1.621	362.6
1814	0.449	-0.310	1.642	362.8
1815	0.449	-0.313	1.637	363.0
1816	0.447	-0.310	1.615	363.2
1817	0.449	-0.308	1.625	363.4
1818	0.446	-0.310	1.645	363.6
1819	0.447	-0.311	1.640	363.8
1820	0.450	-0.312	1.614	364.0
1821	0.450	-0.309	1.631	364.2
1822	0.447	-0.309	1.629	364.4
1823	0.449	-0.307	1.620	364.6
1824	0.448	-0.313	1.626	364.8
1825	0.446	-0.312	1.619	365.0
1826	0.447	-0.310	1.623	365.2
1827	0.449	-0.309	1.637	365.4
1828	0.447	-0.310	1.628	365.6
1829	0.448	-0.311	1.623	365.8
1830	0.446	-0.311	1.629	366.0
1831	0.447	-0.310	1.630	366.2
1832	0.448	-0.311	1.623	366.4
1833	0.445	-0.309	1.621	366.6
1834	0.447	-0.313	1.628	366.8
1835	0.447	-0.313	1.638	367.0
1836	0.446	-0.311	1.627	367.2
1837	0.446	-0.308	1.632	367.4
1838	0.447	-0.310	1.632	367.6
1839	0.448	-0.312	1.647	367.8
1840	0.446	-0.312	1.630	368.0
1841	0.445	-0.310	1.633	368.2
1842	0.447	-0.311	1.626	368.4
1843	0.447	-0.311	1.637	368.6
1844	0.447	-0.309	1.637	368.8
1845	0.448	-0.312	1.630	369.0
1846	0.447	-0.309	1.620	369.2
1847	0.448	-0.310	1.627	369.4
1848	0.444	-0.311	1.621	369.6
1849	0.446	-0.310	1.628	369.8
1850	0.447	-0.312	1.631	370.0
1851	0.444	-0.310	1.629	370.2
1852	0.449	-0.309	1.633	370.4
1853	0.446	-0.309	1.629	370.6
1854	0.446	-0.312	1.637	370.8
1855	0.445	-0.308	1.634	371.0
1856	0.445	-0.309	1.626	371.2
1857	0.445	-0.310	1.625	371.4
1858	0.445	-0.309	1.638	371.6
1859	0.445	-0.312	1.633	371.8
1860	0.444	-0.309	1.627	372.0
1861	0.444	-0.311	1.636	372.2
1862	0.441	-0.310	1.629	372.4
1863	0.444	-0.314	1.618	372.6
1864	0.442	-0.312	1.639	372.8
1865	0.443	-0.307	1.633	373.0
1866	0.442	-0.309	1.617	373.2
1867	0.443	-0.309	1.628	373.4
1868	0.443	-0.311	1.633	373.6
1869	0.441	-0.311	1.628	373.8
1870	0.441	-0.307	1.625	374.0
1871	0.440	-0.309	1.625	374.2
1872	0.440	-0.308	1.629	374.4
1873	0.440	-0.311	1.638	374.6
1874	0.439	-0.310	1.631	374.8
1875	0.438	-0.312	1.607	375.0
1876	0.437	-0.310	1.629	375.2
1877	0.441	-0.308	1.630	375.4
1878	0.440	-0.313	1.627	375.6
1879	0.441	-0.311	1.627	375.8
1880	0.437	-0.310	1.633	376.0
1881	0.438	-0.310	1.624	376.2
1882	0.440	-0.311	1.636	376.4
1883	0.438	-0.310	1.621	376.6
1884	0.437	-0.311	1.633	376.8
1885	0.435	-0.310	1.618	377.0
1886	0.437	-0.310	1.628	377.2
1887	0.435	-0.312	1.627	377.4
1888	0.436	-0.311	1.625	377.6
1889	0.436	-0.311	1.627	377.8
1890	0.437	-0.311	1.637	378.0
1891	0.435	-0.311	1.626	378.2
1892	0.439	-0.311	1.619	378.4
1893	0.436	-0.309	1.640	378.6
1894	0.436	-0.312	1.630	378.8
1895	0.434	-0.309	1.635	379.0
1896	0.436	-0.311	1.633	379.2
1897	0.436	-0.311	1.621	379.4
1898	0.436	-0.309	1.630	379.6
1899	0.435	-0.311	1.631	379.8
1900	0.437	-0.308	1.634	380.0
1901	0.437	-0.312	1.613	380.2
1902	0.438	-0.310	1.632	380.4
1903	0.436	-0.311	1.634	380.6
1904	0.438	-0.308	1.615	380.8
1905	0.438	-0.308	1.615	381.0
1906	0.438	-0.314	1.637	381.2
1907	0.439	-0.311	1.629	381.4
1908	0.439	-0.312	1.627	381.6
1909	0.437	-0.312	1.614	381.8
1910	0.439	-0.311	1.630	382.0
1911	0.440	-0.314	1.638	382.2
1912	0.437	-0.312	1.639	382.4
1913	0.437	-0.311	1.619	382.6
1914	0.437	-0.313	1.623	382.8
1915	0.439	-0.308	1.633	383.0
1916	0.439	-0.312	1.622	383.2
1917	0.439	-0.312	1.616	383.4
1918	0.437	-0.309	1.618	383.6
1919	0.437	-0.309	1.619	383.8
1920	0.436	-0.311	1.627	384.0
1921	0.437	-0.314	1.643	384.2
1922	0.437	-0.314	1.613	384.4
1923	0.436	-0.309	1.617	384.6
1924	0.437	-0.311	1.614	384.8
1925	0.439	-0.311	1.637	385.0
1926	0.436	-0.313	1.617	385.2
1927	0.437	-0.312	1.630	385.4
1928	0.437	-0.310	1.605	385.6
1929	0.435	-0.309	1.640	385.8
1930	0.433	-0.310	1.628	386.0
1931	0.437	-0.310	1.616	386.2
1932	0.435	-0.311	1.607	386.4
1933	0.435	-0.306	1.643	386.6
1934	0.436	-0.310	1.622	386.8
1935	0.436	-0.309	1.592	387.0
1936	0.436	-0.307	1.627	387.2
1937	0.436	-0.310	1.642	387.4
1938	0.435	-0.308	1.620	387.6
1939	0.435	-0.304	1.614	387.8
1940	0.436	-0.310	1.637	388.0
1941	0.436	-0.310	1.653	388.2
1942	0.436	-0.309	1.613	388.4
1943	0.437	-0.308	1.614	388.6
1944	0.436	-0.309	1.640	388.8
1945	0.435	-0.311	1.623	389.0
1946	0.436	-0.309	1.616	389.2
1947	0.437	-0.310	1.619	389.4
1948	0.436	-0.308	1.632	389.6
1949	0.434	-0.309	1.629	389.8
1950	0.438	-0.311	1.616	390.0
1951	0.435	-0.311	1.625	390.2
1952	0.437	-0.308	1.622	390.4
1953	0.435	-0.310	1.621	390.6
1954	0.437	-0.311	1.618	390.8
1955	0.436	-0.312	1.627	391.0
1956	0.436	-0.311	1.619	391.2
1957	0.436	-0.307	1.601	391.4
1958	0.439	-0.307	1.637	391.6
1959	0.436	-0.309	1.635	391.8
1960	0.437	-0.309	1.615	392.0
1961	0.436	-0.308	1.619	392.2
1962	0.436	-0.307	1.634	392.4
1963	0.436	-0.306	1.628	392.6
1964	0.435	-0.309	1.615	392.8
1965	0.438	-0.307	1.617	393.0
1966	0.436	-0.309	1.623	393.2
1967	0.435	-0.308	1.627	393.4
1968	0.437	-0.306	1.624	393.6
1969	0.437	-0.311	1.622	393.8
1970	0.436	-0.308	1.627	394.0
1971	0.435	-0.308	1.633	394.2
1972	0.436	-0.310	1.627	394.4
1973	0.437	-0.307	1.606	394.6
1974	0.437	-0.309	1.619	394.8
1975	0.436	-0.310	1.633	395.0
1976	0.435	-0.308	1.622	395.2
1977	0.437	-0.310	1.601	395.4
1978	0.436	-0.309	1.630	395.6
1979	0.437	-0.310	1.627	395.8
1980	0.437	-0.310	1.625	396.0
1981	0.438	-0.309	1.599	396.2
1982	0.439	-0.308	1.621	396.4
1983	0.438	-0.313	1.627	396.6
1984	0.437	-0.313	1.621	396.8
1985	0.437	-0.309	1.611	397.0
1986	0.438	-0.310	1.612	397.2
1987	0.437	-0.310	1.619	397.4
1988	0.436	-0.311	1.638	397.6
1989	0.438	-0.312	1.623	397.8
1990	0.437	-0.311	1.619	398.0
1991	0.436	-0.312	1.633	398.2
1992	0.436	-0.314	1.623	398.4
1993	0.436	-0.311	1.605	398.6
1994	0.438	-0.314	1.629	398.8
1995	0.438	-0.312	1.629	399.0
1996	0.436	-0.310	1.618	399.2
1997	0.437	-0.311	1.623	399.4
1998	0.435	-0.311	1.607	399.6
1999	0.437	-0.312	1.626	399.8
2000	0.436	-0.311	1.631	400.0
2001	0.434	-0.308	1.621	400.2
2002	0.435	-0.311	1.619	400.4
2003	0.436	-0.310	1.618	400.6
2004	0.437	-0.310	1.610	400.8
2005	0.433	-0.308	1.606	401.0
2006	0.434	-0.310	1.623	401.2
2007	0.435	-0.311	1.617	401.4
2008	0.437	-0.313	1.620	401.6
2009	0.435	-0.311	1.606	401.8
2010	0.436	-0.310	1.614	402.0
2011	0.435	-0.309	1.627	402.2
2012	0.432	-0.311	1.626	402.4
2013	0.435	-0.311	1.621	402.6
2014	0.433	-0.308	1.621	402.8
2015	0.433	-0.307	1.612	403.0
2016	0.432	-0.309	1.630	403.2
2017	0.432	-0.311	1.634	403.4
2018	0.445	-0.318	1.798	403.6
2019	0.651	-0.458	2.030	403.8
2020	0.655	-0.458	2.051	404.0
2021	0.651	-0.456	2.034	404.2
2022	0.651	-0.455	2.022	404.4
2023	0.650	-0.454	2.016	404.6
2024	0.646	-0.450	2.020	404.8
2025	0.644	-0.449	2.011	405.0
2026	0.645	-0.449	2.007	405.2
2027	0.646	-0.449	2.012	405.4
2028	0.648	-0.447	2.015	405.6
2029	0.643	-0.447	2.011	405.8
2030	0.642	-0.446	2.004	406.0
2031	0.643	-0.446	2.003	406.2
2032	0.642	-0.443	2.004	406.4
2033	0.640	-0.448	2.016	406.6
2034	0.640	-0.441	2.002	406.8
2035	0.638	-0.445	2.001	407.0
2036	0.640	-0.442	1.987	407.2
2037	0.641	-0.442	1.998	407.4
2038	0.638	-0.442	2.000	407.6
2039	0.638	-0.441	1.996	407.8
2040	0.640	-0.439	1.999	408.0
2041	0.636	-0.440	2.003	408.2
2042	0.638	-0.440	1.991	408.4
2043	0.638	-0.438	1.982	408.6
2044	0.636	-0.438	1.972	408.8
2045	0.634	-0.435	1.990	409.0
2046	0.637	-0.441	1.997	409.2
2047	0.634	-0.437	1.985	409.4
2048	0.638	-0.439	1.988	409.6
2049	0.636	-0.436	1.978	409.8
2050	0.634	-0.436	1.996	410.0
2051	0.636	-0.435	1.977	410.2
2052	0.635	-0.438	1.982	410.4
2053	0.635	-0.434	1.989	410.6
2054	0.634	-0.436	1.982	410.8
2055	0.633	-0.432	1.988	411.0
2056	0.634	-0.436	1.976	411.2
2057	0.632	-0.436	1.984	411.4
2058	0.633	-0.435	1.982	411.6
2059	0.632	-0.431	1.988	411.8
2060	0.631	-0.434	1.986	412.0
2061	0.631	-0.435	1.981	412.2
2062	0.630	-0.432	1.989	412.4
2063	0.631	-0.433	1.983	412.6
2064	0.630	-0.431	1.982	412.8
2065	0.632	-0.433	1.969	413.0
2066	0.630	-0.432	1.984	413.2
2067	0.629	-0.435	1.985	413.4
2068	0.631	-0.431	1.986	413.6
2069	0.630	-0.432	1.979	413.8
2070	0.628	-0.431	1.981	414.0
2071	0.629	-0.433	1.977	414.2
2072	0.629	-0.431	1.977	414.4
2073	0.626	-0.431	1.976	414.6
2074	0.627	-0.430	1.962	414.8
2075	0.628	-0.432	1.953	415.0
2076	0.628	-0.433	1.970	415.2
2077	0.627	-0.430	1.977	415.4
2078	0.628	-0.430	1.965	415.6
2079	0.627	-0.428	1.978	415.8
2080	0.629	-0.431	1.982	416.0
2081	0.625	-0.429	1.967	416.2
2082	0.627	-0.429	1.974	416.4
2083	0.625	-0.427	1.970	416.6
2084	0.627	-0.432	1.972	416.8
2085	0.626	-0.429	1.967	417.0
2086	0.625	-0.430	1.966	417.2
2087	0.623	-0.427	1.975	417.4
2088	0.624	-0.426	1.980	417.6
2089	0.623	-0.426	1.965	417.8
2090	0.622	-0.430	1.973	418.0
2091	0.624	-0.430	1.976	418.2
2092	0.624	-0.428	1.970	418.4
2093	0.623	-0.427	1.977	418.6
2094	0.622	-0.430	1.969	418.8
2095	0.623	-0.429	1.964	419.0
2096	0.623	-0.429	1.973	419.2
2097	0.623	-0.429	1.958	419.4
2098	0.622	-0.427	1.967	419.6
2099	0.623	-0.430	1.958	419.8
2100	0.623	-0.429	1.963	420.0
2101	0.621	-0.430	1.966	420.2
2102	0.621	-0.428	1.969	420.4
2103	0.623	-0.428	1.965	420.6
2104	0.621	-0.427	1.967	420.8
2105	0.624	-0.430	1.960	421.0
2106	0.623	-0.430	1.944	421.2
2107	0.621	-0.427	1.962	421.4
2108	0.624	-0.428	1.968	421.6
2109	0.623	-0.428	1.971	421.8
2110	0.622	-0.428	1.954	422.0
2111	0.622	-0.428	1.949	422.2
2112	0.624	-0.429	1.962	422.4
2113	0.622	-0.427	1.966	422.6
2114	0.622	-0.430	1.963	422.8
2115	0.621	-0.430	1.953	423.0
2116	0.621	-0.430	1.966	423.2
2117	0.621	-0.426	1.961	423.4
2118	0.618	-0.427	1.957	423.6
2119	0.620	-0.427	1.960	423.8
2120	0.624	-0.427	1.966	424.0
2121	0.622	-0.428	1.953	424.2
2122	0.622	-0.425	1.966	424.4
2123	0.622	-0.429	1.968	424.6
2124	0.621	-0.429	1.946	424.8
2125	0.621	-0.428	1.955	425.0
2126	0.622	-0.427	1.957	425.2
2127	0.623	-0.423	1.952	425.4
2128	0.620	-0.428	1.959	425.6
2129	0.621	-0.426	1.949	425.8
2130	0.621	-0.427	1.952	426.0
2131	0.621	-0.423	1.961	426.2
2132	0.619	-0.426	1.953	426.4
2133	0.620	-0.424	1.957	426.6
2134	0.620	-0.426	1.946	426.8
2135	0.619	-0.424	1.953	427.0
2136	0.620	-0.424	1.953	427.2
2137	0.618	-0.424	1.945	427.4
2138	0.618	-0.423	1.947	427.6
2139	0.619	-0.427	1.960	427.8
2140	0.618	-0.424	1.963	428.0
2141	0.619	-0.425	1.944	428.2
2142	0.618	-0.423	1.954	428.4
2143	0.618	-0.424	1.956	428.6
2144	0.616	-0.426	1.946	428.8
2145	0.618	-0.425	1.945	429.0
2146	0.617	-0.423	1.953	429.2
2147	0.617	-0.424	1.939	429.4
2148	0.617	-0.424	1.966	429.6
2149	0.617	-0.423	1.948	429.8
2150	0.618	-0.425	1.945	430.0
2151	0.616	-0.423	1.957	430.2
2152	0.617	-0.424	1.952	430.4
2153	0.616	-0.424	1.958	430.6
2154	0.615	-0.425	1.947	430.8
2155	0.615	-0.423	1.956	431.0
2156	0.615	-0.422	1.958	431.2
2157	0.613	-0.422	1.947	431.4
2158	0.615	-0.424	1.958	431.6
2159	0.614	-0.424	1.954	431.8
2160	0.613	-0.420	1.958	432.0
2161	0.612	-0.422	1.953	432.2
2162	0.612	-0.419	1.945	432.4
2163	0.612	-0.422	1.946	432.6
2164	0.610	-0.420	1.954	432.8
2165	0.609	-0.421	1.951	433.0
2166	0.611	-0.421	1.942	433.2
2167	0.610	-0.421	1.943	433.4
2168	0.610	-0.420	1.949	433.6
2169	0.610	-0.421	1.944	433.8
2170	0.610	-0.419	1.949	434.0
2171	0.609	-0.419	1.950	434.2
2172	0.607	-0.419	1.958	434.4
2173	0.607	-0.425	1.955	434.6
2174	0.607	-0.420	1.940	434.8
2175	0.607	-0.419	1.932	435.0
2176	0.604	-0.418	1.953	435.2
2177	0.606	-0.421	1.944	435.4
2178	0.605	-0.423	1.948	435.6
2179	0.606	-0.423	1.940	435.8
2180	0.607	-0.418	1.958	436.0
2181	0.607	-0.422	1.948	436.2
2182	0.607	-0.422	1.952	436.4
2183	0.608	-0.422	1.944	436.6
2184	0.608	-0.418	1.940	436.8
2185	0.607	-0.418	1.953	437.0
2186	0.608	-0.421	1.942	437.2
2187	0.609	-0.419	1.955	437.4
2188	0.608	-0.420	1.934	437.6
2189	0.610	-0.419	1.935	437.8
2190	0.610	-0.419	1.963	438.0
2191	0.608	-0.419	1.945	438.2
2192	0.609	-0.420	1.939	438.4
2193	0.611	-0.418	1.935	438.6
2194	0.611	-0.420	1.953	438.8
2195	0.609	-0.418	1.936	439.0
2196	0.610	-0.419	1.936	439.2
2197	0.611	-0.421	1.936	439.4
2198	0.611	-0.422	1.960	439.6
2199	0.610	-0.420	1.933	439.8
2200	0.611	-0.416	1.944	440.0
2201	0.609	-0.419	1.932	440.2
2202	0.610	-0.419	1.960	440.4
2203	0.607	-0.422	1.948	440.6
2204	0.608	-0.419	1.945	440.8
2205	0.608	-0.419	1.940	441.0
2206	0.608	-0.419	1.950	441.2
2207	0.610	-0.423	1.943	441.4
2208	0.608	-0.422	1.941	441.6
2209	0.608	-0.419	1.935	441.8
2210	0.607	-0.421	1.955	442.0
2211	0.608	-0.423	1.948	442.2
2212	0.607	-0.422	1.935	442.4
2213	0.609	-0.423	1.935	442.6
2214	0.606	-0.422	1.938	442.8
2215	0.604	-0.424	1.937	443.0
2216	0.606	-0.425	1.938	443.2
2217	0.605	-0.426	1.927	443.4
2218	0.608	-0.424	1.944	443.6
2219	0.604	-0.423	1.924	443.8
2220	0.606	-0.425	1.933	444.0
2221	0.607	-0.423	1.945	444.2
2222	0.602	-0.423	1.948	444.4
2223	0.605	-0.421	1.937	444.6
2224	0.604	-0.421	1.949	444.8
2225	0.604	-0.422	1.938	445.0
2226	0.604	-0.423	1.920	445.2
2227	0.604	-0.424	1.952	445.4
2228	0.602	-0.422	1.944	445.6
2229	0.601	-0.422	1.928	445.8
2230	0.603	-0.422	1.934	446.0
2231	0.601	-0.424	1.949	446.2
2232	0.601	-0.421	1.939	446.4
2233	0.601	-0.422	1.939	446.6
2234	0.601	-0.422	1.939	446.8
2235	0.599	-0.422	1.946	447.0
2236	0.601	-0.421	1.953	447.2
2237	0.599	-0.420	1.946	447.4
2238	0.600	-0.420	1.928	447.6
2239	0.598	-0.420	1.940	447.8
2240	0.600	-0.423	1.950	448.0
2241	0.598	-0.423	1.935	448.2
2242	0.599	-0.422	1.940	448.4
2243	0.595	-0.422	1.944	448.6
2244	0.597	-0.421	1.925	448.8
2245	0.597	-0.421	1.945	449.0
2246	0.595	-0.422	1.942	449.2
2247	0.597	-0.419	1.925	449.4
2248	0.598	-0.421	1.947	449.6
2249	0.595	-0.421	1.948	449.8
2250	0.596	-0.422	1.942	450.0
2251	0.595	-0.422	1.942	450.2
2252	0.597	-0.421	1.948	450.4
2253	0.596	-0.417	1.947	450.6
2254	0.597	-0.420	1.942	450.8
2255	0.596	-0.422	1.940	451.0
2256	0.595	-0.420	1.948	451.2
2257	0.596	-0.420	1.943	451.4
2258	0.596	-0.420	1.947	451.6
2259	0.596	-0.420	1.931	451.8
2260	0.596	-0.420	1.933	452.0
2261	0.598	-0.423	1.923	452.2
2262	0.597	-0.418	1.927	452.4
2263	0.597	-0.418	1.939	452.6
2264	0.596	-0.419	1.947	452.8
2265	0.595	-0.421	1.912	453.0
2266	0.600	-0.422	1.933	453.2
2267	0.599	-0.420	1.941	453.4
2268	0.596	-0.422	1.934	453.6
2269	0.597	-0.421	1.919	453.8
2270	0.597	-0.421	1.936	454.0
2271	0.599	-0.421	1.924	454.2
2272	0.599	-0.420	1.939	454.4
2273	0.597	-0.419	1.935	454.6
2274	0.597	-0.422	1.937	454.8
2275	0.597	-0.421	1.936	455.0
2276	0.598	-0.422	1.931	455.2
2277	0.599	-0.419	1.931	455.4
2278	0.598	-0.417	1.937	455.6
2279	0.598	-0.420	1.923	455.8
2280	0.600	-0.419	1.926	456.0
2281	0.597	-0.420	1.925	456.2
2282	0.598	-0.416	1.933	456.4
2283	0.601	-0.417	1.923	456.6
2284	0.601	-0.416	1.927	456.8
2285	0.601	-0.421	1.936	457.0
2286	0.596	-0.418	1.931	457.2
2287	0.599	-0.416	1.933	457.4
2288	0.597	-0.417	1.914	457.6
2289	0.601	-0.418	1.929	457.8
2290	0.598	-0.420	1.941	458.0
2291	0.597	-0.417	1.923	458.2
2292	0.597	-0.418	1.929	458.4
2293	0.599	-0.417	1.931	458.6
2294	0.598	-0.418	1.935	458.8
2295	0.598	-0.418	1.941	459.0
2296	0.599	-0.417	1.924	459.2
2297	0.595	-0.416	1.920	459.4
2298	0.596	-0.418	1.950	459.6
2299	0.596	-0.418	1.925	459.8
2300	0.597	-0.419	1.924	460.0
2301	0.595	-0.417	1.916	460.2
2302	0.594	-0.416	1.925	460.4
2303	0.597	-0.416	1.929	460.6
2304	0.596	-0.417	1.937	460.8
2305	0.597	-0.417	1.915	461.0
2306	0.598	-0.414	1.927	461.2
2307	0.597	-0.416	1.927	461.4
2308	0.598	-0.416	1.929	461.6
2309	0.597	-0.417	1.924	461.8
2310	0.597	-0.415	1.915	462.0
2311	0.597	-0.416	1.923	462.2
2312	0.597	-0.414	1.926	462.4
2313	0.596	-0.416	1.931	462.6
2314	0.598	-0.416	1.922	462.8
2315	0.599	-0.416	1.942	463.0
2316	0.595	-0.416	1.925	463.2
2317	0.597	-0.414	1.914	463.4
2318	0.599	-0.416	1.929	463.6
2319	0.596	-0.416	1.934	463.8
2320	0.598	-0.416	1.926	464.0
2321	0.598	-0.412	1.915	464.2
2322	0.598	-0.415	1.933	464.4
2323	0.597	-0.415	1.917	464.6
2324	0.598	-0.415	1.911	464.8
2325	0.597	-0.414	1.926	465.0
2326	0.597	-0.412	1.923	465.2
2327	0.599	-0.412	1.917	465.4
2328	0.596	-0.414	1.941	465.6
2329	0.598	-0.414	1.921	465.8
2330	0.598	-0.412	1.920	466.0
2331	0.599	-0.414	1.916	466.2
2332	0.598	-0.409	1.917	466.4
2333	0.599	-0.414	1.932	466.6
2334	0.597	-0.412	1.931	466.8
2335	0.597	-0.412	1.915	467.0
2336	0.597	-0.411	1.913	467.2
2337	0.599	-0.412	1.925	467.4
2338	0.598	-0.413	1.937	467.6
2339	0.598	-0.411	1.910	467.8
2340	0.598	-0.412	1.928	468.0
2341	0.599	-0.411	1.932	468.2
2342	0.597	-0.414	1.927	468.4
2343	0.598	-0.411	1.919	468.6
2344	0.597	-0.412	1.923	468.8
2345	0.597	-0.411	1.926	469.0
2346	0.597	-0.412	1.914	469.2
2347	0.598	-0.411	1.917	469.4
2348	0.596	-0.415	1.915	469.6
2349	0.600	-0.412	1.915	469.8
2350	0.598	-0.412	1.925	470.0
2351	0.594	-0.411	1.919	470.2
2352	0.597	-0.410	1.913	470.4
2353	0.596	-0.415	1.914	470.6
2354	0.597	-0.412	1.915	470.8
2355	0.598	-0.410	1.904	471.0
2356	0.597	-0.412	1.921	471.2
2357	0.597	-0.416	1.915	471.4
2358	0.596	-0.413	1.915	471.6
2359	0.597	-0.410	1.915	471.8
2360	0.595	-0.413	1.921	472.0
2361	0.596	-0.410	1.917	472.2
2362	0.597	-0.413	1.915	472.4
2363	0.596	-0.413	1.907	472.6
2364	0.595	-0.414	1.925	472.8
2365	0.595	-0.415	1.922	473.0
2366	0.594	-0.414	1.918	473.2
2367	0.595	-0.416	1.913	473.4
2368	0.596	-0.415	1.925	473.6
2369	0.592	-0.416	1.919	473.8
2370	0.591	-0.413	1.918	474.0
2371	0.591	-0.416	1.921	474.2
2372	0.591	-0.417	1.927	474.4
2373	0.592	-0.416	1.903	474.6
2374	0.590	-0.415	1.926	474.8
2375	0.591	-0.414	1.905	475.0
2376	0.588	-0.413	1.911	475.2
2377	0.590	-0.416	1.921	475.4
2378	0.589	-0.416	1.935	475.6
2379	0.590	-0.412	1.900	475.8
2380	0.588	-0.412	1.916	476.0
2381	0.586	-0.414	1.931	476.2
2382	0.586	-0.413	1.919	476.4
2383	0.588	-0.412	1.915	476.6
2384	0.586	-0.411	1.915	476.8
2385	0.584	-0.412	1.903	477.0
2386	0.586	-0.410	1.911	477.2
2387	0.586	-0.413	1.928	477.4
2388	0.584	-0.411	1.929	477.6
2389	0.586	-0.411	1.915	477.8
2390	0.586	-0.413	1.910	478.0
2391	0.587	-0.410	1.923	478.2
2392	0.587	-0.413	1.936	478.4
2393	0.584	-0.411	1.904	478.6
2394	0.586	-0.412	1.905	478.8
2395	0.587	-0.411	1.916	479.0
2396	0.586	-0.414	1.905	479.2
2397	0.586	-0.411	1.912	479.4
2398	0.585	-0.412	1.906	479.6
2399	0.584	-0.411	1.903	479.8
2400	0.586	-0.409	1.925	480.0
2401	0.588	-0.412	1.924	480.2
2402	0.586	-0.413	1.931	480.4
2403	0.586	-0.412	1.915	480.6
2404	0.585	-0.410	1.905	480.8
2405	0.586	-0.411	1.917	481.0
2406	0.585	-0.412	1.920	481.2
2407	0.587	-0.413	1.904	481.4
2408	0.588	-0.411	1.899	481.6
2409	0.590	-0.411	1.913	481.8
2410	0.587	-0.412	1.917	482.0
2411	0.589	-0.412	1.913	482.2
2412	0.591	-0.413	1.915	482.4
2413	0.589	-0.411	1.907	482.6
2414	0.585	-0.411	1.911	482.8
2415	0.586	-0.412	1.906	483.0
2416	0.588	-0.411	1.919	483.2
2417	0.590	-0.411	1.911	483.4
2418	0.589	-0.412	1.907	483.6
2419	0.589	-0.406	1.919	483.8
2420	0.591	-0.412	1.917	484.0
2421	0.588	-0.411	1.909	484.2
2422	0.592	-0.413	1.917	484.4
2423	0.592	-0.409	1.907	484.6
2424	0.593	-0.405	1.909	484.8
2425	0.592	-0.408	1.920	485.0
2426	0.593	-0.410	1.901	485.2
2427	0.592	-0.410	1.900	485.4
2428	0.591	-0.410	1.911	485.6
2429	0.591	-0.406	1.916	485.8
2430	0.590	-0.409	1.911	486.0
2431	0.590	-0.409	1.912	486.2
2432	0.591	-0.408	1.905	486.4
2433	0.591	-0.409	1.909	486.6
2434	0.590	-0.407	1.913	486.8
2435	0.588	-0.410	1.897	487.0
2436	0.590	-0.408	1.907	487.2
2437	0.592	-0.409	1.913	487.4
2438	0.590	-0.408	1.906	487.6
2439	0.589	-0.408	1.912	487.8
2440	0.588	-0.410	1.905	488.0
2441	0.589	-0.407	1.906	488.2
2442	0.590	-0.409	1.903	488.4
2443	0.586	-0.410	1.919	488.6
2444	0.587	-0.409	1.901	488.8
2445	0.586	-0.412	1.907	489.0
2446	0.588	-0.412	1.907	489.2
2447	0.589	-0.411	1.896	489.4
2448	0.587	-0.410	1.901	489.6
2449	0.586	-0.410	1.911	489.8
2450	0.589	-0.414	1.904	490.0
2451	0.588	-0.411	1.907	490.2
2452	0.583	-0.413	1.919	490.4
2453	0.585	-0.412	1.912	490.6
2454	0.585	-0.412	1.905	490.8
2455	0.586	-0.413	1.904	491.0
2456	0.585	-0.414	1.900	491.2
2457	0.583	-0.411	1.909	491.4
2458	0.585	-0.412	1.911	491.6
2459	0.584	-0.411	1.900	491.8
2460	0.586	-0.414	1.918	492.0
2461	0.585	-0.412	1.900	492.2
2462	0.584	-0.411	1.907	492.4
2463	0.583	-0.411	1.915	492.6
2464	0.585	-0.411	1.917	492.8
2465	0.586	-0.414	1.915	493.0
2466	0.586	-0.411	1.912	493.2
2467	0.583	-0.408	1.903	493.4
2468	0.587	-0.412	1.905	493.6
2469	0.584	-0.413	1.901	493.8
2470	0.586	-0.413	1.895	494.0
2471	0.585	-0.411	1.905	494.2
2472	0.586	-0.410	1.913	494.4
2473	0.583	-0.411	1.889	494.6
2474	0.586	-0.410	1.902	494.8
2475	0.586	-0.413	1.908	495.0
2476	0.585	-0.407	1.895	495.2
2477	0.586	-0.410	1.903	495.4
2478	0.587	-0.410	1.899	495.6
2479	0.586	-0.412	1.899	495.8
2480	0.588	-0.411	1.895	496.0
2481	0.586	-0.411	1.908	496.2
2482	0.587	-0.409	1.907	496.4
2483	0.585	-0.408	1.899	496.6
2484	0.587	-0.410	1.896	496.8
2485	0.589	-0.408	1.897	497.0
2486	0.587	-0.407	1.909	497.2
2487	0.587	-0.408	1.903	497.4
2488	0.589	-0.406	1.895	497.6
2489	0.588	-0.411	1.907	497.8
2490	0.590	-0.408	1.893	498.0
2491	0.589	-0.406	1.893	498.2
2492	0.588	-0.407	1.907	498.4
2493	0.590	-0.406	1.903	498.6
2494	0.590	-0.409	1.890	498.8
2495	0.590	-0.406	1.894	499.0
2496	0.589	-0.407	1.911	499.2
2497	0.588	-0.406	1.903	499.4
2498	0.589	-0.407	1.901	499.6
2499	0.587	-0.406	1.896	499.8
2500	0.588	-0.408	1.888	500.0
2501	0.588	-0.407	1.895	500.2
2502	0.588	-0.404	1.897	500.4
2503	0.587	-0.406	1.897	500.6
2504	0.586	-0.407	1.897	500.8
2505	0.589	-0.406	1.904	501.0
2506	0.589	-0.407	1.889	501.2
2507	0.588	-0.402	1.892	501.4
2508	0.589	-0.404	1.898	501.6
2509	0.587	-0.408	1.900	501.8
2510	0.588	-0.405	1.891	502.0
2511	0.590	-0.402	1.897	502.2
2512	0.588	-0.403	1.900	502.4
2513	0.588	-0.404	1.883	502.6
2514	0.589	-0.408	1.902	502.8
2515	0.589	-0.405	1.897	503.0
2516	0.589	-0.404	1.899	503.2
2517	0.587	-0.406	1.900	503.4
2518	0.589	-0.407	1.892	503.6
2519	0.429	-0.297	1.492	503.8
2520	0.154	-0.119	1.009	504.0
2521	-0.020	-0.017	0.776	504.2
2522	-0.020	-0.018	0.758	504.4
2523	-0.020	-0.021	0.760	504.6
2524	-0.018	-0.017	0.774	504.8
2525	-0.019	-0.018	0.766	505.0
2526	-0.022	-0.015	0.759	505.2
2527	-0.018	-0.017	0.764	505.4
2528	-0.018	-0.017	0.773	505.6
2529	-0.018	-0.022	0.765	505.8
2530	-0.019	-0.019	0.769	506.0
2531	-0.021	-0.019	0.765	506.2
2532	-0.019	-0.018	0.768	506.4
2533	-0.022	-0.018	0.761	506.6
2534	-0.019	-0.017	0.751	506.8
2535	-0.021	-0.016	0.766	507.0
2536	-0.022	-0.018	0.774	507.2
2537	-0.021	-0.020	0.761	507.4
2538	-0.020	-0.021	0.764	507.6
2539	-0.024	-0.021	0.776	507.8
2540	-0.022	-0.015	0.770	508.0
2541	-0.022	-0.015	0.755	508.2
2542	-0.023	-0.015	0.766	508.4
2543	-0.023	-0.018	0.770	508.6
2544	-0.024	-0.019	0.769	508.8
2545	-0.023	-0.020	0.767	509.0
2546	-0.023	-0.022	0.767	509.2
2547	-0.023	-0.022	0.768	509.4
2548	-0.023	-0.019	0.766	509.6
2549	-0.022	-0.020	0.765	509.8
2550	-0.023	-0.017	0.768	510.0
2551	-0.022	-0.017	0.771	510.2
2552	-0.024	-0.017	0.765	510.4
2553	-0.023	-0.018	0.762	510.6
2554	-0.024	-0.019	0.771	510.8
2555	-0.025	-0.019	0.771	511.0
2556	-0.025	-0.018	0.764	511.2
2557	-0.024	-0.020	0.762	511.4
2558	-0.024	-0.018	0.765	511.6
2559	-0.024	-0.017	0.775	511.8
2560	-0.024	-0.017	0.775	512.0
2561	-0.024	-0.017	0.771	512.2
2562	-0.023	-0.025	0.767	512.4
2563	-0.021	-0.024	0.773	512.6
2564	-0.022	-0.023	0.767	512.8
2565	-0.023	-0.017	0.761	513.0
2566	-0.020	-0.019	0.757	513.2
2567	-0.023	-0.022	0.768	513.4
2568	-0.023	-0.020	0.763	513.6
2569	-0.022	-0.019	0.761	513.8
2570	-0.025	-0.019	0.768	514.0
2571	-0.022	-0.019	0.768	514.2
2572	-0.022	-0.021	0.762	514.4
2573	-0.024	-0.020	0.755	514.6
2574	-0.020	-0.019	0.764	514.8
2575	-0.024	-0.017	0.768	515.0
2576	-0.023	-0.016	0.760	515.2
2577	-0.025	-0.021	0.761	515.4
2578	-0.024	-0.022	0.766	515.6
2579	-0.024	-0.021	0.766	515.8
2580	-0.027	-0.024	0.761	516.0
2581	-0.024	-0.022	0.762	516.2
2582	-0.027	-0.024	0.763	516.4
2583	-0.024	-0.019	0.759	516.6
2584	-0.024	-0.017	0.764	516.8
2585	-0.025	-0.019	0.766	517.0
2586	-0.025	-0.023	0.768	517.2
2587	-0.025	-0.025	0.773	517.4
2588	-0.026	-0.023	0.766	517.6
2589	-0.025	-0.018	0.765	517.8
2590	-0.025	-0.015	0.755	518.0
2591	-0.025	-0.019	0.752	518.2
2592	-0.024	-0.018	0.761	518.4
2593	-0.025	-0.022	0.768	518.6
2594	-0.025	-0.021	0.766	518.8
2595	-0.025	-0.017	0.756	519.0
2596	-0.025	-0.022	0.769	519.2
2597	-0.024	-0.019	0.762	519.4
2598	-0.026	-0.018	0.751	519.6
2599	-0.026	-0.017	0.763	519.8
2600	-0.026	-0.015	0.763	520.0
2601	-0.026	-0.018	0.766	520.2
2602	-0.026	-0.023	0.762	520.4
2603	-0.025	-0.021	0.763	520.6
2604	-0.026	-0.020	0.762	520.8
2605	-0.024	-0.017	0.763	521.0
2606	-0.025	-0.016	0.763	521.2
2607	-0.025	-0.016	0.763	521.4
2608	-0.029	-0.014	0.760	521.6
2609	-0.025	-0.017	0.768	521.8
2610	-0.027	-0.019	0.772	522.0
2611	-0.026	-0.019	0.776	522.2
2612	-0.023	-0.021	0.769	522.4
2613	-0.026	-0.018	0.764	522.6
2614	-0.024	-0.015	0.770	522.8
2615	-0.026	-0.014	0.771	523.0
2616	-0.026	-0.018	0.766	523.2
2617	-0.027	-0.018	0.763	523.4
2618	-0.028	-0.015	0.768	523.6
2619	-0.027	-0.017	0.766	523.8
2620	-0.026	-0.018	0.772	524.0
2621	-0.029	-0.018	0.768	524.2
2622	-0.028	-0.019	0.770	524.4
2623	-0.027	-0.017	0.765	524.6
2624	-0.028	-0.015	0.765	524.8
2625	-0.028	-0.017	0.764	525.0
2626	-0.025	-0.017	0.769	525.2
2627	-0.026	-0.019	0.765	525.4
2628	-0.023	-0.018	0.763	525.6
2629	-0.025	-0.018	0.767	525.8
2630	-0.026	-0.017	0.765	526.0
2631	-0.029	-0.017	0.764	526.2
2632	-0.026	-0.018	0.762	526.4
2633	-0.025	-0.018	0.770	526.6
2634	-0.028	-0.016	0.765	526.8
2635	-0.028	-0.017	0.759	527.0
2636	-0.025	-0.018	0.767	527.2
2637	-0.026	-0.017	0.769	527.4
2638	-0.025	-0.017	0.767	527.6
2639	-0.026	-0.016	0.765	527.8
2640	-0.025	-0.018	0.768	528.0
2641	-0.026	-0.020	0.767	528.2
2642	-0.024	-0.016	0.764	528.4
2643	-0.025	-0.017	0.763	528.6
2644	-0.027	-0.015	0.761	528.8
2645	-0.026	-0.019	0.762	529.0
2646	-0.026	-0.019	0.768	529.2
2647	-0.024	-0.018	0.768	529.4
2648	-0.025	-0.017	0.765	529.6
2649	-0.026	-0.018	0.766	529.8
2650	-0.024	-0.018	0.762	530.0
2651	-0.027	-0.018	0.759	530.2
2652	-0.028	-0.017	0.769	530.4
2653	-0.028	-0.016	0.763	530.6
2654	-0.026	-0.018	0.755	530.8
2655	-0.025	-0.018	0.755	531.0
2656	-0.027	-0.022	0.768	531.2
2657	-0.028	-0.016	0.765	531.4
2658	-0.026	-0.018	0.775	531.6
2659	-0.026	-0.018	0.771	531.8
2660	-0.026	-0.018	0.759	532.0
2661	-0.026	-0.018	0.765	532.2
2662	-0.028	-0.017	0.769	532.4
2663	-0.029	-0.018	0.758	532.6
2664	-0.026	-0.019	0.753	532.8
2665	-0.025	-0.018	0.761	533.0
2666	-0.028	-0.021	0.760	533.2
2667	-0.025	-0.018	0.762	533.4
2668	-0.027	-0.018	0.761	533.6
2669	-0.025	-0.016	0.770	533.8
2670	-0.025	-0.019	0.761	534.0
2671	-0.024	-0.013	0.778	534.2
2672	-0.025	-0.017	0.771	534.4
2673	-0.026	-0.015	0.764	534.6
2674	-0.024	-0.018	0.767	534.8
2675	-0.025	-0.019	0.762	535.0
2676	-0.026	-0.018	0.760	535.2
2677	-0.023	-0.014	0.765	535.4
2678	-0.024	-0.015	0.772	535.6
2679	-0.024	-0.018	0.758	535.8
2680	-0.024	-0.021	0.767	536.0
2681	-0.022	-0.017	0.766	536.2
2682	-0.023	-0.017	0.764	536.4
2683	-0.022	-0.015	0.773	536.6
2684	-0.025	-0.015	0.766	536.8
2685	-0.023	-0.015	0.768	537.0
2686	-0.024	-0.017	0.758	537.2
2687	-0.026	-0.017	0.766	537.4
2688	-0.023	-0.016	0.769	537.6
2689	-0.025	-0.020	0.762	537.8
2690	-0.025	-0.014	0.769	538.0
2691	-0.023	-0.014	0.771	538.2
2692	-0.025	-0.011	0.757	538.4
2693	-0.024	-0.015	0.776	538.6
2694	-0.022	-0.019	0.776	538.8
2695	-0.026	-0.015	0.757	539.0
2696	-0.024	-0.016	0.774	539.2
2697	-0.024	-0.015	0.758	539.4
2698	-0.026	-0.013	0.765	539.6
2699	-0.025	-0.018	0.768	539.8
2700	-0.025	-0.015	0.756	540.0
2701	-0.024	-0.013	0.775	540.2
2702	-0.026	-0.014	0.762	540.4
2703	-0.025	-0.015	0.769	540.6
2704	-0.025	-0.016	0.768	540.8
2705	-0.024	-0.015	0.761	541.0
2706	-0.027	-0.014	0.774	541.2
2707	-0.024	-0.013	0.756	541.4
2708	-0.026	-0.015	0.768	541.6
2709	-0.025	-0.014	0.757	541.8
2710	-0.024	-0.011	0.769	542.0
2711	-0.024	-0.012	0.762	542.2
2712	-0.026	-0.014	0.761	542.4
2713	-0.024	-0.015	0.772	542.6
2714	-0.025	-0.016	0.762	542.8
2715	-0.024	-0.014	0.772	543.0
2716	-0.025	-0.014	0.761	543.2
2717	-0.023	-0.014	0.764	543.4
2718	-0.021	-0.014	0.763	543.6
2719	-0.023	-0.016	0.762	543.8
2720	-0.022	-0.012	0.758	544.0
2721	-0.023	-0.014	0.771	544.2
2722	-0.023	-0.014	0.766	544.4
2723	-0.022	-0.015	0.765	544.6
2724	-0.022	-0.013	0.776	544.8
2725	-0.025	-0.012	0.760	545.0
2726	-0.023	-0.014	0.768	545.2
2727	-0.024	-0.014	0.769	545.4
2728	-0.024	-0.015	0.768	545.6
2729	-0.024	-0.011	0.773	545.8
2730	-0.025	-0.017	0.765	546.0
2731	-0.025	-0.017	0.761	546.2
2732	-0.024	-0.014	0.763	546.4
2733	-0.025	-0.015	0.765	546.6
2734	-0.025	-0.014	0.760	546.8
2735	-0.024	-0.014	0.762	547.0
2736	-0.024	-0.016	0.762	547.2
2737	-0.023	-0.018	0.764	547.4
2738	-0.024	-0.017	0.764	547.6
2739	-0.024	-0.017	0.766	547.8
2740	-0.025	-0.013	0.769	548.0
2741	-0.025	-0.014	0.761	548.2
2742	-0.025	-0.016	0.765	548.4
2743	-0.026	-0.014	0.767	548.6
2744	-0.025	-0.013	0.769	548.8
2745	-0.026	-0.018	0.771	549.0
2746	-0.026	-0.015	0.763	549.2
2747	-0.026	-0.018	0.768	549.4
2748	-0.027	-0.017	0.767	549.6
2749	-0.026	-0.016	0.769	549.8
2750	-0.028	-0.013	0.765	550.0
2751	-0.027	-0.014	0.766	550.2
2752	-0.024	-0.018	0.758	550.4
2753	-0.026	-0.017	0.758	550.6
2754	-0.026	-0.019	0.762	550.8
2755	-0.028	-0.018	0.765	551.0
2756	-0.027	-0.015	0.768	551.2
2757	-0.027	-0.016	0.762	551.4
2758	-0.025	-0.017	0.765	551.6
2759	-0.027	-0.016	0.762	551.8
2760	-0.029	-0.017	0.759	552.0
2761	-0.026	-0.015	0.761	552.2
2762	-0.029	-0.018	0.771	552.4
2763	-0.027	-0.018	0.771	552.6
2764	-0.028	-0.017	0.768	552.8
2765	-0.028	-0.014	0.760	553.0
2766	-0.028	-0.015	0.755	553.2
2767	-0.029	-0.013	0.770	553.4
2768	-0.026	-0.013	0.767	553.6
2769	-0.026	-0.012	0.764	553.8
2770	-0.027	-0.014	0.772	554.0
2771	-0.027	-0.014	0.776	554.2
2772	-0.027	-0.018	0.773	554.4
2773	-0.025	-0.013	0.769	554.6
2774	-0.026	-0.014	0.772	554.8
2775	-0.026	-0.013	0.763	555.0
2776	-0.024	-0.014	0.757	555.2
2777	-0.026	-0.015	0.770	555.4
2778	-0.026	-0.015	0.769	555.6
2779	-0.026	-0.014	0.768	555.8
2780	-0.028	-0.015	0.770	556.0
2781	-0.025	-0.015	0.773	556.2
2782	-0.026	-0.015	0.770	556.4
2783	-0.025	-0.017	0.765	556.6
2784	-0.025	-0.015	0.771	556.8
2785	-0.023	-0.013	0.769	557.0
2786	-0.026	-0.016	0.765	557.2
2787	-0.024	-0.014	0.766	557.4
2788	-0.026	-0.013	0.768	557.6
2789	-0.026	-0.016	0.766	557.8
2790	-0.024	-0.015	0.769	558.0
2791	-0.028	-0.019	0.751	558.2
2792	-0.026	-0.015	0.765	558.4
2793	-0.026	-0.013	0.763	558.6
2794	-0.026	-0.014	0.766	558.8
2795	-0.028	-0.017	0.763	559.0
2796	-0.026	-0.017	0.768	559.2
2797	-0.026	-0.017	0.765	559.4
2798	-0.023	-0.015	0.771	559.6
2799	-0.026	-0.014	0.759	559.8
2800	-0.024	-0.014	0.766	560.0
2801	-0.024	-0.016	0.760	560.2
2802	-0.026	-0.017	0.769	560.4
2803	-0.026	-0.015	0.759	560.6
2804	-0.025	-0.014	0.771	560.8
2805	-0.023	-0.016	0.768	561.0
2806	-0.025	-0.017	0.775	561.2
2807	-0.026	-0.013	0.764	561.4
2808	-0.026	-0.017	0.769	561.6
2809	-0.025	-0.015	0.772	561.8
2810	-0.024	-0.017	0.753	562.0
2811	-0.025	-0.014	0.762	562.2
2812	-0.026	-0.013	0.759	562.4
2813	-0.025	-0.014	0.764	562.6
2814	-0.025	-0.018	0.758	562.8
2815	-0.025	-0.020	0.771	563.0
2816	-0.026	-0.018	0.763	563.2
2817	-0.025	-0.015	0.771	563.4
2818	-0.025	-0.013	0.773	563.6
2819	-0.024	-0.014	0.768	563.8
2820	-0.025	-0.017	0.766	564.0
2821	-0.023	-0.016	0.766	564.2
2822	-0.024	-0.016	0.770	564.4
2823	-0.025	-0.016	0.759	564.6
2824	-0.025	-0.019	0.768	564.8
2825	-0.024	-0.017	0.758	565.0
2826	-0.023	-0.014	0.764	565.2
2827	-0.024	-0.013	0.758	565.4
2828	-0.025	-0.015	0.766	565.6
2829	-0.024	-0.016	0.766	565.8
2830	-0.024	-0.018	0.758	566.0
2831	-0.025	-0.016	0.771	566.2
2832	-0.022	-0.016	0.765	566.4
2833	-0.026	-0.014	0.769	566.6
2834	-0.024	-0.015	0.763	566.8
2835	-0.024	-0.018	0.768	567.0
2836	-0.025	-0.017	0.774	567.2
2837	-0.025	-0.015	0.764	567.4
2838	-0.026	-0.015	0.769	567.6
2839	-0.022	-0.016	0.768	567.8
2840	-0.026	-0.015	0.768	568.0
2841	-0.026	-0.016	0.761	568.2
2842	-0.023	-0.015	0.765	568.4
2843	-0.025	-0.015	0.767	568.6
2844	-0.025	-0.016	0.759	568.8
2845	-0.025	-0.016	0.763	569.0
2846	-0.025	-0.017	0.766	569.2
2847	-0.024	-0.016	0.766	569.4
2848	-0.025	-0.018	0.765	569.6
2849	-0.026	-0.015	0.770	569.8
2850	-0.028	-0.017	0.760	570.0
2851	-0.024	-0.017	0.761	570.2
2852	-0.028	-0.016	0.775	570.4
2853	-0.028	-0.015	0.767	570.6
2854	-0.024	-0.018	0.765	570.8
2855	-0.027	-0.014	0.765	571.0
2856	-0.025	-0.016	0.759	571.2
2857	-0.026	-0.016	0.766	571.4
2858	-0.026	-0.016	0.770	571.6
2859	-0.025	-0.015	0.762	571.8
2860	-0.026	-0.017	0.771	572.0
2861	-0.029	-0.015	0.766	572.2
2862	-0.028	-0.014	0.764	572.4
2863	-0.028	-0.015	0.766	572.6
2864	-0.028	-0.016	0.763	572.8
2865	-0.027	-0.014	0.753	573.0
2866	-0.029	-0.016	0.764	573.2
2867	-0.027	-0.015	0.758	573.4
2868	-0.024	-0.016	0.759	573.6
2869	-0.027	-0.015	0.758	573.8
2870	-0.025	-0.014	0.755	574.0
2871	-0.025	-0.012	0.772	574.2
2872	-0.026	-0.015	0.765	574.4
2873	-0.024	-0.017	0.771	574.6
2874	-0.026	-0.016	0.774	574.8
2875	-0.026	-0.016	0.771	575.0
2876	-0.026	-0.014	0.763	575.2
2877	-0.026	-0.015	0.760	575.4
2878	-0.025	-0.015	0.768	575.6
2879	-0.024	-0.015	0.768	575.8
2880	-0.026	-0.016	0.767	576.0
2881	-0.027	-0.015	0.752	576.2
2882	-0.025	-0.015	0.771	576.4
2883	-0.025	-0.018	0.763	576.6
2884	-0.027	-0.015	0.762	576.8
2885	-0.027	-0.013	0.759	577.0
2886	-0.028	-0.016	0.767	577.2
2887	-0.027	-0.015	0.772	577.4
2888	-0.029	-0.015	0.760	577.6
2889	-0.026	-0.015	0.760	577.8
2890	-0.025	-0.014	0.763	578.0
2891	-0.026	-0.016	0.766	578.2
2892	-0.029	-0.014	0.759	578.4
2893	-0.026	-0.015	0.766	578.6
2894	-0.026	-0.015	0.775	578.8
2895	-0.025	-0.013	0.761	579.0
2896	-0.025	-0.014	0.762	579.2
2897	-0.024	-0.018	0.765	579.4
2898	-0.025	-0.017	0.771	579.6
2899	-0.024	-0.018	0.767	579.8
2900	-0.025	-0.013	0.764	580.0
2901	-0.024	-0.017	0.759	580.2
2902	-0.026	-0.017	0.770	580.4
2903	-0.025	-0.015	0.763	580.6
2904	-0.026	-0.014	0.761	580.8
2905	-0.026	-0.013	0.762	581.0
2906	-0.025	-0.013	0.767	581.2
2907	-0.025	-0.017	0.759	581.4
2908	-0.025	-0.016	0.767	581.6
2909	-0.025	-0.014	0.769	581.8
2910	-0.026	-0.011	0.779	582.0
2911	-0.025	-0.016	0.762	582.2
2912	-0.026	-0.015	0.766	582.4
2913	-0.026	-0.012	0.770	582.6
2914	-0.027	-0.012	0.771	582.8
2915	-0.025	-0.013	0.762	583.0
2916	-0.026	-0.014	0.770	583.2
2917	-0.025	-0.018	0.768	583.4
2918	-0.025	-0.015	0.758	583.6
2919	-0.025	-0.015	0.771	583.8
2920	-0.024	-0.016	0.755	584.0
2921	-0.025	-0.014	0.765	584.2
2922	-0.026	-0.015	0.769	584.4
2923	-0.025	-0.015	0.763	584.6
2924	-0.027	-0.016	0.764	584.8
2925	-0.026	-0.014	0.763	585.0
2926	-0.025	-0.017	0.768	585.2
2927	-0.025	-0.015	0.763	585.4
2928	-0.026	-0.014	0.754	585.6
2929	-0.028	-0.010	0.776	585.8
2930	-0.026	-0.017	0.757	586.0
2931	-0.026	-0.015	0.767	586.2
2932	-0.026	-0.014	0.769	586.4
2933	-0.027	-0.015	0.765	586.6
2934	-0.026	-0.013	0.774	586.8
2935	-0.025	-0.015	0.756	587.0
2936	-0.026	-0.015	0.774	587.2
2937	-0.025	-0.013	0.762	587.4
2938	-0.024	-0.013	0.771	587.6
2939	-0.025	-0.014	0.756	587.8
2940	-0.026	-0.013	0.763	588.0
2941	-0.028	-0.014	0.770	588.2
2942	-0.026	-0.015	0.763	588.4
2943	-0.026	-0.013	0.762	588.6
2944	-0.029	-0.012	0.774	588.8
2945	-0.028	-0.015	0.760	589.0
2946	-0.025	-0.015	0.773	589.2
2947	-0.025	-0.015	0.759	589.4
2948	-0.025	-0.014	0.766	589.6
2949	-0.028	-0.012	0.765	589.8
2950	-0.026	-0.015	0.763	590.0
2951	-0.025	-0.015	0.760	590.2
2952	-0.025	-0.012	0.769	590.4
2953	-0.025	-0.013	0.771	590.6
2954	-0.026	-0.013	0.762	590.8
2955	-0.026	-0.017	0.766	591.0
2956	-0.023	-0.015	0.769	591.2
2957	-0.026	-0.015	0.760	591.4
2958	-0.024	-0.015	0.766	591.6
2959	-0.023	-0.014	0.758	591.8
2960	-0.022	-0.015	0.763	592.0
2961	-0.024	-0.018	0.752	592.2
2962	-0.024	-0.016	0.759	592.4
2963	-0.024	-0.015	0.766	592.6
2964	-0.024	-0.017	0.764	592.8
2965	-0.026	-0.018	0.765	593.0
2966	-0.025	-0.016	0.760	593.2
2967	-0.025	-0.013	0.766	593.4
2968	-0.026	-0.018	0.776	593.6
2969	-0.027	-0.015	0.768	593.8
2970	-0.025	-0.019	0.764	594.0
2971	-0.023	-0.016	0.760	594.2
2972	-0.028	-0.015	0.762	594.4
2973	-0.026	-0.013	0.774	594.6
2974	-0.026	-0.015	0.761	594.8
2975	-0.026	-0.017	0.766	595.0
2976	-0.026	-0.014	0.768	595.2
2977	-0.026	-0.013	0.758	595.4
2978	-0.026	-0.015	0.770	595.6
2979	-0.027	-0.017	0.765	595.8
2980	-0.025	-0.017	0.764	596.0
2981	-0.025	-0.016	0.770	596.2
2982	-0.028	-0.016	0.763	596.4
2983	-0.025	-0.013	0.762	596.6
2984	-0.024	-0.014	0.769	596.8
2985	-0.021	-0.018	0.762	597.0
2986	-0.025	-0.015	0.768	597.2
2987	-0.025	-0.015	0.769	597.4
2988	-0.024	-0.017	0.761	597.6
2989	-0.025	-0.019	0.771	597.8
2990	-0.022	-0.017	0.775	598.0
2991	-0.024	-0.014	0.770	598.2
2992	-0.022	-0.014	0.772	598.4
2993	-0.025	-0.016	0.763	598.6
2994	-0.024	-0.016	0.758	598.8
2995	-0.023	-0.017	0.770	599.0
2996	-0.022	-0.016	0.768	599.2
2997	-0.024	-0.014	0.766	599.4
2998	-0.025	-0.014	0.758	599.6
2999	-0.026	-0.016	0.763	599.8
3000	-0.023	-0.017	0.766	600.0
3001	-0.024	-0.015	0.762	600.2
3002	-0.026	-0.015	0.765	600.4
3003	-0.026	-0.018	0.762	600.6
3004	-0.025	-0.017	0.770	600.8
3005	-0.025	-0.016	0.764	601.0
3006	-0.027	-0.016	0.773	601.2
3007	-0.026	-0.012	0.771	601.4
3008	-0.026	-0.014	0.769	601.6
3009	-0.026	-0.017	0.760	601.8
3010	-0.024	-0.017	0.764	602.0
3011	-0.024	-0.017	0.767	602.2
3012	-0.025	-0.015	0.767	602.4
