0	-0.004	-0.008	0.767	0.0
1	-0.005	-0.005	0.759	0.2
2	-0.006	-0.005	0.762	0.4
3	-0.007	-0.002	0.766	0.6
4	-0.005	-0.007	0.758	0.8
5	-0.005	-0.008	0.774	1.0
6	-0.006	-0.005	0.758	1.2
7	-0.008	-0.004	0.772	1.4
8	-0.009	-0.005	0.773	1.6
9	-0.008	-0.003	0.768	1.8
10	-0.006	-0.006	0.772	2.0
11	-0.008	-0.009	0.761	2.2
12	-0.006	-0.007	0.762	2.4
13	-0.008	-0.005	0.764	2.6
14	-0.008	-0.006	0.766	2.8
15	-0.009	-0.006	0.765	3.0
16	-0.006	-0.005	0.766	3.2
17	-0.005	-0.007	0.761	3.4
18	-0.009	-0.007	0.763	3.6
19	-0.007	-0.007	0.768	3.8
20	-0.005	-0.007	0.763	4.0
21	-0.005	-0.006	0.770	4.2
22	-0.006	-0.005	0.770	4.4
23	-0.008	-0.007	0.773	4.6
24	-0.005	-0.007	0.763	4.8
25	-0.006	-0.008	0.765	5.0
26	-0.005	-0.005	0.759	5.2
27	-0.006	-0.003	0.761	5.4
28	-0.007	-0.004	0.762	5.6
29	-0.004	-0.009	0.763	5.8
30	-0.007	-0.007	0.765	6.0
31	-0.007	-0.006	0.763	6.2
32	-0.009	-0.005	0.770	6.4
33	-0.008	-0.003	0.771	6.6
34	-0.008	-0.005	0.766	6.8
35	-0.009	-0.005	0.770	7.0
36	-0.007	-0.005	0.764	7.2
37	-0.010	-0.007	0.771	7.4
38	-0.009	-0.008	0.768	7.6
39	-0.010	-0.006	0.770	7.8
40	-0.010	-0.003	0.767	8.0
41	-0.009	-0.004	0.768	8.2
42	-0.008	-0.005	0.762	8.4
43	-0.009	-0.004	0.765	8.6
44	-0.007	-0.007	0.758	8.8
45	-0.008	-0.006	0.757	9.0
46	-0.007	-0.004	0.769	9.2
47	-0.009	-0.007	0.768	9.4
48	-0.007	-0.007	0.769	9.6
49	-0.008	-0.007	0.755	9.8
50	-0.007	-0.003	0.760	10.0
51	-0.007	-0.001	0.757	10.2
52	-0.007	-0.004	0.763	10.4
53	-0.004	-0.008	0.765	10.6
54	-0.005	-0.006	0.764	10.8
55	-0.006	-0.006	0.767	11.0
56	-0.006	-0.003	0.769	11.2
57	-0.005	-0.003	0.764	11.4
58	-0.006	-0.008	0.768	11.6
59	-0.007	-0.009	0.768	11.8
60	-0.009	-0.007	0.769	12.0
61	-0.006	-0.005	0.768	12.2
62	-0.006	-0.005	0.762	12.4
63	-0.006	-0.001	0.763	12.6
64	-0.007	-0.006	0.767	12.8
65	-0.009	-0.006	0.758	13.0
66	-0.011	-0.006	0.758	13.2
67	-0.007	-0.009	0.763	13.4
68	-0.006	-0.005	0.757	13.6
69	-0.008	-0.004	0.759	13.8
70	-0.009	-0.003	0.768	14.0
71	-0.009	-0.007	0.765	14.2
72	-0.007	-0.009	0.767	14.4
73	-0.007	-0.011	0.772	14.6
74	-0.007	-0.005	0.759	14.8
75	-0.006	-0.003	0.772	15.0
76	-0.005	0.001	0.769	15.2
77	-0.007	-0.002	0.761	15.4
78	-0.007	-0.007	0.769	15.6
79	-0.007	-0.010	0.763	15.8
80	-0.006	-0.008	0.765	16.0
81	-0.006	-0.008	0.766	16.2
82	-0.005	-0.007	0.758	16.4
83	-0.005	-0.006	0.770	16.6
84	-0.007	-0.001	0.763	16.8
85	-0.006	-0.004	0.759	17.0
86	-0.007	-0.005	0.760	17.2
87	-0.009	-0.009	0.763	17.4
88	-0.007	-0.008	0.768	17.6
89	-0.008	-0.007	0.755	17.8
90	-0.007	-0.003	0.763	18.0
91	-0.008	-0.007	0.753	18.2
92	-0.007	-0.006	0.765	18.4
93	-0.008	-0.004	0.764	18.6
94	-0.007	-0.003	0.771	18.8
95	-0.009	-0.003	0.765	19.0
96	-0.007	-0.008	0.763	19.2
97	-0.005	-0.007	0.765	19.4
98	-0.007	-0.007	0.767	19.6
99	-0.007	-0.004	0.768	19.8
100	-0.008	-0.005	0.763	20.0
101	-0.007	-0.004	0.764	20.2
102	-0.006	-0.003	0.764	20.4
103	-0.007	-0.005	0.759	20.6
104	-0.007	-0.007	0.760	20.8
105	-0.008	-0.008	0.758	21.0
106	-0.006	-0.009	0.767	21.2
107	-0.008	-0.007	0.760	21.4
108	-0.009	-0.001	0.763	21.6
109	-0.006	-0.002	0.767	21.8
110	-0.007	-0.005	0.779	22.0
111	-0.007	-0.005	0.765	22.2
112	-0.006	-0.009	0.764	22.4
113	-0.007	-0.006	0.774	22.6
114	-0.007	-0.003	0.763	22.8
115	-0.007	-0.001	0.765	23.0
116	-0.009	-0.005	0.771	23.2
117	-0.007	-0.009	0.762	23.4
118	-0.006	-0.005	0.770	23.6
119	-0.007	-0.008	0.759	23.8
120	-0.007	-0.010	0.757	24.0
121	-0.005	-0.008	0.770	24.2
122	-0.004	-0.006	0.771	24.4
123	-0.007	-0.006	0.761	24.6
124	-0.005	-0.007	0.766	24.8
125	-0.005	-0.010	0.761	25.0
126	-0.004	-0.007	0.778	25.2
127	-0.005	-0.005	0.766	25.4
128	-0.006	-0.006	0.770	25.6
129	-0.005	-0.005	0.772	25.8
130	-0.007	-0.005	0.773	26.0
131	-0.003	-0.007	0.775	26.2
132	-0.006	-0.003	0.772	26.4
133	-0.005	-0.003	0.756	26.6
134	-0.004	-0.005	0.763	26.8
135	-0.006	-0.007	0.771	27.0
136	-0.005	-0.011	0.761	27.2
137	-0.005	-0.007	0.762	27.4
138	-0.005	-0.003	0.759	27.6
139	-0.003	-0.001	0.760	27.8
140	-0.006	0.000	0.761	28.0
141	-0.005	-0.003	0.765	28.2
142	-0.003	-0.008	0.761	28.4
143	-0.005	-0.010	0.765	28.6
144	-0.003	-0.007	0.770	28.8
145	-0.004	-0.004	0.766	29.0
146	-0.002	-0.001	0.759	29.2
147	-0.003	0.001	0.766	29.4
148	-0.005	-0.002	0.760	29.6
149	-0.006	-0.006	0.769	29.8
150	-0.005	-0.009	0.773	30.0
151	-0.005	-0.006	0.774	30.2
152	-0.005	-0.005	0.763	30.4
153	-0.004	-0.003	0.758	30.6
154	-0.005	-0.005	0.768	30.8
155	-0.005	-0.005	0.763	31.0
156	-0.005	-0.006	0.760	31.2
157	-0.007	-0.004	0.764	31.4
158	-0.005	-0.005	0.764	31.6
159	-0.006	-0.006	0.753	31.8
160	-0.005	-0.008	0.764	32.0
161	-0.003	-0.007	0.770	32.2
162	-0.005	-0.004	0.773	32.4
163	-0.006	-0.005	0.767	32.6
164	-0.007	-0.005	0.768	32.8
165	-0.007	-0.005	0.771	33.0
166	-0.007	-0.005	0.766	33.2
167	-0.006	-0.005	0.759	33.4
168	-0.009	-0.004	0.768	33.6
169	-0.007	-0.006	0.777	33.8
170	-0.006	-0.005	0.760	34.0
171	-0.006	-0.009	0.766	34.2
172	-0.009	-0.008	0.758	34.4
173	-0.005	-0.008	0.758	34.6
174	-0.005	-0.004	0.761	34.8
175	-0.005	-0.003	0.770	35.0
176	-0.005	-0.003	0.763	35.2
177	-0.005	-0.007	0.763	35.4
178	-0.005	-0.007	0.763	35.6
179	-0.005	-0.006	0.771	35.8
180	-0.005	-0.004	0.756	36.0
181	-0.005	-0.003	0.765	36.2
182	-0.008	-0.003	0.766	36.4
183	-0.007	-0.009	0.761	36.6
184	-0.006	-0.006	0.767	36.8
185	-0.006	-0.005	0.758	37.0
186	-0.006	-0.002	0.763	37.2
187	-0.007	-0.002	0.767	37.4
188	-0.007	-0.005	0.772	37.6
189	-0.005	-0.007	0.760	37.8
190	-0.007	-0.004	0.763	38.0
191	-0.007	-0.003	0.764	38.2
192	-0.006	-0.003	0.759	38.4
193	-0.008	-0.009	0.761	38.6
194	-0.009	-0.006	0.762	38.8
195	-0.007	-0.006	0.771	39.0
196	-0.006	0.000	0.771	39.2
197	-0.008	-0.001	0.764	39.4
198	-0.008	-0.004	0.761	39.6
199	-0.005	-0.005	0.770	39.8
200	-0.005	-0.005	0.762	40.0
201	-0.005	-0.006	0.770	40.2
202	-0.006	-0.002	0.776	40.4
203	-0.007	-0.006	0.773	40.6
204	-0.007	-0.008	0.770	40.8
205	-0.006	-0.007	0.769	41.0
206	-0.007	-0.005	0.766	41.2
207	-0.006	-0.005	0.768	41.4
208	-0.005	-0.003	0.763	41.6
209	-0.005	-0.006	0.759	41.8
210	-0.006	-0.005	0.761	42.0
211	-0.004	-0.010	0.766	42.2
212	-0.005	-0.009	0.753	42.4
213	-0.005	-0.007	0.762	42.6
214	-0.007	-0.008	0.768	42.8
215	-0.005	-0.005	0.768	43.0
216	-0.005	-0.005	0.771	43.2
217	-0.005	-0.004	0.758	43.4
218	-0.005	-0.007	0.771	43.6
219	-0.004	-0.007	0.767	43.8
220	-0.004	-0.007	0.769	44.0
221	-0.002	-0.005	0.760	44.2
222	-0.002	-0.007	0.759	44.4
223	-0.001	-0.005	0.763	44.6
224	-0.003	-0.006	0.761	44.8
225	-0.003	-0.007	0.766	45.0
226	-0.002	-0.008	0.761	45.2
227	-0.002	-0.007	0.768	45.4
228	-0.002	-0.007	0.765	45.6
229	-0.003	-0.008	0.765	45.8
230	0.000	-0.005	0.765	46.0
231	-0.001	-0.005	0.754	46.2
232	-0.002	-0.008	0.770	46.4
233	-0.003	-0.009	0.772	46.6
234	-0.002	-0.005	0.768	46.8
235	-0.003	-0.005	0.768	47.0
236	-0.004	-0.004	0.768	47.2
237	-0.005	-0.005	0.777	47.4
238	-0.001	-0.007	0.766	47.6
239	-0.003	-0.003	0.767	47.8
240	-0.005	-0.003	0.764	48.0
241	-0.003	-0.004	0.770	48.2
242	-0.003	-0.006	0.774	48.4
243	-0.005	-0.005	0.762	48.6
244	-0.004	-0.009	0.760	48.8
245	-0.005	-0.007	0.764	49.0
246	-0.003	-0.010	0.759	49.2
247	-0.004	-0.006	0.757	49.4
248	-0.004	-0.006	0.764	49.6
249	-0.004	-0.005	0.761	49.8
250	-0.002	-0.005	0.765	50.0
251	-0.003	-0.006	0.755	50.2
252	-0.003	-0.008	0.763	50.4
253	-0.002	-0.007	0.768	50.6
254	-0.004	-0.010	0.774	50.8
255	-0.004	-0.009	0.772	51.0
256	-0.001	-0.007	0.768	51.2
257	-0.001	-0.005	0.769	51.4
258	-0.001	0.001	0.764	51.6
259	-0.002	-0.001	0.762	51.8
260	-0.003	-0.009	0.759	52.0
261	-0.005	-0.013	0.753	52.2
262	0.000	-0.013	0.761	52.4
263	-0.001	-0.006	0.761	52.6
264	-0.002	-0.004	0.766	52.8
265	-0.002	-0.005	0.767	53.0
266	-0.002	-0.004	0.762	53.2
267	-0.003	-0.004	0.762	53.4
268	-0.003	-0.003	0.764	53.6
269	-0.004	-0.006	0.771	53.8
270	-0.003	-0.010	0.768	54.0
271	-0.002	-0.010	0.774	54.2
272	-0.002	-0.005	0.763	54.4
273	-0.004	-0.002	0.760	54.6
274	-0.003	-0.001	0.765	54.8
275	-0.001	-0.001	0.765	55.0
276	-0.001	-0.005	0.774	55.2
277	-0.005	-0.009	0.770	55.4
278	-0.004	-0.007	0.758	55.6
279	-0.003	-0.007	0.769	55.8
280	-0.002	-0.005	0.767	56.0
281	-0.001	-0.005	0.766	56.2
282	-0.002	-0.003	0.759	56.4
283	-0.004	-0.002	0.761	56.6
284	-0.002	-0.005	0.762	56.8
285	-0.004	-0.006	0.770	57.0
286	-0.002	-0.006	0.766	57.2
287	-0.004	-0.005	0.772	57.4
288	-0.003	-0.007	0.772	57.6
289	-0.002	-0.007	0.774	57.8
290	-0.002	-0.005	0.766	58.0
291	-0.003	-0.003	0.768	58.2
292	-0.003	-0.004	0.780	58.4
293	-0.003	-0.006	0.773	58.6
294	-0.004	-0.008	0.764	58.8
295	-0.003	-0.004	0.771	59.0
296	-0.005	-0.005	0.765	59.2
297	-0.006	-0.004	0.763	59.4
298	-0.003	-0.003	0.754	59.6
299	-0.005	-0.005	0.758	59.8
300	-0.005	-0.007	0.757	60.0
301	-0.005	-0.003	0.773	60.2
302	-0.006	-0.004	0.765	60.4
303	-0.004	-0.004	0.763	60.6
304	-0.006	-0.007	0.762	60.8
305	-0.005	-0.006	0.772	61.0
306	-0.005	-0.003	0.769	61.2
307	-0.006	-0.003	0.771	61.4
308	-0.005	-0.005	0.765	61.6
309	-0.006	-0.005	0.763	61.8
310	-0.003	-0.009	0.764	62.0
311	-0.007	-0.007	0.762	62.2
312	-0.005	-0.005	0.759	62.4
313	-0.006	-0.005	0.764	62.6
314	-0.006	-0.004	0.758	62.8
315	-0.006	-0.004	0.763	63.0
316	-0.005	-0.005	0.759	63.2
317	-0.006	-0.002	0.758	63.4
318	-0.007	-0.008	0.766	63.6
319	-0.004	-0.010	0.765	63.8
320	-0.002	-0.008	0.765	64.0
321	-0.003	-0.003	0.767	64.2
322	-0.005	-0.005	0.771	64.4
323	-0.005	-0.004	0.768	64.6
324	-0.004	-0.002	0.760	64.8
325	-0.004	-0.005	0.764	65.0
326	-0.005	-0.005	0.760	65.2
327	-0.006	-0.010	0.763	65.4
328	-0.006	-0.011	0.760	65.6
329	-0.005	-0.008	0.767	65.8
330	-0.005	-0.003	0.761	66.0
331	-0.005	0.001	0.766	66.2
332	-0.005	-0.002	0.763	66.4
333	-0.005	-0.007	0.773	66.6
334	-0.003	-0.007	0.756	66.8
335	-0.003	-0.007	0.762	67.0
336	-0.003	-0.005	0.760	67.2
337	0.000	-0.005	0.759	67.4
338	-0.004	-0.006	0.756	67.6
339	-0.003	-0.008	0.761	67.8
340	-0.001	-0.002	0.761	68.0
341	-0.003	-0.004	0.766	68.2
342	0.001	-0.004	0.764	68.4
343	0.000	-0.005	0.779	68.6
344	-0.004	-0.009	0.768	68.8
345	-0.001	-0.009	0.767	69.0
346	-0.002	-0.009	0.766	69.2
347	-0.003	-0.005	0.773	69.4
348	0.001	-0.005	0.776	69.6
349	0.002	0.000	0.765	69.8
350	-0.001	-0.004	0.761	70.0
351	-0.001	-0.008	0.752	70.2
352	-0.001	-0.008	0.760	70.4
353	0.002	-0.009	0.763	70.6
354	0.001	-0.006	0.762	70.8
355	0.002	-0.003	0.761	71.0
356	0.002	-0.004	0.768	71.2
357	0.002	-0.007	0.769	71.4
358	0.002	-0.007	0.772	71.6
359	0.004	-0.006	0.759	71.8
360	0.001	-0.004	0.768	72.0
361	0.005	-0.007	0.762	72.2
362	0.004	-0.010	0.778	72.4
363	0.003	-0.010	0.763	72.6
364	0.002	-0.004	0.765	72.8
365	0.002	-0.003	0.769	73.0
366	0.003	-0.002	0.756	73.2
367	0.002	-0.007	0.763	73.4
368	0.004	-0.010	0.767	73.6
369	0.005	-0.007	0.767	73.8
370	0.002	-0.005	0.758	74.0
371	0.003	-0.006	0.767	74.2
372	0.003	-0.007	0.763	74.4
373	0.002	-0.008	0.763	74.6
374	0.001	-0.006	0.764	74.8
375	0.005	-0.007	0.759	75.0
376	0.004	-0.007	0.758	75.2
377	0.004	-0.007	0.764	75.4
378	0.005	-0.005	0.765	75.6
379	0.003	-0.008	0.767	75.8
380	0.005	-0.004	0.754	76.0
381	0.004	-0.010	0.769	76.2
382	0.003	-0.008	0.775	76.4
383	0.003	-0.007	0.765	76.6
384	0.003	-0.005	0.772	76.8
385	0.004	-0.009	0.766	77.0
386	0.002	-0.007	0.766	77.2
387	0.003	-0.006	0.768	77.4
388	0.002	-0.002	0.765	77.6
389	0.002	-0.002	0.764	77.8
390	0.003	-0.005	0.755	78.0
391	0.003	-0.009	0.756	78.2
392	0.000	-0.007	0.759	78.4
393	0.002	-0.005	0.760	78.6
394	-0.001	0.000	0.768	78.8
395	0.001	-0.003	0.778	79.0
396	0.002	-0.003	0.764	79.2
397	0.002	-0.006	0.765	79.4
398	0.001	-0.006	0.764	79.6
399	0.001	-0.003	0.764	79.8
400	-0.001	-0.005	0.766	80.0
401	-0.001	-0.004	0.767	80.2
402	-0.001	-0.001	0.757	80.4
403	-0.001	-0.001	0.760	80.6
404	-0.003	0.000	0.764	80.8
405	-0.001	-0.003	0.759	81.0
406	-0.001	-0.003	0.763	81.2
407	-0.002	-0.002	0.759	81.4
408	0.002	-0.002	0.763	81.6
409	0.000	-0.003	0.768	81.8
410	-0.001	-0.003	0.766	82.0
411	-0.001	-0.003	0.758	82.2
412	0.001	-0.004	0.776	82.4
413	-0.001	-0.003	0.768	82.6
414	0.001	-0.002	0.767	82.8
415	0.004	-0.005	0.769	83.0
416	0.005	-0.007	0.758	83.2
417	0.004	-0.004	0.758	83.4
418	0.005	0.001	0.767	83.6
419	0.004	0.000	0.759	83.8
420	0.004	-0.002	0.760	84.0
421	0.005	-0.007	0.762	84.2
422	0.003	-0.003	0.758	84.4
423	0.007	-0.006	0.761	84.6
424	0.005	-0.002	0.763	84.8
425	0.004	0.001	0.761	85.0
426	0.004	-0.002	0.767	85.2
427	0.004	-0.003	0.767	85.4
428	0.005	-0.004	0.758	85.6
429	0.005	-0.002	0.768	85.8
430	0.003	-0.002	0.776	86.0
431	0.006	-0.006	0.769	86.2
432	0.004	-0.005	0.760	86.4
433	0.003	-0.008	0.770	86.6
434	0.002	-0.005	0.766	86.8
435	0.005	-0.002	0.768	87.0
436	0.004	-0.001	0.767	87.2
437	0.005	-0.001	0.768	87.4
438	0.002	-0.004	0.766	87.6
439	0.005	-0.008	0.762	87.8
440	0.005	-0.006	0.767	88.0
441	0.004	-0.006	0.767	88.2
442	0.003	-0.002	0.764	88.4
443	0.005	-0.001	0.762	88.6
444	0.005	-0.003	0.758	88.8
445	0.004	-0.004	0.767	89.0
446	0.006	-0.009	0.759	89.2
447	0.003	-0.006	0.760	89.4
448	0.003	-0.002	0.777	89.6
449	0.004	-0.007	0.767	89.8
450	0.006	-0.006	0.762	90.0
451	0.003	-0.004	0.774	90.2
452	0.005	-0.002	0.765	90.4
453	0.005	0.001	0.771	90.6
454	0.004	-0.004	0.773	90.8
455	0.003	-0.004	0.769	91.0
456	0.004	-0.007	0.759	91.2
457	0.001	-0.007	0.764	91.4
458	0.004	-0.003	0.759	91.6
459	0.005	-0.004	0.758	91.8
460	0.004	-0.005	0.772	92.0
461	0.003	-0.003	0.768	92.2
462	0.002	-0.005	0.759	92.4
463	0.004	-0.005	0.760	92.6
464	0.003	-0.005	0.769	92.8
465	0.001	-0.002	0.763	93.0
466	0.004	-0.002	0.765	93.2
467	0.003	-0.001	0.763	93.4
468	0.000	-0.004	0.759	93.6
469	0.002	-0.005	0.761	93.8
470	0.000	-0.007	0.758	94.0
471	0.001	-0.003	0.766	94.2
472	0.000	-0.003	0.764	94.4
473	0.004	-0.002	0.769	94.6
474	0.004	-0.005	0.758	94.8
475	0.001	-0.003	0.767	95.0
476	0.002	-0.003	0.769	95.2
477	0.001	0.000	0.767	95.4
478	0.002	-0.005	0.763	95.6
479	0.001	-0.005	0.761	95.8
480	0.003	-0.007	0.762	96.0
481	0.001	-0.003	0.770	96.2
482	0.003	-0.003	0.760	96.4
483	0.003	0.001	0.758	96.6
484	0.002	-0.005	0.758	96.8
485	0.005	-0.005	0.768	97.0
486	0.001	-0.005	0.762	97.2
487	0.002	-0.005	0.759	97.4
488	0.003	-0.004	0.766	97.6
489	0.003	-0.003	0.761	97.8
490	0.002	-0.005	0.772	98.0
491	0.001	-0.004	0.775	98.2
492	0.001	-0.003	0.774	98.4
493	0.001	-0.005	0.766	98.6
494	0.002	-0.007	0.764	98.8
495	0.002	-0.002	0.757	99.0
496	0.002	-0.002	0.760	99.2
497	0.004	-0.004	0.766	99.4
498	0.000	-0.004	0.758	99.6
499	0.003	-0.005	0.762	99.8
500	0.005	-0.006	0.766	100.0
501	0.002	-0.002	0.763	100.2
502	0.005	-0.004	0.758	100.4
503	0.005	-0.003	0.770	100.6
504	0.004	-0.004	0.771	100.8
505	0.004	-0.003	0.764	101.0
506	0.003	-0.002	0.767	101.2
507	0.005	-0.004	0.767	101.4
508	0.004	-0.005	0.767	101.6
509	0.005	-0.006	0.763	101.8
510	0.004	-0.003	0.763	102.0
511	0.004	-0.004	0.767	102.2
512	0.004	-0.002	0.761	102.4
513	0.006	-0.003	0.769	102.6
514	0.003	-0.005	0.761	102.8
515	0.002	-0.005	0.766	103.0
516	0.028	-0.013	0.875	103.2
517	0.243	-0.082	1.175	103.4
518	0.241	-0.084	1.132	103.6
519	0.238	-0.079	1.157	103.8
520	0.235	-0.078	1.147	104.0
521	0.233	-0.074	1.137	104.2
522	0.233	-0.075	1.142	104.4
523	0.234	-0.075	1.129	104.6
524	0.230	-0.075	1.142	104.8
525	0.228	-0.072	1.137	105.0
526	0.230	-0.072	1.132	105.2
527	0.229	-0.074	1.128	105.4
528	0.230	-0.073	1.133	105.6
529	0.228	-0.070	1.129	105.8
530	0.226	-0.071	1.124	106.0
531	0.228	-0.072	1.125	106.2
532	0.224	-0.075	1.125	106.4
533	0.224	-0.074	1.131	106.6
534	0.224	-0.072	1.127	106.8
535	0.225	-0.070	1.117	107.0
536	0.225	-0.072	1.119	107.2
537	0.223	-0.073	1.131	107.4
538	0.223	-0.073	1.133	107.6
539	0.223	-0.070	1.120	107.8
540	0.221	-0.072	1.119	108.0
541	0.226	-0.072	1.125	108.2
542	0.223	-0.073	1.113	108.4
543	0.225	-0.074	1.131	108.6
544	0.224	-0.072	1.120	108.8
545	0.221	-0.070	1.135	109.0
546	0.220	-0.073	1.125	109.2
547	0.221	-0.072	1.115	109.4
548	0.222	-0.072	1.111	109.6
549	0.223	-0.071	1.113	109.8
550	0.221	-0.072	1.122	110.0
551	0.219	-0.072	1.126	110.2
552	0.220	-0.072	1.119	110.4
553	0.220	-0.074	1.118	110.6
554	0.221	-0.073	1.122	110.8
555	0.221	-0.072	1.133	111.0
556	0.218	-0.073	1.130	111.2
557	0.218	-0.075	1.115	111.4
558	0.220	-0.072	1.116	111.6
559	0.220	-0.072	1.136	111.8
560	0.221	-0.072	1.127	112.0
561	0.218	-0.074	1.117	112.2
562	0.221	-0.073	1.120	112.4
563	0.220	-0.073	1.129	112.6
564	0.218	-0.072	1.127	112.8
565	0.220	-0.071	1.119	113.0
566	0.219	-0.073	1.119	113.2
567	0.221	-0.073	1.120	113.4
568	0.222	-0.072	1.127	113.6
569	0.218	-0.072	1.116	113.8
570	0.218	-0.069	1.127	114.0
571	0.220	-0.072	1.128	114.2
572	0.220	-0.072	1.137	114.4
573	0.218	-0.071	1.129	114.6
574	0.219	-0.070	1.127	114.8
575	0.218	-0.070	1.121	115.0
576	0.220	-0.070	1.129	115.2
577	0.221	-0.072	1.129	115.4
578	0.222	-0.074	1.131	115.6
579	0.221	-0.071	1.110	115.8
580	0.222	-0.071	1.115	116.0
581	0.221	-0.073	1.136	116.2
582	0.221	-0.073	1.121	116.4
583	0.221	-0.070	1.111	116.6
584	0.221	-0.070	1.125	116.8
585	0.221	-0.071	1.124	117.0
586	0.220	-0.072	1.122	117.2
587	0.222	-0.073	1.113	117.4
588	0.222	-0.072	1.102	117.6
589	0.223	-0.067	1.114	117.8
590	0.221	-0.070	1.119	118.0
591	0.218	-0.073	1.115	118.2
592	0.221	-0.073	1.111	118.4
593	0.220	-0.069	1.119	118.6
594	0.221	-0.070	1.119	118.8
595	0.219	-0.072	1.124	119.0
596	0.221	-0.071	1.124	119.2
597	0.221	-0.071	1.116	119.4
598	0.222	-0.070	1.133	119.6
599	0.220	-0.068	1.132	119.8
600	0.218	-0.075	1.127	120.0
601	0.219	-0.073	1.115	120.2
602	0.221	-0.074	1.127	120.4
603	0.221	-0.070	1.114	120.6
604	0.219	-0.072	1.115	120.8
605	0.221	-0.068	1.112	121.0
606	0.220	-0.072	1.123	121.2
607	0.222	-0.072	1.133	121.4
608	0.220	-0.071	1.123	121.6
609	0.218	-0.069	1.113	121.8
610	0.221	-0.071	1.125	122.0
611	0.221	-0.070	1.127	122.2
612	0.220	-0.071	1.125	122.4
613	0.220	-0.070	1.119	122.6
614	0.220	-0.070	1.105	122.8
615	0.221	-0.072	1.114	123.0
616	0.221	-0.071	1.130	123.2
617	0.221	-0.072	1.110	123.4
618	0.217	-0.072	1.115	123.6
619	0.220	-0.072	1.110	123.8
620	0.221	-0.070	1.118	124.0
621	0.221	-0.071	1.118	124.2
622	0.222	-0.070	1.110	124.4
623	0.220	-0.068	1.113	124.6
624	0.220	-0.072	1.121	124.8
625	0.221	-0.071	1.111	125.0
626	0.221	-0.070	1.117	125.2
627	0.219	-0.071	1.122	125.4
628	0.219	-0.068	1.116	125.6
629	0.221	-0.069	1.119	125.8
630	0.220	-0.070	1.122	126.0
631	0.221	-0.068	1.111	126.2
632	0.221	-0.068	1.117	126.4
633	0.221	-0.067	1.109	126.6
634	0.219	-0.072	1.109	126.8
635	0.221	-0.069	1.102	127.0
636	0.221	-0.067	1.116	127.2
637	0.217	-0.070	1.123	127.4
638	0.219	-0.069	1.116	127.6
639	0.221	-0.070	1.103	127.8
640	0.219	-0.069	1.107	128.0
641	0.221	-0.069	1.114	128.2
642	0.222	-0.068	1.118	128.4
643	0.220	-0.069	1.104	128.6
644	0.220	-0.071	1.102	128.8
645	0.224	-0.070	1.119	129.0
646	0.222	-0.070	1.109	129.2
647	0.222	-0.068	1.116	129.4
648	0.221	-0.069	1.107	129.6
649	0.222	-0.070	1.109	129.8
650	0.221	-0.069	1.116	130.0
651	0.221	-0.067	1.109	130.2
652	0.222	-0.065	1.115	130.4
653	0.221	-0.068	1.104	130.6
654	0.221	-0.071	1.116	130.8
655	0.222	-0.071	1.115	131.0
656	0.221	-0.070	1.115	131.2
657	0.220	-0.068	1.104	131.4
658	0.222	-0.069	1.105	131.6
659	0.223	-0.069	1.122	131.8
660	0.222	-0.070	1.122	132.0
661	0.223	-0.069	1.103	132.2
662	0.221	-0.067	1.110	132.4
663	0.221	-0.068	1.121	132.6
664	0.222	-0.071	1.118	132.8
665	0.223	-0.071	1.111	133.0
666	0.222	-0.067	1.118	133.2
667	0.224	-0.070	1.116	133.4
668	0.223	-0.070	1.117	133.6
669	0.223	-0.070	1.122	133.8
670	0.222	-0.070	1.106	134.0
671	0.222	-0.067	1.109	134.2
672	0.222	-0.068	1.125	134.4
673	0.224	-0.067	1.113	134.6
674	0.226	-0.066	1.123	134.8
675	0.222	-0.068	1.116	135.0
676	0.219	-0.068	1.121	135.2
677	0.224	-0.068	1.121	135.4
678	0.224	-0.070	1.129	135.6
679	0.222	-0.072	1.121	135.8
680	0.225	-0.071	1.114	136.0
681	0.223	-0.066	1.121	136.2
682	0.223	-0.069	1.106	136.4
683	0.225	-0.068	1.122	136.6
684	0.223	-0.070	1.115	136.8
685	0.223	-0.068	1.097	137.0
686	0.224	-0.067	1.115	137.2
687	0.223	-0.069	1.108	137.4
688	0.224	-0.072	1.109	137.6
689	0.223	-0.072	1.119	137.8
690	0.223	-0.070	1.119	138.0
691	0.223	-0.070	1.119	138.2
692	0.224	-0.071	1.109	138.4
693	0.225	-0.071	1.121	138.6
694	0.224	-0.070	1.129	138.8
695	0.223	-0.067	1.112	139.0
696	0.223	-0.067	1.116	139.2
697	0.223	-0.070	1.116	139.4
698	0.226	-0.069	1.107	139.6
699	0.228	-0.067	1.123	139.8
700	0.224	-0.068	1.118	140.0
701	0.222	-0.070	1.115	140.2
702	0.225	-0.071	1.118	140.4
703	0.224	-0.069	1.122	140.6
704	0.224	-0.069	1.122	140.8
705	0.223	-0.069	1.111	141.0
706	0.223	-0.068	1.132	141.2
707	0.224	-0.070	1.123	141.4
708	0.224	-0.069	1.113	141.6
709	0.225	-0.070	1.122	141.8
710	0.224	-0.070	1.124	142.0
711	0.223	-0.070	1.128	142.2
712	0.224	-0.072	1.126	142.4
713	0.224	-0.073	1.113	142.6
714	0.225	-0.069	1.111	142.8
715	0.225	-0.070	1.127	143.0
716	0.224	-0.072	1.125	143.2
717	0.226	-0.072	1.113	143.4
718	0.225	-0.072	1.107	143.6
719	0.223	-0.072	1.113	143.8
720	0.224	-0.069	1.127	144.0
721	0.226	-0.070	1.118	144.2
722	0.224	-0.071	1.116	144.4
723	0.224	-0.070	1.114	144.6
724	0.225	-0.067	1.113	144.8
725	0.225	-0.068	1.125	145.0
726	0.223	-0.068	1.128	145.2
727	0.225	-0.073	1.113	145.4
728	0.224	-0.069	1.119	145.6
729	0.225	-0.069	1.117	145.8
730	0.225	-0.072	1.120	146.0
731	0.226	-0.071	1.123	146.2
732	0.224	-0.070	1.125	146.4
733	0.224	-0.069	1.113	146.6
734	0.223	-0.069	1.103	146.8
735	0.222	-0.067	1.111	147.0
736	0.221	-0.068	1.103	147.2
737	0.225	-0.069	1.116	147.4
738	0.222	-0.067	1.110	147.6
739	0.224	-0.068	1.105	147.8
740	0.222	-0.070	1.123	148.0
741	0.224	-0.070	1.127	148.2
742	0.223	-0.068	1.116	148.4
743	0.224	-0.067	1.116	148.6
744	0.224	-0.066	1.113	148.8
745	0.221	-0.068	1.115	149.0
746	0.224	-0.069	1.132	149.2
747	0.226	-0.067	1.111	149.4
748	0.223	-0.067	1.097	149.6
749	0.226	-0.067	1.110	149.8
750	0.224	-0.068	1.121	150.0
751	0.224	-0.068	1.122	150.2
752	0.223	-0.069	1.114	150.4
753	0.220	-0.069	1.115	150.6
754	0.224	-0.068	1.115	150.8
755	0.224	-0.067	1.116	151.0
756	0.224	-0.070	1.103	151.2
757	0.222	-0.068	1.105	151.4
758	0.223	-0.066	1.114	151.6
759	0.224	-0.066	1.125	151.8
760	0.222	-0.069	1.121	152.0
761	0.225	-0.071	1.111	152.2
762	0.223	-0.068	1.118	152.4
763	0.225	-0.069	1.119	152.6
764	0.222	-0.071	1.107	152.8
765	0.225	-0.071	1.106	153.0
766	0.223	-0.072	1.110	153.2
767	0.225	-0.070	1.105	153.4
768	0.224	-0.068	1.111	153.6
769	0.225	-0.070	1.117	153.8
770	0.223	-0.071	1.108	154.0
771	0.225	-0.071	1.108	154.2
772	0.223	-0.070	1.131	154.4
773	0.223	-0.069	1.127	154.6
774	0.225	-0.069	1.107	154.8
775	0.224	-0.072	1.107	155.0
776	0.223	-0.070	1.112	155.2
777	0.223	-0.067	1.119	155.4
778	0.223	-0.067	1.110	155.6
779	0.223	-0.069	1.119	155.8
780	0.224	-0.071	1.111	156.0
781	0.224	-0.069	1.109	156.2
782	0.225	-0.066	1.108	156.4
783	0.224	-0.067	1.108	156.6
784	0.224	-0.070	1.104	156.8
785	0.223	-0.068	1.116	157.0
786	0.223	-0.067	1.122	157.2
787	0.223	-0.067	1.107	157.4
788	0.224	-0.070	1.113	157.6
789	0.223	-0.067	1.119	157.8
790	0.224	-0.069	1.115	158.0
791	0.222	-0.070	1.109	158.2
792	0.225	-0.065	1.111	158.4
793	0.224	-0.067	1.115	158.6
794	0.224	-0.069	1.115	158.8
795	0.224	-0.072	1.111	159.0
796	0.222	-0.067	1.118	159.2
797	0.222	-0.066	1.119	159.4
798	0.224	-0.070	1.134	159.6
799	0.221	-0.071	1.122	159.8
800	0.222	-0.071	1.104	160.0
801	0.222	-0.069	1.103	160.2
802	0.222	-0.066	1.113	160.4
803	0.223	-0.068	1.121	160.6
804	0.224	-0.070	1.122	160.8
805	0.222	-0.070	1.113	161.0
806	0.222	-0.067	1.116	161.2
807	0.223	-0.064	1.115	161.4
808	0.222	-0.069	1.121	161.6
809	0.222	-0.069	1.136	161.8
810	0.221	-0.068	1.120	162.0
811	0.222	-0.065	1.110	162.2
812	0.222	-0.067	1.111	162.4
813	0.221	-0.066	1.111	162.6
814	0.224	-0.068	1.107	162.8
815	0.220	-0.064	1.108	163.0
816	0.220	-0.066	1.106	163.2
817	0.221	-0.067	1.110	163.4
818	0.224	-0.068	1.109	163.6
819	0.221	-0.066	1.111	163.8
820	0.222	-0.066	1.120	164.0
821	0.221	-0.065	1.121	164.2
822	0.221	-0.066	1.113	164.4
823	0.221	-0.066	1.115	164.6
824	0.221	-0.068	1.108	164.8
825	0.219	-0.064	1.111	165.0
826	0.220	-0.068	1.114	165.2
827	0.221	-0.065	1.105	165.4
828	0.220	-0.068	1.111	165.6
829	0.220	-0.066	1.128	165.8
830	0.220	-0.065	1.115	166.0
831	0.218	-0.066	1.115	166.2
832	0.221	-0.069	1.103	166.4
833	0.223	-0.067	1.123	166.6
834	0.220	-0.066	1.121	166.8
835	0.221	-0.063	1.108	167.0
836	0.221	-0.064	1.108	167.2
837	0.219	-0.066	1.119	167.4
838	0.222	-0.067	1.114	167.6
839	0.220	-0.067	1.118	167.8
840	0.222	-0.062	1.121	168.0
841	0.222	-0.065	1.113	168.2
842	0.222	-0.068	1.119	168.4
843	0.221	-0.069	1.118	168.6
844	0.221	-0.064	1.119	168.8
845	0.222	-0.065	1.105	169.0
846	0.222	-0.063	1.113	169.2
847	0.223	-0.066	1.109	169.4
848	0.221	-0.064	1.120	169.6
849	0.222	-0.066	1.125	169.8
850	0.222	-0.063	1.117	170.0
851	0.221	-0.064	1.113	170.2
852	0.223	-0.063	1.109	170.4
853	0.223	-0.065	1.113	170.6
854	0.223	-0.063	1.100	170.8
855	0.220	-0.064	1.107	171.0
856	0.221	-0.063	1.115	171.2
857	0.222	-0.064	1.121	171.4
858	0.222	-0.063	1.099	171.6
859	0.220	-0.065	1.116	171.8
860	0.223	-0.061	1.117	172.0
861	0.222	-0.064	1.112	172.2
862	0.224	-0.065	1.107	172.4
863	0.222	-0.066	1.106	172.6
864	0.222	-0.064	1.118	172.8
865	0.220	-0.064	1.116	173.0
866	0.222	-0.064	1.107	173.2
867	0.222	-0.065	1.109	173.4
868	0.223	-0.063	1.119	173.6
869	0.219	-0.063	1.125	173.8
870	0.223	-0.064	1.102	174.0
871	0.223	-0.064	1.109	174.2
872	0.222	-0.068	1.105	174.4
873	0.225	-0.064	1.112	174.6
874	0.224	-0.065	1.131	174.8
875	0.221	-0.066	1.109	175.0
876	0.223	-0.064	1.114	175.2
877	0.224	-0.067	1.120	175.4
878	0.224	-0.066	1.120	175.6
879	0.222	-0.065	1.109	175.8
880	0.222	-0.067	1.122	176.0
881	0.223	-0.067	1.110	176.2
882	0.221	-0.066	1.118	176.4
883	0.225	-0.065	1.119	176.6
884	0.221	-0.064	1.110	176.8
885	0.221	-0.066	1.110	177.0
886	0.222	-0.067	1.121	177.2
887	0.222	-0.064	1.111	177.4
888	0.223	-0.064	1.117	177.6
889	0.222	-0.064	1.120	177.8
890	0.221	-0.065	1.111	178.0
891	0.223	-0.065	1.110	178.2
892	0.221	-0.063	1.116	178.4
893	0.221	-0.060	1.113	178.6
894	0.222	-0.065	1.116	178.8
895	0.223	-0.066	1.125	179.0
896	0.222	-0.064	1.127	179.2
897	0.224	-0.064	1.105	179.4
898	0.222	-0.062	1.116	179.6
899	0.221	-0.062	1.115	179.8
900	0.223	-0.064	1.123	180.0
901	0.222	-0.066	1.122	180.2
902	0.225	-0.065	1.127	180.4
903	0.223	-0.064	1.117	180.6
904	0.224	-0.062	1.129	180.8
905	0.220	-0.066	1.125	181.0
906	0.225	-0.067	1.117	181.2
907	0.222	-0.063	1.111	181.4
908	0.222	-0.064	1.119	181.6
909	0.223	-0.065	1.113	181.8
910	0.223	-0.065	1.117	182.0
911	0.222	-0.066	1.109	182.2
912	0.225	-0.063	1.105	182.4
913	0.224	-0.062	1.126	182.6
914	0.224	-0.064	1.125	182.8
915	0.223	-0.065	1.115	183.0
916	0.224	-0.065	1.125	183.2
917	0.223	-0.062	1.131	183.4
918	0.223	-0.060	1.116	183.6
919	0.221	-0.062	1.116	183.8
920	0.223	-0.064	1.104	184.0
921	0.225	-0.063	1.113	184.2
922	0.223	-0.060	1.113	184.4
923	0.223	-0.063	1.117	184.6
924	0.223	-0.062	1.110	184.8
925	0.224	-0.063	1.112	185.0
926	0.224	-0.064	1.114	185.2
927	0.223	-0.062	1.121	185.4
928	0.222	-0.063	1.105	185.6
929	0.223	-0.064	1.119	185.8
930	0.224	-0.064	1.123	186.0
931	0.224	-0.060	1.111	186.2
932	0.225	-0.063	1.131	186.4
933	0.224	-0.063	1.114	186.6
934	0.224	-0.064	1.102	186.8
935	0.224	-0.064	1.114	187.0
936	0.224	-0.063	1.116	187.2
937	0.223	-0.063	1.111	187.4
938	0.223	-0.062	1.098	187.6
939	0.224	-0.064	1.117	187.8
940	0.225	-0.061	1.127	188.0
941	0.225	-0.061	1.120	188.2
942	0.224	-0.061	1.119	188.4
943	0.225	-0.060	1.123	188.6
944	0.226	-0.065	1.126	188.8
945	0.226	-0.062	1.122	189.0
946	0.225	-0.061	1.111	189.2
947	0.222	-0.062	1.118	189.4
948	0.224	-0.063	1.123	189.6
949	0.225	-0.064	1.122	189.8
950	0.224	-0.061	1.117	190.0
951	0.224	-0.061	1.111	190.2
952	0.223	-0.061	1.123	190.4
953	0.223	-0.061	1.121	190.6
954	0.224	-0.061	1.117	190.8
955	0.225	-0.060	1.125	191.0
956	0.225	-0.059	1.116	191.2
957	0.224	-0.059	1.120	191.4
958	0.222	-0.064	1.113	191.6
959	0.224	-0.064	1.110	191.8
960	0.225	-0.063	1.124	192.0
961	0.224	-0.061	1.126	192.2
962	0.223	-0.062	1.123	192.4
963	0.224	-0.065	1.109	192.6
964	0.225	-0.060	1.119	192.8
965	0.225	-0.059	1.123	193.0
966	0.225	-0.061	1.120	193.2
967	0.224	-0.061	1.123	193.4
968	0.224	-0.062	1.115	193.6
969	0.224	-0.062	1.119	193.8
970	0.223	-0.062	1.125	194.0
971	0.225	-0.061	1.109	194.2
972	0.225	-0.062	1.110	194.4
973	0.224	-0.061	1.135	194.6
974	0.223	-0.063	1.134	194.8
975	0.224	-0.064	1.121	195.0
976	0.224	-0.064	1.115	195.2
977	0.225	-0.064	1.128	195.4
978	0.224	-0.064	1.130	195.6
979	0.226	-0.060	1.136	195.8
980	0.225	-0.061	1.129	196.0
981	0.223	-0.061	1.124	196.2
982	0.225	-0.065	1.131	196.4
983	0.226	-0.063	1.127	196.6
984	0.223	-0.063	1.121	196.8
985	0.224	-0.063	1.113	197.0
986	0.225	-0.062	1.123	197.2
987	0.224	-0.065	1.127	197.4
988	0.224	-0.065	1.127	197.6
989	0.225	-0.062	1.107	197.8
990	0.224	-0.062	1.123	198.0
991	0.225	-0.062	1.132	198.2
992	0.223	-0.066	1.119	198.4
993	0.224	-0.064	1.120	198.6
994	0.224	-0.060	1.129	198.8
995	0.224	-0.062	1.129	199.0
996	0.224	-0.066	1.126	199.2
997	0.224	-0.066	1.133	199.4
998	0.221	-0.066	1.128	199.6
999	0.222	-0.066	1.124	199.8
1000	0.223	-0.067	1.131	200.0
1001	0.225	-0.066	1.125	200.2
1002	0.224	-0.066	1.121	200.4
1003	0.224	-0.062	1.121	200.6
1004	0.222	-0.065	1.114	200.8
1005	0.222	-0.067	1.121	201.0
1006	0.223	-0.066	1.121	201.2
1007	0.224	-0.067	1.115	201.4
1008	0.224	-0.064	1.125	201.6
1009	0.226	-0.065	1.137	201.8
1010	0.222	-0.065	1.130	202.0
1011	0.224	-0.066	1.135	202.2
1012	0.222	-0.069	1.124	202.4
1013	0.224	-0.066	1.125	202.6
1014	0.224	-0.066	1.128	202.8
1015	0.224	-0.066	1.132	203.0
1016	0.224	-0.067	1.114	203.2
1017	0.352	-0.116	1.511	203.4
1018	0.478	-0.146	1.494	203.6
1019	0.470	-0.139	1.524	203.8
1020	0.464	-0.138	1.520	204.0
1021	0.462	-0.142	1.524	204.2
1022	0.459	-0.139	1.510	204.4
1023	0.459	-0.137	1.500	204.6
1024	0.458	-0.137	1.508	204.8
1025	0.457	-0.138	1.502	205.0
1026	0.457	-0.138	1.504	205.2
1027	0.455	-0.138	1.499	205.4
1028	0.455	-0.134	1.483	205.6
1029	0.453	-0.136	1.492	205.8
1030	0.452	-0.137	1.496	206.0
1031	0.451	-0.136	1.500	206.2
1032	0.452	-0.133	1.491	206.4
1033	0.450	-0.132	1.486	206.6
1034	0.451	-0.133	1.481	206.8
1035	0.450	-0.134	1.493	207.0
1036	0.450	-0.135	1.485	207.2
1037	0.450	-0.132	1.485	207.4
1038	0.448	-0.131	1.478	207.6
1039	0.447	-0.130	1.483	207.8
1040	0.447	-0.132	1.488	208.0
1041	0.447	-0.129	1.484	208.2
1042	0.447	-0.132	1.477	208.4
1043	0.446	-0.130	1.485	208.6
1044	0.444	-0.132	1.470	208.8
1045	0.445	-0.130	1.483	209.0
1046	0.444	-0.130	1.485	209.2
1047	0.446	-0.129	1.477	209.4
1048	0.446	-0.129	1.475	209.6
1049	0.444	-0.131	1.482	209.8
1050	0.444	-0.130	1.484	210.0
1051	0.444	-0.129	1.471	210.2
1052	0.444	-0.127	1.471	210.4
1053	0.442	-0.125	1.471	210.6
1054	0.443	-0.127	1.472	210.8
1055	0.444	-0.128	1.468	211.0
1056	0.443	-0.128	1.472	211.2
1057	0.444	-0.126	1.469	211.4
1058	0.441	-0.122	1.477	211.6
1059	0.440	-0.130	1.479	211.8
1060	0.440	-0.128	1.467	212.0
1061	0.440	-0.127	1.484	212.2
1062	0.440	-0.124	1.478	212.4
1063	0.439	-0.124	1.467	212.6
1064	0.440	-0.127	1.463	212.8
1065	0.439	-0.126	1.471	213.0
1066	0.439	-0.125	1.459	213.2
1067	0.437	-0.126	1.472	213.4
1068	0.438	-0.126	1.469	213.6
1069	0.439	-0.126	1.462	213.8
1070	0.436	-0.127	1.475	214.0
1071	0.436	-0.125	1.472	214.2
1072	0.438	-0.126	1.474	214.4
1073	0.439	-0.125	1.459	214.6
1074	0.437	-0.126	1.467	214.8
1075	0.437	-0.124	1.477	215.0
1076	0.435	-0.122	1.469	215.2
1077	0.440	-0.124	1.461	215.4
1078	0.437	-0.129	1.462	215.6
1079	0.437	-0.127	1.467	215.8
1080	0.434	-0.126	1.471	216.0
1081	0.435	-0.125	1.462	216.2
1082	0.436	-0.127	1.460	216.4
1083	0.437	-0.127	1.476	216.6
1084	0.434	-0.126	1.466	216.8
1085	0.434	-0.125	1.467	217.0
1086	0.434	-0.124	1.463	217.2
1087	0.434	-0.123	1.468	217.4
1088	0.434	-0.125	1.476	217.6
1089	0.434	-0.126	1.457	217.8
1090	0.432	-0.122	1.451	218.0
1091	0.435	-0.124	1.461	218.2
1092	0.432	-0.126	1.462	218.4
1093	0.434	-0.126	1.454	218.6
1094	0.435	-0.127	1.449	218.8
1095	0.435	-0.124	1.457	219.0
1096	0.434	-0.122	1.469	219.2
1097	0.434	-0.127	1.459	219.4
1098	0.433	-0.124	1.452	219.6
1099	0.432	-0.124	1.458	219.8
1100	0.430	-0.123	1.462	220.0
1101	0.432	-0.124	1.457	220.2
1102	0.431	-0.124	1.454	220.4
1103	0.433	-0.126	1.455	220.6
1104	0.431	-0.125	1.457	220.8
1105	0.430	-0.125	1.455	221.0
1106	0.430	-0.125	1.460	221.2
1107	0.431	-0.126	1.450	221.4
1108	0.433	-0.126	1.453	221.6
1109	0.430	-0.124	1.465	221.8
1110	0.428	-0.124	1.465	222.0
1111	0.428	-0.126	1.453	222.2
1112	0.430	-0.123	1.451	222.4
1113	0.429	-0.124	1.453	222.6
1114	0.430	-0.121	1.455	222.8
1115	0.430	-0.122	1.454	223.0
1116	0.427	-0.124	1.455	223.2
1117	0.430	-0.123	1.446	223.4
1118	0.429	-0.123	1.464	223.6
1119	0.429	-0.124	1.463	223.8
1120	0.427	-0.123	1.451	224.0
1121	0.428	-0.124	1.445	224.2
1122	0.430	-0.125	1.467	224.4
1123	0.431	-0.126	1.447	224.6
1124	0.429	-0.127	1.451	224.8
1125	0.428	-0.129	1.459	225.0
1126	0.430	-0.128	1.447	225.2
1127	0.428	-0.126	1.451	225.4
1128	0.429	-0.126	1.444	225.6
1129	0.427	-0.127	1.446	225.8
1130	0.428	-0.127	1.448	226.0
1131	0.428	-0.128	1.441	226.2
1132	0.426	-0.127	1.465	226.4
1133	0.428	-0.125	1.442	226.6
1134	0.427	-0.127	1.459	226.8
1135	0.427	-0.127	1.465	227.0
1136	0.426	-0.128	1.454	227.2
1137	0.430	-0.124	1.458	227.4
1138	0.429	-0.123	1.466	227.6
1139	0.427	-0.122	1.458	227.8
1140	0.427	-0.126	1.449	228.0
1141	0.429	-0.127	1.456	228.2
1142	0.428	-0.125	1.443	228.4
1143	0.426	-0.126	1.460	228.6
1144	0.425	-0.126	1.450	228.8
1145	0.427	-0.125	1.446	229.0
1146	0.427	-0.126	1.453	229.2
1147	0.425	-0.126	1.458	229.4
1148	0.425	-0.127	1.447	229.6
1149	0.425	-0.125	1.458	229.8
1150	0.429	-0.124	1.441	230.0
1151	0.426	-0.126	1.460	230.2
1152	0.425	-0.127	1.459	230.4
1153	0.425	-0.127	1.446	230.6
1154	0.425	-0.124	1.440	230.8
1155	0.425	-0.126	1.443	231.0
1156	0.426	-0.127	1.450	231.2
1157	0.424	-0.126	1.443	231.4
1158	0.424	-0.127	1.435	231.6
1159	0.424	-0.127	1.431	231.8
1160	0.425	-0.125	1.442	232.0
1161	0.425	-0.127	1.463	232.2
1162	0.426	-0.125	1.455	232.4
1163	0.424	-0.125	1.439	232.6
1164	0.425	-0.126	1.446	232.8
1165	0.425	-0.128	1.453	233.0
1166	0.425	-0.126	1.442	233.2
1167	0.424	-0.127	1.444	233.4
1168	0.424	-0.126	1.443	233.6
1169	0.426	-0.126	1.445	233.8
1170	0.428	-0.124	1.456	234.0
1171	0.429	-0.125	1.440	234.2
1172	0.426	-0.127	1.448	234.4
1173	0.426	-0.125	1.445	234.6
1174	0.425	-0.128	1.452	234.8
1175	0.427	-0.129	1.447	235.0
1176	0.426	-0.125	1.438	235.2
1177	0.427	-0.123	1.438	235.4
1178	0.427	-0.123	1.450	235.6
1179	0.423	-0.125	1.443	235.8
1180	0.426	-0.124	1.447	236.0
1181	0.425	-0.125	1.434	236.2
1182	0.426	-0.126	1.446	236.4
1183	0.424	-0.124	1.437	236.6
1184	0.425	-0.126	1.435	236.8
1185	0.425	-0.123	1.434	237.0
1186	0.426	-0.123	1.439	237.2
1187	0.424	-0.124	1.446	237.4
1188	0.424	-0.125	1.443	237.6
1189	0.424	-0.129	1.438	237.8
1190	0.424	-0.126	1.433	238.0
1191	0.426	-0.124	1.432	238.2
1192	0.424	-0.122	1.443	238.4
1193	0.425	-0.122	1.436	238.6
1194	0.424	-0.124	1.431	238.8
1195	0.426	-0.125	1.433	239.0
1196	0.425	-0.126	1.437	239.2
1197	0.423	-0.124	1.437	239.4
1198	0.426	-0.127	1.435	239.6
1199	0.424	-0.128	1.443	239.8
1200	0.426	-0.127	1.452	240.0
1201	0.423	-0.125	1.441	240.2
1202	0.423	-0.124	1.442	240.4
1203	0.423	-0.123	1.438	240.6
1204	0.423	-0.125	1.451	240.8
1205	0.422	-0.125	1.435	241.0
1206	0.423	-0.123	1.437	241.2
1207	0.424	-0.124	1.433	241.4
1208	0.422	-0.126	1.435	241.6
1209	0.423	-0.126	1.441	241.8
1210	0.423	-0.125	1.440	242.0
1211	0.422	-0.121	1.444	242.2
1212	0.424	-0.123	1.433	242.4
1213	0.422	-0.125	1.447	242.6
1214	0.424	-0.123	1.456	242.8
1215	0.421	-0.121	1.437	243.0
1216	0.423	-0.123	1.437	243.2
1217	0.425	-0.124	1.444	243.4
1218	0.425	-0.126	1.441	243.6
1219	0.422	-0.126	1.441	243.8
1220	0.422	-0.125	1.449	244.0
1221	0.423	-0.122	1.441	244.2
1222	0.425	-0.124	1.443	244.4
1223	0.422	-0.121	1.442	244.6
1224	0.423	-0.124	1.435	244.8
1225	0.425	-0.122	1.446	245.0
1226	0.422	-0.125	1.442	245.2
1227	0.423	-0.124	1.449	245.4
1228	0.423	-0.125	1.444	245.6
1229	0.424	-0.125	1.436	245.8
1230	0.422	-0.125	1.444	246.0
1231	0.425	-0.123	1.441	246.2
1232	0.422	-0.125	1.430	246.4
1233	0.423	-0.126	1.433	246.6
1234	0.421	-0.127	1.447	246.8
1235	0.422	-0.122	1.444	247.0
1236	0.423	-0.124	1.438	247.2
1237	0.423	-0.123	1.442	247.4
1238	0.422	-0.126	1.442	247.6
1239	0.422	-0.125	1.441	247.8
1240	0.421	-0.128	1.438	248.0
1241	0.420	-0.126	1.428	248.2
1242	0.421	-0.128	1.429	248.4
1243	0.420	-0.127	1.446	248.6
1244	0.421	-0.127	1.445	248.8
1245	0.420	-0.129	1.428	249.0
1246	0.419	-0.126	1.441	249.2
1247	0.422	-0.128	1.435	249.4
1248	0.421	-0.127	1.443	249.6
1249	0.423	-0.125	1.441	249.8
1250	0.421	-0.126	1.437	250.0
1251	0.419	-0.125	1.439	250.2
1252	0.418	-0.128	1.441	250.4
1253	0.420	-0.126	1.434	250.6
1254	0.420	-0.126	1.439	250.8
1255	0.419	-0.125	1.431	251.0
1256	0.418	-0.124	1.440	251.2
1257	0.416	-0.127	1.437	251.4
1258	0.416	-0.127	1.432	251.6
1259	0.416	-0.126	1.450	251.8
1260	0.417	-0.126	1.444	252.0
1261	0.419	-0.128	1.438	252.2
1262	0.417	-0.125	1.443	252.4
1263	0.416	-0.126	1.446	252.6
1264	0.416	-0.124	1.443	252.8
1265	0.416	-0.126	1.450	253.0
1266	0.414	-0.126	1.434	253.2
1267	0.416	-0.129	1.439	253.4
1268	0.416	-0.128	1.429	253.6
1269	0.417	-0.128	1.444	253.8
1270	0.417	-0.126	1.446	254.0
1271	0.414	-0.128	1.431	254.2
1272	0.417	-0.128	1.443	254.4
1273	0.419	-0.126	1.436	254.6
1274	0.419	-0.126	1.431	254.8
1275	0.416	-0.125	1.433	255.0
1276	0.416	-0.126	1.442	255.2
1277	0.418	-0.123	1.428	255.4
1278	0.416	-0.124	1.432	255.6
1279	0.417	-0.123	1.427	255.8
1280	0.417	-0.127	1.437	256.0
1281	0.418	-0.127	1.429	256.2
1282	0.419	-0.128	1.438	256.4
1283	0.416	-0.125	1.435	256.6
1284	0.416	-0.124	1.436	256.8
1285	0.419	-0.125	1.441	257.0
1286	0.417	-0.125	1.433	257.2
1287	0.418	-0.122	1.433	257.4
1288	0.418	-0.124	1.437	257.6
1289	0.416	-0.125	1.450	257.8
1290	0.417	-0.127	1.435	258.0
1291	0.418	-0.129	1.447	258.2
1292	0.417	-0.126	1.432	258.4
1293	0.417	-0.124	1.435	258.6
1294	0.418	-0.126	1.431	258.8
1295	0.418	-0.126	1.427	259.0
1296	0.420	-0.125	1.437	259.2
1297	0.418	-0.128	1.450	259.4
1298	0.416	-0.126	1.437	259.6
1299	0.416	-0.126	1.446	259.8
1300	0.417	-0.125	1.447	260.0
1301	0.419	-0.126	1.441	260.2
1302	0.416	-0.123	1.445	260.4
1303	0.417	-0.123	1.443	260.6
1304	0.417	-0.123	1.437	260.8
1305	0.418	-0.123	1.434	261.0
1306	0.418	-0.127	1.443	261.2
1307	0.417	-0.126	1.435	261.4
1308	0.416	-0.127	1.435	261.6
1309	0.416	-0.125	1.445	261.8
1310	0.417	-0.125	1.451	262.0
1311	0.417	-0.126	1.435	262.2
1312	0.416	-0.128	1.443	262.4
1313	0.415	-0.126	1.440	262.6
1314	0.417	-0.127	1.434	262.8
1315	0.417	-0.127	1.442	263.0
1316	0.415	-0.127	1.439	263.2
1317	0.416	-0.125	1.434	263.4
1318	0.416	-0.127	1.432	263.6
1319	0.415	-0.130	1.431	263.8
1320	0.416	-0.129	1.431	264.0
1321	0.418	-0.124	1.426	264.2
1322	0.415	-0.122	1.435	264.4
1323	0.413	-0.128	1.439	264.6
1324	0.409	-0.133	1.444	264.8
1325	0.417	-0.127	1.438	265.0
1326	0.419	-0.122	1.417	265.2
1327	0.417	-0.123	1.446	265.4
1328	0.414	-0.129	1.450	265.6
1329	0.416	-0.131	1.431	265.8
1330	0.419	-0.124	1.424	266.0
1331	0.418	-0.123	1.427	266.2
1332	0.414	-0.127	1.450	266.4
1333	0.413	-0.131	1.437	266.6
1334	0.418	-0.126	1.426	266.8
1335	0.421	-0.120	1.418	267.0
1336	0.415	-0.123	1.437	267.2
1337	0.412	-0.129	1.464	267.4
1338	0.415	-0.128	1.457	267.6
1339	0.419	-0.122	1.423	267.8
1340	0.418	-0.123	1.418	268.0
1341	0.416	-0.125	1.452	268.2
1342	0.413	-0.132	1.455	268.4
1343	0.413	-0.126	1.426	268.6
1344	0.418	-0.126	1.415	268.8
1345	0.416	-0.123	1.430	269.0
1346	0.413	-0.130	1.450	269.2
1347	0.412	-0.129	1.459	269.4
1348	0.417	-0.123	1.420	269.6
1349	0.416	-0.126	1.431	269.8
1350	0.414	-0.130	1.452	270.0
1351	0.411	-0.131	1.446	270.2
1352	0.412	-0.126	1.444	270.4
1353	0.416	-0.124	1.425	270.6
1354	0.416	-0.126	1.431	270.8
1355	0.411	-0.126	1.442	271.0
1356	0.412	-0.131	1.446	271.2
1357	0.416	-0.125	1.435	271.4
1358	0.415	-0.125	1.427	271.6
1359	0.411	-0.129	1.445	271.8
1360	0.412	-0.129	1.442	272.0
1361	0.415	-0.125	1.423	272.2
1362	0.416	-0.124	1.438	272.4
1363	0.413	-0.129	1.443	272.6
1364	0.412	-0.133	1.434	272.8
1365	0.414	-0.126	1.443	273.0
1366	0.416	-0.123	1.439	273.2
1367	0.415	-0.127	1.435	273.4
1368	0.412	-0.130	1.447	273.6
1369	0.413	-0.129	1.437	273.8
1370	0.414	-0.126	1.439	274.0
1371	0.415	-0.123	1.421	274.2
1372	0.415	-0.126	1.448	274.4
1373	0.413	-0.132	1.445	274.6
1374	0.413	-0.129	1.433	274.8
1375	0.413	-0.124	1.424	275.0
1376	0.416	-0.125	1.443	275.2
1377	0.413	-0.129	1.448	275.4
1378	0.413	-0.131	1.437	275.6
1379	0.414	-0.125	1.426	275.8
1380	0.414	-0.124	1.429	276.0
1381	0.412	-0.128	1.447	276.2
1382	0.410	-0.130	1.453	276.4
1383	0.411	-0.129	1.432	276.6
1384	0.413	-0.124	1.420	276.8
1385	0.412	-0.125	1.441	277.0
1386	0.413	-0.128	1.458	277.2
1387	0.411	-0.129	1.453	277.4
1388	0.412	-0.125	1.436	277.6
1389	0.415	-0.124	1.435	277.8
1390	0.414	-0.127	1.450	278.0
1391	0.411	-0.128	1.455	278.2
1392	0.412	-0.127	1.440	278.4
1393	0.412	-0.125	1.427	278.6
1394	0.413	-0.124	1.425	278.8
1395	0.411	-0.128	1.433	279.0
1396	0.411	-0.129	1.445	279.2
1397	0.411	-0.128	1.435	279.4
1398	0.412	-0.126	1.432	279.6
1399	0.412	-0.127	1.437	279.8
1400	0.411	-0.129	1.440	280.0
1401	0.413	-0.128	1.442	280.2
1402	0.414	-0.128	1.435	280.4
1403	0.411	-0.126	1.446	280.6
1404	0.409	-0.129	1.436	280.8
1405	0.410	-0.128	1.431	281.0
1406	0.413	-0.128	1.443	281.2
1407	0.411	-0.127	1.426	281.4
1408	0.413	-0.127	1.440	281.6
1409	0.410	-0.128	1.433	281.8
1410	0.411	-0.126	1.435	282.0
1411	0.411	-0.127	1.431	282.2
1412	0.410	-0.128	1.435	282.4
1413	0.409	-0.130	1.441	282.6
1414	0.409	-0.127	1.437	282.8
1415	0.410	-0.127	1.435	283.0
1416	0.410	-0.130	1.431	283.2
1417	0.412	-0.128	1.435	283.4
1418	0.410	-0.128	1.435	283.6
1419	0.408	-0.128	1.438	283.8
1420	0.410	-0.130	1.434	284.0
1421	0.412	-0.130	1.446	284.2
1422	0.410	-0.128	1.426	284.4
1423	0.410	-0.129	1.438	284.6
1424	0.410	-0.129	1.441	284.8
1425	0.411	-0.130	1.434	285.0
1426	0.412	-0.130	1.427	285.2
1427	0.410	-0.129	1.435	285.4
1428	0.408	-0.127	1.428	285.6
1429	0.410	-0.128	1.433	285.8
1430	0.412	-0.127	1.435	286.0
1431	0.409	-0.130	1.430	286.2
1432	0.410	-0.131	1.425	286.4
1433	0.409	-0.126	1.435	286.6
1434	0.409	-0.126	1.433	286.8
1435	0.411	-0.131	1.437	287.0
1436	0.409	-0.132	1.430	287.2
1437	0.410	-0.128	1.433	287.4
1438	0.408	-0.127	1.432	287.6
1439	0.411	-0.129	1.435	287.8
1440	0.412	-0.132	1.443	288.0
1441	0.409	-0.128	1.446	288.2
1442	0.411	-0.129	1.429	288.4
1443	0.410	-0.128	1.427	288.6
1444	0.411	-0.130	1.427	288.8
1445	0.408	-0.129	1.438	289.0
1446	0.410	-0.130	1.441	289.2
1447	0.408	-0.128	1.424	289.4
1448	0.411	-0.128	1.418	289.6
1449	0.410	-0.128	1.429	289.8
1450	0.410	-0.130	1.444	290.0
1451	0.410	-0.129	1.438	290.2
1452	0.408	-0.126	1.437	290.4
1453	0.407	-0.128	1.434	290.6
1454	0.407	-0.133	1.418	290.8
1455	0.410	-0.131	1.429	291.0
1456	0.408	-0.128	1.434	291.2
1457	0.411	-0.129	1.423	291.4
1458	0.407	-0.128	1.429	291.6
1459	0.408	-0.128	1.430	291.8
1460	0.408	-0.128	1.431	292.0
1461	0.409	-0.128	1.437	292.2
1462	0.411	-0.126	1.433	292.4
1463	0.407	-0.130	1.426	292.6
1464	0.408	-0.130	1.433	292.8
1465	0.406	-0.130	1.434	293.0
1466	0.408	-0.126	1.433	293.2
1467	0.408	-0.129	1.434	293.4
1468	0.409	-0.129	1.438	293.6
1469	0.408	-0.130	1.416	293.8
1470	0.408	-0.131	1.415	294.0
1471	0.409	-0.128	1.435	294.2
1472	0.407	-0.126	1.441	294.4
1473	0.405	-0.131	1.438	294.6
1474	0.406	-0.131	1.423	294.8
1475	0.411	-0.125	1.423	295.0
1476	0.409	-0.129	1.431	295.2
1477	0.408	-0.128	1.434	295.4
1478	0.407	-0.132	1.431	295.6
1479	0.407	-0.131	1.431	295.8
1480	0.406	-0.131	1.433	296.0
1481	0.407	-0.129	1.427	296.2
1482	0.406	-0.130	1.425	296.4
1483	0.409	-0.130	1.434	296.6
1484	0.407	-0.131	1.441	296.8
1485	0.406	-0.131	1.437	297.0
1486	0.406	-0.129	1.417	297.2
1487	0.406	-0.130	1.426	297.4
1488	0.406	-0.132	1.423	297.6
1489	0.405	-0.133	1.441	297.8
1490	0.404	-0.129	1.430	298.0
1491	0.404	-0.127	1.430	298.2
1492	0.408	-0.131	1.419	298.4
1493	0.407	-0.129	1.436	298.6
1494	0.407	-0.131	1.431	298.8
1495	0.407	-0.130	1.436	299.0
1496	0.405	-0.129	1.425	299.2
1497	0.406	-0.131	1.441	299.4
1498	0.406	-0.132	1.434	299.6
1499	0.405	-0.131	1.438	299.8
1500	0.406	-0.128	1.425	300.0
1501	0.406	-0.130	1.426	300.2
1502	0.406	-0.130	1.426	300.4
1503	0.406	-0.131	1.424	300.6
1504	0.406	-0.129	1.416	300.8
1505	0.406	-0.131	1.439	301.0
1506	0.404	-0.128	1.441	301.2
1507	0.405	-0.132	1.437	301.4
1508	0.406	-0.133	1.429	301.6
1509	0.406	-0.132	1.426	301.8
1510	0.405	-0.129	1.433	302.0
1511	0.405	-0.131	1.431	302.2
1512	0.406	-0.131	1.426	302.4
1513	0.405	-0.131	1.419	302.6
1514	0.407	-0.132	1.436	302.8
1515	0.406	-0.130	1.431	303.0
1516	0.405	-0.130	1.422	303.2
1517	0.406	-0.130	1.421	303.4
1518	0.618	-0.199	1.804	303.6
1519	0.654	-0.201	1.826	303.8
1520	0.644	-0.196	1.821	304.0
1521	0.643	-0.198	1.823	304.2
1522	0.640	-0.198	1.800	304.4
1523	0.638	-0.194	1.802	304.6
1524	0.637	-0.195	1.798	304.8
1525	0.636	-0.194	1.812	305.0
1526	0.637	-0.193	1.808	305.2
1527	0.634	-0.195	1.786	305.4
1528	0.634	-0.191	1.786	305.6
1529	0.632	-0.188	1.787	305.8
1530	0.631	-0.191	1.802	306.0
1531	0.632	-0.189	1.798	306.2
1532	0.628	-0.192	1.783	306.4
1533	0.626	-0.188	1.767	306.6
1534	0.623	-0.183	1.787	306.8
1535	0.619	-0.185	1.788	307.0
1536	0.618	-0.187	1.791	307.2
1537	0.615	-0.185	1.778	307.4
1538	0.615	-0.186	1.760	307.6
1539	0.614	-0.184	1.765	307.8
1540	0.616	-0.185	1.758	308.0
1541	0.612	-0.185	1.765	308.2
1542	0.612	-0.187	1.762	308.4
1543	0.611	-0.185	1.758	308.6
1544	0.612	-0.184	1.742	308.8
1545	0.611	-0.184	1.766	309.0
1546	0.608	-0.185	1.764	309.2
1547	0.612	-0.187	1.753	309.4
1548	0.610	-0.186	1.745	309.6
1549	0.608	-0.186	1.747	309.8
1550	0.608	-0.186	1.774	310.0
1551	0.608	-0.186	1.768	310.2
1552	0.609	-0.187	1.751	310.4
1553	0.609	-0.185	1.747	310.6
1554	0.609	-0.183	1.751	310.8
1555	0.607	-0.185	1.760	311.0
1556	0.608	-0.188	1.752	311.2
1557	0.608	-0.185	1.753	311.4
1558	0.610	-0.183	1.754	311.6
1559	0.606	-0.186	1.754	311.8
1560	0.605	-0.186	1.751	312.0
1561	0.606	-0.186	1.759	312.2
1562	0.606	-0.187	1.764	312.4
1563	0.606	-0.186	1.762	312.6
1564	0.605	-0.185	1.757	312.8
1565	0.603	-0.189	1.750	313.0
1566	0.605	-0.188	1.755	313.2
1567	0.603	-0.185	1.752	313.4
1568	0.602	-0.188	1.759	313.6
1569	0.602	-0.187	1.746	313.8
1570	0.601	-0.187	1.747	314.0
1571	0.600	-0.189	1.759	314.2
1572	0.603	-0.186	1.760	314.4
1573	0.600	-0.184	1.762	314.6
1574	0.599	-0.186	1.756	314.8
1575	0.598	-0.189	1.763	315.0
1576	0.599	-0.187	1.755	315.2
1577	0.597	-0.186	1.754	315.4
1578	0.598	-0.185	1.744	315.6
1579	0.598	-0.186	1.752	315.8
1580	0.600	-0.186	1.747	316.0
1581	0.597	-0.185	1.758	316.2
1582	0.598	-0.184	1.738	316.4
1583	0.596	-0.185	1.742	316.6
1584	0.596	-0.182	1.741	316.8
1585	0.595	-0.187	1.751	317.0
1586	0.597	-0.187	1.756	317.2
1587	0.597	-0.185	1.756	317.4
1588	0.595	-0.186	1.758	317.6
1589	0.596	-0.187	1.739	317.8
1590	0.595	-0.190	1.742	318.0
1591	0.597	-0.187	1.749	318.2
1592	0.596	-0.187	1.746	318.4
1593	0.596	-0.186	1.755	318.6
1594	0.596	-0.189	1.750	318.8
1595	0.598	-0.190	1.745	319.0
1596	0.598	-0.187	1.749	319.2
1597	0.597	-0.188	1.750	319.4
1598	0.596	-0.190	1.747	319.6
1599	0.596	-0.188	1.753	319.8
1600	0.597	-0.190	1.734	320.0
1601	0.597	-0.189	1.739	320.2
1602	0.594	-0.190	1.744	320.4
1603	0.595	-0.189	1.744	320.6
1604	0.595	-0.188	1.754	320.8
1605	0.595	-0.191	1.743	321.0
1606	0.596	-0.188	1.747	321.2
1607	0.594	-0.187	1.747	321.4
1608	0.594	-0.190	1.745	321.6
1609	0.595	-0.192	1.734	321.8
1610	0.594	-0.191	1.750	322.0
1611	0.595	-0.187	1.755	322.2
1612	0.594	-0.189	1.757	322.4
1613	0.593	-0.193	1.746	322.6
1614	0.594	-0.191	1.734	322.8
1615	0.594	-0.189	1.750	323.0
1616	0.594	-0.191	1.738	323.2
1617	0.591	-0.189	1.740	323.4
1618	0.592	-0.190	1.746	323.6
1619	0.594	-0.190	1.743	323.8
1620	0.593	-0.190	1.747	324.0
1621	0.590	-0.186	1.734	324.2
1622	0.592	-0.191	1.746	324.4
1623	0.592	-0.191	1.744	324.6
1624	0.591	-0.193	1.754	324.8
1625	0.590	-0.190	1.740	325.0
1626	0.590	-0.190	1.740	325.2
1627	0.591	-0.191	1.734	325.4
1628	0.591	-0.191	1.748	325.6
1629	0.591	-0.191	1.742	325.8
1630	0.590	-0.191	1.733	326.0
1631	0.589	-0.189	1.742	326.2
1632	0.590	-0.190	1.738	326.4
1633	0.590	-0.193	1.748	326.6
1634	0.590	-0.191	1.738	326.8
1635	0.590	-0.188	1.734	327.0
1636	0.590	-0.189	1.731	327.2
1637	0.589	-0.190	1.740	327.4
1638	0.589	-0.189	1.739	327.6
1639	0.587	-0.191	1.744	327.8
1640	0.590	-0.190	1.736	328.0
1641	0.590	-0.190	1.742	328.2
1642	0.590	-0.189	1.735	328.4
1643	0.589	-0.191	1.741	328.6
1644	0.588	-0.191	1.736	328.8
1645	0.591	-0.186	1.734	329.0
1646	0.587	-0.189	1.744	329.2
1647	0.588	-0.191	1.736	329.4
1648	0.591	-0.190	1.742	329.6
1649	0.589	-0.190	1.732	329.8
1650	0.589	-0.190	1.742	330.0
1651	0.589	-0.190	1.738	330.2
1652	0.589	-0.189	1.731	330.4
1653	0.590	-0.191	1.737	330.6
1654	0.591	-0.189	1.738	330.8
1655	0.588	-0.189	1.737	331.0
1656	0.587	-0.189	1.740	331.2
1657	0.588	-0.190	1.737	331.4
1658	0.590	-0.191	1.723	331.6
1659	0.588	-0.189	1.756	331.8
1660	0.588	-0.189	1.741	332.0
1661	0.587	-0.190	1.742	332.2
1662	0.588	-0.189	1.727	332.4
1663	0.588	-0.187	1.736	332.6
1664	0.586	-0.189	1.742	332.8
1665	0.586	-0.188	1.737	333.0
1666	0.586	-0.190	1.748	333.2
1667	0.588	-0.190	1.738	333.4
1668	0.586	-0.192	1.734	333.6
1669	0.586	-0.189	1.741	333.8
1670	0.587	-0.188	1.737	334.0
1671	0.586	-0.193	1.750	334.2
1672	0.586	-0.193	1.739	334.4
1673	0.587	-0.192	1.739	334.6
1674	0.585	-0.192	1.734	334.8
1675	0.584	-0.192	1.749	335.0
1676	0.585	-0.192	1.749	335.2
1677	0.583	-0.191	1.734	335.4
1678	0.582	-0.193	1.732	335.6
1679	0.584	-0.190	1.728	335.8
1680	0.583	-0.190	1.758	336.0
1681	0.583	-0.191	1.744	336.2
1682	0.583	-0.194	1.732	336.4
1683	0.584	-0.190	1.734	336.6
1684	0.581	-0.191	1.733	336.8
1685	0.581	-0.193	1.752	337.0
1686	0.581	-0.192	1.743	337.2
1687	0.581	-0.191	1.725	337.4
1688	0.582	-0.192	1.722	337.6
1689	0.582	-0.191	1.734	337.8
1690	0.579	-0.193	1.738	338.0
1691	0.581	-0.194	1.725	338.2
1692	0.581	-0.192	1.724	338.4
1693	0.583	-0.191	1.728	338.6
1694	0.581	-0.192	1.742	338.8
1695	0.581	-0.192	1.739	339.0
1696	0.580	-0.192	1.743	339.2
1697	0.580	-0.192	1.730	339.4
1698	0.579	-0.189	1.735	339.6
1699	0.582	-0.189	1.730	339.8
1700	0.580	-0.194	1.741	340.0
1701	0.580	-0.193	1.735	340.2
1702	0.583	-0.192	1.737	340.4
1703	0.579	-0.190	1.723	340.6
1704	0.580	-0.190	1.732	340.8
1705	0.581	-0.192	1.721	341.0
1706	0.583	-0.191	1.735	341.2
1707	0.582	-0.190	1.737	341.4
1708	0.580	-0.190	1.738	341.6
1709	0.578	-0.192	1.738	341.8
1710	0.580	-0.191	1.722	342.0
1711	0.580	-0.192	1.729	342.2
1712	0.579	-0.191	1.726	342.4
1713	0.578	-0.189	1.734	342.6
1714	0.579	-0.193	1.734	342.8
1715	0.579	-0.193	1.738	343.0
1716	0.579	-0.192	1.736	343.2
1717	0.580	-0.191	1.729	343.4
1718	0.579	-0.190	1.728	343.6
1719	0.580	-0.188	1.736	343.8
1720	0.580	-0.192	1.725	344.0
1721	0.579	-0.190	1.729	344.2
1722	0.578	-0.190	1.721	344.4
1723	0.579	-0.190	1.728	344.6
1724	0.579	-0.192	1.725	344.8
1725	0.579	-0.191	1.734	345.0
1726	0.581	-0.191	1.725	345.2
1727	0.579	-0.187	1.706	345.4
1728	0.580	-0.186	1.732	345.6
1729	0.581	-0.190	1.739	345.8
1730	0.582	-0.192	1.728	346.0
1731	0.580	-0.188	1.727	346.2
1732	0.579	-0.188	1.737	346.4
1733	0.579	-0.189	1.736	346.6
1734	0.580	-0.192	1.736	346.8
1735	0.579	-0.191	1.738	347.0
1736	0.580	-0.189	1.728	347.2
1737	0.581	-0.189	1.726	347.4
1738	0.581	-0.187	1.719	347.6
1739	0.581	-0.190	1.724	347.8
1740	0.579	-0.190	1.725	348.0
1741	0.580	-0.187	1.725	348.2
1742	0.578	-0.188	1.732	348.4
1743	0.580	-0.189	1.725	348.6
1744	0.581	-0.191	1.720	348.8
1745	0.580	-0.190	1.731	349.0
1746	0.579	-0.187	1.732	349.2
1747	0.582	-0.188	1.730	349.4
1748	0.581	-0.191	1.726	349.6
1749	0.581	-0.190	1.730	349.8
1750	0.579	-0.190	1.726	350.0
1751	0.579	-0.187	1.727	350.2
1752	0.581	-0.187	1.719	350.4
1753	0.580	-0.189	1.727	350.6
1754	0.582	-0.189	1.730	350.8
1755	0.581	-0.190	1.738	351.0
1756	0.579	-0.192	1.715	351.2
1757	0.580	-0.186	1.712	351.4
1758	0.582	-0.191	1.730	351.6
1759	0.581	-0.193	1.721	351.8
1760	0.578	-0.191	1.724	352.0
1761	0.580	-0.189	1.737	352.2
1762	0.581	-0.188	1.708	352.4
1763	0.580	-0.190	1.720	352.6
1764	0.581	-0.192	1.740	352.8
1765	0.581	-0.191	1.725	353.0
1766	0.580	-0.188	1.730	353.2
1767	0.579	-0.190	1.740	353.4
1768	0.579	-0.191	1.732	353.6
1769	0.581	-0.189	1.732	353.8
1770	0.580	-0.192	1.739	354.0
1771	0.580	-0.190	1.724	354.2
1772	0.578	-0.191	1.737	354.4
1773	0.581	-0.195	1.724	354.6
1774	0.580	-0.192	1.722	354.8
1775	0.579	-0.192	1.718	355.0
1776	0.580	-0.193	1.721	355.2
1777	0.579	-0.190	1.728	355.4
1778	0.578	-0.192	1.725	355.6
1779	0.577	-0.192	1.720	355.8
1780	0.579	-0.191	1.727	356.0
1781	0.580	-0.192	1.730	356.2
1782	0.581	-0.190	1.725	356.4
1783	0.579	-0.192	1.722	356.6
1784	0.580	-0.193	1.723	356.8
1785	0.577	-0.190	1.724	357.0
1786	0.580	-0.191	1.708	357.2
1787	0.580	-0.192	1.725	357.4
1788	0.579	-0.193	1.722	357.6
1789	0.578	-0.194	1.722	357.8
1790	0.580	-0.194	1.724	358.0
1791	0.579	-0.191	1.716	358.2
1792	0.577	-0.193	1.711	358.4
1793	0.579	-0.196	1.725	358.6
1794	0.578	-0.196	1.722	358.8
1795	0.577	-0.192	1.713	359.0
1796	0.578	-0.192	1.716	359.2
1797	0.578	-0.191	1.714	359.4
1798	0.579	-0.194	1.731	359.6
1799	0.575	-0.192	1.726	359.8
1800	0.580	-0.192	1.713	360.0
1801	0.579	-0.193	1.726	360.2
1802	0.578	-0.191	1.732	360.4
1803	0.579	-0.192	1.730	360.6
1804	0.578	-0.191	1.724	360.8
1805	0.579	-0.191	1.724	361.0
1806	0.577	-0.191	1.736	361.2
1807	0.577	-0.192	1.728	361.4
1808	0.578	-0.193	1.713	361.6
1809	0.579	-0.189	1.717	361.8
1810	0.577	-0.193	1.719	362.0
1811	0.575	-0.188	1.724	362.2
1812	0.577	-0.192	1.718	362.4
1813	0.577	-0.192	1.717	362.6
1814	0.574	-0.190	1.715	362.8
1815	0.575	-0.192	1.725	363.0
1816	0.575	-0.191	1.729	363.2
1817	0.577	-0.190	1.718	363.4
1818	0.576	-0.194	1.725	363.6
1819	0.576	-0.189	1.717	363.8
1820	0.575	-0.192	1.722	364.0
1821	0.576	-0.192	1.722	364.2
1822	0.576	-0.191	1.723	364.4
1823	0.575	-0.191	1.720	364.6
1824	0.576	-0.190	1.712	364.8
1825	0.575	-0.191	1.711	365.0
1826	0.574	-0.191	1.716	365.2
1827	0.576	-0.193	1.726	365.4
1828	0.575	-0.189	1.725	365.6
1829	0.574	-0.192	1.719	365.8
1830	0.574	-0.190	1.720	366.0
1831	0.576	-0.192	1.725	366.2
1832	0.574	-0.192	1.721	366.4
1833	0.572	-0.189	1.726	366.6
1834	0.572	-0.190	1.718	366.8
1835	0.574	-0.191	1.721	367.0
1836	0.575	-0.194	1.715	367.2
1837	0.573	-0.193	1.717	367.4
1838	0.573	-0.190	1.703	367.6
1839	0.573	-0.191	1.722	367.8
1840	0.571	-0.193	1.715	368.0
1841	0.574	-0.194	1.724	368.2
1842	0.571	-0.191	1.718	368.4
1843	0.573	-0.192	1.722	368.6
1844	0.574	-0.191	1.727	368.8
1845	0.572	-0.194	1.722	369.0
1846	0.572	-0.193	1.726	369.2
1847	0.571	-0.195	1.717	369.4
1848	0.571	-0.195	1.722	369.6
1849	0.573	-0.192	1.709	369.8
1850	0.571	-0.192	1.721	370.0
1851	0.575	-0.194	1.711	370.2
1852	0.572	-0.196	1.718	370.4
1853	0.572	-0.193	1.723	370.6
1854	0.571	-0.194	1.727	370.8
1855	0.572	-0.193	1.717	371.0
1856	0.573	-0.196	1.711	371.2
1857	0.571	-0.191	1.722	371.4
1858	0.570	-0.191	1.722	371.6
1859	0.571	-0.191	1.720	371.8
1860	0.571	-0.192	1.705	372.0
1861	0.570	-0.192	1.707	372.2
1862	0.569	-0.192	1.714	372.4
1863	0.571	-0.191	1.732	372.6
1864	0.568	-0.191	1.714	372.8
1865	0.569	-0.193	1.701	373.0
1866	0.570	-0.192	1.711	373.2
1867	0.570	-0.191	1.734	373.4
1868	0.570	-0.189	1.724	373.6
1869	0.571	-0.192	1.721	373.8
1870	0.570	-0.190	1.718	374.0
1871	0.571	-0.192	1.720	374.2
1872	0.570	-0.190	1.713	374.4
1873	0.570	-0.189	1.722	374.6
1874	0.570	-0.191	1.702	374.8
1875	0.572	-0.190	1.714	375.0
1876	0.570	-0.189	1.710	375.2
1877	0.569	-0.191	1.718	375.4
1878	0.569	-0.190	1.720	375.6
1879	0.572	-0.190	1.711	375.8
1880	0.571	-0.192	1.721	376.0
1881	0.572	-0.192	1.719	376.2
1882	0.570	-0.190	1.716	376.4
1883	0.570	-0.191	1.713	376.6
1884	0.571	-0.193	1.725	376.8
1885	0.570	-0.190	1.711	377.0
1886	0.570	-0.192	1.719	377.2
1887	0.571	-0.191	1.716	377.4
1888	0.572	-0.191	1.715	377.6
1889	0.571	-0.190	1.720	377.8
1890	0.570	-0.195	1.723	378.0
1891	0.571	-0.193	1.713	378.2
1892	0.572	-0.189	1.708	378.4
1893	0.571	-0.191	1.727	378.6
1894	0.571	-0.191	1.722	378.8
1895	0.571	-0.192	1.715	379.0
1896	0.570	-0.192	1.713	379.2
1897	0.572	-0.186	1.714	379.4
1898	0.570	-0.191	1.720	379.6
1899	0.570	-0.193	1.713	379.8
1900	0.569	-0.195	1.723	380.0
1901	0.568	-0.191	1.716	380.2
1902	0.570	-0.190	1.720	380.4
1903	0.569	-0.192	1.712	380.6
1904	0.569	-0.195	1.722	380.8
1905	0.569	-0.190	1.716	381.0
1906	0.571	-0.191	1.711	381.2
1907	0.571	-0.190	1.709	381.4
1908	0.569	-0.197	1.709	381.6
1909	0.570	-0.195	1.717	381.8
1910	0.569	-0.195	1.704	382.0
1911	0.567	-0.192	1.712	382.2
1912	0.568	-0.195	1.720	382.4
1913	0.568	-0.196	1.713	382.6
1914	0.570	-0.197	1.706	382.8
1915	0.569	-0.196	1.713	383.0
1916	0.568	-0.193	1.722	383.2
1917	0.568	-0.197	1.706	383.4
1918	0.567	-0.196	1.718	383.6
1919	0.569	-0.197	1.711	383.8
1920	0.567	-0.195	1.708	384.0
1921	0.567	-0.195	1.702	384.2
1922	0.569	-0.194	1.719	384.4
1923	0.568	-0.197	1.711	384.6
1924	0.569	-0.196	1.715	384.8
1925	0.568	-0.194	1.708	385.0
1926	0.569	-0.194	1.718	385.2
1927	0.566	-0.195	1.706	385.4
1928	0.568	-0.196	1.721	385.6
1929	0.567	-0.194	1.711	385.8
1930	0.568	-0.195	1.724	386.0
1931	0.565	-0.193	1.720	386.2
1932	0.568	-0.194	1.723	386.4
1933	0.567	-0.194	1.709	386.6
1934	0.567	-0.195	1.712	386.8
1935	0.568	-0.194	1.710	387.0
1936	0.567	-0.192	1.714	387.2
1937	0.566	-0.192	1.701	387.4
1938	0.568	-0.194	1.711	387.6
1939	0.568	-0.195	1.719	387.8
1940	0.568	-0.193	1.705	388.0
1941	0.566	-0.192	1.706	388.2
1942	0.569	-0.192	1.700	388.4
1943	0.567	-0.195	1.717	388.6
1944	0.568	-0.194	1.714	388.8
1945	0.566	-0.190	1.707	389.0
1946	0.569	-0.191	1.701	389.2
1947	0.569	-0.192	1.706	389.4
1948	0.568	-0.194	1.718	389.6
1949	0.568	-0.194	1.709	389.8
1950	0.568	-0.189	1.699	390.0
1951	0.571	-0.192	1.705	390.2
1952	0.567	-0.193	1.702	390.4
1953	0.569	-0.192	1.714	390.6
1954	0.566	-0.193	1.711	390.8
1955	0.567	-0.189	1.716	391.0
1956	0.567	-0.190	1.711	391.2
1957	0.568	-0.194	1.724	391.4
1958	0.567	-0.193	1.714	391.6
1959	0.567	-0.190	1.726	391.8
1960	0.568	-0.190	1.718	392.0
1961	0.568	-0.193	1.707	392.2
1962	0.567	-0.193	1.710	392.4
1963	0.567	-0.192	1.711	392.6
1964	0.569	-0.190	1.709	392.8
1965	0.568	-0.189	1.702	393.0
1966	0.566	-0.192	1.715	393.2
1967	0.567	-0.191	1.718	393.4
1968	0.567	-0.191	1.701	393.6
1969	0.568	-0.189	1.711	393.8
1970	0.565	-0.189	1.712	394.0
1971	0.565	-0.190	1.713	394.2
1972	0.568	-0.190	1.706	394.4
1973	0.570	-0.191	1.700	394.6
1974	0.568	-0.186	1.718	394.8
1975	0.566	-0.191	1.721	395.0
1976	0.567	-0.191	1.695	395.2
1977	0.568	-0.194	1.712	395.4
1978	0.565	-0.188	1.709	395.6
1979	0.564	-0.190	1.711	395.8
1980	0.565	-0.191	1.705	396.0
1981	0.567	-0.190	1.702	396.2
1982	0.565	-0.192	1.700	396.4
1983	0.564	-0.188	1.711	396.6
1984	0.564	-0.189	1.712	396.8
1985	0.566	-0.189	1.708	397.0
1986	0.565	-0.192	1.701	397.2
1987	0.565	-0.191	1.698	397.4
1988	0.565	-0.190	1.714	397.6
1989	0.564	-0.191	1.719	397.8
1990	0.565	-0.192	1.711	398.0
1991	0.562	-0.192	1.708	398.2
1992	0.561	-0.195	1.716	398.4
1993	0.561	-0.190	1.722	398.6
1994	0.561	-0.188	1.708	398.8
1995	0.561	-0.193	1.702	399.0
1996	0.564	-0.193	1.720	399.2
1997	0.560	-0.193	1.715	399.4
1998	0.560	-0.190	1.710	399.6
1999	0.562	-0.190	1.703	399.8
2000	0.561	-0.195	1.709	400.0
2001	0.560	-0.193	1.707	400.2
2002	0.562	-0.192	1.694	400.4
2003	0.561	-0.190	1.706	400.6
2004	0.561	-0.191	1.721	400.8
2005	0.562	-0.195	1.721	401.0
2006	0.558	-0.193	1.709	401.2
2007	0.560	-0.193	1.713	401.4
2008	0.559	-0.190	1.722	401.6
2009	0.559	-0.192	1.718	401.8
2010	0.560	-0.194	1.718	402.0
2011	0.561	-0.192	1.711	402.2
2012	0.559	-0.191	1.707	402.4
2013	0.559	-0.190	1.713	402.6
2014	0.558	-0.194	1.720	402.8
2015	0.561	-0.192	1.715	403.0
2016	0.559	-0.194	1.702	403.2
2017	0.559	-0.190	1.716	403.4
2018	0.559	-0.192	1.712	403.6
2019	0.825	-0.275	2.134	403.8
2020	0.822	-0.272	2.123	404.0
2021	0.818	-0.270	2.148	404.2
2022	0.813	-0.269	2.141	404.4
2023	0.814	-0.267	2.123	404.6
2024	0.811	-0.266	2.116	404.8
2025	0.812	-0.267	2.122	405.0
2026	0.809	-0.267	2.133	405.2
2027	0.808	-0.265	2.114	405.4
2028	0.808	-0.263	2.110	405.6
2029	0.806	-0.266	2.112	405.8
2030	0.806	-0.267	2.111	406.0
2031	0.803	-0.265	2.117	406.2
2032	0.801	-0.264	2.117	406.4
2033	0.801	-0.263	2.102	406.6
2034	0.803	-0.263	2.098	406.8
2035	0.801	-0.263	2.102	407.0
2036	0.801	-0.263	2.099	407.2
2037	0.801	-0.262	2.097	407.4
2038	0.800	-0.263	2.100	407.6
2039	0.800	-0.264	2.109	407.8
2040	0.800	-0.264	2.101	408.0
2041	0.798	-0.263	2.101	408.2
2042	0.798	-0.261	2.106	408.4
2043	0.797	-0.262	2.098	408.6
2044	0.799	-0.261	2.105	408.8
2045	0.797	-0.264	2.102	409.0
2046	0.796	-0.260	2.100	409.2
2047	0.793	-0.260	2.088	409.4
2048	0.797	-0.261	2.081	409.6
2049	0.794	-0.260	2.093	409.8
2050	0.794	-0.263	2.088	410.0
2051	0.795	-0.260	2.084	410.2
2052	0.795	-0.258	2.081	410.4
2053	0.794	-0.261	2.090	410.6
2054	0.793	-0.259	2.090	410.8
2055	0.793	-0.261	2.093	411.0
2056	0.794	-0.260	2.088	411.2
2057	0.793	-0.259	2.091	411.4
2058	0.791	-0.261	2.093	411.6
2059	0.794	-0.260	2.075	411.8
2060	0.793	-0.260	2.083	412.0
2061	0.795	-0.259	2.085	412.2
2062	0.792	-0.259	2.089	412.4
2063	0.791	-0.260	2.082	412.6
2064	0.790	-0.260	2.085	412.8
2065	0.791	-0.258	2.087	413.0
2066	0.790	-0.257	2.082	413.2
2067	0.789	-0.259	2.088	413.4
2068	0.790	-0.260	2.084	413.6
2069	0.790	-0.259	2.085	413.8
2070	0.789	-0.256	2.093	414.0
2071	0.788	-0.258	2.091	414.2
2072	0.789	-0.259	2.089	414.4
2073	0.790	-0.259	2.089	414.6
2074	0.788	-0.260	2.077	414.8
2075	0.790	-0.257	2.074	415.0
2076	0.787	-0.257	2.085	415.2
2077	0.787	-0.258	2.073	415.4
2078	0.788	-0.259	2.077	415.6
2079	0.786	-0.258	2.070	415.8
2080	0.790	-0.256	2.079	416.0
2081	0.789	-0.255	2.083	416.2
2082	0.786	-0.255	2.076	416.4
2083	0.789	-0.257	2.074	416.6
2084	0.787	-0.257	2.081	416.8
2085	0.787	-0.254	2.078	417.0
2086	0.787	-0.257	2.079	417.2
2087	0.788	-0.255	2.082	417.4
2088	0.788	-0.255	2.079	417.6
2089	0.788	-0.256	2.079	417.8
2090	0.786	-0.256	2.079	418.0
2091	0.786	-0.256	2.078	418.2
2092	0.788	-0.254	2.071	418.4
2093	0.787	-0.256	2.068	418.6
2094	0.789	-0.256	2.075	418.8
2095	0.785	-0.254	2.067	419.0
2096	0.786	-0.253	2.082	419.2
2097	0.784	-0.257	2.079	419.4
2098	0.786	-0.255	2.060	419.6
2099	0.786	-0.254	2.084	419.8
2100	0.785	-0.253	2.073	420.0
2101	0.787	-0.253	2.070	420.2
2102	0.785	-0.256	2.083	420.4
2103	0.785	-0.256	2.077	420.6
2104	0.786	-0.252	2.082	420.8
2105	0.784	-0.254	2.075	421.0
2106	0.784	-0.255	2.067	421.2
2107	0.786	-0.253	2.082	421.4
2108	0.785	-0.255	2.066	421.6
2109	0.784	-0.254	2.069	421.8
2110	0.786	-0.252	2.069	422.0
2111	0.786	-0.255	2.075	422.2
2112	0.783	-0.253	2.067	422.4
2113	0.784	-0.254	2.074	422.6
2114	0.783	-0.255	2.071	422.8
2115	0.785	-0.253	2.062	423.0
2116	0.784	-0.252	2.062	423.2
2117	0.782	-0.256	2.089	423.4
2118	0.783	-0.252	2.072	423.6
2119	0.782	-0.253	2.061	423.8
2120	0.782	-0.252	2.059	424.0
2121	0.782	-0.249	2.070	424.2
2122	0.783	-0.253	2.082	424.4
2123	0.782	-0.254	2.059	424.6
2124	0.782	-0.251	2.065	424.8
2125	0.782	-0.252	2.061	425.0
2126	0.782	-0.253	2.054	425.2
2127	0.781	-0.255	2.071	425.4
2128	0.781	-0.253	2.060	425.6
2129	0.783	-0.252	2.066	425.8
2130	0.781	-0.251	2.083	426.0
2131	0.780	-0.253	2.075	426.2
2132	0.779	-0.253	2.061	426.4
2133	0.780	-0.254	2.064	426.6
2134	0.781	-0.250	2.056	426.8
2135	0.779	-0.254	2.065	427.0
2136	0.779	-0.255	2.071	427.2
2137	0.780	-0.254	2.071	427.4
2138	0.780	-0.252	2.058	427.6
2139	0.778	-0.251	2.059	427.8
2140	0.779	-0.252	2.057	428.0
2141	0.778	-0.254	2.055	428.2
2142	0.779	-0.252	2.062	428.4
2143	0.778	-0.249	2.065	428.6
2144	0.777	-0.251	2.074	428.8
2145	0.778	-0.253	2.063	429.0
2146	0.778	-0.255	2.068	429.2
2147	0.777	-0.252	2.069	429.4
2148	0.775	-0.252	2.067	429.6
2149	0.776	-0.250	2.058	429.8
2150	0.776	-0.253	2.066	430.0
2151	0.776	-0.253	2.068	430.2
2152	0.775	-0.252	2.069	430.4
2153	0.773	-0.251	2.059	430.6
2154	0.774	-0.252	2.065	430.8
2155	0.773	-0.254	2.061	431.0
2156	0.775	-0.254	2.064	431.2
2157	0.771	-0.251	2.063	431.4
2158	0.774	-0.253	2.058	431.6
2159	0.773	-0.253	2.071	431.8
2160	0.773	-0.255	2.059	432.0
2161	0.774	-0.251	2.073	432.2
2162	0.771	-0.252	2.063	432.4
2163	0.772	-0.255	2.069	432.6
2164	0.772	-0.255	2.069	432.8
2165	0.773	-0.251	2.065	433.0
2166	0.771	-0.250	2.058	433.2
2167	0.772	-0.254	2.062	433.4
2168	0.771	-0.251	2.057	433.6
2169	0.771	-0.255	2.067	433.8
2170	0.770	-0.254	2.056	434.0
2171	0.770	-0.252	2.062	434.2
2172	0.771	-0.253	2.069	434.4
2173	0.769	-0.255	2.071	434.6
2174	0.770	-0.255	2.077	434.8
2175	0.771	-0.253	2.061	435.0
2176	0.769	-0.251	2.055	435.2
2177	0.769	-0.255	2.073	435.4
2178	0.770	-0.253	2.061	435.6
2179	0.769	-0.255	2.058	435.8
2180	0.771	-0.253	2.048	436.0
2181	0.770	-0.252	2.071	436.2
2182	0.772	-0.252	2.058	436.4
2183	0.769	-0.255	2.072	436.6
2184	0.771	-0.252	2.058	436.8
2185	0.769	-0.251	2.051	437.0
2186	0.769	-0.251	2.059	437.2
2187	0.769	-0.253	2.052	437.4
2188	0.771	-0.253	2.054	437.6
2189	0.771	-0.252	2.055	437.8
2190	0.770	-0.248	2.053	438.0
2191	0.766	-0.252	2.070	438.2
2192	0.771	-0.251	2.055	438.4
2193	0.770	-0.252	2.058	438.6
2194	0.770	-0.249	2.062	438.8
2195	0.769	-0.247	2.058	439.0
2196	0.769	-0.248	2.057	439.2
2197	0.769	-0.251	2.061	439.4
2198	0.767	-0.249	2.055	439.6
2199	0.768	-0.250	2.043	439.8
2200	0.768	-0.250	2.055	440.0
2201	0.768	-0.250	2.046	440.2
2202	0.769	-0.251	2.045	440.4
2203	0.771	-0.249	2.058	440.6
2204	0.768	-0.245	2.059	440.8
2205	0.769	-0.249	2.065	441.0
2206	0.769	-0.248	2.055	441.2
2207	0.769	-0.248	2.055	441.4
2208	0.769	-0.249	2.060	441.6
2209	0.770	-0.248	2.051	441.8
2210	0.769	-0.248	2.049	442.0
2211	0.770	-0.249	2.045	442.2
2212	0.770	-0.247	2.054	442.4
2213	0.770	-0.248	2.064	442.6
2214	0.771	-0.248	2.043	442.8
2215	0.770	-0.246	2.042	443.0
2216	0.770	-0.248	2.055	443.2
2217	0.770	-0.248	2.047	443.4
2218	0.772	-0.248	2.044	443.6
2219	0.771	-0.248	2.051	443.8
2220	0.771	-0.246	2.067	444.0
2221	0.772	-0.249	2.058	444.2
2222	0.770	-0.248	2.046	444.4
2223	0.771	-0.246	2.042	444.6
2224	0.770	-0.250	2.065	444.8
2225	0.773	-0.249	2.054	445.0
2226	0.770	-0.250	2.054	445.2
2227	0.771	-0.248	2.057	445.4
2228	0.769	-0.248	2.035	445.6
2229	0.771	-0.250	2.042	445.8
2230	0.770	-0.249	2.046	446.0
2231	0.770	-0.250	2.056	446.2
2232	0.768	-0.247	2.038	446.4
2233	0.770	-0.247	2.045	446.6
2234	0.769	-0.250	2.046	446.8
2235	0.769	-0.248	2.059	447.0
2236	0.770	-0.248	2.042	447.2
2237	0.767	-0.248	2.050	447.4
2238	0.768	-0.249	2.051	447.6
2239	0.768	-0.250	2.043	447.8
2240	0.767	-0.248	2.037	448.0
2241	0.767	-0.248	2.045	448.2
2242	0.765	-0.248	2.049	448.4
2243	0.767	-0.248	2.045	448.6
2244	0.765	-0.251	2.049	448.8
2245	0.763	-0.252	2.042	449.0
2246	0.765	-0.247	2.043	449.2
2247	0.767	-0.249	2.051	449.4
2248	0.768	-0.252	2.033	449.6
2249	0.764	-0.248	2.045	449.8
2250	0.764	-0.248	2.037	450.0
2251	0.764	-0.247	2.048	450.2
2252	0.763	-0.248	2.045	450.4
2253	0.764	-0.249	2.033	450.6
2254	0.766	-0.246	2.049	450.8
2255	0.764	-0.245	2.052	451.0
2256	0.763	-0.250	2.045	451.2
2257	0.764	-0.248	2.040	451.4
2258	0.765	-0.249	2.034	451.6
2259	0.765	-0.247	2.055	451.8
2260	0.761	-0.246	2.044	452.0
2261	0.763	-0.244	2.042	452.2
2262	0.763	-0.250	2.048	452.4
2263	0.764	-0.246	2.035	452.6
2264	0.765	-0.243	2.035	452.8
2265	0.765	-0.247	2.049	453.0
2266	0.763	-0.247	2.030	453.2
2267	0.767	-0.248	2.050	453.4
2268	0.766	-0.247	2.047	453.6
2269	0.763	-0.244	2.034	453.8
2270	0.765	-0.246	2.037	454.0
2271	0.767	-0.248	2.043	454.2
2272	0.766	-0.248	2.056	454.4
2273	0.763	-0.248	2.038	454.6
2274	0.764	-0.247	2.046	454.8
2275	0.766	-0.246	2.052	455.0
2276	0.764	-0.248	2.040	455.2
2277	0.764	-0.248	2.031	455.4
2278	0.763	-0.245	2.042	455.6
2279	0.765	-0.246	2.045	455.8
2280	0.765	-0.248	2.043	456.0
2281	0.765	-0.247	2.041	456.2
2282	0.762	-0.247	2.031	456.4
2283	0.763	-0.244	2.043	456.6
2284	0.764	-0.246	2.043	456.8
2285	0.763	-0.248	2.047	457.0
2286	0.763	-0.247	2.045	457.2
2287	0.764	-0.247	2.039	457.4
2288	0.763	-0.247	2.048	457.6
2289	0.764	-0.244	2.033	457.8
2290	0.762	-0.243	2.046	458.0
2291	0.763	-0.247	2.034	458.2
2292	0.765	-0.245	2.050	458.4
2293	0.762	-0.245	2.029	458.6
2294	0.764	-0.245	2.034	458.8
2295	0.764	-0.245	2.023	459.0
2296	0.762	-0.247	2.034	459.2
2297	0.762	-0.246	2.037	459.4
2298	0.762	-0.244	2.045	459.6
2299	0.764	-0.248	2.043	459.8
2300	0.762	-0.246	2.038	460.0
2301	0.759	-0.249	2.036	460.2
2302	0.762	-0.247	2.045	460.4
2303	0.761	-0.245	2.032	460.6
2304	0.763	-0.248	2.038	460.8
2305	0.763	-0.250	2.043	461.0
2306	0.761	-0.245	2.030	461.2
2307	0.763	-0.247	2.031	461.4
2308	0.760	-0.251	2.031	461.6
2309	0.761	-0.249	2.019	461.8
2310	0.761	-0.249	2.042	462.0
2311	0.761	-0.247	2.025	462.2
2312	0.761	-0.249	2.037	462.4
2313	0.760	-0.252	2.035	462.6
2314	0.757	-0.252	2.031	462.8
2315	0.760	-0.250	2.042	463.0
2316	0.758	-0.249	2.031	463.2
2317	0.758	-0.251	2.028	463.4
2318	0.758	-0.251	2.029	463.6
2319	0.761	-0.254	2.031	463.8
2320	0.757	-0.249	2.042	464.0
2321	0.759	-0.250	2.039	464.2
2322	0.760	-0.251	2.030	464.4
2323	0.760	-0.253	2.031	464.6
2324	0.761	-0.254	2.023	464.8
2325	0.760	-0.250	2.029	465.0
2326	0.760	-0.252	2.025	465.2
2327	0.761	-0.248	2.029	465.4
2328	0.760	-0.252	2.029	465.6
2329	0.760	-0.252	2.018	465.8
2330	0.761	-0.249	2.029	466.0
2331	0.761	-0.247	2.029	466.2
2332	0.760	-0.252	2.024	466.4
2333	0.761	-0.252	2.028	466.6
2334	0.762	-0.249	2.034	466.8
2335	0.760	-0.247	2.023	467.0
2336	0.761	-0.249	2.024	467.2
2337	0.762	-0.251	2.024	467.4
2338	0.760	-0.251	2.029	467.6
2339	0.759	-0.248	2.020	467.8
2340	0.760	-0.248	2.014	468.0
2341	0.760	-0.249	2.030	468.2
2342	0.760	-0.251	2.037	468.4
2343	0.760	-0.246	2.020	468.6
2344	0.760	-0.246	2.021	468.8
2345	0.759	-0.247	2.025	469.0
2346	0.761	-0.245	2.016	469.2
2347	0.759	-0.247	2.024	469.4
2348	0.761	-0.247	2.030	469.6
2349	0.760	-0.245	2.020	469.8
2350	0.759	-0.248	2.034	470.0
2351	0.759	-0.250	2.036	470.2
2352	0.759	-0.246	2.023	470.4
2353	0.761	-0.245	2.024	470.6
2354	0.760	-0.246	2.029	470.8
2355	0.759	-0.249	2.035	471.0
2356	0.759	-0.248	2.033	471.2
2357	0.760	-0.249	2.020	471.4
2358	0.759	-0.246	2.010	471.6
2359	0.758	-0.245	2.022	471.8
2360	0.759	-0.249	2.030	472.0
2361	0.759	-0.250	2.012	472.2
2362	0.759	-0.246	2.019	472.4
2363	0.760	-0.247	2.022	472.6
2364	0.759	-0.250	2.029	472.8
2365	0.760	-0.248	2.029	473.0
2366	0.760	-0.249	2.028	473.2
2367	0.760	-0.245	2.022	473.4
2368	0.759	-0.247	2.035	473.6
2369	0.758	-0.252	2.038	473.8
2370	0.757	-0.249	2.021	474.0
2371	0.760	-0.251	2.026	474.2
2372	0.755	-0.250	2.025	474.4
2373	0.757	-0.247	2.021	474.6
2374	0.756	-0.250	2.026	474.8
2375	0.756	-0.249	2.027	475.0
2376	0.758	-0.249	2.024	475.2
2377	0.753	-0.249	2.032	475.4
2378	0.757	-0.252	2.026	475.6
2379	0.757	-0.248	2.021	475.8
2380	0.754	-0.248	2.017	476.0
2381	0.755	-0.250	2.019	476.2
2382	0.754	-0.247	2.032	476.4
2383	0.754	-0.252	2.031	476.6
2384	0.754	-0.250	2.027	476.8
2385	0.755	-0.246	2.024	477.0
2386	0.752	-0.246	2.030	477.2
2387	0.752	-0.247	2.020	477.4
2388	0.753	-0.246	2.020	477.6
2389	0.752	-0.247	2.017	477.8
2390	0.750	-0.249	2.026	478.0
2391	0.751	-0.248	2.026	478.2
2392	0.753	-0.247	2.026	478.4
2393	0.750	-0.249	2.023	478.6
2394	0.750	-0.247	2.019	478.8
2395	0.751	-0.247	2.031	479.0
2396	0.751	-0.243	2.023	479.2
2397	0.750	-0.245	2.018	479.4
2398	0.752	-0.245	2.018	479.6
2399	0.751	-0.246	2.018	479.8
2400	0.751	-0.241	2.026	480.0
2401	0.749	-0.244	2.023	480.2
2402	0.750	-0.246	2.023	480.4
2403	0.748	-0.243	2.028	480.6
2404	0.751	-0.246	2.030	480.8
2405	0.749	-0.243	2.020	481.0
2406	0.749	-0.243	2.031	481.2
2407	0.750	-0.243	2.017	481.4
2408	0.749	-0.244	2.018	481.6
2409	0.750	-0.246	2.025	481.8
2410	0.749	-0.244	2.023	482.0
2411	0.749	-0.245	2.021	482.2
2412	0.751	-0.245	2.012	482.4
2413	0.750	-0.246	2.018	482.6
2414	0.748	-0.243	2.023	482.8
2415	0.747	-0.246	2.026	483.0
2416	0.749	-0.244	2.028	483.2
2417	0.751	-0.245	2.010	483.4
2418	0.751	-0.242	2.011	483.6
2419	0.748	-0.244	2.028	483.8
2420	0.749	-0.244	2.033	484.0
2421	0.749	-0.246	2.020	484.2
2422	0.749	-0.246	2.007	484.4
2423	0.747	-0.243	2.009	484.6
2424	0.747	-0.246	2.014	484.8
2425	0.748	-0.245	2.019	485.0
2426	0.747	-0.243	2.021	485.2
2427	0.746	-0.245	2.012	485.4
2428	0.749	-0.245	2.017	485.6
2429	0.746	-0.244	2.028	485.8
2430	0.747	-0.246	2.021	486.0
2431	0.750	-0.242	2.017	486.2
2432	0.748	-0.245	2.026	486.4
2433	0.747	-0.246	2.015	486.6
2434	0.744	-0.244	2.024	486.8
2435	0.746	-0.244	2.021	487.0
2436	0.749	-0.246	2.001	487.2
2437	0.746	-0.246	2.008	487.4
2438	0.746	-0.245	2.025	487.6
2439	0.746	-0.245	2.019	487.8
2440	0.746	-0.247	2.000	488.0
2441	0.747	-0.243	2.011	488.2
2442	0.747	-0.242	2.023	488.4
2443	0.746	-0.245	2.016	488.6
2444	0.748	-0.246	2.018	488.8
2445	0.746	-0.246	2.025	489.0
2446	0.745	-0.246	2.029	489.2
2447	0.747	-0.245	2.026	489.4
2448	0.747	-0.242	2.015	489.6
2449	0.746	-0.244	2.009	489.8
2450	0.745	-0.247	2.015	490.0
2451	0.747	-0.243	2.023	490.2
2452	0.744	-0.245	2.014	490.4
2453	0.743	-0.242	1.999	490.6
2454	0.744	-0.243	2.017	490.8
2455	0.743	-0.245	2.036	491.0
2456	0.741	-0.243	2.037	491.2
2457	0.741	-0.244	2.010	491.4
2458	0.742	-0.242	2.005	491.6
2459	0.740	-0.243	2.025	491.8
2460	0.742	-0.247	2.035	492.0
2461	0.741	-0.243	2.023	492.2
2462	0.741	-0.241	2.012	492.4
2463	0.740	-0.243	2.020	492.6
2464	0.739	-0.244	2.028	492.8
2465	0.741	-0.246	2.020	493.0
2466	0.738	-0.245	2.011	493.2
2467	0.739	-0.243	2.017	493.4
2468	0.739	-0.245	2.026	493.6
2469	0.739	-0.245	2.021	493.8
2470	0.739	-0.242	2.020	494.0
2471	0.738	-0.244	2.009	494.2
2472	0.741	-0.245	2.015	494.4
2473	0.740	-0.247	2.024	494.6
2474	0.739	-0.246	2.008	494.8
2475	0.739	-0.242	2.013	495.0
2476	0.740	-0.244	2.014	495.2
2477	0.741	-0.248	2.010	495.4
2478	0.741	-0.247	2.012	495.6
2479	0.742	-0.244	2.015	495.8
2480	0.741	-0.242	2.014	496.0
2481	0.741	-0.242	2.024	496.2
2482	0.741	-0.244	2.023	496.4
2483	0.741	-0.246	2.015	496.6
2484	0.743	-0.244	2.008	496.8
2485	0.741	-0.243	2.011	497.0
2486	0.741	-0.243	2.018	497.2
2487	0.742	-0.245	2.015	497.4
2488	0.741	-0.244	2.014	497.6
2489	0.740	-0.243	2.024	497.8
2490	0.741	-0.240	2.017	498.0
2491	0.743	-0.243	1.998	498.2
2492	0.742	-0.244	2.010	498.4
2493	0.740	-0.245	2.004	498.6
2494	0.740	-0.243	2.022	498.8
2495	0.741	-0.241	2.028	499.0
2496	0.740	-0.243	2.006	499.2
2497	0.743	-0.245	2.000	499.4
2498	0.743	-0.247	2.013	499.6
2499	0.743	-0.245	2.014	499.8
2500	0.742	-0.244	2.015	500.0
2501	0.742	-0.242	2.011	500.2
2502	0.743	-0.244	2.012	500.4
2503	0.743	-0.244	2.021	500.6
2504	0.739	-0.242	2.007	500.8
2505	0.741	-0.243	2.004	501.0
2506	0.740	-0.242	2.003	501.2
2507	0.739	-0.246	2.004	501.4
2508	0.740	-0.245	2.008	501.6
2509	0.740	-0.243	2.010	501.8
2510	0.739	-0.244	2.017	502.0
2511	0.740	-0.242	2.017	502.2
2512	0.739	-0.246	2.005	502.4
2513	0.740	-0.243	2.015	502.6
2514	0.739	-0.243	2.009	502.8
2515	0.739	-0.242	2.015	503.0
2516	0.739	-0.244	2.024	503.2
2517	0.739	-0.242	2.012	503.4
2518	0.737	-0.241	2.010	503.6
2519	0.647	-0.213	1.756	503.8
2520	0.292	-0.108	1.157	504.0
2521	-0.009	-0.030	0.778	504.2
2522	-0.024	-0.020	0.780	504.4
2523	-0.024	-0.017	0.768	504.6
2524	-0.024	-0.018	0.762	504.8
2525	-0.024	-0.021	0.779	505.0
2526	-0.026	-0.018	0.766	505.2
2527	-0.026	-0.018	0.771	505.4
2528	-0.026	-0.019	0.771	505.6
2529	-0.025	-0.020	0.768	505.8
2530	-0.025	-0.022	0.757	506.0
2531	-0.025	-0.020	0.750	506.2
2532	-0.027	-0.018	0.758	506.4
2533	-0.028	-0.019	0.761	506.6
2534	-0.028	-0.019	0.774	506.8
2535	-0.027	-0.016	0.759	507.0
2536	-0.027	-0.018	0.763	507.2
2537	-0.027	-0.017	0.775	507.4
2538	-0.028	-0.019	0.761	507.6
2539	-0.028	-0.018	0.749	507.8
2540	-0.028	-0.017	0.778	508.0
2541	-0.027	-0.015	0.774	508.2
2542	-0.026	-0.013	0.760	508.4
2543	-0.028	-0.017	0.772	508.6
2544	-0.028	-0.016	0.758	508.8
2545	-0.027	-0.015	0.755	509.0
2546	-0.027	-0.015	0.758	509.2
2547	-0.028	-0.016	0.773	509.4
2548	-0.028	-0.017	0.765	509.6
2549	-0.027	-0.015	0.770	509.8
2550	-0.028	-0.011	0.771	510.0
2551	-0.026	-0.015	0.760	510.2
2552	-0.026	-0.014	0.775	510.4
2553	-0.027	-0.019	0.766	510.6
2554	-0.028	-0.017	0.766	510.8
2555	-0.026	-0.017	0.768	511.0
2556	-0.024	-0.016	0.765	511.2
2557	-0.025	-0.016	0.764	511.4
2558	-0.026	-0.015	0.768	511.6
2559	-0.027	-0.015	0.760	511.8
2560	-0.026	-0.012	0.762	512.0
2561	-0.026	-0.014	0.760	512.2
2562	-0.026	-0.018	0.766	512.4
2563	-0.025	-0.018	0.760	512.6
2564	-0.025	-0.018	0.769	512.8
2565	-0.022	-0.013	0.766	513.0
2566	-0.025	-0.013	0.772	513.2
2567	-0.025	-0.015	0.769	513.4
2568	-0.024	-0.015	0.771	513.6
2569	-0.024	-0.016	0.770	513.8
2570	-0.022	-0.016	0.768	514.0
2571	-0.026	-0.015	0.763	514.2
2572	-0.021	-0.017	0.765	514.4
2573	-0.022	-0.013	0.762	514.6
2574	-0.023	-0.015	0.764	514.8
2575	-0.023	-0.015	0.768	515.0
2576	-0.021	-0.017	0.758	515.2
2577	-0.022	-0.018	0.768	515.4
2578	-0.020	-0.019	0.772	515.6
2579	-0.023	-0.015	0.762	515.8
2580	-0.019	-0.017	0.774	516.0
2581	-0.020	-0.019	0.771	516.2
2582	-0.021	-0.019	0.767	516.4
2583	-0.021	-0.017	0.759	516.6
2584	-0.020	-0.015	0.763	516.8
2585	-0.019	-0.016	0.770	517.0
2586	-0.020	-0.017	0.773	517.2
2587	-0.022	-0.018	0.767	517.4
2588	-0.023	-0.018	0.766	517.6
2589	-0.022	-0.017	0.759	517.8
2590	-0.021	-0.020	0.774	518.0
2591	-0.022	-0.022	0.770	518.2
2592	-0.022	-0.022	0.770	518.4
2593	-0.024	-0.019	0.768	518.6
2594	-0.025	-0.018	0.765	518.8
2595	-0.024	-0.018	0.763	519.0
2596	-0.023	-0.018	0.758	519.2
2597	-0.023	-0.018	0.754	519.4
2598	-0.023	-0.019	0.764	519.6
2599	-0.024	-0.022	0.768	519.8
2600	-0.023	-0.023	0.764	520.0
2601	-0.022	-0.020	0.765	520.2
2602	-0.024	-0.019	0.756	520.4
2603	-0.024	-0.017	0.768	520.6
2604	-0.023	-0.018	0.763	520.8
2605	-0.022	-0.020	0.765	521.0
2606	-0.027	-0.023	0.765	521.2
2607	-0.027	-0.023	0.760	521.4
2608	-0.025	-0.022	0.772	521.6
2609	-0.027	-0.021	0.769	521.8
2610	-0.024	-0.019	0.771	522.0
2611	-0.027	-0.018	0.761	522.2
2612	-0.028	-0.018	0.762	522.4
2613	-0.026	-0.019	0.761	522.6
2614	-0.029	-0.024	0.768	522.8
2615	-0.028	-0.025	0.766	523.0
2616	-0.029	-0.025	0.756	523.2
2617	-0.028	-0.020	0.762	523.4
2618	-0.028	-0.019	0.765	523.6
2619	-0.028	-0.018	0.774	523.8
2620	-0.027	-0.016	0.774	524.0
2621	-0.030	-0.019	0.767	524.2
2622	-0.030	-0.021	0.766	524.4
2623	-0.028	-0.025	0.768	524.6
2624	-0.028	-0.025	0.762	524.8
2625	-0.031	-0.022	0.765	525.0
2626	-0.028	-0.019	0.770	525.2
2627	-0.029	-0.019	0.773	525.4
2628	-0.029	-0.019	0.770	525.6
2629	-0.030	-0.022	0.774	525.8
2630	-0.029	-0.025	0.769	526.0
2631	-0.032	-0.022	0.777	526.2
2632	-0.032	-0.023	0.778	526.4
2633	-0.032	-0.024	0.769	526.6
2634	-0.030	-0.023	0.772	526.8
2635	-0.029	-0.021	0.775	527.0
2636	-0.030	-0.019	0.776	527.2
2637	-0.029	-0.022	0.776	527.4
2638	-0.029	-0.023	0.763	527.6
2639	-0.029	-0.024	0.765	527.8
2640	-0.029	-0.025	0.764	528.0
2641	-0.031	-0.024	0.758	528.2
2642	-0.029	-0.023	0.757	528.4
2643	-0.027	-0.022	0.765	528.6
2644	-0.028	-0.022	0.771	528.8
2645	-0.028	-0.018	0.773	529.0
2646	-0.028	-0.021	0.763	529.2
2647	-0.027	-0.023	0.766	529.4
2648	-0.030	-0.021	0.770	529.6
2649	-0.028	-0.022	0.763	529.8
2650	-0.025	-0.021	0.768	530.0
2651	-0.028	-0.019	0.760	530.2
2652	-0.026	-0.018	0.770	530.4
2653	-0.025	-0.017	0.765	530.6
2654	-0.026	-0.019	0.762	530.8
2655	-0.027	-0.019	0.757	531.0
2656	-0.026	-0.023	0.757	531.2
2657	-0.026	-0.025	0.761	531.4
2658	-0.025	-0.019	0.764	531.6
2659	-0.025	-0.017	0.760	531.8
2660	-0.022	-0.014	0.760	532.0
2661	-0.023	-0.017	0.767	532.2
2662	-0.022	-0.021	0.770	532.4
2663	-0.026	-0.020	0.777	532.6
2664	-0.023	-0.021	0.770	532.8
2665	-0.026	-0.022	0.764	533.0
2666	-0.025	-0.024	0.763	533.2
2667	-0.026	-0.023	0.773	533.4
2668	-0.026	-0.018	0.763	533.6
2669	-0.027	-0.015	0.760	533.8
2670	-0.029	-0.018	0.768	534.0
2671	-0.030	-0.019	0.765	534.2
2672	-0.032	-0.024	0.762	534.4
2673	-0.030	-0.021	0.757	534.6
2674	-0.034	-0.024	0.759	534.8
2675	-0.034	-0.022	0.767	535.0
2676	-0.034	-0.021	0.772	535.2
2677	-0.034	-0.019	0.772	535.4
2678	-0.034	-0.017	0.763	535.6
2679	-0.036	-0.018	0.760	535.8
2680	-0.034	-0.021	0.764	536.0
2681	-0.035	-0.019	0.761	536.2
2682	-0.035	-0.022	0.770	536.4
2683	-0.035	-0.021	0.760	536.6
2684	-0.036	-0.022	0.759	536.8
2685	-0.035	-0.022	0.768	537.0
2686	-0.034	-0.020	0.768	537.2
2687	-0.031	-0.019	0.752	537.4
2688	-0.032	-0.017	0.762	537.6
2689	-0.033	-0.019	0.774	537.8
2690	-0.032	-0.020	0.761	538.0
2691	-0.032	-0.021	0.765	538.2
2692	-0.031	-0.020	0.766	538.4
2693	-0.033	-0.020	0.765	538.6
2694	-0.032	-0.020	0.766	538.8
2695	-0.031	-0.019	0.771	539.0
2696	-0.033	-0.017	0.757	539.2
2697	-0.033	-0.017	0.759	539.4
2698	-0.030	-0.022	0.763	539.6
2699	-0.033	-0.024	0.757	539.8
2700	-0.034	-0.024	0.766	540.0
2701	-0.035	-0.023	0.756	540.2
2702	-0.032	-0.018	0.767	540.4
2703	-0.033	-0.022	0.765	540.6
2704	-0.032	-0.021	0.762	540.8
2705	-0.034	-0.022	0.774	541.0
2706	-0.035	-0.021	0.758	541.2
2707	-0.034	-0.019	0.771	541.4
2708	-0.034	-0.016	0.766	541.6
2709	-0.033	-0.017	0.762	541.8
2710	-0.034	-0.018	0.757	542.0
2711	-0.034	-0.020	0.768	542.2
2712	-0.034	-0.021	0.760	542.4
2713	-0.037	-0.024	0.767	542.6
2714	-0.034	-0.021	0.753	542.8
2715	-0.032	-0.021	0.767	543.0
2716	-0.034	-0.017	0.754	543.2
2717	-0.034	-0.017	0.766	543.4
2718	-0.033	-0.018	0.763	543.6
2719	-0.031	-0.019	0.765	543.8
2720	-0.034	-0.022	0.768	544.0
2721	-0.033	-0.022	0.765	544.2
2722	-0.034	-0.021	0.765	544.4
2723	-0.033	-0.021	0.763	544.6
2724	-0.031	-0.015	0.765	544.8
2725	-0.031	-0.015	0.780	545.0
2726	-0.033	-0.016	0.769	545.2
2727	-0.030	-0.019	0.764	545.4
2728	-0.032	-0.022	0.756	545.6
2729	-0.031	-0.022	0.755	545.8
2730	-0.030	-0.021	0.771	546.0
2731	-0.030	-0.019	0.762	546.2
2732	-0.029	-0.016	0.765	546.4
2733	-0.030	-0.017	0.769	546.6
2734	-0.029	-0.018	0.767	546.8
2735	-0.030	-0.019	0.774	547.0
2736	-0.029	-0.022	0.757	547.2
2737	-0.029	-0.024	0.764	547.4
2738	-0.026	-0.020	0.767	547.6
2739	-0.028	-0.015	0.763	547.8
2740	-0.028	-0.016	0.766	548.0
2741	-0.029	-0.017	0.761	548.2
2742	-0.026	-0.020	0.768	548.4
2743	-0.027	-0.020	0.760	548.6
2744	-0.032	-0.019	0.766	548.8
2745	-0.029	-0.019	0.770	549.0
2746	-0.030	-0.022	0.769	549.2
2747	-0.029	-0.019	0.761	549.4
2748	-0.029	-0.015	0.768	549.6
2749	-0.028	-0.015	0.770	549.8
2750	-0.032	-0.018	0.756	550.0
2751	-0.033	-0.022	0.764	550.2
2752	-0.031	-0.019	0.778	550.4
2753	-0.032	-0.019	0.759	550.6
2754	-0.035	-0.018	0.773	550.8
2755	-0.031	-0.018	0.770	551.0
2756	-0.033	-0.017	0.755	551.2
2757	-0.032	-0.018	0.762	551.4
2758	-0.034	-0.018	0.774	551.6
2759	-0.036	-0.018	0.768	551.8
2760	-0.036	-0.021	0.763	552.0
2761	-0.035	-0.023	0.770	552.2
2762	-0.036	-0.021	0.763	552.4
2763	-0.037	-0.018	0.760	552.6
2764	-0.034	-0.021	0.760	552.8
2765	-0.036	-0.018	0.764	553.0
2766	-0.036	-0.018	0.763	553.2
2767	-0.037	-0.018	0.762	553.4
2768	-0.037	-0.021	0.770	553.6
2769	-0.036	-0.022	0.758	553.8
2770	-0.033	-0.023	0.770	554.0
2771	-0.033	-0.018	0.768	554.2
2772	-0.034	-0.017	0.770	554.4
2773	-0.032	-0.021	0.768	554.6
2774	-0.030	-0.018	0.767	554.8
2775	-0.033	-0.017	0.767	555.0
2776	-0.033	-0.021	0.759	555.2
2777	-0.033	-0.021	0.764	555.4
2778	-0.033	-0.026	0.760	555.6
2779	-0.033	-0.024	0.772	555.8
2780	-0.036	-0.019	0.758	556.0
2781	-0.032	-0.012	0.771	556.2
2782	-0.032	-0.010	0.764	556.4
2783	-0.033	-0.012	0.765	556.6
2784	-0.032	-0.018	0.764	556.8
2785	-0.030	-0.022	0.771	557.0
2786	-0.031	-0.019	0.769	557.2
2787	-0.031	-0.021	0.766	557.4
2788	-0.031	-0.019	0.764	557.6
2789	-0.026	-0.017	0.777	557.8
2790	-0.026	-0.012	0.767	558.0
2791	-0.028	-0.015	0.765	558.2
2792	-0.024	-0.021	0.765	558.4
2793	-0.027	-0.026	0.762	558.6
2794	-0.025	-0.024	0.772	558.8
2795	-0.026	-0.022	0.757	559.0
2796	-0.024	-0.021	0.765	559.2
2797	-0.025	-0.020	0.761	559.4
2798	-0.022	-0.013	0.756	559.6
2799	-0.022	-0.014	0.762	559.8
2800	-0.024	-0.017	0.760	560.0
2801	-0.022	-0.019	0.765	560.2
2802	-0.023	-0.023	0.766	560.4
2803	-0.024	-0.024	0.762	560.6
2804	-0.022	-0.019	0.771	560.8
2805	-0.026	-0.018	0.759	561.0
2806	-0.021	-0.013	0.770	561.2
2807	-0.022	-0.017	0.769	561.4
2808	-0.023	-0.019	0.775	561.6
2809	-0.022	-0.020	0.759	561.8
2810	-0.021	-0.021	0.766	562.0
2811	-0.022	-0.021	0.754	562.2
2812	-0.020	-0.021	0.758	562.4
2813	-0.021	-0.018	0.757	562.6
2814	-0.020	-0.016	0.765	562.8
2815	-0.020	-0.015	0.762	563.0
2816	-0.021	-0.020	0.767	563.2
2817	-0.020	-0.023	0.780	563.4
2818	-0.022	-0.022	0.768	563.6
2819	-0.019	-0.022	0.763	563.8
2820	-0.020	-0.022	0.770	564.0
2821	-0.019	-0.022	0.767	564.2
2822	-0.019	-0.020	0.777	564.4
2823	-0.022	-0.018	0.765	564.6
2824	-0.021	-0.021	0.754	564.8
2825	-0.022	-0.022	0.759	565.0
2826	-0.020	-0.021	0.769	565.2
2827	-0.022	-0.021	0.769	565.4
2828	-0.022	-0.020	0.769	565.6
2829	-0.023	-0.019	0.760	565.8
2830	-0.025	-0.023	0.760	566.0
2831	-0.023	-0.019	0.771	566.2
2832	-0.024	-0.019	0.771	566.4
2833	-0.026	-0.018	0.765	566.6
2834	-0.025	-0.019	0.777	566.8
2835	-0.025	-0.019	0.773	567.0
2836	-0.025	-0.021	0.771	567.2
2837	-0.024	-0.019	0.766	567.4
2838	-0.026	-0.020	0.766	567.6
2839	-0.027	-0.019	0.767	567.8
2840	-0.025	-0.020	0.772	568.0
2841	-0.024	-0.017	0.760	568.2
2842	-0.023	-0.018	0.753	568.4
2843	-0.020	-0.018	0.760	568.6
2844	-0.022	-0.020	0.758	568.8
2845	-0.024	-0.021	0.761	569.0
2846	-0.022	-0.020	0.766	569.2
2847	-0.021	-0.019	0.771	569.4
2848	-0.020	-0.019	0.774	569.6
2849	-0.021	-0.018	0.768	569.8
2850	-0.018	-0.019	0.773	570.0
2851	-0.022	-0.018	0.762	570.2
2852	-0.019	-0.016	0.775	570.4
2853	-0.019	-0.018	0.769	570.6
2854	-0.019	-0.021	0.767	570.8
2855	-0.017	-0.022	0.765	571.0
2856	-0.017	-0.018	0.764	571.2
2857	-0.019	-0.015	0.755	571.4
2858	-0.018	-0.017	0.766	571.6
2859	-0.017	-0.020	0.763	571.8
2860	-0.019	-0.020	0.762	572.0
2861	-0.016	-0.019	0.768	572.2
2862	-0.018	-0.017	0.766	572.4
2863	-0.018	-0.017	0.779	572.6
2864	-0.017	-0.019	0.771	572.8
2865	-0.021	-0.016	0.760	573.0
2866	-0.017	-0.016	0.766	573.2
2867	-0.016	-0.014	0.762	573.4
2868	-0.016	-0.018	0.767	573.6
2869	-0.015	-0.019	0.770	573.8
2870	-0.015	-0.017	0.766	574.0
2871	-0.017	-0.017	0.767	574.2
2872	-0.017	-0.017	0.758	574.4
2873	-0.017	-0.018	0.773	574.6
2874	-0.016	-0.018	0.766	574.8
2875	-0.016	-0.017	0.763	575.0
2876	-0.016	-0.017	0.777	575.2
2877	-0.018	-0.021	0.763	575.4
2878	-0.016	-0.021	0.772	575.6
2879	-0.016	-0.019	0.761	575.8
2880	-0.016	-0.018	0.761	576.0
2881	-0.015	-0.018	0.765	576.2
2882	-0.015	-0.018	0.770	576.4
2883	-0.017	-0.017	0.764	576.6
2884	-0.015	-0.018	0.763	576.8
2885	-0.015	-0.019	0.767	577.0
2886	-0.015	-0.015	0.762	577.2
2887	-0.017	-0.020	0.762	577.4
2888	-0.015	-0.017	0.762	577.6
2889	-0.019	-0.019	0.763	577.8
2890	-0.017	-0.017	0.764	578.0
2891	-0.020	-0.016	0.762	578.2
2892	-0.019	-0.019	0.764	578.4
2893	-0.020	-0.021	0.759	578.6
2894	-0.021	-0.020	0.767	578.8
2895	-0.022	-0.018	0.766	579.0
2896	-0.021	-0.017	0.767	579.2
2897	-0.021	-0.021	0.770	579.4
2898	-0.022	-0.017	0.760	579.6
2899	-0.025	-0.019	0.754	579.8
2900	-0.021	-0.016	0.758	580.0
2901	-0.023	-0.019	0.772	580.2
2902	-0.021	-0.019	0.759	580.4
2903	-0.026	-0.022	0.751	580.6
2904	-0.025	-0.016	0.763	580.8
2905	-0.028	-0.019	0.772	581.0
2906	-0.029	-0.021	0.762	581.2
2907	-0.027	-0.022	0.767	581.4
2908	-0.028	-0.018	0.773	581.6
2909	-0.030	-0.018	0.768	581.8
2910	-0.030	-0.019	0.767	582.0
2911	-0.030	-0.022	0.768	582.2
2912	-0.031	-0.022	0.763	582.4
2913	-0.030	-0.021	0.765	582.6
2914	-0.032	-0.022	0.764	582.8
2915	-0.033	-0.021	0.766	583.0
2916	-0.031	-0.021	0.765	583.2
2917	-0.031	-0.021	0.762	583.4
2918	-0.032	-0.018	0.767	583.6
2919	-0.033	-0.018	0.764	583.8
2920	-0.032	-0.018	0.759	584.0
2921	-0.033	-0.022	0.766	584.2
2922	-0.032	-0.021	0.763	584.4
2923	-0.034	-0.019	0.775	584.6
2924	-0.033	-0.021	0.766	584.8
2925	-0.032	-0.022	0.761	585.0
2926	-0.029	-0.018	0.766	585.2
2927	-0.033	-0.018	0.759	585.4
2928	-0.033	-0.017	0.775	585.6
2929	-0.030	-0.023	0.769	585.8
2930	-0.032	-0.022	0.762	586.0
2931	-0.032	-0.023	0.757	586.2
2932	-0.031	-0.017	0.756	586.4
2933	-0.030	-0.018	0.764	586.6
2934	-0.029	-0.017	0.768	586.8
2935	-0.028	-0.017	0.771	587.0
2936	-0.027	-0.018	0.765	587.2
2937	-0.030	-0.018	0.767	587.4
2938	-0.028	-0.019	0.765	587.6
2939	-0.027	-0.019	0.765	587.8
2940	-0.026	-0.019	0.775	588.0
2941	-0.026	-0.013	0.770	588.2
2942	-0.026	-0.016	0.764	588.4
2943	-0.024	-0.017	0.756	588.6
2944	-0.025	-0.019	0.765	588.8
2945	-0.025	-0.016	0.768	589.0
2946	-0.026	-0.017	0.764	589.2
2947	-0.025	-0.018	0.761	589.4
2948	-0.025	-0.018	0.767	589.6
2949	-0.023	-0.017	0.762	589.8
2950	-0.024	-0.018	0.763	590.0
2951	-0.021	-0.017	0.770	590.2
2952	-0.024	-0.015	0.768	590.4
2953	-0.020	-0.017	0.772	590.6
2954	-0.019	-0.018	0.771	590.8
2955	-0.022	-0.018	0.768	591.0
2956	-0.022	-0.015	0.766	591.2
2957	-0.019	-0.016	0.764	591.4
2958	-0.019	-0.013	0.770	591.6
2959	-0.018	-0.019	0.760	591.8
2960	-0.019	-0.014	0.768	592.0
2961	-0.019	-0.017	0.769	592.2
2962	-0.019	-0.016	0.764	592.4
2963	-0.016	-0.018	0.761	592.6
2964	-0.018	-0.016	0.770	592.8
2965	-0.019	-0.013	0.760	593.0
2966	-0.018	-0.012	0.765	593.2
2967	-0.015	-0.014	0.768	593.4
2968	-0.016	-0.015	0.775	593.6
2969	-0.016	-0.013	0.765	593.8
2970	-0.016	-0.014	0.768	594.0
2971	-0.013	-0.013	0.769	594.2
2972	-0.015	-0.015	0.760	594.4
2973	-0.012	-0.014	0.772	594.6
2974	-0.015	-0.010	0.770	594.8
2975	-0.015	-0.009	0.763	595.0
2976	-0.012	-0.014	0.768	595.2
2977	-0.011	-0.018	0.760	595.4
2978	-0.013	-0.017	0.765	595.6
2979	-0.012	-0.014	0.762	595.8
2980	-0.011	-0.013	0.762	596.0
2981	-0.011	-0.014	0.761	596.2
2982	-0.012	-0.013	0.765	596.4
2983	-0.015	-0.009	0.775	596.6
2984	-0.011	-0.007	0.773	596.8
2985	-0.014	-0.011	0.771	597.0
2986	-0.014	-0.017	0.772	597.2
2987	-0.013	-0.019	0.770	597.4
2988	-0.013	-0.017	0.760	597.6
2989	-0.012	-0.011	0.769	597.8
2990	-0.013	-0.007	0.764	598.0
2991	-0.012	-0.008	0.768	598.2
2992	-0.011	-0.007	0.759	598.4
2993	-0.012	-0.008	0.766	598.6
2994	-0.012	-0.012	0.766	598.8
2995	-0.013	-0.016	0.771	599.0
2996	-0.013	-0.015	0.771	599.2
2997	-0.014	-0.011	0.763	599.4
2998	-0.011	-0.009	0.765	599.6
2999	-0.014	-0.010	0.771	599.8
3000	-0.012	-0.009	0.766	600.0
3001	-0.012	-0.011	0.769	600.2
3002	-0.013	-0.011	0.757	600.4
3003	-0.011	-0.014	0.758	600.6
3004	-0.012	-0.015	0.771	600.8
3005	-0.010	-0.014	0.769	601.0
3006	-0.010	-0.009	0.763	601.2
3007	-0.010	-0.004	0.759	601.4
3008	-0.010	-0.005	0.767	601.6
3009	-0.011	-0.011	0.764	601.8
3010	-0.009	-0.016	0.767	602.0
3011	-0.011	-0.017	0.775	602.2
3012	-0.010	-0.017	0.755	602.4
