0	-0.012	-0.013	0.768	0.0
1	-0.011	-0.013	0.770	0.2
2	-0.010	-0.013	0.774	0.4
3	-0.011	-0.011	0.770	0.6
4	-0.008	-0.009	0.771	0.8
5	-0.010	-0.010	0.767	1.0
6	-0.011	-0.010	0.763	1.2
7	-0.013	-0.009	0.757	1.4
8	-0.011	-0.008	0.773	1.6
9	-0.013	-0.010	0.770	1.8
10	-0.012	-0.011	0.762	2.0
11	-0.013	-0.015	0.773	2.2
12	-0.013	-0.016	0.765	2.4
13	-0.014	-0.011	0.772	2.6
14	-0.014	-0.007	0.774	2.8
15	-0.013	-0.009	0.775	3.0
16	-0.011	-0.009	0.764	3.2
17	-0.009	-0.009	0.768	3.4
18	-0.011	-0.014	0.763	3.6
19	-0.013	-0.014	0.760	3.8
20	-0.013	-0.016	0.765	4.0
21	-0.011	-0.012	0.769	4.2
22	-0.012	-0.010	0.770	4.4
23	-0.010	-0.008	0.766	4.6
24	-0.010	-0.011	0.767	4.8
25	-0.010	-0.009	0.765	5.0
26	-0.009	-0.015	0.758	5.2
27	-0.010	-0.015	0.767	5.4
28	-0.011	-0.011	0.767	5.6
29	-0.009	-0.009	0.764	5.8
30	-0.007	-0.008	0.758	6.0
31	-0.008	-0.009	0.769	6.2
32	-0.008	-0.007	0.760	6.4
33	-0.012	-0.009	0.760	6.6
34	-0.009	-0.012	0.770	6.8
35	-0.008	-0.014	0.762	7.0
36	-0.011	-0.014	0.761	7.2
37	-0.010	-0.011	0.770	7.4
38	-0.011	-0.009	0.762	7.6
39	-0.013	-0.012	0.761	7.8
40	-0.011	-0.010	0.766	8.0
41	-0.011	-0.011	0.769	8.2
42	-0.011	-0.009	0.768	8.4
43	-0.011	-0.009	0.776	8.6
44	-0.012	-0.009	0.773	8.8
45	-0.011	-0.011	0.769	9.0
46	-0.011	-0.011	0.772	9.2
47	-0.009	-0.007	0.769	9.4
48	-0.010	-0.009	0.778	9.6
49	-0.011	-0.011	0.765	9.8
50	-0.009	-0.011	0.768	10.0
51	-0.007	-0.007	0.767	10.2
52	-0.009	-0.009	0.767	10.4
53	-0.009	-0.011	0.767	10.6
54	-0.007	-0.010	0.770	10.8
55	-0.009	-0.013	0.762	11.0
56	-0.008	-0.014	0.764	11.2
57	-0.010	-0.011	0.775	11.4
58	-0.009	-0.013	0.761	11.6
59	-0.010	-0.013	0.765	11.8
60	-0.010	-0.011	0.773	12.0
61	-0.009	-0.006	0.771	12.2
62	-0.011	-0.007	0.769	12.4
63	-0.009	-0.010	0.764	12.6
64	-0.010	-0.017	0.769	12.8
65	-0.011	-0.012	0.767	13.0
66	-0.011	-0.012	0.773	13.2
67	-0.012	-0.013	0.764	13.4
68	-0.011	-0.011	0.766	13.6
69	-0.010	-0.010	0.771	13.8
70	-0.010	-0.010	0.773	14.0
71	-0.010	-0.009	0.764	14.2
72	-0.010	-0.013	0.774	14.4
73	-0.009	-0.017	0.773	14.6
74	-0.011	-0.011	0.767	14.8
75	-0.011	-0.007	0.767	15.0
76	-0.010	-0.006	0.757	15.2
77	-0.007	-0.008	0.766	15.4
78	-0.009	-0.010	0.774	15.6
79	-0.008	-0.012	0.776	15.8
80	-0.010	-0.015	0.770	16.0
81	-0.008	-0.011	0.770	16.2
82	-0.008	-0.010	0.776	16.4
83	-0.007	-0.011	0.781	16.6
84	-0.009	-0.012	0.768	16.8
85	-0.007	-0.009	0.759	17.0
86	-0.007	-0.010	0.771	17.2
87	-0.010	-0.010	0.763	17.4
88	-0.008	-0.012	0.769	17.6
89	-0.009	-0.009	0.773	17.8
90	-0.010	-0.009	0.763	18.0
91	-0.008	-0.007	0.771	18.2
92	-0.009	-0.009	0.767	18.4
93	-0.010	-0.010	0.764	18.6
94	-0.009	-0.013	0.766	18.8
95	-0.010	-0.011	0.770	19.0
96	-0.009	-0.013	0.770	19.2
97	-0.007	-0.015	0.763	19.4
98	-0.008	-0.013	0.765	19.6
99	-0.011	-0.010	0.766	19.8
100	-0.009	-0.009	0.771	20.0
101	-0.009	-0.010	0.765	20.2
102	-0.009	-0.013	0.754	20.4
103	-0.007	-0.011	0.766	20.6
104	-0.010	-0.013	0.762	20.8
105	-0.008	-0.011	0.777	21.0
106	-0.011	-0.012	0.768	21.2
107	-0.010	-0.011	0.763	21.4
108	-0.009	-0.010	0.772	21.6
109	-0.010	-0.006	0.768	21.8
110	-0.007	-0.010	0.770	22.0
111	-0.009	-0.015	0.764	22.2
112	-0.009	-0.014	0.763	22.4
113	-0.011	-0.012	0.763	22.6
114	-0.008	-0.012	0.766	22.8
115	-0.009	-0.011	0.762	23.0
116	-0.011	-0.013	0.766	23.2
117	-0.008	-0.011	0.771	23.4
118	-0.011	-0.009	0.769	23.6
119	-0.011	-0.009	0.772	23.8
120	-0.009	-0.009	0.777	24.0
121	-0.007	-0.013	0.767	24.2
122	-0.008	-0.011	0.772	24.4
123	-0.009	-0.012	0.771	24.6
124	-0.011	-0.011	0.767	24.8
125	-0.009	-0.013	0.768	25.0
126	-0.009	-0.009	0.771	25.2
127	-0.008	-0.011	0.758	25.4
128	-0.008	-0.008	0.767	25.6
129	-0.010	-0.011	0.766	25.8
130	-0.011	-0.015	0.756	26.0
131	-0.010	-0.015	0.765	26.2
132	-0.010	-0.013	0.762	26.4
133	-0.010	-0.012	0.778	26.6
134	-0.011	-0.010	0.766	26.8
135	-0.009	-0.007	0.768	27.0
136	-0.009	-0.009	0.764	27.2
137	-0.013	-0.009	0.769	27.4
138	-0.011	-0.013	0.768	27.6
139	-0.012	-0.012	0.773	27.8
140	-0.009	-0.015	0.764	28.0
141	-0.011	-0.013	0.760	28.2
142	-0.011	-0.007	0.764	28.4
143	-0.009	-0.007	0.765	28.6
144	-0.011	-0.009	0.767	28.8
145	-0.012	-0.011	0.761	29.0
146	-0.010	-0.012	0.770	29.2
147	-0.008	-0.011	0.772	29.4
148	-0.008	-0.009	0.768	29.6
149	-0.011	-0.011	0.764	29.8
150	-0.007	-0.011	0.771	30.0
151	-0.008	-0.013	0.771	30.2
152	-0.010	-0.010	0.775	30.4
153	-0.011	-0.010	0.762	30.6
154	-0.009	-0.011	0.765	30.8
155	-0.011	-0.010	0.762	31.0
156	-0.010	-0.007	0.764	31.2
157	-0.009	-0.007	0.763	31.4
158	-0.011	-0.012	0.772	31.6
159	-0.008	-0.013	0.770	31.8
160	-0.011	-0.014	0.769	32.0
161	-0.011	-0.012	0.765	32.2
162	-0.011	-0.010	0.767	32.4
163	-0.010	-0.009	0.771	32.6
164	-0.010	-0.011	0.766	32.8
165	-0.011	-0.011	0.771	33.0
166	-0.011	-0.007	0.770	33.2
167	-0.011	-0.011	0.766	33.4
168	-0.011	-0.014	0.775	33.6
169	-0.012	-0.012	0.769	33.8
170	-0.012	-0.010	0.760	34.0
171	-0.011	-0.009	0.770	34.2
172	-0.013	-0.011	0.774	34.4
173	-0.008	-0.010	0.761	34.6
174	-0.011	-0.013	0.766	34.8
175	-0.011	-0.011	0.776	35.0
176	-0.011	-0.011	0.767	35.2
177	-0.011	-0.010	0.769	35.4
178	-0.008	-0.012	0.766	35.6
179	-0.008	-0.011	0.772	35.8
180	-0.009	-0.010	0.779	36.0
181	-0.010	-0.010	0.766	36.2
182	-0.009	-0.010	0.768	36.4
183	-0.003	-0.010	0.768	36.6
184	-0.011	-0.012	0.763	36.8
185	-0.011	-0.011	0.765	37.0
186	-0.009	-0.011	0.771	37.2
187	-0.011	-0.013	0.765	37.4
188	-0.010	-0.012	0.760	37.6
189	-0.008	-0.009	0.775	37.8
190	-0.010	-0.007	0.768	38.0
191	-0.009	-0.011	0.758	38.2
192	-0.011	-0.006	0.771	38.4
193	-0.010	-0.013	0.768	38.6
194	-0.011	-0.013	0.761	38.8
195	-0.010	-0.013	0.772	39.0
196	-0.011	-0.014	0.771	39.2
197	-0.010	-0.013	0.762	39.4
198	-0.009	-0.009	0.775	39.6
199	-0.011	-0.008	0.766	39.8
200	-0.011	-0.008	0.756	40.0
201	-0.009	-0.011	0.762	40.2
202	-0.010	-0.013	0.761	40.4
203	-0.008	-0.011	0.775	40.6
204	-0.008	-0.010	0.771	40.8
205	-0.009	-0.009	0.762	41.0
206	-0.010	-0.011	0.773	41.2
207	-0.009	-0.011	0.770	41.4
208	-0.009	-0.010	0.765	41.6
209	-0.011	-0.009	0.772	41.8
210	-0.011	-0.012	0.771	42.0
211	-0.009	-0.014	0.770	42.2
212	-0.009	-0.013	0.772	42.4
213	-0.011	-0.011	0.762	42.6
214	-0.010	-0.008	0.764	42.8
215	-0.009	-0.007	0.757	43.0
216	-0.011	-0.009	0.766	43.2
217	-0.010	-0.011	0.766	43.4
218	-0.009	-0.011	0.768	43.6
219	-0.011	-0.013	0.773	43.8
220	-0.010	-0.013	0.770	44.0
221	-0.009	-0.013	0.763	44.2
222	-0.011	-0.009	0.766	44.4
223	-0.011	-0.009	0.766	44.6
224	-0.009	-0.008	0.769	44.8
225	-0.010	-0.010	0.768	45.0
226	-0.011	-0.013	0.770	45.2
227	-0.011	-0.014	0.761	45.4
228	-0.011	-0.011	0.766	45.6
229	-0.012	-0.011	0.769	45.8
230	-0.011	-0.009	0.760	46.0
231	-0.011	-0.007	0.764	46.2
232	-0.011	-0.007	0.766	46.4
233	-0.014	-0.007	0.772	46.6
234	-0.011	-0.012	0.766	46.8
235	-0.009	-0.014	0.775	47.0
236	-0.008	-0.014	0.773	47.2
237	-0.010	-0.013	0.771	47.4
238	-0.009	-0.009	0.764	47.6
239	-0.009	-0.010	0.761	47.8
240	-0.009	-0.010	0.772	48.0
241	-0.007	-0.009	0.765	48.2
242	-0.009	-0.011	0.760	48.4
243	-0.011	-0.014	0.774	48.6
244	-0.009	-0.013	0.766	48.8
245	-0.009	-0.014	0.766	49.0
246	-0.009	-0.011	0.772	49.2
247	-0.011	-0.007	0.770	49.4
248	-0.011	-0.011	0.778	49.6
249	-0.009	-0.013	0.768	49.8
250	-0.011	-0.009	0.766	50.0
251	-0.010	-0.011	0.772	50.2
252	-0.011	-0.010	0.767	50.4
253	-0.010	-0.010	0.770	50.6
254	-0.010	-0.009	0.770	50.8
255	-0.007	-0.009	0.760	51.0
256	-0.009	-0.011	0.767	51.2
257	-0.010	-0.010	0.766	51.4
258	-0.011	-0.011	0.760	51.6
259	-0.010	-0.013	0.765	51.8
260	-0.009	-0.011	0.771	52.0
261	-0.009	-0.009	0.765	52.2
262	-0.010	-0.009	0.774	52.4
263	-0.009	-0.011	0.772	52.6
264	-0.007	-0.010	0.766	52.8
265	-0.010	-0.013	0.773	53.0
266	-0.009	-0.010	0.779	53.2
267	-0.010	-0.010	0.762	53.4
268	-0.010	-0.013	0.764	53.6
269	-0.009	-0.012	0.763	53.8
270	-0.009	-0.011	0.765	54.0
271	-0.007	-0.009	0.766	54.2
272	-0.010	-0.009	0.773	54.4
273	-0.009	-0.012	0.774	54.6
274	-0.011	-0.012	0.768	54.8
275	-0.009	-0.011	0.762	55.0
276	-0.010	-0.012	0.768	55.2
277	-0.009	-0.012	0.778	55.4
278	-0.009	-0.012	0.779	55.6
279	-0.009	-0.009	0.776	55.8
280	-0.011	-0.012	0.775	56.0
281	-0.008	-0.010	0.772	56.2
282	-0.010	-0.013	0.769	56.4
283	-0.009	-0.013	0.764	56.6
284	-0.009	-0.012	0.759	56.8
285	-0.010	-0.008	0.766	57.0
286	-0.009	-0.011	0.771	57.2
287	-0.009	-0.013	0.777	57.4
288	-0.010	-0.013	0.767	57.6
289	-0.008	-0.009	0.765	57.8
290	-0.009	-0.009	0.767	58.0
291	-0.008	-0.015	0.773	58.2
292	-0.008	-0.011	0.773	58.4
293	-0.006	-0.010	0.775	58.6
294	-0.007	-0.010	0.770	58.8
295	-0.007	-0.011	0.771	59.0
296	-0.007	-0.010	0.771	59.2
297	-0.008	-0.013	0.769	59.4
298	-0.007	-0.013	0.765	59.6
299	-0.009	-0.013	0.766	59.8
300	-0.007	-0.011	0.767	60.0
301	-0.005	-0.011	0.761	60.2
302	-0.007	-0.014	0.759	60.4
303	-0.009	-0.009	0.764	60.6
304	-0.010	-0.009	0.765	60.8
305	-0.010	-0.010	0.767	61.0
306	-0.008	-0.009	0.768	61.2
307	-0.008	-0.013	0.763	61.4
308	-0.009	-0.011	0.766	61.6
309	-0.008	-0.009	0.759	61.8
310	-0.007	-0.009	0.765	62.0
311	-0.007	-0.011	0.769	62.2
312	-0.009	-0.011	0.762	62.4
313	-0.012	-0.012	0.766	62.6
314	-0.009	-0.010	0.766	62.8
315	-0.011	-0.013	0.759	63.0
316	-0.009	-0.012	0.763	63.2
317	-0.010	-0.013	0.760	63.4
318	-0.011	-0.008	0.759	63.6
319	-0.011	-0.008	0.774	63.8
320	-0.009	-0.009	0.770	64.0
321	-0.010	-0.013	0.778	64.2
322	-0.009	-0.014	0.770	64.4
323	-0.009	-0.011	0.767	64.6
324	-0.011	-0.010	0.771	64.8
325	-0.011	-0.011	0.764	65.0
326	-0.011	-0.011	0.768	65.2
327	-0.009	-0.011	0.762	65.4
328	-0.009	-0.009	0.758	65.6
329	-0.011	-0.011	0.762	65.8
330	-0.010	-0.011	0.759	66.0
331	-0.010	-0.011	0.773	66.2
332	-0.011	-0.011	0.765	66.4
333	-0.011	-0.010	0.770	66.6
334	-0.008	-0.009	0.768	66.8
335	-0.008	-0.009	0.766	67.0
336	-0.008	-0.009	0.767	67.2
337	-0.011	-0.013	0.762	67.4
338	-0.009	-0.010	0.771	67.6
339	-0.010	-0.009	0.767	67.8
340	-0.009	-0.013	0.765	68.0
341	-0.006	-0.015	0.771	68.2
342	-0.007	-0.009	0.760	68.4
343	-0.007	-0.010	0.770	68.6
344	-0.006	-0.014	0.757	68.8
345	-0.008	-0.011	0.767	69.0
346	-0.006	-0.011	0.772	69.2
347	-0.009	-0.012	0.763	69.4
348	-0.007	-0.010	0.779	69.6
349	-0.008	-0.010	0.773	69.8
350	-0.008	-0.012	0.762	70.0
351	-0.008	-0.011	0.774	70.2
352	-0.011	-0.009	0.767	70.4
353	-0.009	-0.011	0.768	70.6
354	-0.009	-0.011	0.776	70.8
355	-0.010	-0.009	0.772	71.0
356	-0.007	-0.011	0.770	71.2
357	-0.011	-0.009	0.758	71.4
358	-0.011	-0.011	0.763	71.6
359	-0.012	-0.011	0.761	71.8
360	-0.007	-0.013	0.767	72.0
361	-0.010	-0.013	0.775	72.2
362	-0.009	-0.009	0.767	72.4
363	-0.009	-0.009	0.777	72.6
364	-0.012	-0.013	0.764	72.8
365	-0.010	-0.011	0.768	73.0
366	-0.009	-0.011	0.778	73.2
367	-0.008	-0.010	0.768	73.4
368	-0.010	-0.010	0.767	73.6
369	-0.009	-0.010	0.765	73.8
370	-0.008	-0.011	0.768	74.0
371	-0.009	-0.009	0.770	74.2
372	-0.010	-0.011	0.767	74.4
373	-0.007	-0.009	0.760	74.6
374	-0.009	-0.010	0.770	74.8
375	-0.005	-0.011	0.773	75.0
376	-0.008	-0.010	0.769	75.2
377	-0.007	-0.006	0.767	75.4
378	-0.007	-0.009	0.763	75.6
379	-0.007	-0.011	0.775	75.8
380	-0.009	-0.012	0.774	76.0
381	-0.009	-0.011	0.761	76.2
382	-0.009	-0.008	0.769	76.4
383	-0.011	-0.011	0.772	76.6
384	-0.008	-0.010	0.760	76.8
385	-0.007	-0.009	0.759	77.0
386	-0.009	-0.007	0.769	77.2
387	-0.007	-0.011	0.758	77.4
388	-0.007	-0.009	0.760	77.6
389	-0.007	-0.010	0.768	77.8
390	-0.009	-0.006	0.763	78.0
391	-0.005	-0.008	0.760	78.2
392	-0.007	-0.009	0.774	78.4
393	-0.007	-0.011	0.766	78.6
394	-0.005	-0.011	0.761	78.8
395	-0.005	-0.010	0.776	79.0
396	-0.006	-0.009	0.771	79.2
397	-0.007	-0.013	0.768	79.4
398	-0.007	-0.008	0.770	79.6
399	-0.005	-0.009	0.771	79.8
400	-0.008	-0.005	0.761	80.0
401	-0.009	-0.009	0.766	80.2
402	-0.009	-0.012	0.763	80.4
403	-0.010	-0.012	0.772	80.6
404	-0.010	-0.010	0.762	80.8
405	-0.009	-0.011	0.761	81.0
406	-0.013	-0.008	0.763	81.2
407	-0.009	-0.009	0.768	81.4
408	-0.009	-0.011	0.761	81.6
409	-0.012	-0.009	0.778	81.8
410	-0.012	-0.009	0.772	82.0
411	-0.010	-0.010	0.775	82.2
412	-0.009	-0.011	0.770	82.4
413	-0.009	-0.011	0.768	82.6
414	-0.009	-0.010	0.762	82.8
415	-0.009	-0.009	0.763	83.0
416	-0.007	-0.007	0.766	83.2
417	-0.009	-0.008	0.765	83.4
418	-0.008	-0.011	0.769	83.6
419	-0.009	-0.012	0.765	83.8
420	-0.009	-0.011	0.762	84.0
421	-0.008	-0.012	0.772	84.2
422	-0.008	-0.011	0.776	84.4
423	-0.009	-0.014	0.777	84.6
424	-0.010	-0.015	0.770	84.8
425	-0.010	-0.012	0.774	85.0
426	-0.007	-0.010	0.762	85.2
427	-0.007	-0.006	0.765	85.4
428	-0.009	-0.007	0.762	85.6
429	-0.008	-0.005	0.768	85.8
430	-0.009	-0.011	0.762	86.0
431	-0.008	-0.014	0.774	86.2
432	-0.010	-0.015	0.767	86.4
433	-0.009	-0.011	0.768	86.6
434	-0.009	-0.007	0.767	86.8
435	-0.009	-0.004	0.763	87.0
436	-0.009	-0.007	0.768	87.2
437	-0.007	-0.008	0.763	87.4
438	-0.008	-0.009	0.770	87.6
439	-0.007	-0.009	0.771	87.8
440	-0.009	-0.011	0.771	88.0
441	-0.008	-0.014	0.775	88.2
442	-0.010	-0.011	0.766	88.4
443	-0.007	-0.007	0.763	88.6
444	-0.008	-0.002	0.771	88.8
445	-0.007	-0.008	0.765	89.0
446	-0.008	-0.011	0.767	89.2
447	-0.007	-0.011	0.770	89.4
448	-0.009	-0.011	0.761	89.6
449	-0.009	-0.009	0.771	89.8
450	-0.009	-0.009	0.756	90.0
451	-0.009	-0.008	0.757	90.2
452	-0.010	-0.005	0.772	90.4
453	-0.012	-0.007	0.770	90.6
454	-0.012	-0.008	0.765	90.8
455	-0.008	-0.011	0.767	91.0
456	-0.010	-0.011	0.772	91.2
457	-0.010	-0.008	0.766	91.4
458	-0.011	-0.005	0.757	91.6
459	-0.010	-0.007	0.770	91.8
460	-0.011	-0.007	0.763	92.0
461	-0.011	-0.007	0.763	92.2
462	-0.009	-0.010	0.777	92.4
463	-0.011	-0.008	0.766	92.6
464	-0.009	-0.011	0.771	92.8
465	-0.009	-0.011	0.763	93.0
466	-0.009	-0.009	0.764	93.2
467	-0.008	-0.007	0.766	93.4
468	-0.009	-0.005	0.779	93.6
469	-0.009	-0.010	0.771	93.8
470	-0.009	-0.011	0.763	94.0
471	-0.009	-0.010	0.768	94.2
472	-0.009	-0.009	0.760	94.4
473	-0.011	-0.009	0.772	94.6
474	-0.009	-0.007	0.766	94.8
475	-0.012	-0.009	0.759	95.0
476	-0.010	-0.006	0.761	95.2
477	-0.009	-0.007	0.774	95.4
478	-0.011	-0.010	0.765	95.6
479	-0.011	-0.012	0.759	95.8
480	-0.012	-0.009	0.772	96.0
481	-0.011	-0.008	0.765	96.2
482	-0.012	-0.006	0.764	96.4
483	-0.010	-0.007	0.771	96.6
484	-0.011	-0.009	0.774	96.8
485	-0.009	-0.007	0.770	97.0
486	-0.009	-0.007	0.766	97.2
487	-0.012	-0.008	0.770	97.4
488	-0.008	-0.009	0.766	97.6
489	-0.009	-0.012	0.762	97.8
490	-0.008	-0.009	0.761	98.0
491	-0.007	-0.007	0.766	98.2
492	-0.006	-0.006	0.771	98.4
493	-0.004	-0.005	0.756	98.6
494	-0.008	-0.010	0.772	98.8
495	-0.007	-0.010	0.768	99.0
496	-0.008	-0.008	0.768	99.2
497	-0.007	-0.010	0.764	99.4
498	-0.007	-0.012	0.770	99.6
499	-0.007	-0.008	0.767	99.8
500	-0.009	-0.005	0.767	100.0
501	-0.009	-0.007	0.763	100.2
502	-0.007	-0.009	0.770	100.4
503	-0.007	-0.011	0.765	100.6
504	-0.008	-0.009	0.770	100.8
505	-0.007	-0.008	0.770	101.0
506	-0.011	-0.008	0.764	101.2
507	-0.007	-0.006	0.767	101.4
508	-0.007	-0.007	0.760	101.6
509	-0.007	-0.009	0.771	101.8
510	-0.008	-0.008	0.776	102.0
511	-0.011	-0.011	0.763	102.2
512	-0.009	-0.011	0.770	102.4
513	-0.009	-0.012	0.770	102.6
514	-0.007	-0.007	0.767	102.8
515	-0.009	-0.005	0.765	103.0
516	-0.009	-0.003	0.744	103.2
517	-0.025	0.198	1.108	103.4
518	-0.024	0.199	1.076	103.6
519	-0.021	0.192	1.096	103.8
520	-0.022	0.191	1.073	104.0
521	-0.022	0.189	1.065	104.2
522	-0.022	0.185	1.057	104.4
523	-0.021	0.183	1.067	104.6
524	-0.021	0.184	1.074	104.8
525	-0.023	0.184	1.056	105.0
526	-0.023	0.182	1.072	105.2
527	-0.021	0.182	1.074	105.4
528	-0.022	0.184	1.070	105.6
529	-0.022	0.182	1.053	105.8
530	-0.021	0.181	1.060	106.0
531	-0.022	0.178	1.069	106.2
532	-0.021	0.178	1.058	106.4
533	-0.019	0.179	1.060	106.6
534	-0.019	0.179	1.056	106.8
535	-0.021	0.177	1.066	107.0
536	-0.019	0.179	1.052	107.2
537	-0.021	0.176	1.057	107.4
538	-0.020	0.179	1.061	107.6
539	-0.020	0.177	1.052	107.8
540	-0.022	0.179	1.050	108.0
541	-0.018	0.175	1.056	108.2
542	-0.019	0.175	1.063	108.4
543	-0.018	0.175	1.060	108.6
544	-0.021	0.178	1.049	108.8
545	-0.021	0.173	1.058	109.0
546	-0.018	0.176	1.062	109.2
547	-0.018	0.175	1.050	109.4
548	-0.021	0.175	1.047	109.6
549	-0.019	0.174	1.066	109.8
550	-0.019	0.173	1.050	110.0
551	-0.020	0.174	1.059	110.2
552	-0.018	0.174	1.045	110.4
553	-0.020	0.174	1.064	110.6
554	-0.018	0.173	1.046	110.8
555	-0.018	0.171	1.051	111.0
556	-0.018	0.172	1.056	111.2
557	-0.018	0.172	1.062	111.4
558	-0.019	0.177	1.046	111.6
559	-0.019	0.173	1.050	111.8
560	-0.018	0.172	1.066	112.0
561	-0.018	0.172	1.044	112.2
562	-0.019	0.172	1.048	112.4
563	-0.018	0.175	1.049	112.6
564	-0.019	0.171	1.062	112.8
565	-0.017	0.172	1.052	113.0
566	-0.017	0.172	1.038	113.2
567	-0.020	0.172	1.051	113.4
568	-0.018	0.175	1.058	113.6
569	-0.019	0.174	1.049	113.8
570	-0.019	0.172	1.050	114.0
571	-0.018	0.174	1.050	114.2
572	-0.016	0.172	1.061	114.4
573	-0.018	0.172	1.053	114.6
574	-0.019	0.174	1.046	114.8
575	-0.018	0.175	1.046	115.0
576	-0.018	0.172	1.054	115.2
577	-0.019	0.177	1.042	115.4
578	-0.019	0.174	1.046	115.6
579	-0.016	0.173	1.056	115.8
580	-0.019	0.173	1.056	116.0
581	-0.018	0.173	1.042	116.2
582	-0.018	0.174	1.055	116.4
583	-0.019	0.171	1.055	116.6
584	-0.017	0.172	1.048	116.8
585	-0.018	0.170	1.044	117.0
586	-0.019	0.173	1.054	117.2
587	-0.015	0.173	1.058	117.4
588	-0.017	0.169	1.044	117.6
589	-0.016	0.173	1.050	117.8
590	-0.015	0.171	1.046	118.0
591	-0.019	0.175	1.046	118.2
592	-0.015	0.172	1.052	118.4
593	-0.017	0.171	1.056	118.6
594	-0.018	0.171	1.053	118.8
595	-0.015	0.173	1.050	119.0
596	-0.019	0.172	1.045	119.2
597	-0.019	0.173	1.052	119.4
598	-0.018	0.170	1.048	119.6
599	-0.018	0.173	1.048	119.8
600	-0.016	0.173	1.046	120.0
601	-0.017	0.175	1.038	120.2
602	-0.018	0.173	1.047	120.4
603	-0.016	0.171	1.046	120.6
604	-0.016	0.171	1.045	120.8
605	-0.015	0.172	1.049	121.0
606	-0.017	0.174	1.044	121.2
607	-0.017	0.171	1.046	121.4
608	-0.018	0.171	1.060	121.6
609	-0.018	0.169	1.050	121.8
610	-0.017	0.173	1.042	122.0
611	-0.017	0.176	1.043	122.2
612	-0.017	0.170	1.048	122.4
613	-0.014	0.169	1.051	122.6
614	-0.019	0.172	1.042	122.8
615	-0.016	0.173	1.056	123.0
616	-0.015	0.174	1.054	123.2
617	-0.018	0.172	1.051	123.4
618	-0.019	0.171	1.040	123.6
619	-0.018	0.172	1.054	123.8
620	-0.016	0.174	1.050	124.0
621	-0.016	0.172	1.035	124.2
622	-0.016	0.172	1.049	124.4
623	-0.015	0.170	1.050	124.6
624	-0.018	0.172	1.045	124.8
625	-0.018	0.171	1.042	125.0
626	-0.016	0.173	1.050	125.2
627	-0.017	0.170	1.046	125.4
628	-0.015	0.170	1.048	125.6
629	-0.015	0.173	1.040	125.8
630	-0.018	0.172	1.046	126.0
631	-0.017	0.173	1.056	126.2
632	-0.017	0.172	1.043	126.4
633	-0.015	0.174	1.051	126.6
634	-0.016	0.173	1.041	126.8
635	-0.015	0.172	1.045	127.0
636	-0.018	0.171	1.049	127.2
637	-0.015	0.170	1.039	127.4
638	-0.017	0.173	1.049	127.6
639	-0.016	0.173	1.057	127.8
640	-0.018	0.174	1.048	128.0
641	-0.018	0.171	1.040	128.2
642	-0.019	0.172	1.046	128.4
643	-0.016	0.171	1.043	128.6
644	-0.016	0.175	1.035	128.8
645	-0.017	0.174	1.052	129.0
646	-0.016	0.170	1.040	129.2
647	-0.012	0.172	1.045	129.4
648	-0.014	0.172	1.046	129.6
649	-0.017	0.173	1.065	129.8
650	-0.016	0.173	1.054	130.0
651	-0.017	0.170	1.046	130.2
652	-0.015	0.175	1.052	130.4
653	-0.015	0.172	1.040	130.6
654	-0.017	0.173	1.052	130.8
655	-0.016	0.169	1.045	131.0
656	-0.015	0.168	1.044	131.2
657	-0.016	0.169	1.043	131.4
658	-0.014	0.171	1.044	131.6
659	-0.016	0.171	1.052	131.8
660	-0.016	0.170	1.037	132.0
661	-0.016	0.169	1.037	132.2
662	-0.014	0.169	1.047	132.4
663	-0.016	0.168	1.054	132.6
664	-0.016	0.171	1.046	132.8
665	-0.016	0.169	1.049	133.0
666	-0.015	0.169	1.059	133.2
667	-0.015	0.170	1.042	133.4
668	-0.016	0.171	1.054	133.6
669	-0.017	0.172	1.043	133.8
670	-0.014	0.168	1.052	134.0
671	-0.015	0.170	1.042	134.2
672	-0.015	0.168	1.050	134.4
673	-0.017	0.169	1.053	134.6
674	-0.018	0.168	1.045	134.8
675	-0.016	0.167	1.037	135.0
676	-0.018	0.167	1.054	135.2
677	-0.017	0.168	1.046	135.4
678	-0.018	0.170	1.049	135.6
679	-0.018	0.168	1.050	135.8
680	-0.016	0.169	1.039	136.0
681	-0.017	0.168	1.056	136.2
682	-0.018	0.170	1.046	136.4
683	-0.017	0.170	1.046	136.6
684	-0.015	0.168	1.058	136.8
685	-0.015	0.167	1.048	137.0
686	-0.016	0.168	1.044	137.2
687	-0.018	0.169	1.044	137.4
688	-0.017	0.165	1.045	137.6
689	-0.017	0.168	1.057	137.8
690	-0.015	0.165	1.044	138.0
691	-0.017	0.166	1.035	138.2
692	-0.015	0.169	1.042	138.4
693	-0.016	0.166	1.052	138.6
694	-0.015	0.167	1.054	138.8
695	-0.015	0.166	1.049	139.0
696	-0.016	0.168	1.048	139.2
697	-0.013	0.169	1.049	139.4
698	-0.016	0.167	1.055	139.6
699	-0.013	0.167	1.050	139.8
700	-0.015	0.166	1.046	140.0
701	-0.014	0.168	1.046	140.2
702	-0.014	0.169	1.048	140.4
703	-0.013	0.167	1.048	140.6
704	-0.013	0.166	1.044	140.8
705	-0.013	0.167	1.041	141.0
706	-0.013	0.169	1.051	141.2
707	-0.012	0.168	1.042	141.4
708	-0.013	0.167	1.032	141.6
709	-0.012	0.168	1.053	141.8
710	-0.013	0.167	1.058	142.0
711	-0.013	0.168	1.054	142.2
712	-0.013	0.170	1.043	142.4
713	-0.012	0.170	1.046	142.6
714	-0.011	0.165	1.062	142.8
715	-0.011	0.169	1.051	143.0
716	-0.012	0.171	1.053	143.2
717	-0.012	0.167	1.048	143.4
718	-0.010	0.169	1.044	143.6
719	-0.013	0.168	1.057	143.8
720	-0.011	0.172	1.042	144.0
721	-0.013	0.167	1.044	144.2
722	-0.011	0.171	1.050	144.4
723	-0.012	0.166	1.044	144.6
724	-0.011	0.170	1.052	144.8
725	-0.011	0.169	1.049	145.0
726	-0.013	0.169	1.052	145.2
727	-0.014	0.169	1.045	145.4
728	-0.011	0.168	1.046	145.6
729	-0.014	0.167	1.052	145.8
730	-0.015	0.171	1.045	146.0
731	-0.015	0.169	1.050	146.2
732	-0.013	0.169	1.057	146.4
733	-0.015	0.169	1.060	146.6
734	-0.015	0.170	1.046	146.8
735	-0.015	0.169	1.038	147.0
736	-0.015	0.171	1.048	147.2
737	-0.013	0.167	1.051	147.4
738	-0.016	0.167	1.048	147.6
739	-0.012	0.170	1.057	147.8
740	-0.014	0.171	1.055	148.0
741	-0.017	0.170	1.049	148.2
742	-0.012	0.169	1.052	148.4
743	-0.013	0.169	1.056	148.6
744	-0.014	0.172	1.052	148.8
745	-0.013	0.168	1.054	149.0
746	-0.014	0.169	1.050	149.2
747	-0.013	0.168	1.055	149.4
748	-0.012	0.167	1.054	149.6
749	-0.014	0.170	1.052	149.8
750	-0.013	0.167	1.047	150.0
751	-0.012	0.166	1.060	150.2
752	-0.012	0.168	1.046	150.4
753	-0.016	0.168	1.052	150.6
754	-0.014	0.168	1.054	150.8
755	-0.011	0.169	1.046	151.0
756	-0.013	0.167	1.059	151.2
757	-0.014	0.168	1.046	151.4
758	-0.013	0.172	1.052	151.6
759	-0.011	0.169	1.050	151.8
760	-0.015	0.169	1.045	152.0
761	-0.013	0.169	1.055	152.2
762	-0.009	0.167	1.060	152.4
763	-0.013	0.170	1.050	152.6
764	-0.012	0.170	1.046	152.8
765	-0.009	0.172	1.043	153.0
766	-0.011	0.169	1.044	153.2
767	-0.014	0.170	1.049	153.4
768	-0.013	0.170	1.054	153.6
769	-0.013	0.171	1.048	153.8
770	-0.010	0.168	1.056	154.0
771	-0.010	0.171	1.056	154.2
772	-0.011	0.173	1.049	154.4
773	-0.013	0.172	1.064	154.6
774	-0.010	0.173	1.048	154.8
775	-0.012	0.170	1.050	155.0
776	-0.011	0.172	1.044	155.2
777	-0.010	0.176	1.053	155.4
778	-0.012	0.172	1.044	155.6
779	-0.011	0.174	1.057	155.8
780	-0.009	0.172	1.048	156.0
781	-0.011	0.174	1.048	156.2
782	-0.012	0.173	1.041	156.4
783	-0.009	0.175	1.058	156.6
784	-0.013	0.173	1.056	156.8
785	-0.012	0.172	1.051	157.0
786	-0.013	0.172	1.052	157.2
787	-0.013	0.174	1.049	157.4
788	-0.014	0.173	1.062	157.6
789	-0.014	0.174	1.061	157.8
790	-0.011	0.172	1.056	158.0
791	-0.012	0.175	1.056	158.2
792	-0.015	0.173	1.052	158.4
793	-0.014	0.172	1.054	158.6
794	-0.015	0.172	1.041	158.8
795	-0.013	0.170	1.059	159.0
796	-0.015	0.175	1.059	159.2
797	-0.016	0.174	1.044	159.4
798	-0.014	0.174	1.052	159.6
799	-0.013	0.174	1.061	159.8
800	-0.015	0.174	1.053	160.0
801	-0.017	0.176	1.058	160.2
802	-0.016	0.175	1.062	160.4
803	-0.015	0.176	1.056	160.6
804	-0.017	0.173	1.050	160.8
805	-0.015	0.175	1.066	161.0
806	-0.018	0.175	1.061	161.2
807	-0.016	0.174	1.062	161.4
808	-0.017	0.174	1.044	161.6
809	-0.016	0.174	1.049	161.8
810	-0.016	0.171	1.061	162.0
811	-0.016	0.175	1.059	162.2
812	-0.016	0.176	1.049	162.4
813	-0.018	0.173	1.063	162.6
814	-0.017	0.173	1.062	162.8
815	-0.018	0.176	1.051	163.0
816	-0.015	0.175	1.052	163.2
817	-0.014	0.177	1.051	163.4
818	-0.017	0.173	1.052	163.6
819	-0.016	0.173	1.055	163.8
820	-0.016	0.174	1.058	164.0
821	-0.015	0.176	1.058	164.2
822	-0.016	0.171	1.052	164.4
823	-0.015	0.172	1.050	164.6
824	-0.016	0.172	1.058	164.8
825	-0.018	0.171	1.063	165.0
826	-0.017	0.172	1.061	165.2
827	-0.016	0.172	1.052	165.4
828	-0.016	0.168	1.062	165.6
829	-0.018	0.173	1.047	165.8
830	-0.017	0.172	1.046	166.0
831	-0.016	0.171	1.052	166.2
832	-0.016	0.171	1.049	166.4
833	-0.016	0.170	1.052	166.6
834	-0.015	0.170	1.050	166.8
835	-0.014	0.171	1.059	167.0
836	-0.016	0.168	1.053	167.2
837	-0.016	0.172	1.048	167.4
838	-0.018	0.170	1.055	167.6
839	-0.019	0.172	1.053	167.8
840	-0.015	0.171	1.051	168.0
841	-0.016	0.169	1.059	168.2
842	-0.016	0.172	1.052	168.4
843	-0.015	0.170	1.056	168.6
844	-0.015	0.172	1.051	168.8
845	-0.017	0.171	1.059	169.0
846	-0.014	0.171	1.048	169.2
847	-0.013	0.169	1.054	169.4
848	-0.015	0.169	1.050	169.6
849	-0.013	0.173	1.050	169.8
850	-0.013	0.170	1.055	170.0
851	-0.012	0.169	1.056	170.2
852	-0.014	0.169	1.057	170.4
853	-0.014	0.169	1.051	170.6
854	-0.013	0.172	1.050	170.8
855	-0.011	0.169	1.055	171.0
856	-0.012	0.168	1.047	171.2
857	-0.015	0.169	1.057	171.4
858	-0.012	0.170	1.051	171.6
859	-0.012	0.169	1.037	171.8
860	-0.014	0.169	1.048	172.0
861	-0.012	0.169	1.036	172.2
862	-0.013	0.169	1.040	172.4
863	-0.011	0.171	1.051	172.6
864	-0.012	0.171	1.049	172.8
865	-0.012	0.171	1.060	173.0
866	-0.012	0.169	1.059	173.2
867	-0.013	0.169	1.048	173.4
868	-0.013	0.171	1.047	173.6
869	-0.011	0.171	1.053	173.8
870	-0.010	0.169	1.054	174.0
871	-0.012	0.170	1.056	174.2
872	-0.011	0.171	1.048	174.4
873	-0.012	0.170	1.055	174.6
874	-0.013	0.170	1.050	174.8
875	-0.013	0.168	1.058	175.0
876	-0.011	0.173	1.048	175.2
877	-0.013	0.173	1.034	175.4
878	-0.013	0.173	1.050	175.6
879	-0.010	0.170	1.052	175.8
880	-0.013	0.169	1.054	176.0
881	-0.011	0.173	1.048	176.2
882	-0.010	0.175	1.048	176.4
883	-0.012	0.173	1.048	176.6
884	-0.011	0.172	1.056	176.8
885	-0.010	0.171	1.056	177.0
886	-0.009	0.174	1.050	177.2
887	-0.011	0.172	1.049	177.4
888	-0.010	0.174	1.049	177.6
889	-0.009	0.174	1.048	177.8
890	-0.011	0.172	1.054	178.0
891	-0.011	0.173	1.051	178.2
892	-0.011	0.174	1.047	178.4
893	-0.011	0.171	1.062	178.6
894	-0.008	0.171	1.046	178.8
895	-0.011	0.174	1.054	179.0
896	-0.013	0.171	1.055	179.2
897	-0.011	0.174	1.051	179.4
898	-0.008	0.173	1.060	179.6
899	-0.011	0.171	1.055	179.8
900	-0.009	0.176	1.042	180.0
901	-0.013	0.175	1.052	180.2
902	-0.010	0.173	1.064	180.4
903	-0.010	0.174	1.053	180.6
904	-0.010	0.174	1.052	180.8
905	-0.011	0.173	1.049	181.0
906	-0.011	0.174	1.042	181.2
907	-0.011	0.173	1.052	181.4
908	-0.010	0.174	1.048	181.6
909	-0.009	0.173	1.042	181.8
910	-0.011	0.174	1.054	182.0
911	-0.010	0.175	1.054	182.2
912	-0.012	0.172	1.043	182.4
913	-0.009	0.173	1.048	182.6
914	-0.012	0.172	1.051	182.8
915	-0.011	0.174	1.050	183.0
916	-0.011	0.172	1.052	183.2
917	-0.011	0.171	1.053	183.4
918	-0.012	0.173	1.054	183.6
919	-0.012	0.174	1.048	183.8
920	-0.013	0.175	1.048	184.0
921	-0.011	0.172	1.040	184.2
922	-0.012	0.173	1.052	184.4
923	-0.013	0.175	1.050	184.6
924	-0.013	0.175	1.055	184.8
925	-0.013	0.176	1.049	185.0
926	-0.012	0.172	1.051	185.2
927	-0.014	0.174	1.046	185.4
928	-0.011	0.174	1.048	185.6
929	-0.013	0.175	1.046	185.8
930	-0.014	0.174	1.052	186.0
931	-0.013	0.170	1.056	186.2
932	-0.013	0.175	1.060	186.4
933	-0.013	0.174	1.057	186.6
934	-0.014	0.173	1.048	186.8
935	-0.013	0.174	1.046	187.0
936	-0.013	0.171	1.046	187.2
937	-0.009	0.171	1.048	187.4
938	-0.011	0.176	1.054	187.6
939	-0.012	0.170	1.042	187.8
940	-0.013	0.174	1.043	188.0
941	-0.011	0.173	1.048	188.2
942	-0.014	0.172	1.048	188.4
943	-0.014	0.175	1.057	188.6
944	-0.010	0.173	1.041	188.8
945	-0.011	0.173	1.056	189.0
946	-0.011	0.174	1.057	189.2
947	-0.011	0.173	1.040	189.4
948	-0.013	0.176	1.058	189.6
949	-0.013	0.175	1.051	189.8
950	-0.009	0.174	1.052	190.0
951	-0.010	0.172	1.052	190.2
952	-0.011	0.175	1.050	190.4
953	-0.012	0.175	1.050	190.6
954	-0.013	0.173	1.058	190.8
955	-0.010	0.176	1.044	191.0
956	-0.011	0.176	1.053	191.2
957	-0.011	0.175	1.055	191.4
958	-0.011	0.176	1.048	191.6
959	-0.010	0.172	1.060	191.8
960	-0.013	0.173	1.045	192.0
961	-0.011	0.175	1.057	192.2
962	-0.011	0.174	1.046	192.4
963	-0.011	0.176	1.061	192.6
964	-0.012	0.173	1.048	192.8
965	-0.011	0.176	1.049	193.0
966	-0.012	0.177	1.052	193.2
967	-0.012	0.173	1.051	193.4
968	-0.012	0.175	1.051	193.6
969	-0.013	0.173	1.044	193.8
970	-0.011	0.174	1.057	194.0
971	-0.013	0.174	1.044	194.2
972	-0.013	0.174	1.060	194.4
973	-0.013	0.174	1.047	194.6
974	-0.013	0.173	1.052	194.8
975	-0.016	0.173	1.058	195.0
976	-0.015	0.174	1.056	195.2
977	-0.015	0.174	1.056	195.4
978	-0.013	0.174	1.057	195.6
979	-0.013	0.174	1.055	195.8
980	-0.013	0.176	1.065	196.0
981	-0.015	0.176	1.054	196.2
982	-0.015	0.178	1.055	196.4
983	-0.015	0.175	1.044	196.6
984	-0.017	0.175	1.056	196.8
985	-0.015	0.177	1.052	197.0
986	-0.016	0.176	1.055	197.2
987	-0.017	0.174	1.056	197.4
988	-0.015	0.176	1.052	197.6
989	-0.016	0.177	1.055	197.8
990	-0.015	0.178	1.057	198.0
991	-0.016	0.175	1.060	198.2
992	-0.016	0.177	1.056	198.4
993	-0.017	0.175	1.054	198.6
994	-0.015	0.176	1.055	198.8
995	-0.016	0.179	1.044	199.0
996	-0.018	0.177	1.053	199.2
997	-0.015	0.176	1.067	199.4
998	-0.018	0.176	1.057	199.6
999	-0.017	0.176	1.050	199.8
1000	-0.018	0.177	1.061	200.0
1001	-0.016	0.175	1.050	200.2
1002	-0.015	0.176	1.054	200.4
1003	-0.017	0.176	1.058	200.6
1004	-0.016	0.177	1.061	200.8
1005	-0.018	0.177	1.054	201.0
1006	-0.016	0.175	1.048	201.2
1007	-0.017	0.177	1.054	201.4
1008	-0.017	0.176	1.058	201.6
1009	-0.018	0.178	1.050	201.8
1010	-0.017	0.177	1.057	202.0
1011	-0.018	0.175	1.054	202.2
1012	-0.015	0.177	1.058	202.4
1013	-0.017	0.176	1.046	202.6
1014	-0.018	0.178	1.048	202.8
1015	-0.019	0.177	1.060	203.0
1016	-0.016	0.175	1.044	203.2
1017	-0.030	0.248	1.224	203.4
1018	-0.035	0.410	1.421	203.6
1019	-0.033	0.398	1.416	203.8
1020	-0.030	0.393	1.390	204.0
1021	-0.030	0.390	1.386	204.2
1022	-0.029	0.388	1.407	204.4
1023	-0.027	0.389	1.389	204.6
1024	-0.030	0.386	1.387	204.8
1025	-0.027	0.385	1.389	205.0
1026	-0.029	0.383	1.385	205.2
1027	-0.028	0.385	1.393	205.4
1028	-0.026	0.383	1.378	205.6
1029	-0.026	0.380	1.383	205.8
1030	-0.026	0.379	1.378	206.0
1031	-0.028	0.382	1.377	206.2
1032	-0.027	0.380	1.375	206.4
1033	-0.026	0.378	1.377	206.6
1034	-0.026	0.375	1.383	206.8
1035	-0.026	0.377	1.372	207.0
1036	-0.026	0.379	1.373	207.2
1037	-0.028	0.379	1.377	207.4
1038	-0.026	0.377	1.375	207.6
1039	-0.027	0.376	1.365	207.8
1040	-0.029	0.374	1.371	208.0
1041	-0.026	0.379	1.367	208.2
1042	-0.026	0.378	1.368	208.4
1043	-0.026	0.374	1.363	208.6
1044	-0.024	0.373	1.363	208.8
1045	-0.022	0.373	1.368	209.0
1046	-0.025	0.376	1.379	209.2
1047	-0.026	0.378	1.370	209.4
1048	-0.024	0.372	1.367	209.6
1049	-0.024	0.372	1.363	209.8
1050	-0.025	0.375	1.366	210.0
1051	-0.025	0.377	1.363	210.2
1052	-0.024	0.375	1.373	210.4
1053	-0.026	0.372	1.371	210.6
1054	-0.023	0.373	1.368	210.8
1055	-0.025	0.373	1.366	211.0
1056	-0.024	0.376	1.372	211.2
1057	-0.024	0.374	1.363	211.4
1058	-0.024	0.369	1.369	211.6
1059	-0.025	0.370	1.377	211.8
1060	-0.025	0.371	1.360	212.0
1061	-0.025	0.376	1.368	212.2
1062	-0.026	0.373	1.357	212.4
1063	-0.023	0.370	1.361	212.6
1064	-0.021	0.371	1.372	212.8
1065	-0.024	0.372	1.360	213.0
1066	-0.024	0.372	1.369	213.2
1067	-0.025	0.370	1.376	213.4
1068	-0.024	0.374	1.362	213.6
1069	-0.025	0.374	1.371	213.8
1070	-0.026	0.372	1.363	214.0
1071	-0.026	0.371	1.371	214.2
1072	-0.022	0.374	1.365	214.4
1073	-0.025	0.368	1.358	214.6
1074	-0.025	0.374	1.365	214.8
1075	-0.023	0.374	1.363	215.0
1076	-0.024	0.373	1.368	215.2
1077	-0.024	0.370	1.370	215.4
1078	-0.023	0.370	1.366	215.6
1079	-0.026	0.372	1.363	215.8
1080	-0.023	0.371	1.367	216.0
1081	-0.025	0.369	1.378	216.2
1082	-0.023	0.370	1.375	216.4
1083	-0.024	0.371	1.372	216.6
1084	-0.024	0.374	1.363	216.8
1085	-0.024	0.371	1.371	217.0
1086	-0.024	0.370	1.371	217.2
1087	-0.024	0.371	1.367	217.4
1088	-0.024	0.371	1.357	217.6
1089	-0.025	0.369	1.369	217.8
1090	-0.022	0.370	1.372	218.0
1091	-0.025	0.369	1.357	218.2
1092	-0.023	0.367	1.353	218.4
1093	-0.024	0.369	1.371	218.6
1094	-0.026	0.370	1.363	218.8
1095	-0.022	0.370	1.361	219.0
1096	-0.023	0.367	1.357	219.2
1097	-0.024	0.369	1.372	219.4
1098	-0.021	0.368	1.369	219.6
1099	-0.022	0.370	1.359	219.8
1100	-0.026	0.368	1.359	220.0
1101	-0.023	0.366	1.361	220.2
1102	-0.022	0.369	1.355	220.4
1103	-0.022	0.369	1.369	220.6
1104	-0.024	0.368	1.359	220.8
1105	-0.022	0.365	1.355	221.0
1106	-0.024	0.368	1.359	221.2
1107	-0.026	0.368	1.357	221.4
1108	-0.024	0.366	1.366	221.6
1109	-0.024	0.364	1.353	221.8
1110	-0.024	0.365	1.360	222.0
1111	-0.022	0.366	1.357	222.2
1112	-0.024	0.368	1.357	222.4
1113	-0.023	0.363	1.364	222.6
1114	-0.022	0.361	1.359	222.8
1115	-0.023	0.362	1.345	223.0
1116	-0.022	0.366	1.368	223.2
1117	-0.024	0.364	1.357	223.4
1118	-0.023	0.363	1.342	223.6
1119	-0.021	0.363	1.361	223.8
1120	-0.023	0.367	1.358	224.0
1121	-0.023	0.365	1.353	224.2
1122	-0.021	0.365	1.361	224.4
1123	-0.021	0.362	1.357	224.6
1124	-0.019	0.364	1.353	224.8
1125	-0.023	0.365	1.359	225.0
1126	-0.023	0.366	1.363	225.2
1127	-0.020	0.364	1.345	225.4
1128	-0.021	0.362	1.363	225.6
1129	-0.022	0.363	1.364	225.8
1130	-0.022	0.364	1.352	226.0
1131	-0.024	0.363	1.357	226.2
1132	-0.020	0.364	1.348	226.4
1133	-0.021	0.362	1.356	226.6
1134	-0.019	0.362	1.348	226.8
1135	-0.022	0.362	1.352	227.0
1136	-0.020	0.362	1.348	227.2
1137	-0.020	0.361	1.361	227.4
1138	-0.021	0.362	1.356	227.6
1139	-0.018	0.359	1.352	227.8
1140	-0.021	0.364	1.357	228.0
1141	-0.019	0.364	1.353	228.2
1142	-0.019	0.362	1.364	228.4
1143	-0.019	0.364	1.353	228.6
1144	-0.020	0.366	1.355	228.8
1145	-0.022	0.366	1.361	229.0
1146	-0.022	0.364	1.355	229.2
1147	-0.020	0.362	1.349	229.4
1148	-0.020	0.364	1.339	229.6
1149	-0.019	0.368	1.357	229.8
1150	-0.018	0.366	1.355	230.0
1151	-0.018	0.364	1.356	230.2
1152	-0.019	0.363	1.355	230.4
1153	-0.020	0.368	1.350	230.6
1154	-0.020	0.368	1.358	230.8
1155	-0.020	0.364	1.353	231.0
1156	-0.018	0.364	1.362	231.2
1157	-0.019	0.363	1.362	231.4
1158	-0.022	0.366	1.359	231.6
1159	-0.022	0.366	1.365	231.8
1160	-0.019	0.366	1.363	232.0
1161	-0.021	0.363	1.348	232.2
1162	-0.021	0.369	1.355	232.4
1163	-0.018	0.367	1.355	232.6
1164	-0.019	0.368	1.357	232.8
1165	-0.022	0.365	1.351	233.0
1166	-0.019	0.364	1.353	233.2
1167	-0.022	0.366	1.361	233.4
1168	-0.021	0.368	1.363	233.6
1169	-0.020	0.367	1.357	233.8
1170	-0.020	0.365	1.351	234.0
1171	-0.019	0.367	1.358	234.2
1172	-0.023	0.368	1.353	234.4
1173	-0.022	0.366	1.356	234.6
1174	-0.022	0.366	1.357	234.8
1175	-0.022	0.366	1.351	235.0
1176	-0.022	0.365	1.356	235.2
1177	-0.020	0.367	1.358	235.4
1178	-0.023	0.363	1.353	235.6
1179	-0.024	0.366	1.351	235.8
1180	-0.022	0.366	1.361	236.0
1181	-0.021	0.366	1.351	236.2
1182	-0.024	0.369	1.355	236.4
1183	-0.022	0.369	1.363	236.6
1184	-0.024	0.366	1.359	236.8
1185	-0.024	0.367	1.360	237.0
1186	-0.024	0.366	1.361	237.2
1187	-0.025	0.368	1.355	237.4
1188	-0.024	0.367	1.364	237.6
1189	-0.024	0.368	1.360	237.8
1190	-0.023	0.366	1.349	238.0
1191	-0.026	0.369	1.357	238.2
1192	-0.025	0.368	1.363	238.4
1193	-0.021	0.367	1.362	238.6
1194	-0.025	0.369	1.354	238.8
1195	-0.024	0.367	1.364	239.0
1196	-0.024	0.369	1.364	239.2
1197	-0.024	0.368	1.354	239.4
1198	-0.024	0.366	1.353	239.6
1199	-0.022	0.367	1.360	239.8
1200	-0.025	0.367	1.363	240.0
1201	-0.023	0.370	1.355	240.2
1202	-0.022	0.369	1.355	240.4
1203	-0.026	0.365	1.362	240.6
1204	-0.024	0.368	1.361	240.8
1205	-0.022	0.372	1.359	241.0
1206	-0.027	0.367	1.367	241.2
1207	-0.024	0.367	1.373	241.4
1208	-0.023	0.366	1.359	241.6
1209	-0.025	0.366	1.358	241.8
1210	-0.023	0.368	1.356	242.0
1211	-0.021	0.367	1.357	242.2
1212	-0.025	0.366	1.356	242.4
1213	-0.024	0.367	1.360	242.6
1214	-0.023	0.367	1.365	242.8
1215	-0.025	0.368	1.360	243.0
1216	-0.023	0.369	1.355	243.2
1217	-0.024	0.366	1.353	243.4
1218	-0.024	0.366	1.363	243.6
1219	-0.022	0.369	1.357	243.8
1220	-0.024	0.368	1.362	244.0
1221	-0.022	0.368	1.360	244.2
1222	-0.022	0.367	1.362	244.4
1223	-0.022	0.367	1.357	244.6
1224	-0.022	0.369	1.351	244.8
1225	-0.022	0.367	1.358	245.0
1226	-0.022	0.366	1.348	245.2
1227	-0.022	0.365	1.351	245.4
1228	-0.022	0.365	1.351	245.6
1229	-0.021	0.368	1.355	245.8
1230	-0.021	0.366	1.357	246.0
1231	-0.022	0.366	1.362	246.2
1232	-0.023	0.366	1.361	246.4
1233	-0.022	0.366	1.359	246.6
1234	-0.022	0.367	1.353	246.8
1235	-0.022	0.365	1.351	247.0
1236	-0.021	0.365	1.358	247.2
1237	-0.020	0.363	1.358	247.4
1238	-0.023	0.367	1.356	247.6
1239	-0.023	0.366	1.357	247.8
1240	-0.022	0.364	1.353	248.0
1241	-0.024	0.364	1.353	248.2
1242	-0.023	0.368	1.355	248.4
1243	-0.022	0.368	1.359	248.6
1244	-0.023	0.364	1.356	248.8
1245	-0.022	0.367	1.363	249.0
1246	-0.021	0.364	1.354	249.2
1247	-0.021	0.370	1.359	249.4
1248	-0.021	0.366	1.367	249.6
1249	-0.021	0.365	1.347	249.8
1250	-0.021	0.364	1.359	250.0
1251	-0.022	0.368	1.357	250.2
1252	-0.021	0.368	1.351	250.4
1253	-0.022	0.366	1.349	250.6
1254	-0.020	0.365	1.352	250.8
1255	-0.020	0.364	1.361	251.0
1256	-0.020	0.366	1.353	251.2
1257	-0.021	0.369	1.355	251.4
1258	-0.019	0.365	1.364	251.6
1259	-0.020	0.363	1.346	251.8
1260	-0.020	0.364	1.359	252.0
1261	-0.021	0.366	1.358	252.2
1262	-0.019	0.367	1.349	252.4
1263	-0.019	0.365	1.353	252.6
1264	-0.020	0.368	1.357	252.8
1265	-0.022	0.369	1.355	253.0
1266	-0.020	0.369	1.351	253.2
1267	-0.019	0.367	1.355	253.4
1268	-0.021	0.367	1.369	253.6
1269	-0.018	0.366	1.365	253.8
1270	-0.020	0.369	1.362	254.0
1271	-0.019	0.369	1.348	254.2
1272	-0.022	0.364	1.352	254.4
1273	-0.019	0.365	1.357	254.6
1274	-0.021	0.366	1.351	254.8
1275	-0.019	0.369	1.347	255.0
1276	-0.022	0.367	1.353	255.2
1277	-0.021	0.368	1.355	255.4
1278	-0.021	0.368	1.369	255.6
1279	-0.021	0.370	1.356	255.8
1280	-0.021	0.371	1.353	256.0
1281	-0.021	0.368	1.354	256.2
1282	-0.020	0.369	1.363	256.4
1283	-0.019	0.368	1.363	256.6
1284	-0.018	0.369	1.344	256.8
1285	-0.021	0.367	1.351	257.0
1286	-0.016	0.368	1.349	257.2
1287	-0.020	0.368	1.360	257.4
1288	-0.019	0.369	1.355	257.6
1289	-0.020	0.369	1.360	257.8
1290	-0.021	0.368	1.364	258.0
1291	-0.018	0.368	1.352	258.2
1292	-0.020	0.369	1.341	258.4
1293	-0.018	0.369	1.360	258.6
1294	-0.021	0.368	1.353	258.8
1295	-0.021	0.368	1.350	259.0
1296	-0.019	0.368	1.355	259.2
1297	-0.020	0.367	1.357	259.4
1298	-0.019	0.368	1.359	259.6
1299	-0.021	0.368	1.350	259.8
1300	-0.022	0.365	1.359	260.0
1301	-0.021	0.365	1.355	260.2
1302	-0.025	0.368	1.355	260.4
1303	-0.020	0.365	1.362	260.6
1304	-0.023	0.363	1.353	260.8
1305	-0.022	0.362	1.362	261.0
1306	-0.022	0.365	1.352	261.2
1307	-0.026	0.364	1.353	261.4
1308	-0.021	0.365	1.363	261.6
1309	-0.025	0.365	1.344	261.8
1310	-0.023	0.364	1.347	262.0
1311	-0.021	0.362	1.357	262.2
1312	-0.024	0.365	1.355	262.4
1313	-0.024	0.365	1.347	262.6
1314	-0.026	0.366	1.344	262.8
1315	-0.023	0.361	1.357	263.0
1316	-0.022	0.362	1.365	263.2
1317	-0.024	0.366	1.351	263.4
1318	-0.022	0.368	1.348	263.6
1319	-0.026	0.362	1.360	263.8
1320	-0.022	0.362	1.363	264.0
1321	-0.024	0.364	1.357	264.2
1322	-0.026	0.364	1.346	264.4
1323	-0.022	0.364	1.360	264.6
1324	-0.024	0.362	1.352	264.8
1325	-0.024	0.362	1.370	265.0
1326	-0.023	0.364	1.353	265.2
1327	-0.025	0.362	1.357	265.4
1328	-0.023	0.362	1.357	265.6
1329	-0.022	0.364	1.359	265.8
1330	-0.023	0.364	1.364	266.0
1331	-0.022	0.362	1.357	266.2
1332	-0.027	0.362	1.344	266.4
1333	-0.022	0.362	1.349	266.6
1334	-0.026	0.360	1.358	266.8
1335	-0.023	0.363	1.359	267.0
1336	-0.022	0.364	1.353	267.2
1337	-0.025	0.365	1.355	267.4
1338	-0.022	0.362	1.375	267.6
1339	-0.022	0.363	1.343	267.8
1340	-0.025	0.364	1.363	268.0
1341	-0.023	0.367	1.364	268.2
1342	-0.026	0.361	1.361	268.4
1343	-0.023	0.363	1.354	268.6
1344	-0.025	0.359	1.367	268.8
1345	-0.026	0.364	1.353	269.0
1346	-0.022	0.361	1.367	269.2
1347	-0.026	0.362	1.343	269.4
1348	-0.024	0.361	1.372	269.6
1349	-0.022	0.364	1.360	269.8
1350	-0.028	0.363	1.362	270.0
1351	-0.022	0.364	1.353	270.2
1352	-0.025	0.365	1.361	270.4
1353	-0.025	0.363	1.372	270.6
1354	-0.024	0.365	1.357	270.8
1355	-0.024	0.365	1.360	271.0
1356	-0.021	0.364	1.369	271.2
1357	-0.024	0.364	1.360	271.4
1358	-0.023	0.365	1.367	271.6
1359	-0.022	0.364	1.355	271.8
1360	-0.025	0.366	1.364	272.0
1361	-0.020	0.364	1.369	272.2
1362	-0.025	0.365	1.349	272.4
1363	-0.024	0.366	1.375	272.6
1364	-0.024	0.365	1.352	272.8
1365	-0.025	0.363	1.349	273.0
1366	-0.024	0.367	1.368	273.2
1367	-0.021	0.364	1.362	273.4
1368	-0.022	0.366	1.367	273.6
1369	-0.024	0.366	1.357	273.8
1370	-0.024	0.365	1.374	274.0
1371	-0.022	0.366	1.355	274.2
1372	-0.024	0.368	1.361	274.4
1373	-0.022	0.368	1.367	274.6
1374	-0.022	0.368	1.356	274.8
1375	-0.024	0.368	1.359	275.0
1376	-0.023	0.368	1.364	275.2
1377	-0.019	0.369	1.370	275.4
1378	-0.024	0.369	1.359	275.6
1379	-0.021	0.370	1.368	275.8
1380	-0.024	0.368	1.355	276.0
1381	-0.022	0.366	1.369	276.2
1382	-0.022	0.367	1.357	276.4
1383	-0.024	0.365	1.352	276.6
1384	-0.022	0.365	1.372	276.8
1385	-0.020	0.363	1.361	277.0
1386	-0.022	0.365	1.367	277.2
1387	-0.023	0.366	1.355	277.4
1388	-0.021	0.367	1.361	277.6
1389	-0.021	0.363	1.368	277.8
1390	-0.021	0.363	1.349	278.0
1391	-0.021	0.365	1.370	278.2
1392	-0.022	0.368	1.347	278.4
1393	-0.023	0.362	1.361	278.6
1394	-0.022	0.362	1.358	278.8
1395	-0.021	0.363	1.353	279.0
1396	-0.022	0.362	1.367	279.2
1397	-0.020	0.362	1.352	279.4
1398	-0.021	0.362	1.363	279.6
1399	-0.022	0.360	1.355	279.8
1400	-0.022	0.361	1.361	280.0
1401	-0.018	0.365	1.357	280.2
1402	-0.022	0.361	1.371	280.4
1403	-0.019	0.358	1.365	280.6
1404	-0.019	0.360	1.354	280.8
1405	-0.020	0.364	1.357	281.0
1406	-0.017	0.365	1.371	281.2
1407	-0.017	0.361	1.357	281.4
1408	-0.018	0.359	1.350	281.6
1409	-0.019	0.362	1.356	281.8
1410	-0.018	0.363	1.349	282.0
1411	-0.018	0.363	1.352	282.2
1412	-0.015	0.359	1.369	282.4
1413	-0.019	0.360	1.343	282.6
1414	-0.016	0.362	1.356	282.8
1415	-0.018	0.364	1.353	283.0
1416	-0.018	0.364	1.352	283.2
1417	-0.017	0.363	1.356	283.4
1418	-0.013	0.361	1.354	283.6
1419	-0.018	0.361	1.355	283.8
1420	-0.015	0.361	1.350	284.0
1421	-0.016	0.362	1.349	284.2
1422	-0.019	0.361	1.359	284.4
1423	-0.018	0.362	1.354	284.6
1424	-0.018	0.364	1.340	284.8
1425	-0.017	0.365	1.359	285.0
1426	-0.017	0.360	1.349	285.2
1427	-0.017	0.362	1.353	285.4
1428	-0.017	0.364	1.339	285.6
1429	-0.018	0.365	1.357	285.8
1430	-0.017	0.363	1.360	286.0
1431	-0.019	0.362	1.345	286.2
1432	-0.018	0.363	1.354	286.4
1433	-0.016	0.361	1.368	286.6
1434	-0.019	0.364	1.343	286.8
1435	-0.019	0.363	1.356	287.0
1436	-0.019	0.361	1.355	287.2
1437	-0.019	0.362	1.359	287.4
1438	-0.018	0.362	1.356	287.6
1439	-0.017	0.366	1.344	287.8
1440	-0.019	0.363	1.346	288.0
1441	-0.019	0.362	1.357	288.2
1442	-0.019	0.363	1.348	288.4
1443	-0.019	0.363	1.355	288.6
1444	-0.019	0.367	1.347	288.8
1445	-0.022	0.365	1.361	289.0
1446	-0.018	0.364	1.353	289.2
1447	-0.022	0.366	1.345	289.4
1448	-0.021	0.366	1.352	289.6
1449	-0.019	0.366	1.345	289.8
1450	-0.022	0.363	1.360	290.0
1451	-0.021	0.363	1.354	290.2
1452	-0.019	0.365	1.353	290.4
1453	-0.018	0.366	1.364	290.6
1454	-0.019	0.366	1.357	290.8
1455	-0.021	0.365	1.357	291.0
1456	-0.020	0.363	1.360	291.2
1457	-0.019	0.367	1.359	291.4
1458	-0.021	0.365	1.357	291.6
1459	-0.019	0.365	1.358	291.8
1460	-0.020	0.363	1.353	292.0
1461	-0.020	0.365	1.359	292.2
1462	-0.020	0.366	1.348	292.4
1463	-0.023	0.364	1.351	292.6
1464	-0.021	0.364	1.356	292.8
1465	-0.019	0.363	1.347	293.0
1466	-0.021	0.366	1.361	293.2
1467	-0.019	0.367	1.340	293.4
1468	-0.019	0.368	1.355	293.6
1469	-0.018	0.364	1.357	293.8
1470	-0.018	0.364	1.355	294.0
1471	-0.018	0.368	1.346	294.2
1472	-0.019	0.369	1.363	294.4
1473	-0.015	0.365	1.351	294.6
1474	-0.017	0.365	1.351	294.8
1475	-0.016	0.365	1.355	295.0
1476	-0.015	0.367	1.362	295.2
1477	-0.016	0.368	1.367	295.4
1478	-0.013	0.366	1.353	295.6
1479	-0.014	0.367	1.364	295.8
1480	-0.013	0.368	1.357	296.0
1481	-0.016	0.368	1.349	296.2
1482	-0.015	0.369	1.357	296.4
1483	-0.011	0.366	1.355	296.6
1484	-0.012	0.368	1.351	296.8
1485	-0.013	0.366	1.352	297.0
1486	-0.013	0.370	1.357	297.2
1487	-0.010	0.368	1.357	297.4
1488	-0.010	0.367	1.365	297.6
1489	-0.013	0.370	1.355	297.8
1490	-0.012	0.369	1.371	298.0
1491	-0.013	0.368	1.355	298.2
1492	-0.010	0.366	1.364	298.4
1493	-0.012	0.364	1.361	298.6
1494	-0.012	0.366	1.359	298.8
1495	-0.011	0.365	1.359	299.0
1496	-0.009	0.367	1.351	299.2
1497	-0.011	0.364	1.353	299.4
1498	-0.011	0.363	1.365	299.6
1499	-0.011	0.364	1.351	299.8
1500	-0.009	0.368	1.349	300.0
1501	-0.011	0.365	1.349	300.2
1502	-0.007	0.366	1.367	300.4
1503	-0.007	0.368	1.353	300.6
1504	-0.012	0.370	1.361	300.8
1505	-0.008	0.371	1.359	301.0
1506	-0.009	0.369	1.349	301.2
1507	-0.011	0.368	1.360	301.4
1508	-0.009	0.370	1.371	301.6
1509	-0.009	0.368	1.358	301.8
1510	-0.012	0.369	1.359	302.0
1511	-0.009	0.366	1.359	302.2
1512	-0.007	0.364	1.362	302.4
1513	-0.009	0.368	1.355	302.6
1514	-0.008	0.369	1.353	302.8
1515	-0.009	0.366	1.349	303.0
1516	-0.009	0.366	1.357	303.2
1517	-0.008	0.369	1.367	303.4
1518	-0.018	0.554	1.762	303.6
1519	0.002	0.650	1.780	303.8
1520	0.007	0.641	1.769	304.0
1521	0.011	0.636	1.780	304.2
1522	0.011	0.636	1.782	304.4
1523	0.010	0.637	1.758	304.6
1524	0.011	0.635	1.772	304.8
1525	0.011	0.632	1.774	305.0
1526	0.011	0.632	1.759	305.2
1527	0.013	0.635	1.755	305.4
1528	0.014	0.632	1.756	305.6
1529	0.013	0.627	1.764	305.8
1530	0.014	0.630	1.750	306.0
1531	0.015	0.628	1.755	306.2
1532	0.016	0.627	1.761	306.4
1533	0.014	0.628	1.765	306.6
1534	0.015	0.627	1.757	306.8
1535	0.016	0.627	1.754	307.0
1536	0.015	0.627	1.764	307.2
1537	0.015	0.625	1.754	307.4
1538	0.015	0.624	1.746	307.6
1539	0.015	0.624	1.758	307.8
1540	0.017	0.622	1.758	308.0
1541	0.018	0.623	1.752	308.2
1542	0.017	0.625	1.756	308.4
1543	0.017	0.621	1.754	308.6
1544	0.017	0.622	1.753	308.8
1545	0.018	0.622	1.750	309.0
1546	0.018	0.623	1.752	309.2
1547	0.015	0.623	1.751	309.4
1548	0.019	0.623	1.752	309.6
1549	0.018	0.622	1.744	309.8
1550	0.018	0.624	1.750	310.0
1551	0.018	0.624	1.752	310.2
1552	0.018	0.623	1.746	310.4
1553	0.020	0.621	1.740	310.6
1554	0.020	0.622	1.751	310.8
1555	0.018	0.621	1.739	311.0
1556	0.019	0.622	1.743	311.2
1557	0.020	0.621	1.754	311.4
1558	0.019	0.620	1.748	311.6
1559	0.021	0.620	1.746	311.8
1560	0.019	0.621	1.746	312.0
1561	0.021	0.621	1.755	312.2
1562	0.018	0.620	1.742	312.4
1563	0.021	0.619	1.742	312.6
1564	0.022	0.621	1.753	312.8
1565	0.019	0.620	1.744	313.0
1566	0.021	0.619	1.742	313.2
1567	0.020	0.619	1.736	313.4
1568	0.019	0.617	1.755	313.6
1569	0.020	0.618	1.753	313.8
1570	0.020	0.620	1.735	314.0
1571	0.018	0.617	1.744	314.2
1572	0.020	0.616	1.743	314.4
1573	0.019	0.619	1.744	314.6
1574	0.018	0.620	1.751	314.8
1575	0.018	0.617	1.747	315.0
1576	0.019	0.618	1.746	315.2
1577	0.018	0.618	1.735	315.4
1578	0.017	0.619	1.742	315.6
1579	0.017	0.617	1.751	315.8
1580	0.016	0.618	1.757	316.0
1581	0.019	0.615	1.732	316.2
1582	0.018	0.618	1.754	316.4
1583	0.018	0.620	1.738	316.6
1584	0.018	0.618	1.744	316.8
1585	0.017	0.618	1.739	317.0
1586	0.022	0.617	1.739	317.2
1587	0.020	0.617	1.752	317.4
1588	0.016	0.621	1.742	317.6
1589	0.019	0.619	1.740	317.8
1590	0.020	0.616	1.733	318.0
1591	0.019	0.616	1.745	318.2
1592	0.019	0.617	1.737	318.4
1593	0.022	0.618	1.744	318.6
1594	0.019	0.616	1.743	318.8
1595	0.022	0.615	1.736	319.0
1596	0.022	0.615	1.732	319.2
1597	0.022	0.618	1.753	319.4
1598	0.022	0.616	1.731	319.6
1599	0.024	0.616	1.743	319.8
1600	0.022	0.614	1.740	320.0
1601	0.024	0.615	1.738	320.2
1602	0.022	0.616	1.730	320.4
1603	0.023	0.619	1.743	320.6
1604	0.022	0.615	1.740	320.8
1605	0.023	0.616	1.746	321.0
1606	0.023	0.618	1.730	321.2
1607	0.022	0.617	1.750	321.4
1608	0.022	0.615	1.740	321.6
1609	0.023	0.614	1.732	321.8
1610	0.023	0.615	1.739	322.0
1611	0.023	0.614	1.737	322.2
1612	0.024	0.616	1.740	322.4
1613	0.024	0.616	1.745	322.6
1614	0.022	0.613	1.729	322.8
1615	0.023	0.614	1.752	323.0
1616	0.025	0.617	1.738	323.2
1617	0.022	0.618	1.722	323.4
1618	0.024	0.613	1.730	323.6
1619	0.025	0.613	1.737	323.8
1620	0.022	0.614	1.732	324.0
1621	0.025	0.616	1.731	324.2
1622	0.025	0.614	1.731	324.4
1623	0.025	0.613	1.745	324.6
1624	0.022	0.613	1.746	324.8
1625	0.023	0.613	1.726	325.0
1626	0.025	0.615	1.749	325.2
1627	0.022	0.613	1.737	325.4
1628	0.023	0.612	1.724	325.6
1629	0.024	0.611	1.715	325.8
1630	0.024	0.614	1.738	326.0
1631	0.022	0.613	1.736	326.2
1632	0.021	0.612	1.723	326.4
1633	0.025	0.613	1.729	326.6
1634	0.023	0.611	1.733	326.8
1635	0.024	0.614	1.726	327.0
1636	0.022	0.615	1.738	327.2
1637	0.023	0.613	1.734	327.4
1638	0.023	0.609	1.746	327.6
1639	0.023	0.614	1.726	327.8
1640	0.019	0.617	1.724	328.0
1641	0.022	0.611	1.739	328.2
1642	0.020	0.612	1.736	328.4
1643	0.021	0.614	1.736	328.6
1644	0.023	0.614	1.734	328.8
1645	0.022	0.612	1.730	329.0
1646	0.022	0.614	1.736	329.2
1647	0.021	0.613	1.722	329.4
1648	0.020	0.612	1.736	329.6
1649	0.022	0.615	1.739	329.8
1650	0.019	0.614	1.717	330.0
1651	0.021	0.612	1.736	330.2
1652	0.021	0.613	1.727	330.4
1653	0.020	0.612	1.730	330.6
1654	0.023	0.612	1.734	330.8
1655	0.023	0.612	1.728	331.0
1656	0.023	0.611	1.729	331.2
1657	0.026	0.610	1.722	331.4
1658	0.023	0.614	1.720	331.6
1659	0.023	0.613	1.722	331.8
1660	0.025	0.611	1.735	332.0
1661	0.026	0.613	1.711	332.2
1662	0.026	0.613	1.718	332.4
1663	0.028	0.612	1.730	332.6
1664	0.026	0.616	1.732	332.8
1665	0.029	0.612	1.743	333.0
1666	0.028	0.610	1.734	333.2
1667	0.030	0.613	1.742	333.4
1668	0.028	0.611	1.735	333.6
1669	0.028	0.611	1.728	333.8
1670	0.027	0.612	1.732	334.0
1671	0.028	0.610	1.732	334.2
1672	0.027	0.611	1.730	334.4
1673	0.027	0.612	1.724	334.6
1674	0.027	0.612	1.737	334.8
1675	0.027	0.610	1.734	335.0
1676	0.028	0.612	1.730	335.2
1677	0.030	0.611	1.742	335.4
1678	0.029	0.611	1.733	335.6
1679	0.029	0.612	1.735	335.8
1680	0.029	0.610	1.734	336.0
1681	0.026	0.611	1.724	336.2
1682	0.028	0.613	1.728	336.4
1683	0.028	0.615	1.722	336.6
1684	0.026	0.609	1.731	336.8
1685	0.029	0.612	1.724	337.0
1686	0.027	0.612	1.724	337.2
1687	0.029	0.611	1.717	337.4
1688	0.030	0.610	1.727	337.6
1689	0.030	0.611	1.741	337.8
1690	0.027	0.611	1.737	338.0
1691	0.029	0.611	1.730	338.2
1692	0.030	0.612	1.736	338.4
1693	0.030	0.611	1.736	338.6
1694	0.029	0.609	1.725	338.8
1695	0.032	0.611	1.718	339.0
1696	0.030	0.611	1.722	339.2
1697	0.030	0.612	1.724	339.4
1698	0.031	0.612	1.732	339.6
1699	0.033	0.608	1.731	339.8
1700	0.030	0.611	1.719	340.0
1701	0.030	0.612	1.730	340.2
1702	0.032	0.610	1.740	340.4
1703	0.031	0.611	1.720	340.6
1704	0.030	0.614	1.712	340.8
1705	0.033	0.613	1.736	341.0
1706	0.030	0.613	1.725	341.2
1707	0.033	0.613	1.737	341.4
1708	0.034	0.614	1.725	341.6
1709	0.033	0.611	1.724	341.8
1710	0.031	0.614	1.718	342.0
1711	0.031	0.612	1.727	342.2
1712	0.031	0.614	1.728	342.4
1713	0.032	0.611	1.723	342.6
1714	0.032	0.612	1.733	342.8
1715	0.030	0.613	1.726	343.0
1716	0.030	0.612	1.729	343.2
1717	0.030	0.611	1.738	343.4
1718	0.029	0.611	1.721	343.6
1719	0.029	0.610	1.721	343.8
1720	0.030	0.611	1.733	344.0
1721	0.028	0.612	1.732	344.2
1722	0.029	0.611	1.728	344.4
1723	0.029	0.610	1.723	344.6
1724	0.029	0.614	1.739	344.8
1725	0.030	0.613	1.722	345.0
1726	0.028	0.611	1.724	345.2
1727	0.030	0.610	1.735	345.4
1728	0.031	0.612	1.738	345.6
1729	0.028	0.613	1.724	345.8
1730	0.031	0.614	1.719	346.0
1731	0.029	0.611	1.720	346.2
1732	0.030	0.612	1.729	346.4
1733	0.028	0.611	1.720	346.6
1734	0.027	0.612	1.726	346.8
1735	0.031	0.608	1.732	347.0
1736	0.030	0.609	1.732	347.2
1737	0.029	0.610	1.730	347.4
1738	0.029	0.611	1.730	347.6
1739	0.028	0.610	1.740	347.8
1740	0.029	0.611	1.728	348.0
1741	0.029	0.607	1.718	348.2
1742	0.030	0.608	1.713	348.4
1743	0.029	0.609	1.719	348.6
1744	0.030	0.609	1.725	348.8
1745	0.027	0.609	1.725	349.0
1746	0.028	0.610	1.719	349.2
1747	0.029	0.609	1.726	349.4
1748	0.029	0.615	1.732	349.6
1749	0.030	0.611	1.733	349.8
1750	0.029	0.610	1.711	350.0
1751	0.028	0.611	1.728	350.2
1752	0.030	0.614	1.726	350.4
1753	0.030	0.611	1.727	350.6
1754	0.028	0.609	1.713	350.8
1755	0.029	0.610	1.723	351.0
1756	0.029	0.610	1.722	351.2
1757	0.028	0.609	1.713	351.4
1758	0.027	0.612	1.720	351.6
1759	0.029	0.608	1.721	351.8
1760	0.027	0.610	1.733	352.0
1761	0.027	0.609	1.729	352.2
1762	0.029	0.612	1.727	352.4
1763	0.028	0.609	1.730	352.6
1764	0.029	0.608	1.734	352.8
1765	0.029	0.609	1.731	353.0
1766	0.027	0.611	1.727	353.2
1767	0.029	0.609	1.721	353.4
1768	0.029	0.609	1.735	353.6
1769	0.029	0.608	1.726	353.8
1770	0.029	0.610	1.714	354.0
1771	0.029	0.610	1.721	354.2
1772	0.028	0.613	1.730	354.4
1773	0.031	0.609	1.730	354.6
1774	0.032	0.609	1.713	354.8
1775	0.029	0.613	1.722	355.0
1776	0.030	0.610	1.732	355.2
1777	0.030	0.607	1.721	355.4
1778	0.029	0.609	1.720	355.6
1779	0.029	0.607	1.724	355.8
1780	0.031	0.610	1.727	356.0
1781	0.029	0.612	1.714	356.2
1782	0.027	0.611	1.727	356.4
1783	0.030	0.609	1.726	356.6
1784	0.028	0.611	1.726	356.8
1785	0.030	0.615	1.719	357.0
1786	0.030	0.613	1.723	357.2
1787	0.028	0.612	1.720	357.4
1788	0.029	0.615	1.736	357.6
1789	0.030	0.613	1.722	357.8
1790	0.028	0.614	1.726	358.0
1791	0.030	0.614	1.734	358.2
1792	0.029	0.611	1.729	358.4
1793	0.029	0.615	1.721	358.6
1794	0.027	0.611	1.732	358.8
1795	0.029	0.611	1.727	359.0
1796	0.026	0.612	1.728	359.2
1797	0.030	0.609	1.727	359.4
1798	0.030	0.608	1.716	359.6
1799	0.028	0.609	1.730	359.8
1800	0.028	0.608	1.731	360.0
1801	0.029	0.608	1.716	360.2
1802	0.027	0.608	1.710	360.4
1803	0.029	0.606	1.720	360.6
1804	0.029	0.607	1.734	360.8
1805	0.026	0.607	1.725	361.0
1806	0.026	0.605	1.717	361.2
1807	0.029	0.601	1.729	361.4
1808	0.026	0.606	1.736	361.6
1809	0.026	0.606	1.713	361.8
1810	0.028	0.606	1.728	362.0
1811	0.029	0.603	1.726	362.2
1812	0.028	0.607	1.718	362.4
1813	0.028	0.607	1.707	362.6
1814	0.028	0.604	1.737	362.8
1815	0.028	0.605	1.728	363.0
1816	0.030	0.604	1.716	363.2
1817	0.027	0.606	1.732	363.4
1818	0.029	0.606	1.736	363.6
1819	0.032	0.605	1.715	363.8
1820	0.029	0.607	1.711	364.0
1821	0.030	0.605	1.732	364.2
1822	0.030	0.606	1.732	364.4
1823	0.029	0.606	1.716	364.6
1824	0.028	0.607	1.704	364.8
1825	0.029	0.603	1.733	365.0
1826	0.031	0.605	1.735	365.2
1827	0.031	0.606	1.730	365.4
1828	0.029	0.607	1.713	365.6
1829	0.032	0.604	1.736	365.8
1830	0.030	0.606	1.726	366.0
1831	0.030	0.605	1.712	366.2
1832	0.029	0.607	1.723	366.4
1833	0.031	0.605	1.727	366.6
1834	0.029	0.604	1.712	366.8
1835	0.029	0.603	1.703	367.0
1836	0.030	0.604	1.730	367.2
1837	0.030	0.605	1.723	367.4
1838	0.028	0.604	1.725	367.6
1839	0.029	0.603	1.713	367.8
1840	0.030	0.601	1.731	368.0
1841	0.030	0.605	1.728	368.2
1842	0.028	0.603	1.728	368.4
1843	0.031	0.603	1.711	368.6
1844	0.030	0.604	1.725	368.8
1845	0.030	0.604	1.716	369.0
1846	0.031	0.605	1.721	369.2
1847	0.030	0.605	1.719	369.4
1848	0.029	0.605	1.733	369.6
1849	0.030	0.603	1.712	369.8
1850	0.031	0.603	1.729	370.0
1851	0.030	0.606	1.723	370.2
1852	0.030	0.607	1.711	370.4
1853	0.030	0.604	1.728	370.6
1854	0.033	0.603	1.737	370.8
1855	0.033	0.605	1.712	371.0
1856	0.030	0.606	1.713	371.2
1857	0.033	0.601	1.734	371.4
1858	0.031	0.605	1.708	371.6
1859	0.032	0.612	1.696	371.8
1860	0.035	0.605	1.732	372.0
1861	0.031	0.602	1.736	372.2
1862	0.033	0.607	1.689	372.4
1863	0.035	0.605	1.714	372.6
1864	0.033	0.604	1.746	372.8
1865	0.033	0.605	1.718	373.0
1866	0.034	0.610	1.691	373.2
1867	0.036	0.605	1.717	373.4
1868	0.036	0.604	1.731	373.6
1869	0.033	0.605	1.700	373.8
1870	0.033	0.609	1.704	374.0
1871	0.034	0.606	1.734	374.2
1872	0.034	0.604	1.725	374.4
1873	0.034	0.607	1.700	374.6
1874	0.036	0.608	1.712	374.8
1875	0.034	0.604	1.732	375.0
1876	0.033	0.604	1.717	375.2
1877	0.036	0.607	1.706	375.4
1878	0.035	0.608	1.716	375.6
1879	0.036	0.604	1.728	375.8
1880	0.036	0.606	1.702	376.0
1881	0.033	0.607	1.710	376.2
1882	0.036	0.603	1.721	376.4
1883	0.036	0.605	1.734	376.6
1884	0.034	0.607	1.701	376.8
1885	0.035	0.609	1.704	377.0
1886	0.036	0.603	1.726	377.2
1887	0.037	0.604	1.716	377.4
1888	0.034	0.607	1.696	377.6
1889	0.035	0.606	1.720	377.8
1890	0.038	0.603	1.723	378.0
1891	0.035	0.604	1.700	378.2
1892	0.033	0.608	1.710	378.4
1893	0.035	0.608	1.722	378.6
1894	0.038	0.603	1.724	378.8
1895	0.034	0.607	1.704	379.0
1896	0.035	0.605	1.704	379.2
1897	0.034	0.602	1.723	379.4
1898	0.035	0.606	1.708	379.6
1899	0.034	0.608	1.702	379.8
1900	0.035	0.602	1.709	380.0
1901	0.034	0.604	1.726	380.2
1902	0.032	0.604	1.722	380.4
1903	0.034	0.608	1.710	380.6
1904	0.034	0.603	1.722	380.8
1905	0.034	0.600	1.709	381.0
1906	0.036	0.604	1.708	381.2
1907	0.035	0.607	1.712	381.4
1908	0.035	0.604	1.722	381.6
1909	0.037	0.604	1.713	381.8
1910	0.037	0.604	1.707	382.0
1911	0.036	0.607	1.734	382.2
1912	0.038	0.603	1.722	382.4
1913	0.036	0.604	1.709	382.6
1914	0.036	0.604	1.728	382.8
1915	0.038	0.603	1.710	383.0
1916	0.037	0.605	1.722	383.2
1917	0.036	0.605	1.714	383.4
1918	0.036	0.603	1.720	383.6
1919	0.039	0.604	1.716	383.8
1920	0.039	0.606	1.708	384.0
1921	0.038	0.608	1.708	384.2
1922	0.040	0.604	1.712	384.4
1923	0.037	0.604	1.729	384.6
1924	0.037	0.605	1.717	384.8
1925	0.036	0.603	1.709	385.0
1926	0.040	0.604	1.724	385.2
1927	0.036	0.605	1.721	385.4
1928	0.036	0.605	1.710	385.6
1929	0.037	0.606	1.721	385.8
1930	0.037	0.600	1.721	386.0
1931	0.037	0.607	1.715	386.2
1932	0.039	0.606	1.706	386.4
1933	0.038	0.603	1.722	386.6
1934	0.040	0.602	1.726	386.8
1935	0.036	0.607	1.716	387.0
1936	0.036	0.607	1.717	387.2
1937	0.038	0.604	1.725	387.4
1938	0.038	0.603	1.724	387.6
1939	0.036	0.606	1.720	387.8
1940	0.037	0.608	1.719	388.0
1941	0.037	0.605	1.719	388.2
1942	0.037	0.604	1.720	388.4
1943	0.037	0.605	1.721	388.6
1944	0.037	0.606	1.720	388.8
1945	0.038	0.607	1.722	389.0
1946	0.038	0.606	1.706	389.2
1947	0.037	0.607	1.710	389.4
1948	0.037	0.606	1.731	389.6
1949	0.039	0.607	1.717	389.8
1950	0.037	0.607	1.726	390.0
1951	0.037	0.605	1.713	390.2
1952	0.038	0.606	1.724	390.4
1953	0.036	0.609	1.725	390.6
1954	0.038	0.609	1.704	390.8
1955	0.036	0.609	1.721	391.0
1956	0.037	0.608	1.718	391.2
1957	0.038	0.606	1.708	391.4
1958	0.037	0.610	1.709	391.6
1959	0.040	0.608	1.714	391.8
1960	0.036	0.605	1.722	392.0
1961	0.035	0.605	1.707	392.2
1962	0.037	0.606	1.725	392.4
1963	0.036	0.608	1.714	392.6
1964	0.036	0.608	1.721	392.8
1965	0.037	0.605	1.703	393.0
1966	0.036	0.605	1.720	393.2
1967	0.036	0.604	1.725	393.4
1968	0.034	0.606	1.705	393.6
1969	0.035	0.608	1.710	393.8
1970	0.033	0.603	1.723	394.0
1971	0.033	0.601	1.720	394.2
1972	0.033	0.607	1.707	394.4
1973	0.032	0.607	1.708	394.6
1974	0.034	0.604	1.723	394.8
1975	0.034	0.605	1.716	395.0
1976	0.033	0.607	1.711	395.2
1977	0.032	0.608	1.723	395.4
1978	0.033	0.606	1.709	395.6
1979	0.033	0.605	1.712	395.8
1980	0.035	0.605	1.708	396.0
1981	0.036	0.608	1.720	396.2
1982	0.033	0.605	1.704	396.4
1983	0.035	0.607	1.722	396.6
1984	0.036	0.606	1.707	396.8
1985	0.035	0.607	1.715	397.0
1986	0.037	0.606	1.724	397.2
1987	0.036	0.609	1.717	397.4
1988	0.035	0.607	1.718	397.6
1989	0.037	0.604	1.721	397.8
1990	0.036	0.602	1.724	398.0
1991	0.037	0.606	1.716	398.2
1992	0.037	0.608	1.713	398.4
1993	0.037	0.604	1.717	398.6
1994	0.041	0.604	1.725	398.8
1995	0.040	0.606	1.711	399.0
1996	0.039	0.606	1.710	399.2
1997	0.039	0.605	1.712	399.4
1998	0.037	0.603	1.726	399.6
1999	0.040	0.603	1.717	399.8
2000	0.038	0.607	1.715	400.0
2001	0.037	0.604	1.717	400.2
2002	0.038	0.602	1.728	400.4
2003	0.036	0.605	1.723	400.6
2004	0.039	0.603	1.705	400.8
2005	0.038	0.605	1.719	401.0
2006	0.039	0.603	1.720	401.2
2007	0.038	0.603	1.710	401.4
2008	0.038	0.604	1.720	401.6
2009	0.037	0.604	1.727	401.8
2010	0.038	0.605	1.713	402.0
2011	0.037	0.604	1.711	402.2
2012	0.040	0.604	1.720	402.4
2013	0.037	0.603	1.722	402.6
2014	0.038	0.605	1.718	402.8
2015	0.038	0.607	1.719	403.0
2016	0.038	0.603	1.723	403.2
2017	0.041	0.606	1.709	403.4
2018	0.038	0.605	1.705	403.6
2019	0.010	0.907	2.150	403.8
2020	0.018	0.927	2.267	404.0
2021	0.020	0.926	2.205	404.2
2022	0.023	0.924	2.210	404.4
2023	0.022	0.919	2.211	404.6
2024	0.025	0.919	2.229	404.8
2025	0.027	0.920	2.196	405.0
2026	0.028	0.916	2.194	405.2
2027	0.030	0.913	2.215	405.4
2028	0.029	0.916	2.203	405.6
2029	0.030	0.915	2.183	405.8
2030	0.030	0.916	2.202	406.0
2031	0.032	0.911	2.207	406.2
2032	0.030	0.911	2.188	406.4
2033	0.029	0.912	2.181	406.6
2034	0.032	0.913	2.200	406.8
2035	0.032	0.909	2.199	407.0
2036	0.030	0.908	2.194	407.2
2037	0.031	0.908	2.182	407.4
2038	0.031	0.909	2.186	407.6
2039	0.031	0.908	2.196	407.8
2040	0.032	0.909	2.191	408.0
2041	0.030	0.908	2.194	408.2
2042	0.033	0.905	2.194	408.4
2043	0.033	0.908	2.193	408.6
2044	0.031	0.904	2.187	408.8
2045	0.030	0.906	2.192	409.0
2046	0.032	0.906	2.181	409.2
2047	0.032	0.907	2.192	409.4
2048	0.032	0.906	2.185	409.6
2049	0.035	0.905	2.181	409.8
2050	0.033	0.905	2.183	410.0
2051	0.034	0.906	2.190	410.2
2052	0.034	0.907	2.180	410.4
2053	0.034	0.907	2.186	410.6
2054	0.035	0.907	2.192	410.8
2055	0.036	0.904	2.187	411.0
2056	0.034	0.907	2.177	411.2
2057	0.034	0.903	2.182	411.4
2058	0.035	0.902	2.177	411.6
2059	0.034	0.899	2.188	411.8
2060	0.035	0.904	2.175	412.0
2061	0.036	0.903	2.182	412.2
2062	0.035	0.903	2.183	412.4
2063	0.036	0.901	2.179	412.6
2064	0.037	0.900	2.171	412.8
2065	0.034	0.899	2.176	413.0
2066	0.036	0.902	2.198	413.2
2067	0.035	0.905	2.171	413.4
2068	0.033	0.900	2.174	413.6
2069	0.036	0.898	2.181	413.8
2070	0.036	0.899	2.170	414.0
2071	0.036	0.904	2.182	414.2
2072	0.036	0.901	2.177	414.4
2073	0.035	0.898	2.184	414.6
2074	0.036	0.896	2.161	414.8
2075	0.034	0.899	2.168	415.0
2076	0.037	0.899	2.175	415.2
2077	0.037	0.898	2.168	415.4
2078	0.036	0.898	2.178	415.6
2079	0.037	0.898	2.186	415.8
2080	0.037	0.896	2.182	416.0
2081	0.037	0.896	2.174	416.2
2082	0.036	0.896	2.175	416.4
2083	0.036	0.896	2.187	416.6
2084	0.037	0.895	2.178	416.8
2085	0.037	0.898	2.172	417.0
2086	0.036	0.894	2.170	417.2
2087	0.037	0.892	2.183	417.4
2088	0.039	0.892	2.179	417.6
2089	0.038	0.895	2.158	417.8
2090	0.035	0.893	2.183	418.0
2091	0.037	0.891	2.194	418.2
2092	0.037	0.892	2.184	418.4
2093	0.037	0.894	2.170	418.6
2094	0.036	0.893	2.185	418.8
2095	0.035	0.891	2.181	419.0
2096	0.036	0.894	2.172	419.2
2097	0.036	0.890	2.170	419.4
2098	0.037	0.890	2.171	419.6
2099	0.038	0.892	2.174	419.8
2100	0.038	0.894	2.169	420.0
2101	0.036	0.892	2.178	420.2
2102	0.038	0.891	2.183	420.4
2103	0.037	0.893	2.172	420.6
2104	0.036	0.894	2.170	420.8
2105	0.037	0.892	2.170	421.0
2106	0.038	0.892	2.172	421.2
2107	0.037	0.895	2.170	421.4
2108	0.037	0.895	2.163	421.6
2109	0.036	0.893	2.183	421.8
2110	0.038	0.890	2.167	422.0
2111	0.036	0.891	2.173	422.2
2112	0.036	0.896	2.166	422.4
2113	0.037	0.894	2.171	422.6
2114	0.037	0.895	2.165	422.8
2115	0.037	0.894	2.167	423.0
2116	0.038	0.893	2.167	423.2
2117	0.037	0.894	2.170	423.4
2118	0.038	0.893	2.165	423.6
2119	0.040	0.898	2.156	423.8
2120	0.038	0.890	2.163	424.0
2121	0.038	0.893	2.166	424.2
2122	0.040	0.896	2.160	424.4
2123	0.040	0.893	2.167	424.6
2124	0.038	0.893	2.167	424.8
2125	0.040	0.895	2.156	425.0
2126	0.037	0.897	2.163	425.2
2127	0.041	0.897	2.162	425.4
2128	0.038	0.895	2.165	425.6
2129	0.040	0.892	2.166	425.8
2130	0.040	0.894	2.162	426.0
2131	0.041	0.895	2.165	426.2
2132	0.040	0.896	2.165	426.4
2133	0.038	0.895	2.161	426.6
2134	0.040	0.893	2.171	426.8
2135	0.040	0.893	2.158	427.0
2136	0.038	0.896	2.165	427.2
2137	0.038	0.896	2.164	427.4
2138	0.039	0.895	2.163	427.6
2139	0.040	0.895	2.166	427.8
2140	0.037	0.894	2.159	428.0
2141	0.038	0.895	2.166	428.2
2142	0.037	0.896	2.174	428.4
2143	0.037	0.895	2.164	428.6
2144	0.038	0.896	2.167	428.8
2145	0.037	0.895	2.159	429.0
2146	0.037	0.895	2.175	429.2
2147	0.038	0.894	2.157	429.4
2148	0.039	0.894	2.165	429.6
2149	0.037	0.894	2.170	429.8
2150	0.041	0.893	2.155	430.0
2151	0.036	0.894	2.171	430.2
2152	0.037	0.891	2.168	430.4
2153	0.040	0.893	2.161	430.6
2154	0.038	0.895	2.161	430.8
2155	0.038	0.894	2.159	431.0
2156	0.040	0.893	2.160	431.2
2157	0.038	0.893	2.160	431.4
2158	0.040	0.893	2.165	431.6
2159	0.037	0.895	2.173	431.8
2160	0.037	0.894	2.161	432.0
2161	0.038	0.893	2.160	432.2
2162	0.040	0.892	2.160	432.4
2163	0.038	0.892	2.162	432.6
2164	0.037	0.890	2.159	432.8
2165	0.038	0.892	2.168	433.0
2166	0.039	0.892	2.174	433.2
2167	0.038	0.891	2.163	433.4
2168	0.038	0.891	2.166	433.6
2169	0.037	0.893	2.166	433.8
2170	0.040	0.890	2.170	434.0
2171	0.040	0.889	2.162	434.2
2172	0.039	0.891	2.145	434.4
2173	0.041	0.891	2.148	434.6
2174	0.038	0.890	2.173	434.8
2175	0.038	0.891	2.162	435.0
2176	0.038	0.891	2.155	435.2
2177	0.038	0.890	2.161	435.4
2178	0.037	0.889	2.175	435.6
2179	0.038	0.889	2.171	435.8
2180	0.039	0.886	2.159	436.0
2181	0.039	0.887	2.163	436.2
2182	0.037	0.887	2.168	436.4
2183	0.038	0.891	2.159	436.6
2184	0.040	0.889	2.164	436.8
2185	0.039	0.884	2.169	437.0
2186	0.039	0.886	2.159	437.2
2187	0.041	0.886	2.158	437.4
2188	0.040	0.888	2.164	437.6
2189	0.038	0.886	2.167	437.8
2190	0.040	0.886	2.162	438.0
2191	0.039	0.886	2.156	438.2
2192	0.040	0.888	2.152	438.4
2193	0.040	0.887	2.165	438.6
2194	0.040	0.886	2.154	438.8
2195	0.039	0.886	2.161	439.0
2196	0.040	0.888	2.159	439.2
2197	0.040	0.888	2.168	439.4
2198	0.040	0.887	2.163	439.6
2199	0.040	0.884	2.164	439.8
2200	0.041	0.885	2.160	440.0
2201	0.039	0.888	2.151	440.2
2202	0.040	0.889	2.153	440.4
2203	0.038	0.888	2.151	440.6
2204	0.040	0.883	2.154	440.8
2205	0.041	0.885	2.151	441.0
2206	0.040	0.887	2.156	441.2
2207	0.041	0.887	2.163	441.4
2208	0.042	0.884	2.162	441.6
2209	0.040	0.885	2.157	441.8
2210	0.043	0.886	2.164	442.0
2211	0.041	0.887	2.149	442.2
2212	0.041	0.884	2.171	442.4
2213	0.041	0.884	2.160	442.6
2214	0.040	0.887	2.161	442.8
2215	0.042	0.887	2.154	443.0
2216	0.042	0.886	2.163	443.2
2217	0.041	0.887	2.155	443.4
2218	0.042	0.886	2.147	443.6
2219	0.041	0.885	2.165	443.8
2220	0.041	0.885	2.153	444.0
2221	0.042	0.887	2.158	444.2
2222	0.041	0.887	2.165	444.4
2223	0.044	0.885	2.166	444.6
2224	0.043	0.885	2.159	444.8
2225	0.041	0.890	2.157	445.0
2226	0.043	0.887	2.160	445.2
2227	0.041	0.884	2.167	445.4
2228	0.042	0.886	2.162	445.6
2229	0.041	0.889	2.156	445.8
2230	0.042	0.886	2.171	446.0
2231	0.041	0.885	2.152	446.2
2232	0.044	0.887	2.156	446.4
2233	0.040	0.889	2.162	446.6
2234	0.038	0.887	2.162	446.8
2235	0.042	0.887	2.155	447.0
2236	0.041	0.887	2.144	447.2
2237	0.040	0.886	2.156	447.4
2238	0.042	0.886	2.167	447.6
2239	0.041	0.887	2.156	447.8
2240	0.040	0.890	2.150	448.0
2241	0.043	0.887	2.163	448.2
2242	0.041	0.886	2.174	448.4
2243	0.042	0.889	2.143	448.6
2244	0.041	0.887	2.146	448.8
2245	0.043	0.883	2.168	449.0
2246	0.041	0.884	2.160	449.2
2247	0.041	0.887	2.154	449.4
2248	0.042	0.887	2.151	449.6
2249	0.041	0.887	2.170	449.8
2250	0.041	0.884	2.143	450.0
2251	0.042	0.887	2.148	450.2
2252	0.043	0.885	2.155	450.4
2253	0.044	0.887	2.163	450.6
2254	0.044	0.887	2.146	450.8
2255	0.044	0.886	2.143	451.0
2256	0.042	0.884	2.162	451.2
2257	0.045	0.883	2.155	451.4
2258	0.042	0.887	2.142	451.6
2259	0.044	0.886	2.137	451.8
2260	0.044	0.887	2.160	452.0
2261	0.043	0.886	2.162	452.2
2262	0.044	0.888	2.142	452.4
2263	0.042	0.890	2.162	452.6
2264	0.044	0.885	2.167	452.8
2265	0.045	0.883	2.154	453.0
2266	0.044	0.887	2.143	453.2
2267	0.046	0.888	2.161	453.4
2268	0.046	0.885	2.183	453.6
2269	0.042	0.890	2.122	453.8
2270	0.046	0.888	2.138	454.0
2271	0.046	0.882	2.183	454.2
2272	0.046	0.885	2.169	454.4
2273	0.044	0.890	2.126	454.6
2274	0.044	0.885	2.159	454.8
2275	0.044	0.881	2.175	455.0
2276	0.044	0.885	2.144	455.2
2277	0.042	0.888	2.137	455.4
2278	0.046	0.885	2.169	455.6
2279	0.044	0.885	2.167	455.8
2280	0.046	0.887	2.139	456.0
2281	0.045	0.887	2.149	456.2
2282	0.044	0.887	2.172	456.4
2283	0.042	0.886	2.143	456.6
2284	0.043	0.887	2.155	456.8
2285	0.044	0.882	2.168	457.0
2286	0.045	0.886	2.143	457.2
2287	0.044	0.886	2.150	457.4
2288	0.046	0.885	2.160	457.6
2289	0.045	0.881	2.158	457.8
2290	0.043	0.889	2.124	458.0
2291	0.043	0.889	2.160	458.2
2292	0.046	0.881	2.185	458.4
2293	0.046	0.887	2.139	458.6
2294	0.044	0.890	2.131	458.8
2295	0.045	0.886	2.166	459.0
2296	0.044	0.883	2.182	459.2
2297	0.044	0.885	2.142	459.4
2298	0.044	0.883	2.135	459.6
2299	0.045	0.882	2.161	459.8
2300	0.044	0.882	2.155	460.0
2301	0.045	0.886	2.152	460.2
2302	0.043	0.883	2.159	460.4
2303	0.044	0.884	2.151	460.6
2304	0.042	0.884	2.156	460.8
2305	0.042	0.885	2.139	461.0
2306	0.043	0.883	2.144	461.2
2307	0.045	0.880	2.139	461.4
2308	0.042	0.885	2.152	461.6
2309	0.042	0.882	2.159	461.8
2310	0.042	0.881	2.150	462.0
2311	0.044	0.882	2.137	462.2
2312	0.042	0.881	2.159	462.4
2313	0.045	0.881	2.159	462.6
2314	0.041	0.884	2.143	462.8
2315	0.042	0.886	2.131	463.0
2316	0.042	0.880	2.164	463.2
2317	0.043	0.877	2.153	463.4
2318	0.041	0.881	2.135	463.6
2319	0.041	0.881	2.144	463.8
2320	0.042	0.878	2.147	464.0
2321	0.041	0.879	2.159	464.2
2322	0.042	0.881	2.149	464.4
2323	0.041	0.883	2.140	464.6
2324	0.038	0.880	2.152	464.8
2325	0.041	0.880	2.153	465.0
2326	0.040	0.877	2.138	465.2
2327	0.041	0.880	2.148	465.4
2328	0.042	0.878	2.155	465.6
2329	0.040	0.880	2.145	465.8
2330	0.041	0.878	2.135	466.0
2331	0.041	0.879	2.139	466.2
2332	0.040	0.878	2.152	466.4
2333	0.040	0.881	2.147	466.6
2334	0.041	0.882	2.136	466.8
2335	0.041	0.879	2.159	467.0
2336	0.040	0.878	2.155	467.2
2337	0.036	0.880	2.130	467.4
2338	0.041	0.882	2.151	467.6
2339	0.041	0.881	2.152	467.8
2340	0.040	0.879	2.148	468.0
2341	0.042	0.882	2.131	468.2
2342	0.041	0.881	2.158	468.4
2343	0.042	0.881	2.152	468.6
2344	0.042	0.880	2.148	468.8
2345	0.041	0.881	2.151	469.0
2346	0.041	0.880	2.160	469.2
2347	0.040	0.881	2.145	469.4
2348	0.039	0.882	2.139	469.6
2349	0.040	0.879	2.147	469.8
2350	0.041	0.877	2.157	470.0
2351	0.040	0.880	2.143	470.2
2352	0.038	0.886	2.141	470.4
2353	0.040	0.881	2.144	470.6
2354	0.038	0.880	2.148	470.8
2355	0.038	0.878	2.153	471.0
2356	0.037	0.879	2.135	471.2
2357	0.036	0.882	2.141	471.4
2358	0.039	0.877	2.154	471.6
2359	0.041	0.878	2.140	471.8
2360	0.038	0.883	2.138	472.0
2361	0.038	0.881	2.143	472.2
2362	0.038	0.879	2.174	472.4
2363	0.038	0.880	2.146	472.6
2364	0.040	0.881	2.133	472.8
2365	0.041	0.881	2.152	473.0
2366	0.040	0.878	2.153	473.2
2367	0.039	0.882	2.134	473.4
2368	0.038	0.878	2.135	473.6
2369	0.041	0.882	2.149	473.8
2370	0.039	0.880	2.139	474.0
2371	0.037	0.881	2.139	474.2
2372	0.038	0.882	2.143	474.4
2373	0.039	0.879	2.148	474.6
2374	0.041	0.881	2.136	474.8
2375	0.038	0.883	2.141	475.0
2376	0.039	0.882	2.149	475.2
2377	0.041	0.880	2.152	475.4
2378	0.041	0.880	2.141	475.6
2379	0.038	0.880	2.146	475.8
2380	0.042	0.881	2.142	476.0
2381	0.039	0.879	2.144	476.2
2382	0.040	0.879	2.143	476.4
2383	0.041	0.880	2.141	476.6
2384	0.040	0.879	2.155	476.8
2385	0.040	0.881	2.158	477.0
2386	0.039	0.883	2.141	477.2
2387	0.041	0.882	2.141	477.4
2388	0.042	0.878	2.156	477.6
2389	0.041	0.880	2.148	477.8
2390	0.040	0.885	2.134	478.0
2391	0.042	0.882	2.135	478.2
2392	0.041	0.879	2.158	478.4
2393	0.043	0.879	2.143	478.6
2394	0.041	0.882	2.135	478.8
2395	0.041	0.882	2.149	479.0
2396	0.041	0.879	2.155	479.2
2397	0.043	0.881	2.150	479.4
2398	0.042	0.881	2.131	479.6
2399	0.043	0.884	2.148	479.8
2400	0.043	0.880	2.152	480.0
2401	0.042	0.881	2.143	480.2
2402	0.043	0.883	2.150	480.4
2403	0.042	0.884	2.155	480.6
2404	0.045	0.881	2.159	480.8
2405	0.044	0.880	2.165	481.0
2406	0.043	0.880	2.155	481.2
2407	0.045	0.881	2.138	481.4
2408	0.043	0.883	2.140	481.6
2409	0.047	0.886	2.147	481.8
2410	0.044	0.883	2.139	482.0
2411	0.044	0.882	2.139	482.2
2412	0.045	0.882	2.148	482.4
2413	0.045	0.882	2.155	482.6
2414	0.044	0.882	2.143	482.8
2415	0.044	0.881	2.135	483.0
2416	0.045	0.881	2.136	483.2
2417	0.044	0.882	2.150	483.4
2418	0.046	0.883	2.149	483.6
2419	0.044	0.881	2.141	483.8
2420	0.047	0.881	2.143	484.0
2421	0.044	0.882	2.146	484.2
2422	0.044	0.885	2.153	484.4
2423	0.045	0.883	2.143	484.6
2424	0.045	0.880	2.144	484.8
2425	0.045	0.882	2.146	485.0
2426	0.047	0.882	2.137	485.2
2427	0.045	0.882	2.149	485.4
2428	0.046	0.883	2.155	485.6
2429	0.045	0.882	2.134	485.8
2430	0.044	0.882	2.146	486.0
2431	0.046	0.881	2.165	486.2
2432	0.044	0.881	2.154	486.4
2433	0.045	0.881	2.132	486.6
2434	0.047	0.881	2.144	486.8
2435	0.045	0.879	2.144	487.0
2436	0.044	0.882	2.133	487.2
2437	0.044	0.879	2.130	487.4
2438	0.045	0.878	2.148	487.6
2439	0.045	0.878	2.141	487.8
2440	0.045	0.880	2.128	488.0
2441	0.046	0.881	2.139	488.2
2442	0.043	0.880	2.138	488.4
2443	0.044	0.879	2.135	488.6
2444	0.045	0.878	2.149	488.8
2445	0.046	0.879	2.158	489.0
2446	0.043	0.881	2.130	489.2
2447	0.044	0.879	2.135	489.4
2448	0.044	0.875	2.152	489.6
2449	0.042	0.879	2.148	489.8
2450	0.043	0.882	2.136	490.0
2451	0.043	0.878	2.158	490.2
2452	0.043	0.876	2.157	490.4
2453	0.044	0.878	2.124	490.6
2454	0.046	0.883	2.132	490.8
2455	0.043	0.879	2.154	491.0
2456	0.044	0.879	2.151	491.2
2457	0.042	0.880	2.125	491.4
2458	0.042	0.878	2.148	491.6
2459	0.044	0.878	2.163	491.8
2460	0.044	0.880	2.144	492.0
2461	0.041	0.882	2.138	492.2
2462	0.044	0.880	2.149	492.4
2463	0.044	0.878	2.148	492.6
2464	0.042	0.879	2.139	492.8
2465	0.041	0.880	2.147	493.0
2466	0.045	0.878	2.152	493.2
2467	0.045	0.878	2.145	493.4
2468	0.044	0.880	2.152	493.6
2469	0.042	0.881	2.148	493.8
2470	0.044	0.880	2.147	494.0
2471	0.043	0.879	2.142	494.2
2472	0.044	0.878	2.142	494.4
2473	0.043	0.878	2.149	494.6
2474	0.044	0.879	2.144	494.8
2475	0.043	0.881	2.140	495.0
2476	0.045	0.879	2.140	495.2
2477	0.044	0.877	2.136	495.4
2478	0.043	0.881	2.153	495.6
2479	0.045	0.879	2.143	495.8
2480	0.042	0.878	2.143	496.0
2481	0.044	0.876	2.151	496.2
2482	0.041	0.879	2.141	496.4
2483	0.042	0.881	2.139	496.6
2484	0.045	0.878	2.135	496.8
2485	0.044	0.877	2.136	497.0
2486	0.043	0.879	2.143	497.2
2487	0.044	0.879	2.151	497.4
2488	0.042	0.881	2.151	497.6
2489	0.042	0.877	2.137	497.8
2490	0.044	0.876	2.145	498.0
2491	0.042	0.877	2.159	498.2
2492	0.042	0.879	2.137	498.4
2493	0.042	0.880	2.134	498.6
2494	0.042	0.876	2.145	498.8
2495	0.044	0.876	2.153	499.0
2496	0.043	0.878	2.130	499.2
2497	0.044	0.881	2.145	499.4
2498	0.043	0.879	2.153	499.6
2499	0.044	0.879	2.151	499.8
2500	0.045	0.877	2.126	500.0
2501	0.043	0.880	2.134	500.2
2502	0.043	0.878	2.141	500.4
2503	0.045	0.876	2.140	500.6
2504	0.042	0.878	2.144	500.8
2505	0.045	0.878	2.132	501.0
2506	0.041	0.879	2.132	501.2
2507	0.043	0.880	2.146	501.4
2508	0.045	0.878	2.152	501.6
2509	0.043	0.875	2.146	501.8
2510	0.044	0.877	2.137	502.0
2511	0.045	0.878	2.131	502.2
2512	0.043	0.877	2.151	502.4
2513	0.043	0.880	2.145	502.6
2514	0.044	0.877	2.130	502.8
2515	0.045	0.877	2.155	503.0
2516	0.041	0.880	2.140	503.2
2517	0.042	0.879	2.136	503.4
2518	0.042	0.877	2.139	503.6
2519	0.047	0.838	1.971	503.8
2520	0.088	0.405	1.270	504.0
2521	-0.010	0.047	0.785	504.2
2522	0.004	-0.010	0.768	504.4
2523	0.004	-0.007	0.755	504.6
2524	0.004	-0.002	0.780	504.8
2525	0.001	-0.001	0.777	505.0
2526	0.002	-0.004	0.750	505.2
2527	0.002	-0.015	0.772	505.4
2528	0.001	-0.019	0.767	505.6
2529	0.004	-0.013	0.766	505.8
2530	0.001	-0.007	0.772	506.0
2531	0.004	0.000	0.772	506.2
2532	0.004	-0.005	0.770	506.4
2533	0.005	-0.004	0.757	506.6
2534	0.004	-0.008	0.764	506.8
2535	0.003	-0.011	0.765	507.0
2536	0.003	-0.014	0.772	507.2
2537	0.003	-0.013	0.767	507.4
2538	0.004	-0.009	0.768	507.6
2539	0.005	-0.007	0.775	507.8
2540	0.006	-0.005	0.757	508.0
2541	0.003	-0.006	0.761	508.2
2542	0.003	-0.009	0.765	508.4
2543	0.006	-0.011	0.769	508.6
2544	0.002	-0.008	0.768	508.8
2545	0.002	-0.010	0.772	509.0
2546	0.003	-0.009	0.765	509.2
2547	0.004	-0.009	0.769	509.4
2548	0.004	-0.005	0.764	509.6
2549	0.003	-0.004	0.773	509.8
2550	0.003	-0.005	0.767	510.0
2551	0.005	-0.007	0.761	510.2
2552	0.003	-0.008	0.769	510.4
2553	0.004	-0.007	0.758	510.6
2554	0.000	-0.011	0.765	510.8
2555	0.002	-0.008	0.773	511.0
2556	0.001	-0.006	0.765	511.2
2557	0.004	-0.007	0.772	511.4
2558	0.004	-0.006	0.764	511.6
2559	0.002	-0.007	0.760	511.8
2560	0.003	-0.010	0.758	512.0
2561	0.001	-0.010	0.768	512.2
2562	0.000	-0.011	0.769	512.4
2563	0.002	-0.009	0.767	512.6
2564	0.000	-0.009	0.770	512.8
2565	0.001	-0.007	0.763	513.0
2566	0.001	-0.009	0.767	513.2
2567	0.000	-0.006	0.762	513.4
2568	-0.001	-0.007	0.767	513.6
2569	-0.001	-0.009	0.763	513.8
2570	0.004	-0.012	0.757	514.0
2571	0.002	-0.011	0.769	514.2
2572	0.001	-0.009	0.771	514.4
2573	0.000	-0.007	0.776	514.6
2574	0.003	-0.007	0.768	514.8
2575	0.001	-0.007	0.760	515.0
2576	0.002	-0.005	0.758	515.2
2577	0.000	-0.009	0.760	515.4
2578	0.000	-0.007	0.763	515.6
2579	0.000	-0.011	0.761	515.8
2580	0.000	-0.009	0.766	516.0
2581	0.001	-0.008	0.768	516.2
2582	0.003	-0.004	0.770	516.4
2583	0.004	-0.007	0.773	516.6
2584	0.003	-0.007	0.772	516.8
2585	0.003	-0.010	0.771	517.0
2586	0.001	-0.009	0.764	517.2
2587	0.003	-0.011	0.763	517.4
2588	0.002	-0.009	0.753	517.6
2589	0.004	-0.009	0.764	517.8
2590	0.003	-0.005	0.771	518.0
2591	0.003	-0.003	0.774	518.2
2592	0.004	-0.007	0.774	518.4
2593	0.005	-0.007	0.761	518.6
2594	0.003	-0.010	0.768	518.8
2595	0.005	-0.013	0.765	519.0
2596	0.005	-0.010	0.765	519.2
2597	0.005	-0.007	0.772	519.4
2598	0.004	-0.005	0.771	519.6
2599	0.003	-0.005	0.764	519.8
2600	0.003	-0.003	0.762	520.0
2601	0.004	-0.007	0.765	520.2
2602	0.002	-0.010	0.764	520.4
2603	0.001	-0.012	0.756	520.6
2604	0.003	-0.011	0.772	520.8
2605	0.003	-0.006	0.776	521.0
2606	0.003	-0.006	0.769	521.2
2607	0.002	-0.007	0.773	521.4
2608	0.002	-0.008	0.772	521.6
2609	0.004	-0.005	0.764	521.8
2610	0.000	-0.008	0.777	522.0
2611	0.001	-0.009	0.762	522.2
2612	0.001	-0.013	0.763	522.4
2613	0.001	-0.008	0.767	522.6
2614	0.002	-0.008	0.772	522.8
2615	0.002	-0.007	0.766	523.0
2616	0.000	-0.011	0.763	523.2
2617	0.002	-0.007	0.773	523.4
2618	0.001	-0.010	0.766	523.6
2619	0.000	-0.010	0.767	523.8
2620	0.001	-0.009	0.766	524.0
2621	0.000	-0.010	0.768	524.2
2622	0.002	-0.010	0.761	524.4
2623	0.001	-0.009	0.770	524.6
2624	-0.002	-0.007	0.765	524.8
2625	0.002	-0.010	0.770	525.0
2626	0.000	-0.009	0.762	525.2
2627	0.001	-0.010	0.766	525.4
2628	0.001	-0.008	0.767	525.6
2629	0.000	-0.010	0.773	525.8
2630	0.000	-0.008	0.767	526.0
2631	0.003	-0.013	0.768	526.2
2632	0.001	-0.009	0.765	526.4
2633	-0.001	-0.009	0.762	526.6
2634	0.001	-0.006	0.764	526.8
2635	0.001	-0.011	0.761	527.0
2636	-0.001	-0.007	0.763	527.2
2637	-0.002	-0.010	0.764	527.4
2638	0.001	-0.008	0.769	527.6
2639	0.000	-0.009	0.767	527.8
2640	0.001	-0.009	0.768	528.0
2641	0.001	-0.007	0.768	528.2
2642	0.002	-0.002	0.756	528.4
2643	-0.001	-0.005	0.770	528.6
2644	-0.001	-0.006	0.757	528.8
2645	0.001	-0.013	0.771	529.0
2646	0.001	-0.011	0.767	529.2
2647	0.001	-0.009	0.770	529.4
2648	0.001	-0.009	0.761	529.6
2649	0.000	-0.007	0.771	529.8
2650	0.001	-0.008	0.765	530.0
2651	0.002	-0.006	0.761	530.2
2652	0.001	-0.005	0.769	530.4
2653	0.001	-0.007	0.768	530.6
2654	0.002	-0.011	0.758	530.8
2655	0.002	-0.011	0.766	531.0
2656	0.001	-0.013	0.767	531.2
2657	0.002	-0.007	0.766	531.4
2658	0.001	-0.008	0.767	531.6
2659	0.000	-0.006	0.771	531.8
2660	0.002	-0.005	0.771	532.0
2661	0.001	-0.003	0.771	532.2
2662	-0.001	-0.008	0.765	532.4
2663	0.001	-0.013	0.771	532.6
2664	0.002	-0.010	0.765	532.8
2665	0.000	-0.011	0.768	533.0
2666	-0.003	-0.005	0.772	533.2
2667	-0.001	-0.005	0.772	533.4
2668	-0.002	-0.006	0.765	533.6
2669	0.000	-0.010	0.771	533.8
2670	0.000	-0.008	0.766	534.0
2671	-0.004	-0.007	0.769	534.2
2672	-0.001	-0.011	0.770	534.4
2673	-0.001	-0.009	0.767	534.6
2674	-0.001	-0.007	0.773	534.8
2675	-0.001	-0.007	0.766	535.0
2676	0.000	-0.005	0.765	535.2
2677	0.002	-0.007	0.766	535.4
2678	-0.001	-0.007	0.769	535.6
2679	0.001	-0.008	0.760	535.8
2680	0.002	-0.010	0.764	536.0
2681	0.001	-0.011	0.768	536.2
2682	-0.001	-0.011	0.767	536.4
2683	0.001	-0.007	0.771	536.6
2684	0.001	-0.005	0.763	536.8
2685	-0.001	-0.004	0.770	537.0
2686	0.000	-0.006	0.776	537.2
2687	0.000	-0.013	0.768	537.4
2688	0.000	-0.011	0.775	537.6
2689	-0.001	-0.010	0.763	537.8
2690	0.000	-0.009	0.775	538.0
2691	0.001	-0.009	0.767	538.2
2692	0.001	-0.009	0.767	538.4
2693	-0.001	-0.009	0.772	538.6
2694	-0.001	-0.006	0.767	538.8
2695	-0.002	-0.010	0.766	539.0
2696	-0.001	-0.014	0.765	539.2
2697	0.002	-0.013	0.767	539.4
2698	0.001	-0.010	0.770	539.6
2699	0.001	-0.008	0.771	539.8
2700	-0.001	-0.010	0.772	540.0
2701	0.001	-0.009	0.772	540.2
2702	0.001	-0.011	0.768	540.4
2703	-0.001	-0.010	0.759	540.6
2704	-0.003	-0.011	0.764	540.8
2705	0.001	-0.011	0.773	541.0
2706	0.000	-0.013	0.770	541.2
2707	0.001	-0.009	0.769	541.4
2708	-0.002	-0.010	0.771	541.6
2709	-0.002	-0.010	0.771	541.8
2710	0.000	-0.011	0.766	542.0
2711	-0.002	-0.010	0.768	542.2
2712	-0.002	-0.011	0.767	542.4
2713	0.000	-0.007	0.772	542.6
2714	-0.001	-0.011	0.763	542.8
2715	-0.003	-0.013	0.758	543.0
2716	-0.002	-0.011	0.766	543.2
2717	0.000	-0.008	0.765	543.4
2718	0.001	-0.011	0.770	543.6
2719	0.000	-0.010	0.770	543.8
2720	0.001	-0.007	0.763	544.0
2721	0.003	-0.008	0.768	544.2
2722	0.000	-0.008	0.766	544.4
2723	-0.001	-0.009	0.767	544.6
2724	0.002	-0.009	0.768	544.8
2725	0.004	-0.009	0.767	545.0
2726	0.001	-0.010	0.765	545.2
2727	0.001	-0.010	0.777	545.4
2728	0.003	-0.009	0.768	545.6
2729	0.001	-0.011	0.775	545.8
2730	0.005	-0.009	0.761	546.0
2731	0.005	-0.009	0.774	546.2
2732	0.004	-0.006	0.763	546.4
2733	0.003	-0.009	0.758	546.6
2734	0.002	-0.010	0.768	546.8
2735	0.002	-0.009	0.765	547.0
2736	0.002	-0.009	0.767	547.2
2737	0.003	-0.009	0.766	547.4
2738	0.002	-0.009	0.765	547.6
2739	0.000	-0.010	0.773	547.8
2740	0.003	-0.007	0.775	548.0
2741	0.000	-0.007	0.766	548.2
2742	0.002	-0.008	0.767	548.4
2743	0.001	-0.012	0.770	548.6
2744	-0.001	-0.013	0.774	548.8
2745	0.000	-0.010	0.769	549.0
2746	-0.004	-0.009	0.756	549.2
2747	-0.003	-0.011	0.768	549.4
2748	-0.002	-0.010	0.775	549.6
2749	-0.001	-0.010	0.774	549.8
2750	-0.002	-0.007	0.766	550.0
2751	0.002	-0.007	0.760	550.2
2752	-0.001	-0.010	0.763	550.4
2753	-0.003	-0.012	0.772	550.6
2754	-0.001	-0.013	0.774	550.8
2755	-0.001	-0.007	0.765	551.0
2756	-0.002	-0.009	0.773	551.2
2757	0.000	-0.009	0.774	551.4
2758	-0.003	-0.010	0.764	551.6
2759	-0.003	-0.007	0.767	551.8
2760	-0.001	-0.009	0.763	552.0
2761	-0.001	-0.009	0.770	552.2
2762	-0.005	-0.011	0.769	552.4
2763	-0.003	-0.009	0.766	552.6
2764	-0.002	-0.006	0.765	552.8
2765	-0.001	-0.006	0.772	553.0
2766	-0.002	-0.006	0.768	553.2
2767	-0.002	-0.011	0.777	553.4
2768	-0.001	-0.012	0.768	553.6
2769	-0.003	-0.010	0.770	553.8
2770	-0.001	-0.009	0.771	554.0
2771	0.002	-0.009	0.771	554.2
2772	-0.002	-0.009	0.774	554.4
2773	-0.001	-0.007	0.771	554.6
2774	0.000	-0.010	0.779	554.8
2775	-0.001	-0.008	0.767	555.0
2776	0.000	-0.009	0.774	555.2
2777	-0.003	-0.011	0.767	555.4
2778	-0.002	-0.008	0.764	555.6
2779	-0.001	-0.010	0.762	555.8
2780	-0.001	-0.009	0.768	556.0
2781	-0.001	-0.009	0.767	556.2
2782	0.000	-0.006	0.766	556.4
2783	-0.001	-0.007	0.770	556.6
2784	0.001	-0.011	0.768	556.8
2785	0.001	-0.010	0.765	557.0
2786	-0.002	-0.009	0.771	557.2
2787	-0.001	-0.007	0.768	557.4
2788	-0.001	-0.008	0.762	557.6
2789	0.000	-0.007	0.768	557.8
2790	0.000	-0.010	0.764	558.0
2791	-0.003	-0.007	0.761	558.2
2792	0.000	-0.010	0.771	558.4
2793	0.001	-0.007	0.769	558.6
2794	-0.002	-0.009	0.765	558.8
2795	0.001	-0.010	0.763	559.0
2796	0.000	-0.006	0.765	559.2
2797	0.001	-0.005	0.766	559.4
2798	0.000	-0.007	0.770	559.6
2799	0.000	-0.007	0.764	559.8
2800	0.003	-0.009	0.779	560.0
2801	0.003	-0.011	0.764	560.2
2802	0.003	-0.007	0.767	560.4
2803	0.003	-0.009	0.772	560.6
2804	0.004	-0.009	0.764	560.8
2805	0.004	-0.007	0.765	561.0
2806	0.005	-0.006	0.767	561.2
2807	0.003	-0.006	0.766	561.4
2808	0.004	-0.007	0.771	561.6
2809	0.004	-0.011	0.771	561.8
2810	0.005	-0.010	0.774	562.0
2811	0.004	-0.010	0.773	562.2
2812	0.000	-0.009	0.758	562.4
2813	0.002	-0.006	0.758	562.6
2814	0.002	-0.007	0.762	562.8
2815	0.001	-0.010	0.768	563.0
2816	0.001	-0.007	0.766	563.2
2817	-0.002	-0.009	0.772	563.4
2818	-0.001	-0.009	0.774	563.6
2819	-0.002	-0.011	0.766	563.8
2820	-0.002	-0.007	0.765	564.0
2821	-0.004	-0.005	0.770	564.2
2822	-0.004	-0.006	0.772	564.4
2823	-0.004	-0.007	0.769	564.6
2824	-0.003	-0.009	0.763	564.8
2825	-0.005	-0.009	0.766	565.0
2826	-0.004	-0.006	0.771	565.2
2827	-0.001	-0.009	0.772	565.4
2828	-0.001	-0.009	0.771	565.6
2829	-0.003	-0.007	0.767	565.8
2830	-0.001	-0.005	0.759	566.0
2831	-0.001	-0.008	0.764	566.2
2832	-0.001	-0.008	0.771	566.4
2833	0.002	-0.009	0.761	566.6
2834	0.002	-0.010	0.772	566.8
2835	0.003	-0.006	0.772	567.0
2836	0.003	-0.007	0.775	567.2
2837	0.001	-0.006	0.774	567.4
2838	0.004	-0.007	0.764	567.6
2839	0.003	-0.009	0.762	567.8
2840	0.002	-0.009	0.768	568.0
2841	0.002	-0.010	0.768	568.2
2842	0.004	-0.009	0.768	568.4
2843	0.003	-0.009	0.766	568.6
2844	0.001	-0.005	0.765	568.8
2845	0.003	-0.005	0.769	569.0
2846	0.003	-0.008	0.767	569.2
2847	0.002	-0.011	0.763	569.4
2848	-0.001	-0.011	0.766	569.6
2849	0.001	-0.014	0.768	569.8
2850	0.001	-0.008	0.768	570.0
2851	-0.001	-0.007	0.766	570.2
2852	0.002	-0.005	0.772	570.4
2853	0.002	-0.005	0.772	570.6
2854	-0.002	-0.007	0.767	570.8
2855	0.001	-0.009	0.773	571.0
2856	-0.001	-0.011	0.765	571.2
2857	0.000	-0.010	0.772	571.4
2858	0.001	-0.007	0.765	571.6
2859	0.001	-0.005	0.760	571.8
2860	0.000	-0.003	0.769	572.0
2861	0.003	-0.008	0.768	572.2
2862	0.001	-0.008	0.766	572.4
2863	0.001	-0.006	0.768	572.6
2864	0.001	-0.009	0.770	572.8
2865	0.003	-0.011	0.767	573.0
2866	0.005	-0.011	0.765	573.2
2867	0.003	-0.007	0.760	573.4
2868	0.002	-0.005	0.770	573.6
2869	0.002	-0.006	0.769	573.8
2870	-0.001	-0.007	0.771	574.0
2871	0.003	-0.011	0.771	574.2
2872	0.001	-0.010	0.773	574.4
2873	0.000	-0.009	0.780	574.6
2874	0.000	-0.011	0.768	574.8
2875	0.000	-0.008	0.767	575.0
2876	0.001	-0.006	0.768	575.2
2877	0.001	-0.005	0.767	575.4
2878	0.001	-0.005	0.762	575.6
2879	0.000	-0.010	0.759	575.8
2880	0.002	-0.010	0.766	576.0
2881	0.002	-0.010	0.767	576.2
2882	0.003	-0.009	0.762	576.4
2883	0.001	-0.009	0.768	576.6
2884	0.002	-0.008	0.762	576.8
2885	0.003	-0.005	0.765	577.0
2886	0.003	-0.008	0.765	577.2
2887	0.005	-0.009	0.764	577.4
2888	0.003	-0.010	0.766	577.6
2889	0.005	-0.010	0.774	577.8
2890	0.004	-0.008	0.779	578.0
2891	0.003	-0.007	0.772	578.2
2892	0.002	-0.006	0.768	578.4
2893	0.002	-0.008	0.757	578.6
2894	0.001	-0.007	0.754	578.8
2895	0.001	-0.007	0.767	579.0
2896	-0.001	-0.006	0.766	579.2
2897	-0.002	-0.009	0.766	579.4
2898	0.000	-0.009	0.766	579.6
2899	-0.001	-0.009	0.771	579.8
2900	-0.001	-0.009	0.766	580.0
2901	0.000	-0.007	0.764	580.2
2902	0.001	-0.007	0.769	580.4
2903	0.000	-0.006	0.763	580.6
2904	0.003	-0.010	0.762	580.8
2905	0.001	-0.009	0.771	581.0
2906	0.001	-0.010	0.764	581.2
2907	0.001	-0.008	0.763	581.4
2908	0.000	-0.009	0.768	581.6
2909	0.001	-0.010	0.769	581.8
2910	-0.001	-0.005	0.768	582.0
2911	-0.003	-0.007	0.770	582.2
2912	-0.001	-0.005	0.766	582.4
2913	-0.004	-0.007	0.771	582.6
2914	-0.004	-0.007	0.767	582.8
2915	-0.003	-0.005	0.763	583.0
2916	-0.005	-0.009	0.766	583.2
2917	-0.002	-0.007	0.775	583.4
2918	-0.004	-0.009	0.766	583.6
2919	-0.005	-0.006	0.760	583.8
2920	-0.007	-0.007	0.767	584.0
2921	-0.006	-0.008	0.770	584.2
2922	-0.005	-0.009	0.763	584.4
2923	-0.005	-0.008	0.771	584.6
2924	-0.004	-0.007	0.770	584.8
2925	-0.005	-0.009	0.772	585.0
2926	-0.004	-0.011	0.767	585.2
2927	-0.005	-0.014	0.766	585.4
2928	-0.004	-0.011	0.772	585.6
2929	-0.004	-0.009	0.770	585.8
2930	-0.007	-0.006	0.760	586.0
2931	-0.004	-0.012	0.768	586.2
2932	-0.004	-0.009	0.763	586.4
2933	-0.005	-0.010	0.775	586.6
2934	-0.007	-0.011	0.774	586.8
2935	-0.007	-0.011	0.776	587.0
2936	-0.006	-0.013	0.775	587.2
2937	-0.008	-0.011	0.771	587.4
2938	-0.008	-0.013	0.770	587.6
2939	-0.006	-0.011	0.767	587.8
2940	-0.005	-0.012	0.765	588.0
2941	-0.004	-0.011	0.770	588.2
2942	-0.005	-0.013	0.770	588.4
2943	-0.007	-0.010	0.771	588.6
2944	-0.007	-0.009	0.771	588.8
2945	-0.005	-0.012	0.766	589.0
2946	-0.005	-0.012	0.765	589.2
2947	-0.006	-0.013	0.759	589.4
2948	-0.004	-0.009	0.765	589.6
2949	-0.002	-0.011	0.771	589.8
2950	-0.003	-0.009	0.771	590.0
2951	0.000	-0.010	0.771	590.2
2952	-0.001	-0.010	0.777	590.4
2953	-0.001	-0.011	0.770	590.6
2954	0.000	-0.013	0.763	590.8
2955	-0.001	-0.016	0.761	591.0
2956	-0.001	-0.013	0.767	591.2
2957	-0.002	-0.009	0.766	591.4
2958	-0.001	-0.007	0.763	591.6
2959	0.000	-0.010	0.764	591.8
2960	-0.001	-0.011	0.773	592.0
2961	0.000	-0.011	0.776	592.2
2962	-0.003	-0.013	0.772	592.4
2963	-0.001	-0.012	0.772	592.6
2964	-0.001	-0.013	0.771	592.8
2965	-0.003	-0.009	0.757	593.0
2966	-0.003	-0.010	0.767	593.2
2967	-0.002	-0.008	0.765	593.4
2968	-0.002	-0.010	0.765	593.6
2969	0.002	-0.009	0.766	593.8
2970	-0.002	-0.012	0.774	594.0
2971	-0.002	-0.007	0.760	594.2
2972	-0.002	-0.011	0.776	594.4
2973	-0.003	-0.011	0.771	594.6
2974	-0.004	-0.011	0.760	594.8
2975	-0.003	-0.008	0.770	595.0
2976	-0.006	-0.010	0.771	595.2
2977	-0.005	-0.007	0.766	595.4
2978	-0.003	-0.013	0.768	595.6
2979	-0.005	-0.007	0.774	595.8
2980	-0.001	-0.008	0.775	596.0
2981	-0.005	-0.008	0.762	596.2
2982	-0.004	-0.008	0.772	596.4
2983	-0.001	-0.014	0.770	596.6
2984	-0.001	-0.008	0.758	596.8
2985	-0.003	-0.007	0.775	597.0
2986	-0.003	-0.009	0.769	597.2
2987	-0.002	-0.011	0.773	597.4
2988	-0.001	-0.012	0.775	597.6
2989	-0.005	-0.012	0.763	597.8
2990	-0.004	-0.009	0.766	598.0
2991	-0.004	-0.011	0.758	598.2
2992	-0.001	-0.010	0.777	598.4
2993	-0.002	-0.010	0.768	598.6
2994	-0.001	-0.007	0.758	598.8
2995	-0.002	-0.007	0.773	599.0
2996	-0.001	-0.013	0.760	599.2
2997	-0.003	-0.013	0.766	599.4
2998	-0.002	-0.013	0.778	599.6
2999	-0.001	-0.010	0.771	599.8
3000	-0.002	-0.009	0.772	600.0
3001	-0.002	-0.007	0.760	600.2
3002	-0.001	-0.007	0.767	600.4
3003	-0.001	-0.009	0.764	600.6
3004	-0.002	-0.011	0.767	600.8
3005	-0.001	-0.010	0.771	601.0
3006	-0.003	-0.014	0.765	601.2
3007	0.001	-0.009	0.770	601.4
3008	-0.002	-0.008	0.767	601.6
3009	-0.002	-0.005	0.770	601.8
3010	-0.001	-0.007	0.765	602.0
3011	-0.001	-0.011	0.776	602.2
3012	0.001	-0.009	0.768	602.4
