0	-0.004	-0.007	0.766	0.0
1	-0.005	-0.005	0.761	0.2
2	-0.007	-0.008	0.756	0.4
3	-0.008	-0.005	0.768	0.6
4	-0.009	-0.003	0.771	0.8
5	-0.011	-0.005	0.774	1.0
6	-0.013	-0.001	0.766	1.2
7	-0.013	-0.001	0.769	1.4
8	-0.016	-0.002	0.771	1.6
9	-0.016	-0.006	0.759	1.8
10	-0.015	-0.006	0.766	2.0
11	-0.017	-0.005	0.779	2.2
12	-0.013	-0.003	0.761	2.4
13	-0.015	-0.001	0.774	2.6
14	-0.015	0.001	0.768	2.8
15	-0.015	-0.003	0.762	3.0
16	-0.015	-0.003	0.767	3.2
17	-0.011	-0.005	0.772	3.4
18	-0.011	-0.005	0.771	3.6
19	-0.012	-0.004	0.767	3.8
20	-0.009	-0.004	0.761	4.0
21	-0.010	-0.001	0.773	4.2
22	-0.009	0.003	0.772	4.4
23	-0.010	-0.002	0.760	4.6
24	-0.009	-0.002	0.775	4.8
25	-0.008	-0.005	0.765	5.0
26	-0.011	-0.005	0.769	5.2
27	-0.009	-0.002	0.768	5.4
28	-0.011	-0.002	0.760	5.6
29	-0.012	-0.002	0.775	5.8
30	-0.011	-0.003	0.775	6.0
31	-0.013	-0.001	0.770	6.2
32	-0.013	-0.004	0.767	6.4
33	-0.015	-0.005	0.764	6.6
34	-0.016	-0.006	0.772	6.8
35	-0.016	-0.008	0.754	7.0
36	-0.015	-0.003	0.771	7.2
37	-0.017	-0.002	0.772	7.4
38	-0.015	-0.001	0.776	7.6
39	-0.015	-0.003	0.763	7.8
40	-0.014	-0.002	0.768	8.0
41	-0.015	-0.006	0.771	8.2
42	-0.014	-0.006	0.763	8.4
43	-0.013	-0.005	0.774	8.6
44	-0.013	-0.008	0.758	8.8
45	-0.011	-0.004	0.772	9.0
46	-0.012	-0.003	0.767	9.2
47	-0.011	-0.004	0.775	9.4
48	-0.010	-0.004	0.758	9.6
49	-0.007	-0.005	0.771	9.8
50	-0.009	-0.009	0.772	10.0
51	-0.011	-0.005	0.761	10.2
52	-0.009	-0.006	0.775	10.4
53	-0.012	-0.005	0.761	10.6
54	-0.011	-0.002	0.779	10.8
55	-0.011	-0.001	0.762	11.0
56	-0.013	-0.004	0.763	11.2
57	-0.015	-0.006	0.757	11.4
58	-0.013	-0.005	0.760	11.6
59	-0.013	-0.005	0.767	11.8
60	-0.015	-0.003	0.766	12.0
61	-0.014	-0.001	0.765	12.2
62	-0.012	-0.001	0.770	12.4
63	-0.013	-0.004	0.762	12.6
64	-0.011	-0.005	0.766	12.8
65	-0.010	-0.004	0.767	13.0
66	-0.011	-0.002	0.764	13.2
67	-0.009	-0.003	0.763	13.4
68	-0.009	-0.005	0.765	13.6
69	-0.008	-0.003	0.766	13.8
70	-0.010	-0.004	0.756	14.0
71	-0.009	-0.003	0.780	14.2
72	-0.010	-0.003	0.770	14.4
73	-0.007	-0.005	0.766	14.6
74	-0.008	-0.007	0.760	14.8
75	-0.007	-0.005	0.757	15.0
76	-0.007	-0.003	0.771	15.2
77	-0.009	-0.006	0.767	15.4
78	-0.011	-0.005	0.761	15.6
79	-0.010	-0.005	0.765	15.8
80	-0.010	-0.005	0.772	16.0
81	-0.012	-0.006	0.774	16.2
82	-0.013	-0.007	0.761	16.4
83	-0.013	-0.007	0.770	16.6
84	-0.011	-0.003	0.765	16.8
85	-0.011	-0.003	0.767	17.0
86	-0.012	-0.006	0.780	17.2
87	-0.013	-0.006	0.766	17.4
88	-0.012	-0.009	0.772	17.6
89	-0.011	-0.007	0.773	17.8
90	-0.011	-0.006	0.759	18.0
91	-0.011	-0.007	0.767	18.2
92	-0.011	-0.009	0.762	18.4
93	-0.011	-0.005	0.769	18.6
94	-0.010	-0.005	0.765	18.8
95	-0.009	-0.006	0.760	19.0
96	-0.007	-0.008	0.771	19.2
97	-0.008	-0.009	0.773	19.4
98	-0.007	-0.007	0.770	19.6
99	-0.005	-0.005	0.757	19.8
100	-0.006	-0.006	0.761	20.0
101	-0.005	-0.004	0.775	20.2
102	-0.006	-0.006	0.767	20.4
103	-0.002	-0.005	0.778	20.6
104	-0.003	-0.001	0.768	20.8
105	-0.004	-0.003	0.765	21.0
106	-0.006	-0.005	0.774	21.2
107	-0.007	-0.005	0.758	21.4
108	-0.011	-0.002	0.765	21.6
109	-0.011	0.000	0.774	21.8
110	-0.012	0.001	0.767	22.0
111	-0.018	-0.001	0.772	22.2
112	-0.017	0.000	0.768	22.4
113	-0.019	0.002	0.767	22.6
114	-0.022	0.002	0.769	22.8
115	-0.023	0.002	0.765	23.0
116	-0.023	0.004	0.768	23.2
117	-0.023	0.004	0.761	23.4
118	-0.020	0.007	0.773	23.6
119	-0.021	0.006	0.764	23.8
120	-0.018	0.003	0.762	24.0
121	-0.020	0.001	0.771	24.2
122	-0.018	0.003	0.767	24.4
123	-0.016	0.005	0.765	24.6
124	-0.015	0.002	0.770	24.8
125	-0.014	0.000	0.774	25.0
126	-0.013	-0.002	0.770	25.2
127	-0.012	0.000	0.764	25.4
128	-0.010	-0.001	0.768	25.6
129	-0.011	-0.002	0.757	25.8
130	-0.010	-0.004	0.773	26.0
131	-0.010	-0.004	0.769	26.2
132	-0.009	-0.003	0.773	26.4
133	-0.011	-0.003	0.773	26.6
134	-0.008	-0.004	0.763	26.8
135	-0.008	-0.005	0.774	27.0
136	-0.007	-0.006	0.772	27.2
137	-0.005	-0.003	0.768	27.4
138	-0.008	-0.002	0.767	27.6
139	-0.008	-0.007	0.764	27.8
140	-0.007	-0.009	0.771	28.0
141	-0.012	-0.009	0.767	28.2
142	-0.009	-0.003	0.761	28.4
143	-0.010	-0.001	0.775	28.6
144	-0.011	-0.002	0.772	28.8
145	-0.009	-0.005	0.768	29.0
146	-0.012	-0.005	0.762	29.2
147	-0.015	-0.006	0.776	29.4
148	-0.012	-0.007	0.774	29.6
149	-0.013	-0.007	0.777	29.8
150	-0.013	-0.004	0.767	30.0
151	-0.014	-0.003	0.768	30.2
152	-0.014	-0.005	0.773	30.4
153	-0.013	-0.004	0.769	30.6
154	-0.013	-0.003	0.759	30.8
155	-0.014	-0.003	0.758	31.0
156	-0.012	-0.005	0.764	31.2
157	-0.009	-0.002	0.782	31.4
158	-0.009	-0.002	0.769	31.6
159	-0.007	-0.004	0.761	31.8
160	-0.007	-0.007	0.776	32.0
161	-0.007	-0.002	0.767	32.2
162	-0.004	-0.003	0.764	32.4
163	-0.004	-0.003	0.771	32.6
164	-0.004	-0.005	0.766	32.8
165	-0.001	-0.008	0.766	33.0
166	-0.003	-0.009	0.776	33.2
167	-0.003	-0.006	0.769	33.4
168	-0.005	-0.005	0.771	33.6
169	-0.004	-0.007	0.774	33.8
170	-0.005	-0.003	0.767	34.0
171	-0.011	-0.005	0.763	34.2
172	-0.008	-0.003	0.765	34.4
173	-0.011	-0.007	0.770	34.6
174	-0.011	-0.007	0.770	34.8
175	-0.009	-0.003	0.768	35.0
176	-0.012	-0.004	0.767	35.2
177	-0.015	-0.004	0.768	35.4
178	-0.013	-0.006	0.771	35.6
179	-0.012	-0.008	0.776	35.8
180	-0.015	-0.004	0.765	36.0
181	-0.016	-0.002	0.767	36.2
182	-0.014	-0.002	0.779	36.4
183	-0.013	-0.002	0.772	36.6
184	-0.015	-0.003	0.771	36.8
185	-0.016	-0.002	0.760	37.0
186	-0.016	-0.002	0.772	37.2
187	-0.018	-0.002	0.766	37.4
188	-0.018	-0.006	0.770	37.6
189	-0.019	-0.004	0.769	37.8
190	-0.019	-0.005	0.769	38.0
191	-0.021	-0.004	0.765	38.2
192	-0.019	-0.006	0.760	38.4
193	-0.018	-0.005	0.769	38.6
194	-0.019	-0.005	0.776	38.8
195	-0.020	-0.004	0.766	39.0
196	-0.021	-0.003	0.775	39.2
197	-0.019	-0.009	0.758	39.4
198	-0.020	-0.009	0.766	39.6
199	-0.019	-0.006	0.768	39.8
200	-0.019	-0.003	0.770	40.0
201	-0.019	-0.006	0.761	40.2
202	-0.019	-0.009	0.768	40.4
203	-0.018	-0.010	0.771	40.6
204	-0.018	-0.005	0.772	40.8
205	-0.019	-0.004	0.770	41.0
206	-0.021	-0.007	0.768	41.2
207	-0.022	-0.008	0.769	41.4
208	-0.020	-0.009	0.772	41.6
209	-0.019	-0.008	0.760	41.8
210	-0.019	-0.004	0.767	42.0
211	-0.020	-0.007	0.768	42.2
212	-0.020	-0.006	0.774	42.4
213	-0.020	-0.005	0.768	42.6
214	-0.020	-0.008	0.759	42.8
215	-0.020	-0.003	0.768	43.0
216	-0.022	-0.009	0.768	43.2
217	-0.022	-0.008	0.773	43.4
218	-0.022	-0.007	0.759	43.6
219	-0.022	-0.005	0.763	43.8
220	-0.022	-0.008	0.773	44.0
221	-0.022	-0.008	0.770	44.2
222	-0.018	-0.007	0.761	44.4
223	-0.016	-0.006	0.770	44.6
224	-0.016	-0.009	0.768	44.8
225	-0.016	-0.009	0.764	45.0
226	-0.012	-0.007	0.769	45.2
227	-0.013	-0.007	0.758	45.4
228	-0.014	-0.008	0.768	45.6
229	-0.015	-0.011	0.763	45.8
230	-0.013	-0.009	0.766	46.0
231	-0.015	-0.007	0.769	46.2
232	-0.017	-0.009	0.765	46.4
233	-0.018	-0.009	0.772	46.6
234	-0.018	-0.008	0.770	46.8
235	-0.019	-0.012	0.766	47.0
236	-0.021	-0.010	0.763	47.2
237	-0.021	-0.008	0.769	47.4
238	-0.022	-0.008	0.769	47.6
239	-0.022	-0.010	0.766	47.8
240	-0.025	-0.013	0.768	48.0
241	-0.027	-0.015	0.771	48.2
242	-0.026	-0.017	0.774	48.4
243	-0.031	-0.015	0.774	48.6
244	-0.028	-0.013	0.760	48.8
245	-0.026	-0.009	0.770	49.0
246	-0.025	-0.011	0.771	49.2
247	-0.025	-0.012	0.765	49.4
248	-0.023	-0.017	0.754	49.6
249	-0.022	-0.022	0.767	49.8
250	-0.022	-0.021	0.767	50.0
251	-0.018	-0.021	0.770	50.2
252	-0.017	-0.019	0.763	50.4
253	-0.018	-0.016	0.767	50.6
254	-0.013	-0.015	0.766	50.8
255	-0.013	-0.017	0.768	51.0
256	-0.011	-0.020	0.770	51.2
257	-0.012	-0.019	0.772	51.4
258	-0.012	-0.020	0.766	51.6
259	-0.011	-0.019	0.773	51.8
260	-0.013	-0.018	0.758	52.0
261	-0.014	-0.015	0.772	52.2
262	-0.016	-0.011	0.760	52.4
263	-0.018	-0.011	0.762	52.6
264	-0.018	-0.014	0.761	52.8
265	-0.021	-0.014	0.761	53.0
266	-0.022	-0.018	0.766	53.2
267	-0.024	-0.014	0.771	53.4
268	-0.025	-0.009	0.776	53.6
269	-0.024	-0.009	0.766	53.8
270	-0.027	-0.008	0.765	54.0
271	-0.025	-0.009	0.768	54.2
272	-0.025	-0.009	0.762	54.4
273	-0.026	-0.011	0.763	54.6
274	-0.024	-0.012	0.764	54.8
275	-0.022	-0.012	0.767	55.0
276	-0.022	-0.010	0.772	55.2
277	-0.023	-0.007	0.761	55.4
278	-0.020	-0.007	0.767	55.6
279	-0.017	-0.008	0.770	55.8
280	-0.016	-0.009	0.770	56.0
281	-0.016	-0.013	0.768	56.2
282	-0.018	-0.012	0.766	56.4
283	-0.017	-0.014	0.765	56.6
284	-0.014	-0.015	0.769	56.8
285	-0.015	-0.010	0.764	57.0
286	-0.014	-0.008	0.768	57.2
287	-0.015	-0.007	0.766	57.4
288	-0.016	-0.009	0.772	57.6
289	-0.017	-0.013	0.763	57.8
290	-0.015	-0.014	0.757	58.0
291	-0.015	-0.011	0.773	58.2
292	-0.017	-0.011	0.766	58.4
293	-0.018	-0.009	0.766	58.6
294	-0.018	-0.007	0.768	58.8
295	-0.018	-0.010	0.772	59.0
296	-0.018	-0.006	0.776	59.2
297	-0.020	-0.009	0.775	59.4
298	-0.023	-0.011	0.767	59.6
299	-0.021	-0.012	0.769	59.8
300	-0.020	-0.010	0.769	60.0
301	-0.020	-0.007	0.771	60.2
302	-0.019	-0.007	0.762	60.4
303	-0.018	-0.007	0.772	60.6
304	-0.018	-0.008	0.770	60.8
305	-0.016	-0.007	0.764	61.0
306	-0.015	-0.011	0.775	61.2
307	-0.015	-0.010	0.765	61.4
308	-0.014	-0.011	0.765	61.6
309	-0.015	-0.005	0.769	61.8
310	-0.014	-0.005	0.767	62.0
311	-0.013	-0.002	0.764	62.2
312	-0.013	-0.004	0.765	62.4
313	-0.012	-0.006	0.763	62.6
314	-0.015	-0.010	0.768	62.8
315	-0.015	-0.008	0.769	63.0
316	-0.015	-0.011	0.759	63.2
317	-0.015	-0.009	0.773	63.4
318	-0.016	-0.011	0.771	63.6
319	-0.018	-0.009	0.760	63.8
320	-0.018	-0.010	0.768	64.0
321	-0.020	-0.011	0.760	64.2
322	-0.020	-0.014	0.774	64.4
323	-0.019	-0.015	0.763	64.6
324	-0.022	-0.015	0.767	64.8
325	-0.022	-0.013	0.772	65.0
326	-0.022	-0.013	0.772	65.2
327	-0.022	-0.014	0.770	65.4
328	-0.019	-0.013	0.760	65.6
329	-0.022	-0.013	0.768	65.8
330	-0.023	-0.013	0.770	66.0
331	-0.023	-0.015	0.769	66.2
332	-0.023	-0.017	0.765	66.4
333	-0.023	-0.016	0.773	66.6
334	-0.022	-0.013	0.756	66.8
335	-0.021	-0.013	0.772	67.0
336	-0.020	-0.012	0.773	67.2
337	-0.022	-0.014	0.765	67.4
338	-0.021	-0.015	0.768	67.6
339	-0.019	-0.012	0.762	67.8
340	-0.022	-0.013	0.768	68.0
341	-0.022	-0.012	0.773	68.2
342	-0.021	-0.013	0.774	68.4
343	-0.021	-0.011	0.775	68.6
344	-0.021	-0.009	0.770	68.8
345	-0.022	-0.010	0.768	69.0
346	-0.019	-0.012	0.758	69.2
347	-0.020	-0.014	0.763	69.4
348	-0.020	-0.013	0.767	69.6
349	-0.021	-0.013	0.771	69.8
350	-0.020	-0.010	0.765	70.0
351	-0.018	-0.011	0.768	70.2
352	-0.018	-0.010	0.772	70.4
353	-0.019	-0.011	0.769	70.6
354	-0.020	-0.011	0.774	70.8
355	-0.018	-0.009	0.779	71.0
356	-0.018	-0.008	0.766	71.2
357	-0.018	-0.005	0.772	71.4
358	-0.018	-0.003	0.773	71.6
359	-0.015	-0.003	0.762	71.8
360	-0.021	-0.002	0.775	72.0
361	-0.018	-0.006	0.778	72.2
362	-0.020	-0.004	0.766	72.4
363	-0.020	-0.005	0.761	72.6
364	-0.023	-0.004	0.752	72.8
365	-0.020	-0.004	0.768	73.0
366	-0.019	-0.002	0.770	73.2
367	-0.022	-0.002	0.762	73.4
368	-0.024	0.001	0.775	73.6
369	-0.023	0.001	0.772	73.8
370	-0.021	-0.007	0.779	74.0
371	-0.021	-0.005	0.766	74.2
372	-0.021	-0.005	0.763	74.4
373	-0.021	-0.003	0.763	74.6
374	-0.019	-0.002	0.777	74.8
375	-0.019	-0.005	0.774	75.0
376	-0.017	-0.006	0.767	75.2
377	-0.020	-0.006	0.771	75.4
378	-0.018	-0.008	0.774	75.6
379	-0.019	-0.011	0.765	75.8
380	-0.017	-0.008	0.766	76.0
381	-0.017	-0.010	0.753	76.2
382	-0.015	-0.009	0.761	76.4
383	-0.015	-0.005	0.768	76.6
384	-0.016	-0.010	0.775	76.8
385	-0.015	-0.010	0.772	77.0
386	-0.015	-0.009	0.771	77.2
387	-0.015	-0.009	0.768	77.4
388	-0.017	-0.010	0.765	77.6
389	-0.017	-0.009	0.767	77.8
390	-0.018	-0.012	0.767	78.0
391	-0.020	-0.010	0.772	78.2
392	-0.021	-0.008	0.758	78.4
393	-0.023	-0.008	0.771	78.6
394	-0.024	-0.011	0.762	78.8
395	-0.024	-0.013	0.774	79.0
396	-0.026	-0.013	0.762	79.2
397	-0.026	-0.009	0.767	79.4
398	-0.027	-0.008	0.767	79.6
399	-0.025	-0.011	0.760	79.8
400	-0.026	-0.011	0.776	80.0
401	-0.028	-0.012	0.762	80.2
402	-0.025	-0.009	0.777	80.4
403	-0.027	-0.009	0.767	80.6
404	-0.027	-0.011	0.771	80.8
405	-0.023	-0.012	0.759	81.0
406	-0.025	-0.011	0.760	81.2
407	-0.022	-0.010	0.774	81.4
408	-0.022	-0.010	0.767	81.6
409	-0.024	-0.012	0.769	81.8
410	-0.022	-0.015	0.770	82.0
411	-0.019	-0.013	0.767	82.2
412	-0.019	-0.012	0.772	82.4
413	-0.019	-0.012	0.776	82.6
414	-0.018	-0.013	0.774	82.8
415	-0.019	-0.009	0.761	83.0
416	-0.019	-0.006	0.762	83.2
417	-0.017	-0.008	0.774	83.4
418	-0.017	-0.014	0.766	83.6
419	-0.018	-0.017	0.756	83.8
420	-0.018	-0.013	0.768	84.0
421	-0.020	-0.011	0.772	84.2
422	-0.019	-0.009	0.769	84.4
423	-0.018	-0.011	0.769	84.6
424	-0.018	-0.009	0.776	84.8
425	-0.017	-0.009	0.772	85.0
426	-0.018	-0.013	0.762	85.2
427	-0.023	-0.013	0.767	85.4
428	-0.021	-0.015	0.772	85.6
429	-0.020	-0.013	0.772	85.8
430	-0.020	-0.011	0.770	86.0
431	-0.020	-0.009	0.766	86.2
432	-0.021	-0.007	0.764	86.4
433	-0.022	-0.009	0.768	86.6
434	-0.021	-0.010	0.766	86.8
435	-0.020	-0.013	0.767	87.0
436	-0.020	-0.014	0.771	87.2
437	-0.020	-0.011	0.777	87.4
438	-0.018	-0.011	0.772	87.6
439	-0.017	-0.009	0.765	87.8
440	-0.020	-0.007	0.774	88.0
441	-0.018	-0.007	0.768	88.2
442	-0.016	-0.010	0.777	88.4
443	-0.019	-0.011	0.768	88.6
444	-0.019	-0.014	0.773	88.8
445	-0.019	-0.010	0.763	89.0
446	-0.018	-0.010	0.766	89.2
447	-0.018	-0.007	0.776	89.4
448	-0.018	-0.008	0.766	89.6
449	-0.018	-0.009	0.770	89.8
450	-0.018	-0.008	0.763	90.0
451	-0.019	-0.010	0.772	90.2
452	-0.019	-0.013	0.766	90.4
453	-0.018	-0.013	0.758	90.6
454	-0.018	-0.011	0.768	90.8
455	-0.017	-0.008	0.772	91.0
456	-0.015	-0.005	0.770	91.2
457	-0.017	-0.003	0.769	91.4
458	-0.015	-0.008	0.765	91.6
459	-0.016	-0.011	0.770	91.8
460	-0.017	-0.010	0.764	92.0
461	-0.016	-0.009	0.767	92.2
462	-0.016	-0.009	0.765	92.4
463	-0.013	-0.007	0.776	92.6
464	-0.015	-0.002	0.771	92.8
465	-0.015	-0.006	0.773	93.0
466	-0.016	-0.007	0.770	93.2
467	-0.018	-0.009	0.766	93.4
468	-0.019	-0.009	0.767	93.6
469	-0.018	-0.005	0.773	93.8
470	-0.019	-0.008	0.767	94.0
471	-0.018	-0.006	0.774	94.2
472	-0.019	-0.009	0.772	94.4
473	-0.017	-0.005	0.776	94.6
474	-0.019	-0.003	0.768	94.8
475	-0.018	-0.002	0.766	95.0
476	-0.019	-0.006	0.769	95.2
477	-0.018	-0.006	0.765	95.4
478	-0.016	-0.009	0.771	95.6
479	-0.016	-0.004	0.763	95.8
480	-0.014	-0.006	0.770	96.0
481	-0.013	0.001	0.770	96.2
482	-0.012	0.002	0.764	96.4
483	-0.014	0.003	0.769	96.6
484	-0.011	0.001	0.775	96.8
485	-0.013	0.001	0.771	97.0
486	-0.012	-0.005	0.773	97.2
487	-0.011	-0.006	0.770	97.4
488	-0.007	-0.002	0.771	97.6
489	-0.009	0.002	0.770	97.8
490	-0.011	0.002	0.771	98.0
491	-0.010	0.002	0.772	98.2
492	-0.010	-0.001	0.774	98.4
493	-0.010	-0.001	0.769	98.6
494	-0.011	-0.001	0.772	98.8
495	-0.010	-0.002	0.771	99.0
496	-0.010	-0.004	0.776	99.2
497	-0.012	-0.003	0.766	99.4
498	-0.011	-0.001	0.770	99.6
499	-0.012	0.000	0.770	99.8
500	-0.011	0.001	0.769	100.0
501	-0.012	-0.004	0.768	100.2
502	-0.012	-0.002	0.766	100.4
503	-0.011	-0.003	0.773	100.6
504	-0.012	-0.003	0.768	100.8
505	-0.012	-0.005	0.764	101.0
506	-0.013	-0.003	0.774	101.2
507	-0.013	-0.003	0.769	101.4
508	-0.012	-0.001	0.768	101.6
509	-0.011	-0.004	0.762	101.8
510	-0.012	-0.007	0.758	102.0
511	-0.013	-0.005	0.766	102.2
512	-0.013	-0.009	0.765	102.4
513	-0.015	-0.009	0.761	102.6
514	-0.016	-0.008	0.763	102.8
515	-0.014	-0.008	0.767	103.0
516	-0.016	-0.008	0.771	103.2
517	-0.111	-0.208	1.121	103.4
518	-0.112	-0.201	1.099	103.6
519	-0.110	-0.199	1.086	103.8
520	-0.108	-0.199	1.109	104.0
521	-0.110	-0.197	1.089	104.2
522	-0.108	-0.193	1.096	104.4
523	-0.111	-0.194	1.073	104.6
524	-0.109	-0.194	1.086	104.8
525	-0.107	-0.193	1.098	105.0
526	-0.106	-0.194	1.094	105.2
527	-0.109	-0.189	1.073	105.4
528	-0.110	-0.191	1.091	105.6
529	-0.108	-0.191	1.075	105.8
530	-0.108	-0.192	1.080	106.0
531	-0.107	-0.191	1.069	106.2
532	-0.107	-0.192	1.087	106.4
533	-0.107	-0.190	1.091	106.6
534	-0.108	-0.194	1.088	106.8
535	-0.108	-0.191	1.067	107.0
536	-0.106	-0.191	1.098	107.2
537	-0.107	-0.192	1.079	107.4
538	-0.109	-0.192	1.073	107.6
539	-0.107	-0.189	1.066	107.8
540	-0.107	-0.189	1.084	108.0
541	-0.108	-0.190	1.069	108.2
542	-0.107	-0.185	1.083	108.4
543	-0.108	-0.187	1.077	108.6
544	-0.107	-0.188	1.081	108.8
545	-0.109	-0.186	1.050	109.0
546	-0.107	-0.185	1.064	109.2
547	-0.109	-0.184	1.064	109.4
548	-0.106	-0.184	1.083	109.6
549	-0.108	-0.190	1.063	109.8
550	-0.108	-0.187	1.068	110.0
551	-0.106	-0.184	1.083	110.2
552	-0.108	-0.185	1.070	110.4
553	-0.107	-0.185	1.054	110.6
554	-0.109	-0.187	1.072	110.8
555	-0.105	-0.185	1.081	111.0
556	-0.108	-0.185	1.072	111.2
557	-0.107	-0.183	1.056	111.4
558	-0.111	-0.183	1.070	111.6
559	-0.109	-0.184	1.057	111.8
560	-0.110	-0.183	1.061	112.0
561	-0.111	-0.181	1.069	112.2
562	-0.111	-0.180	1.072	112.4
563	-0.110	-0.183	1.059	112.6
564	-0.112	-0.185	1.068	112.8
565	-0.111	-0.185	1.062	113.0
566	-0.112	-0.184	1.066	113.2
567	-0.113	-0.182	1.060	113.4
568	-0.113	-0.185	1.065	113.6
569	-0.114	-0.184	1.074	113.8
570	-0.115	-0.184	1.065	114.0
571	-0.114	-0.183	1.067	114.2
572	-0.114	-0.182	1.070	114.4
573	-0.113	-0.182	1.060	114.6
574	-0.114	-0.180	1.065	114.8
575	-0.114	-0.180	1.053	115.0
576	-0.114	-0.179	1.063	115.2
577	-0.114	-0.177	1.062	115.4
578	-0.113	-0.180	1.058	115.6
579	-0.111	-0.179	1.060	115.8
580	-0.113	-0.177	1.060	116.0
581	-0.112	-0.179	1.062	116.2
582	-0.112	-0.181	1.054	116.4
583	-0.115	-0.181	1.077	116.6
584	-0.111	-0.179	1.051	116.8
585	-0.112	-0.179	1.065	117.0
586	-0.114	-0.177	1.056	117.2
587	-0.113	-0.179	1.064	117.4
588	-0.111	-0.180	1.057	117.6
589	-0.111	-0.180	1.066	117.8
590	-0.112	-0.179	1.060	118.0
591	-0.110	-0.178	1.060	118.2
592	-0.108	-0.179	1.045	118.4
593	-0.108	-0.179	1.062	118.6
594	-0.110	-0.178	1.065	118.8
595	-0.108	-0.175	1.070	119.0
596	-0.108	-0.178	1.058	119.2
597	-0.110	-0.177	1.057	119.4
598	-0.107	-0.176	1.079	119.6
599	-0.108	-0.177	1.060	119.8
600	-0.106	-0.174	1.061	120.0
601	-0.107	-0.175	1.038	120.2
602	-0.106	-0.175	1.070	120.4
603	-0.107	-0.175	1.059	120.6
604	-0.107	-0.175	1.069	120.8
605	-0.108	-0.177	1.040	121.0
606	-0.108	-0.176	1.066	121.2
607	-0.107	-0.177	1.054	121.4
608	-0.107	-0.178	1.069	121.6
609	-0.108	-0.175	1.045	121.8
610	-0.105	-0.177	1.052	122.0
611	-0.108	-0.175	1.059	122.2
612	-0.109	-0.179	1.056	122.4
613	-0.108	-0.175	1.054	122.6
614	-0.107	-0.176	1.065	122.8
615	-0.108	-0.176	1.061	123.0
616	-0.108	-0.178	1.064	123.2
617	-0.108	-0.177	1.068	123.4
618	-0.110	-0.176	1.068	123.6
619	-0.107	-0.176	1.058	123.8
620	-0.110	-0.175	1.065	124.0
621	-0.110	-0.176	1.062	124.2
622	-0.111	-0.176	1.064	124.4
623	-0.110	-0.179	1.048	124.6
624	-0.110	-0.176	1.061	124.8
625	-0.107	-0.176	1.058	125.0
626	-0.110	-0.176	1.053	125.2
627	-0.108	-0.177	1.048	125.4
628	-0.109	-0.173	1.046	125.6
629	-0.109	-0.175	1.061	125.8
630	-0.111	-0.179	1.048	126.0
631	-0.108	-0.178	1.054	126.2
632	-0.108	-0.180	1.058	126.4
633	-0.108	-0.178	1.073	126.6
634	-0.110	-0.177	1.050	126.8
635	-0.110	-0.179	1.059	127.0
636	-0.109	-0.179	1.048	127.2
637	-0.110	-0.180	1.066	127.4
638	-0.108	-0.177	1.054	127.6
639	-0.112	-0.177	1.063	127.8
640	-0.110	-0.176	1.049	128.0
641	-0.109	-0.178	1.064	128.2
642	-0.110	-0.177	1.058	128.4
643	-0.108	-0.177	1.063	128.6
644	-0.111	-0.176	1.043	128.8
645	-0.111	-0.176	1.050	129.0
646	-0.111	-0.176	1.048	129.2
647	-0.110	-0.174	1.058	129.4
648	-0.111	-0.173	1.034	129.6
649	-0.109	-0.175	1.051	129.8
650	-0.111	-0.175	1.042	130.0
651	-0.111	-0.176	1.056	130.2
652	-0.110	-0.174	1.045	130.4
653	-0.112	-0.171	1.060	130.6
654	-0.110	-0.170	1.062	130.8
655	-0.112	-0.174	1.047	131.0
656	-0.112	-0.174	1.062	131.2
657	-0.112	-0.172	1.050	131.4
658	-0.112	-0.171	1.055	131.6
659	-0.111	-0.172	1.047	131.8
660	-0.114	-0.172	1.060	132.0
661	-0.111	-0.172	1.057	132.2
662	-0.113	-0.171	1.053	132.4
663	-0.111	-0.169	1.078	132.6
664	-0.112	-0.170	1.048	132.8
665	-0.112	-0.173	1.069	133.0
666	-0.110	-0.172	1.050	133.2
667	-0.112	-0.171	1.064	133.4
668	-0.111	-0.170	1.056	133.6
669	-0.113	-0.174	1.064	133.8
670	-0.110	-0.172	1.054	134.0
671	-0.111	-0.173	1.056	134.2
672	-0.110	-0.173	1.059	134.4
673	-0.112	-0.174	1.056	134.6
674	-0.112	-0.176	1.060	134.8
675	-0.112	-0.175	1.044	135.0
676	-0.110	-0.174	1.065	135.2
677	-0.112	-0.174	1.052	135.4
678	-0.112	-0.173	1.065	135.6
679	-0.111	-0.176	1.054	135.8
680	-0.111	-0.174	1.058	136.0
681	-0.111	-0.174	1.056	136.2
682	-0.110	-0.173	1.058	136.4
683	-0.111	-0.172	1.046	136.6
684	-0.108	-0.176	1.066	136.8
685	-0.111	-0.178	1.050	137.0
686	-0.109	-0.175	1.054	137.2
687	-0.110	-0.174	1.068	137.4
688	-0.110	-0.177	1.052	137.6
689	-0.106	-0.177	1.049	137.8
690	-0.109	-0.177	1.053	138.0
691	-0.107	-0.177	1.066	138.2
692	-0.112	-0.177	1.050	138.4
693	-0.108	-0.176	1.054	138.6
694	-0.110	-0.177	1.047	138.8
695	-0.108	-0.178	1.059	139.0
696	-0.109	-0.177	1.056	139.2
697	-0.111	-0.175	1.058	139.4
698	-0.110	-0.177	1.049	139.6
699	-0.111	-0.179	1.066	139.8
700	-0.110	-0.178	1.056	140.0
701	-0.112	-0.175	1.062	140.2
702	-0.111	-0.178	1.040	140.4
703	-0.113	-0.176	1.062	140.6
704	-0.110	-0.178	1.049	140.8
705	-0.113	-0.178	1.066	141.0
706	-0.112	-0.178	1.046	141.2
707	-0.113	-0.179	1.059	141.4
708	-0.114	-0.177	1.066	141.6
709	-0.114	-0.177	1.056	141.8
710	-0.113	-0.178	1.056	142.0
711	-0.116	-0.178	1.052	142.2
712	-0.115	-0.175	1.054	142.4
713	-0.115	-0.178	1.062	142.6
714	-0.115	-0.179	1.050	142.8
715	-0.115	-0.180	1.064	143.0
716	-0.115	-0.175	1.047	143.2
717	-0.116	-0.175	1.060	143.4
718	-0.115	-0.178	1.046	143.6
719	-0.115	-0.177	1.050	143.8
720	-0.117	-0.177	1.047	144.0
721	-0.116	-0.175	1.053	144.2
722	-0.116	-0.179	1.054	144.4
723	-0.115	-0.175	1.054	144.6
724	-0.115	-0.177	1.057	144.8
725	-0.118	-0.177	1.056	145.0
726	-0.116	-0.176	1.059	145.2
727	-0.117	-0.176	1.043	145.4
728	-0.115	-0.179	1.061	145.6
729	-0.118	-0.178	1.042	145.8
730	-0.114	-0.175	1.058	146.0
731	-0.116	-0.175	1.056	146.2
732	-0.116	-0.177	1.061	146.4
733	-0.114	-0.176	1.042	146.6
734	-0.113	-0.175	1.053	146.8
735	-0.115	-0.175	1.038	147.0
736	-0.114	-0.174	1.056	147.2
737	-0.113	-0.174	1.042	147.4
738	-0.112	-0.176	1.061	147.6
739	-0.113	-0.176	1.054	147.8
740	-0.115	-0.175	1.055	148.0
741	-0.111	-0.175	1.037	148.2
742	-0.112	-0.177	1.050	148.4
743	-0.111	-0.176	1.047	148.6
744	-0.112	-0.176	1.052	148.8
745	-0.113	-0.176	1.048	149.0
746	-0.111	-0.175	1.041	149.2
747	-0.112	-0.177	1.047	149.4
748	-0.112	-0.177	1.049	149.6
749	-0.111	-0.176	1.057	149.8
750	-0.111	-0.176	1.046	150.0
751	-0.110	-0.178	1.057	150.2
752	-0.109	-0.177	1.041	150.4
753	-0.111	-0.178	1.052	150.6
754	-0.110	-0.177	1.050	150.8
755	-0.110	-0.172	1.054	151.0
756	-0.109	-0.173	1.060	151.2
757	-0.110	-0.176	1.048	151.4
758	-0.111	-0.174	1.051	151.6
759	-0.110	-0.174	1.052	151.8
760	-0.110	-0.174	1.056	152.0
761	-0.112	-0.176	1.060	152.2
762	-0.110	-0.174	1.055	152.4
763	-0.108	-0.174	1.048	152.6
764	-0.110	-0.172	1.046	152.8
765	-0.114	-0.171	1.048	153.0
766	-0.115	-0.175	1.046	153.2
767	-0.113	-0.176	1.058	153.4
768	-0.113	-0.172	1.040	153.6
769	-0.116	-0.176	1.039	153.8
770	-0.115	-0.173	1.047	154.0
771	-0.114	-0.173	1.058	154.2
772	-0.114	-0.174	1.058	154.4
773	-0.116	-0.176	1.052	154.6
774	-0.117	-0.169	1.055	154.8
775	-0.115	-0.171	1.057	155.0
776	-0.115	-0.175	1.058	155.2
777	-0.114	-0.172	1.041	155.4
778	-0.113	-0.171	1.061	155.6
779	-0.115	-0.171	1.054	155.8
780	-0.115	-0.173	1.050	156.0
781	-0.114	-0.174	1.045	156.2
782	-0.115	-0.174	1.049	156.4
783	-0.114	-0.174	1.037	156.6
784	-0.114	-0.172	1.062	156.8
785	-0.114	-0.173	1.058	157.0
786	-0.116	-0.175	1.058	157.2
787	-0.114	-0.175	1.037	157.4
788	-0.115	-0.172	1.059	157.6
789	-0.112	-0.174	1.068	157.8
790	-0.113	-0.175	1.046	158.0
791	-0.113	-0.175	1.050	158.2
792	-0.110	-0.173	1.065	158.4
793	-0.114	-0.169	1.055	158.6
794	-0.113	-0.171	1.041	158.8
795	-0.112	-0.173	1.051	159.0
796	-0.111	-0.173	1.070	159.2
797	-0.111	-0.172	1.049	159.4
798	-0.112	-0.172	1.044	159.6
799	-0.112	-0.172	1.060	159.8
800	-0.109	-0.172	1.058	160.0
801	-0.111	-0.174	1.040	160.2
802	-0.108	-0.172	1.045	160.4
803	-0.112	-0.169	1.054	160.6
804	-0.111	-0.168	1.049	160.8
805	-0.109	-0.172	1.048	161.0
806	-0.112	-0.171	1.049	161.2
807	-0.110	-0.172	1.063	161.4
808	-0.110	-0.170	1.048	161.6
809	-0.110	-0.171	1.058	161.8
810	-0.108	-0.172	1.061	162.0
811	-0.109	-0.173	1.062	162.2
812	-0.109	-0.171	1.046	162.4
813	-0.111	-0.172	1.044	162.6
814	-0.110	-0.174	1.046	162.8
815	-0.108	-0.172	1.057	163.0
816	-0.108	-0.174	1.057	163.2
817	-0.109	-0.171	1.042	163.4
818	-0.109	-0.172	1.053	163.6
819	-0.107	-0.174	1.045	163.8
820	-0.107	-0.172	1.054	164.0
821	-0.108	-0.176	1.054	164.2
822	-0.107	-0.172	1.059	164.4
823	-0.107	-0.171	1.055	164.6
824	-0.106	-0.173	1.056	164.8
825	-0.106	-0.174	1.041	165.0
826	-0.106	-0.173	1.054	165.2
827	-0.107	-0.170	1.040	165.4
828	-0.105	-0.172	1.055	165.6
829	-0.107	-0.174	1.053	165.8
830	-0.105	-0.173	1.049	166.0
831	-0.108	-0.176	1.042	166.2
832	-0.108	-0.172	1.047	166.4
833	-0.107	-0.174	1.058	166.6
834	-0.107	-0.176	1.042	166.8
835	-0.107	-0.174	1.050	167.0
836	-0.107	-0.172	1.036	167.2
837	-0.105	-0.171	1.044	167.4
838	-0.106	-0.174	1.042	167.6
839	-0.104	-0.175	1.060	167.8
840	-0.107	-0.170	1.037	168.0
841	-0.109	-0.171	1.048	168.2
842	-0.106	-0.172	1.043	168.4
843	-0.108	-0.170	1.053	168.6
844	-0.108	-0.175	1.041	168.8
845	-0.106	-0.172	1.049	169.0
846	-0.108	-0.171	1.053	169.2
847	-0.107	-0.172	1.047	169.4
848	-0.107	-0.171	1.042	169.6
849	-0.107	-0.171	1.046	169.8
850	-0.107	-0.169	1.047	170.0
851	-0.107	-0.169	1.056	170.2
852	-0.108	-0.171	1.052	170.4
853	-0.105	-0.172	1.041	170.6
854	-0.110	-0.170	1.058	170.8
855	-0.108	-0.168	1.050	171.0
856	-0.110	-0.169	1.053	171.2
857	-0.113	-0.168	1.046	171.4
858	-0.110	-0.172	1.050	171.6
859	-0.112	-0.171	1.040	171.8
860	-0.110	-0.171	1.071	172.0
861	-0.109	-0.167	1.045	172.2
862	-0.111	-0.171	1.043	172.4
863	-0.111	-0.170	1.060	172.6
864	-0.110	-0.170	1.058	172.8
865	-0.112	-0.172	1.049	173.0
866	-0.112	-0.168	1.036	173.2
867	-0.110	-0.172	1.050	173.4
868	-0.111	-0.172	1.056	173.6
869	-0.113	-0.170	1.040	173.8
870	-0.114	-0.170	1.045	174.0
871	-0.111	-0.170	1.054	174.2
872	-0.114	-0.174	1.048	174.4
873	-0.113	-0.171	1.052	174.6
874	-0.112	-0.170	1.040	174.8
875	-0.114	-0.168	1.059	175.0
876	-0.111	-0.172	1.050	175.2
877	-0.112	-0.172	1.053	175.4
878	-0.111	-0.172	1.050	175.6
879	-0.112	-0.172	1.060	175.8
880	-0.112	-0.170	1.036	176.0
881	-0.111	-0.170	1.054	176.2
882	-0.111	-0.171	1.060	176.4
883	-0.110	-0.171	1.052	176.6
884	-0.110	-0.168	1.034	176.8
885	-0.110	-0.163	1.048	177.0
886	-0.109	-0.169	1.058	177.2
887	-0.108	-0.174	1.038	177.4
888	-0.111	-0.168	1.044	177.6
889	-0.111	-0.171	1.042	177.8
890	-0.108	-0.171	1.062	178.0
891	-0.108	-0.172	1.038	178.2
892	-0.107	-0.172	1.052	178.4
893	-0.109	-0.169	1.054	178.6
894	-0.111	-0.171	1.058	178.8
895	-0.108	-0.169	1.039	179.0
896	-0.108	-0.170	1.060	179.2
897	-0.106	-0.172	1.056	179.4
898	-0.107	-0.172	1.042	179.6
899	-0.108	-0.172	1.038	179.8
900	-0.109	-0.171	1.069	180.0
901	-0.108	-0.172	1.047	180.2
902	-0.108	-0.172	1.036	180.4
903	-0.109	-0.171	1.044	180.6
904	-0.108	-0.169	1.056	180.8
905	-0.108	-0.171	1.053	181.0
906	-0.106	-0.169	1.046	181.2
907	-0.108	-0.170	1.042	181.4
908	-0.107	-0.169	1.046	181.6
909	-0.106	-0.170	1.048	181.8
910	-0.107	-0.169	1.044	182.0
911	-0.107	-0.171	1.050	182.2
912	-0.106	-0.169	1.054	182.4
913	-0.108	-0.170	1.051	182.6
914	-0.107	-0.171	1.046	182.8
915	-0.108	-0.171	1.049	183.0
916	-0.107	-0.172	1.041	183.2
917	-0.108	-0.171	1.050	183.4
918	-0.107	-0.170	1.047	183.6
919	-0.106	-0.171	1.050	183.8
920	-0.107	-0.171	1.042	184.0
921	-0.108	-0.172	1.050	184.2
922	-0.108	-0.172	1.048	184.4
923	-0.108	-0.170	1.053	184.6
924	-0.107	-0.170	1.045	184.8
925	-0.107	-0.171	1.040	185.0
926	-0.106	-0.172	1.052	185.2
927	-0.108	-0.168	1.043	185.4
928	-0.107	-0.170	1.051	185.6
929	-0.105	-0.171	1.042	185.8
930	-0.105	-0.171	1.052	186.0
931	-0.105	-0.171	1.045	186.2
932	-0.108	-0.168	1.048	186.4
933	-0.108	-0.169	1.046	186.6
934	-0.106	-0.171	1.051	186.8
935	-0.104	-0.169	1.044	187.0
936	-0.104	-0.169	1.055	187.2
937	-0.108	-0.168	1.042	187.4
938	-0.104	-0.169	1.045	187.6
939	-0.104	-0.168	1.039	187.8
940	-0.104	-0.169	1.049	188.0
941	-0.103	-0.168	1.036	188.2
942	-0.106	-0.167	1.046	188.4
943	-0.103	-0.169	1.052	188.6
944	-0.106	-0.169	1.045	188.8
945	-0.105	-0.169	1.048	189.0
946	-0.104	-0.165	1.060	189.2
947	-0.104	-0.165	1.046	189.4
948	-0.103	-0.165	1.043	189.6
949	-0.105	-0.169	1.044	189.8
950	-0.105	-0.168	1.044	190.0
951	-0.104	-0.167	1.048	190.2
952	-0.104	-0.166	1.042	190.4
953	-0.105	-0.166	1.056	190.6
954	-0.104	-0.170	1.050	190.8
955	-0.106	-0.168	1.044	191.0
956	-0.104	-0.169	1.031	191.2
957	-0.103	-0.166	1.047	191.4
958	-0.105	-0.168	1.044	191.6
959	-0.105	-0.169	1.054	191.8
960	-0.104	-0.171	1.045	192.0
961	-0.105	-0.170	1.046	192.2
962	-0.107	-0.168	1.054	192.4
963	-0.105	-0.168	1.051	192.6
964	-0.104	-0.168	1.045	192.8
965	-0.103	-0.167	1.045	193.0
966	-0.104	-0.168	1.041	193.2
967	-0.106	-0.166	1.042	193.4
968	-0.103	-0.167	1.048	193.6
969	-0.105	-0.171	1.051	193.8
970	-0.105	-0.168	1.053	194.0
971	-0.108	-0.168	1.041	194.2
972	-0.104	-0.166	1.053	194.4
973	-0.104	-0.168	1.053	194.6
974	-0.105	-0.169	1.044	194.8
975	-0.105	-0.170	1.043	195.0
976	-0.104	-0.166	1.053	195.2
977	-0.105	-0.167	1.046	195.4
978	-0.105	-0.170	1.044	195.6
979	-0.103	-0.169	1.053	195.8
980	-0.105	-0.171	1.060	196.0
981	-0.105	-0.166	1.058	196.2
982	-0.105	-0.169	1.055	196.4
983	-0.105	-0.172	1.042	196.6
984	-0.102	-0.167	1.056	196.8
985	-0.103	-0.172	1.041	197.0
986	-0.103	-0.163	1.062	197.2
987	-0.105	-0.168	1.040	197.4
988	-0.104	-0.167	1.055	197.6
989	-0.104	-0.171	1.048	197.8
990	-0.104	-0.163	1.056	198.0
991	-0.102	-0.165	1.048	198.2
992	-0.103	-0.165	1.050	198.4
993	-0.101	-0.166	1.050	198.6
994	-0.103	-0.165	1.051	198.8
995	-0.102	-0.164	1.059	199.0
996	-0.103	-0.166	1.043	199.2
997	-0.104	-0.165	1.049	199.4
998	-0.100	-0.166	1.054	199.6
999	-0.102	-0.163	1.058	199.8
1000	-0.101	-0.164	1.045	200.0
1001	-0.101	-0.165	1.046	200.2
1002	-0.102	-0.161	1.051	200.4
1003	-0.100	-0.164	1.061	200.6
1004	-0.103	-0.165	1.055	200.8
1005	-0.102	-0.162	1.058	201.0
1006	-0.101	-0.164	1.035	201.2
1007	-0.102	-0.163	1.069	201.4
1008	-0.101	-0.166	1.054	201.6
1009	-0.104	-0.162	1.059	201.8
1010	-0.102	-0.164	1.053	202.0
1011	-0.101	-0.163	1.048	202.2
1012	-0.102	-0.165	1.062	202.4
1013	-0.102	-0.164	1.052	202.6
1014	-0.102	-0.166	1.056	202.8
1015	-0.103	-0.164	1.047	203.0
1016	-0.103	-0.165	1.057	203.2
1017	-0.107	-0.174	1.262	203.4
1018	-0.170	-0.342	1.358	203.6
1019	-0.170	-0.340	1.345	203.8
1020	-0.169	-0.335	1.359	204.0
1021	-0.168	-0.333	1.349	204.2
1022	-0.167	-0.336	1.340	204.4
1023	-0.164	-0.329	1.335	204.6
1024	-0.165	-0.327	1.338	204.8
1025	-0.164	-0.326	1.314	205.0
1026	-0.166	-0.328	1.330	205.2
1027	-0.164	-0.328	1.330	205.4
1028	-0.163	-0.326	1.331	205.6
1029	-0.165	-0.325	1.313	205.8
1030	-0.163	-0.323	1.322	206.0
1031	-0.162	-0.324	1.329	206.2
1032	-0.163	-0.324	1.324	206.4
1033	-0.163	-0.323	1.321	206.6
1034	-0.161	-0.319	1.321	206.8
1035	-0.162	-0.320	1.318	207.0
1036	-0.159	-0.322	1.321	207.2
1037	-0.162	-0.321	1.318	207.4
1038	-0.160	-0.322	1.315	207.6
1039	-0.160	-0.318	1.325	207.8
1040	-0.160	-0.321	1.298	208.0
1041	-0.159	-0.322	1.320	208.2
1042	-0.159	-0.323	1.307	208.4
1043	-0.161	-0.318	1.322	208.6
1044	-0.160	-0.318	1.312	208.8
1045	-0.158	-0.318	1.328	209.0
1046	-0.158	-0.321	1.304	209.2
1047	-0.159	-0.321	1.311	209.4
1048	-0.159	-0.320	1.310	209.6
1049	-0.158	-0.318	1.309	209.8
1050	-0.160	-0.318	1.301	210.0
1051	-0.158	-0.321	1.317	210.2
1052	-0.159	-0.318	1.307	210.4
1053	-0.157	-0.317	1.311	210.6
1054	-0.159	-0.317	1.303	210.8
1055	-0.159	-0.319	1.302	211.0
1056	-0.157	-0.319	1.301	211.2
1057	-0.159	-0.318	1.308	211.4
1058	-0.158	-0.317	1.310	211.6
1059	-0.159	-0.315	1.304	211.8
1060	-0.158	-0.317	1.302	212.0
1061	-0.156	-0.317	1.308	212.2
1062	-0.159	-0.317	1.317	212.4
1063	-0.158	-0.315	1.307	212.6
1064	-0.159	-0.317	1.309	212.8
1065	-0.158	-0.316	1.295	213.0
1066	-0.156	-0.319	1.300	213.2
1067	-0.157	-0.315	1.286	213.4
1068	-0.158	-0.315	1.308	213.6
1069	-0.159	-0.315	1.304	213.8
1070	-0.157	-0.315	1.312	214.0
1071	-0.156	-0.317	1.300	214.2
1072	-0.157	-0.313	1.319	214.4
1073	-0.155	-0.315	1.294	214.6
1074	-0.155	-0.313	1.302	214.8
1075	-0.158	-0.315	1.298	215.0
1076	-0.157	-0.314	1.305	215.2
1077	-0.154	-0.315	1.300	215.4
1078	-0.157	-0.314	1.294	215.6
1079	-0.154	-0.312	1.290	215.8
1080	-0.157	-0.315	1.306	216.0
1081	-0.156	-0.314	1.304	216.2
1082	-0.156	-0.312	1.300	216.4
1083	-0.154	-0.312	1.302	216.6
1084	-0.157	-0.310	1.291	216.8
1085	-0.155	-0.312	1.312	217.0
1086	-0.155	-0.311	1.283	217.2
1087	-0.156	-0.312	1.305	217.4
1088	-0.154	-0.311	1.291	217.6
1089	-0.155	-0.312	1.302	217.8
1090	-0.154	-0.312	1.289	218.0
1091	-0.155	-0.312	1.304	218.2
1092	-0.155	-0.311	1.294	218.4
1093	-0.156	-0.309	1.304	218.6
1094	-0.153	-0.309	1.291	218.8
1095	-0.154	-0.310	1.295	219.0
1096	-0.153	-0.312	1.304	219.2
1097	-0.154	-0.311	1.284	219.4
1098	-0.154	-0.309	1.290	219.6
1099	-0.153	-0.309	1.293	219.8
1100	-0.153	-0.311	1.308	220.0
1101	-0.153	-0.311	1.280	220.2
1102	-0.153	-0.309	1.302	220.4
1103	-0.156	-0.308	1.296	220.6
1104	-0.155	-0.311	1.294	220.8
1105	-0.152	-0.312	1.295	221.0
1106	-0.153	-0.311	1.294	221.2
1107	-0.152	-0.307	1.289	221.4
1108	-0.154	-0.309	1.286	221.6
1109	-0.154	-0.309	1.304	221.8
1110	-0.152	-0.310	1.284	222.0
1111	-0.152	-0.309	1.290	222.2
1112	-0.152	-0.307	1.286	222.4
1113	-0.152	-0.307	1.296	222.6
1114	-0.153	-0.308	1.293	222.8
1115	-0.151	-0.310	1.300	223.0
1116	-0.151	-0.308	1.282	223.2
1117	-0.151	-0.308	1.298	223.4
1118	-0.150	-0.310	1.282	223.6
1119	-0.151	-0.308	1.295	223.8
1120	-0.150	-0.311	1.274	224.0
1121	-0.152	-0.307	1.302	224.2
1122	-0.150	-0.306	1.282	224.4
1123	-0.153	-0.306	1.297	224.6
1124	-0.149	-0.308	1.288	224.8
1125	-0.152	-0.309	1.284	225.0
1126	-0.153	-0.307	1.302	225.2
1127	-0.151	-0.305	1.294	225.4
1128	-0.149	-0.307	1.299	225.6
1129	-0.150	-0.309	1.269	225.8
1130	-0.151	-0.308	1.295	226.0
1131	-0.150	-0.306	1.285	226.2
1132	-0.149	-0.305	1.285	226.4
1133	-0.152	-0.309	1.269	226.6
1134	-0.148	-0.307	1.301	226.8
1135	-0.150	-0.309	1.285	227.0
1136	-0.149	-0.306	1.279	227.2
1137	-0.150	-0.307	1.273	227.4
1138	-0.147	-0.306	1.280	227.6
1139	-0.148	-0.305	1.284	227.8
1140	-0.150	-0.307	1.288	228.0
1141	-0.149	-0.303	1.284	228.2
1142	-0.149	-0.305	1.292	228.4
1143	-0.149	-0.307	1.278	228.6
1144	-0.149	-0.307	1.278	228.8
1145	-0.148	-0.306	1.298	229.0
1146	-0.150	-0.304	1.282	229.2
1147	-0.148	-0.305	1.287	229.4
1148	-0.150	-0.306	1.272	229.6
1149	-0.147	-0.304	1.294	229.8
1150	-0.147	-0.305	1.272	230.0
1151	-0.148	-0.302	1.285	230.2
1152	-0.151	-0.305	1.273	230.4
1153	-0.148	-0.303	1.301	230.6
1154	-0.150	-0.305	1.283	230.8
1155	-0.148	-0.307	1.280	231.0
1156	-0.147	-0.306	1.288	231.2
1157	-0.148	-0.304	1.279	231.4
1158	-0.149	-0.306	1.286	231.6
1159	-0.149	-0.307	1.274	231.8
1160	-0.148	-0.303	1.291	232.0
1161	-0.148	-0.306	1.271	232.2
1162	-0.151	-0.304	1.272	232.4
1163	-0.150	-0.305	1.289	232.6
1164	-0.148	-0.305	1.302	232.8
1165	-0.149	-0.305	1.270	233.0
1166	-0.150	-0.303	1.275	233.2
1167	-0.147	-0.304	1.285	233.4
1168	-0.150	-0.306	1.284	233.6
1169	-0.150	-0.305	1.271	233.8
1170	-0.149	-0.306	1.279	234.0
1171	-0.151	-0.303	1.279	234.2
1172	-0.149	-0.304	1.278	234.4
1173	-0.149	-0.305	1.282	234.6
1174	-0.147	-0.304	1.281	234.8
1175	-0.149	-0.303	1.272	235.0
1176	-0.150	-0.304	1.282	235.2
1177	-0.148	-0.304	1.278	235.4
1178	-0.148	-0.305	1.280	235.6
1179	-0.148	-0.304	1.278	235.8
1180	-0.149	-0.303	1.280	236.0
1181	-0.150	-0.302	1.290	236.2
1182	-0.145	-0.301	1.281	236.4
1183	-0.149	-0.302	1.279	236.6
1184	-0.148	-0.303	1.273	236.8
1185	-0.149	-0.303	1.292	237.0
1186	-0.146	-0.300	1.276	237.2
1187	-0.148	-0.302	1.286	237.4
1188	-0.148	-0.304	1.264	237.6
1189	-0.148	-0.302	1.280	237.8
1190	-0.149	-0.301	1.284	238.0
1191	-0.149	-0.303	1.287	238.2
1192	-0.149	-0.303	1.278	238.4
1193	-0.148	-0.301	1.272	238.6
1194	-0.147	-0.304	1.286	238.8
1195	-0.150	-0.301	1.272	239.0
1196	-0.149	-0.301	1.290	239.2
1197	-0.147	-0.301	1.280	239.4
1198	-0.147	-0.304	1.280	239.6
1199	-0.149	-0.304	1.272	239.8
1200	-0.150	-0.301	1.281	240.0
1201	-0.147	-0.300	1.280	240.2
1202	-0.147	-0.306	1.279	240.4
1203	-0.151	-0.303	1.273	240.6
1204	-0.147	-0.301	1.278	240.8
1205	-0.149	-0.301	1.279	241.0
1206	-0.149	-0.304	1.272	241.2
1207	-0.150	-0.303	1.267	241.4
1208	-0.149	-0.306	1.268	241.6
1209	-0.150	-0.302	1.286	241.8
1210	-0.151	-0.301	1.276	242.0
1211	-0.149	-0.300	1.289	242.2
1212	-0.149	-0.305	1.267	242.4
1213	-0.149	-0.305	1.278	242.6
1214	-0.149	-0.301	1.265	242.8
1215	-0.149	-0.305	1.284	243.0
1216	-0.150	-0.304	1.272	243.2
1217	-0.150	-0.304	1.281	243.4
1218	-0.150	-0.304	1.268	243.6
1219	-0.148	-0.303	1.284	243.8
1220	-0.149	-0.302	1.267	244.0
1221	-0.151	-0.303	1.282	244.2
1222	-0.148	-0.305	1.268	244.4
1223	-0.150	-0.304	1.276	244.6
1224	-0.151	-0.301	1.276	244.8
1225	-0.148	-0.305	1.263	245.0
1226	-0.151	-0.304	1.271	245.2
1227	-0.151	-0.303	1.266	245.4
1228	-0.148	-0.304	1.281	245.6
1229	-0.151	-0.303	1.269	245.8
1230	-0.148	-0.301	1.276	246.0
1231	-0.151	-0.303	1.272	246.2
1232	-0.150	-0.307	1.274	246.4
1233	-0.150	-0.303	1.270	246.6
1234	-0.151	-0.302	1.276	246.8
1235	-0.152	-0.303	1.270	247.0
1236	-0.150	-0.303	1.272	247.2
1237	-0.150	-0.302	1.270	247.4
1238	-0.151	-0.301	1.269	247.6
1239	-0.150	-0.300	1.270	247.8
1240	-0.154	-0.302	1.264	248.0
1241	-0.153	-0.300	1.288	248.2
1242	-0.152	-0.303	1.259	248.4
1243	-0.150	-0.302	1.273	248.6
1244	-0.151	-0.301	1.270	248.8
1245	-0.153	-0.299	1.280	249.0
1246	-0.153	-0.302	1.265	249.2
1247	-0.153	-0.302	1.278	249.4
1248	-0.151	-0.301	1.270	249.6
1249	-0.153	-0.299	1.266	249.8
1250	-0.156	-0.302	1.269	250.0
1251	-0.152	-0.304	1.276	250.2
1252	-0.153	-0.301	1.256	250.4
1253	-0.153	-0.302	1.277	250.6
1254	-0.153	-0.300	1.256	250.8
1255	-0.155	-0.301	1.268	251.0
1256	-0.154	-0.300	1.274	251.2
1257	-0.152	-0.303	1.266	251.4
1258	-0.154	-0.302	1.272	251.6
1259	-0.156	-0.298	1.272	251.8
1260	-0.155	-0.300	1.269	252.0
1261	-0.154	-0.301	1.274	252.2
1262	-0.152	-0.301	1.272	252.4
1263	-0.154	-0.298	1.275	252.6
1264	-0.155	-0.299	1.275	252.8
1265	-0.155	-0.298	1.273	253.0
1266	-0.154	-0.303	1.271	253.2
1267	-0.156	-0.300	1.259	253.4
1268	-0.154	-0.298	1.279	253.6
1269	-0.156	-0.298	1.266	253.8
1270	-0.155	-0.301	1.280	254.0
1271	-0.156	-0.302	1.258	254.2
1272	-0.155	-0.299	1.272	254.4
1273	-0.156	-0.299	1.274	254.6
1274	-0.156	-0.299	1.267	254.8
1275	-0.153	-0.304	1.270	255.0
1276	-0.153	-0.300	1.277	255.2
1277	-0.156	-0.301	1.274	255.4
1278	-0.155	-0.299	1.269	255.6
1279	-0.155	-0.300	1.276	255.8
1280	-0.153	-0.299	1.264	256.0
1281	-0.157	-0.301	1.269	256.2
1282	-0.155	-0.302	1.263	256.4
1283	-0.156	-0.299	1.272	256.6
1284	-0.156	-0.298	1.269	256.8
1285	-0.155	-0.300	1.277	257.0
1286	-0.156	-0.301	1.255	257.2
1287	-0.156	-0.301	1.280	257.4
1288	-0.156	-0.297	1.279	257.6
1289	-0.158	-0.300	1.261	257.8
1290	-0.157	-0.300	1.264	258.0
1291	-0.155	-0.301	1.270	258.2
1292	-0.158	-0.299	1.270	258.4
1293	-0.156	-0.297	1.264	258.6
1294	-0.156	-0.300	1.267	258.8
1295	-0.156	-0.301	1.270	259.0
1296	-0.156	-0.298	1.264	259.2
1297	-0.158	-0.297	1.262	259.4
1298	-0.155	-0.298	1.280	259.6
1299	-0.156	-0.300	1.265	259.8
1300	-0.159	-0.301	1.268	260.0
1301	-0.156	-0.299	1.266	260.2
1302	-0.156	-0.300	1.280	260.4
1303	-0.157	-0.302	1.270	260.6
1304	-0.155	-0.300	1.269	260.8
1305	-0.156	-0.301	1.266	261.0
1306	-0.156	-0.298	1.269	261.2
1307	-0.157	-0.301	1.268	261.4
1308	-0.157	-0.298	1.267	261.6
1309	-0.158	-0.297	1.279	261.8
1310	-0.156	-0.300	1.262	262.0
1311	-0.157	-0.302	1.274	262.2
1312	-0.154	-0.299	1.269	262.4
1313	-0.156	-0.296	1.280	262.6
1314	-0.158	-0.301	1.254	262.8
1315	-0.155	-0.301	1.267	263.0
1316	-0.153	-0.301	1.260	263.2
1317	-0.158	-0.301	1.280	263.4
1318	-0.155	-0.299	1.264	263.6
1319	-0.156	-0.299	1.266	263.8
1320	-0.156	-0.301	1.272	264.0
1321	-0.157	-0.301	1.274	264.2
1322	-0.156	-0.299	1.258	264.4
1323	-0.155	-0.299	1.263	264.6
1324	-0.156	-0.301	1.274	264.8
1325	-0.155	-0.304	1.270	265.0
1326	-0.156	-0.301	1.264	265.2
1327	-0.157	-0.299	1.267	265.4
1328	-0.155	-0.298	1.278	265.6
1329	-0.158	-0.300	1.266	265.8
1330	-0.154	-0.301	1.275	266.0
1331	-0.155	-0.300	1.256	266.2
1332	-0.156	-0.296	1.269	266.4
1333	-0.156	-0.299	1.263	266.6
1334	-0.153	-0.299	1.283	266.8
1335	-0.155	-0.299	1.265	267.0
1336	-0.157	-0.300	1.268	267.2
1337	-0.155	-0.295	1.268	267.4
1338	-0.155	-0.296	1.278	267.6
1339	-0.157	-0.299	1.269	267.8
1340	-0.155	-0.298	1.267	268.0
1341	-0.157	-0.297	1.263	268.2
1342	-0.158	-0.294	1.266	268.4
1343	-0.158	-0.299	1.268	268.6
1344	-0.154	-0.299	1.269	268.8
1345	-0.154	-0.296	1.272	269.0
1346	-0.156	-0.295	1.254	269.2
1347	-0.157	-0.294	1.269	269.4
1348	-0.155	-0.298	1.263	269.6
1349	-0.156	-0.300	1.278	269.8
1350	-0.157	-0.298	1.261	270.0
1351	-0.155	-0.297	1.261	270.2
1352	-0.155	-0.294	1.265	270.4
1353	-0.156	-0.295	1.276	270.6
1354	-0.157	-0.298	1.259	270.8
1355	-0.157	-0.299	1.266	271.0
1356	-0.155	-0.296	1.267	271.2
1357	-0.155	-0.292	1.255	271.4
1358	-0.155	-0.295	1.274	271.6
1359	-0.154	-0.297	1.255	271.8
1360	-0.157	-0.296	1.275	272.0
1361	-0.155	-0.295	1.260	272.2
1362	-0.154	-0.295	1.264	272.4
1363	-0.155	-0.296	1.269	272.6
1364	-0.155	-0.297	1.273	272.8
1365	-0.156	-0.295	1.256	273.0
1366	-0.155	-0.293	1.277	273.2
1367	-0.155	-0.298	1.268	273.4
1368	-0.155	-0.298	1.275	273.6
1369	-0.155	-0.297	1.258	273.8
1370	-0.155	-0.293	1.258	274.0
1371	-0.156	-0.293	1.270	274.2
1372	-0.157	-0.293	1.258	274.4
1373	-0.155	-0.295	1.282	274.6
1374	-0.155	-0.297	1.248	274.8
1375	-0.153	-0.296	1.273	275.0
1376	-0.156	-0.295	1.262	275.2
1377	-0.154	-0.295	1.270	275.4
1378	-0.155	-0.297	1.255	275.6
1379	-0.154	-0.295	1.269	275.8
1380	-0.155	-0.297	1.260	276.0
1381	-0.158	-0.292	1.282	276.2
1382	-0.156	-0.292	1.261	276.4
1383	-0.154	-0.293	1.259	276.6
1384	-0.155	-0.295	1.262	276.8
1385	-0.153	-0.293	1.265	277.0
1386	-0.154	-0.293	1.263	277.2
1387	-0.156	-0.294	1.260	277.4
1388	-0.153	-0.295	1.273	277.6
1389	-0.154	-0.295	1.255	277.8
1390	-0.155	-0.292	1.276	278.0
1391	-0.155	-0.293	1.264	278.2
1392	-0.153	-0.296	1.266	278.4
1393	-0.154	-0.297	1.259	278.6
1394	-0.154	-0.297	1.270	278.8
1395	-0.158	-0.295	1.252	279.0
1396	-0.154	-0.291	1.277	279.2
1397	-0.153	-0.293	1.256	279.4
1398	-0.154	-0.295	1.266	279.6
1399	-0.155	-0.291	1.261	279.8
1400	-0.153	-0.291	1.282	280.0
1401	-0.154	-0.293	1.264	280.2
1402	-0.153	-0.295	1.258	280.4
1403	-0.154	-0.295	1.248	280.6
1404	-0.154	-0.296	1.258	280.8
1405	-0.153	-0.293	1.274	281.0
1406	-0.156	-0.295	1.258	281.2
1407	-0.155	-0.296	1.271	281.4
1408	-0.154	-0.295	1.255	281.6
1409	-0.155	-0.294	1.262	281.8
1410	-0.154	-0.294	1.257	282.0
1411	-0.153	-0.294	1.272	282.2
1412	-0.151	-0.293	1.259	282.4
1413	-0.151	-0.296	1.272	282.6
1414	-0.155	-0.293	1.261	282.8
1415	-0.153	-0.292	1.274	283.0
1416	-0.152	-0.293	1.265	283.2
1417	-0.156	-0.293	1.262	283.4
1418	-0.152	-0.293	1.263	283.6
1419	-0.152	-0.293	1.258	283.8
1420	-0.152	-0.293	1.276	284.0
1421	-0.154	-0.295	1.252	284.2
1422	-0.153	-0.297	1.266	284.4
1423	-0.152	-0.295	1.260	284.6
1424	-0.153	-0.294	1.276	284.8
1425	-0.153	-0.294	1.254	285.0
1426	-0.154	-0.294	1.262	285.2
1427	-0.152	-0.293	1.255	285.4
1428	-0.154	-0.294	1.264	285.6
1429	-0.154	-0.293	1.257	285.8
1430	-0.155	-0.294	1.278	286.0
1431	-0.154	-0.294	1.252	286.2
1432	-0.154	-0.294	1.264	286.4
1433	-0.155	-0.295	1.255	286.6
1434	-0.154	-0.290	1.276	286.8
1435	-0.154	-0.291	1.262	287.0
1436	-0.154	-0.294	1.262	287.2
1437	-0.153	-0.292	1.264	287.4
1438	-0.152	-0.293	1.271	287.6
1439	-0.153	-0.293	1.271	287.8
1440	-0.153	-0.293	1.260	288.0
1441	-0.153	-0.293	1.272	288.2
1442	-0.152	-0.293	1.265	288.4
1443	-0.152	-0.291	1.267	288.6
1444	-0.154	-0.290	1.262	288.8
1445	-0.151	-0.292	1.263	289.0
1446	-0.152	-0.293	1.252	289.2
1447	-0.154	-0.296	1.273	289.4
1448	-0.153	-0.295	1.255	289.6
1449	-0.154	-0.292	1.269	289.8
1450	-0.153	-0.291	1.256	290.0
1451	-0.152	-0.294	1.262	290.2
1452	-0.152	-0.294	1.259	290.4
1453	-0.151	-0.293	1.277	290.6
1454	-0.152	-0.290	1.265	290.8
1455	-0.155	-0.292	1.258	291.0
1456	-0.152	-0.291	1.253	291.2
1457	-0.154	-0.293	1.258	291.4
1458	-0.153	-0.291	1.267	291.6
1459	-0.152	-0.290	1.262	291.8
1460	-0.152	-0.289	1.262	292.0
1461	-0.155	-0.292	1.251	292.2
1462	-0.152	-0.292	1.267	292.4
1463	-0.155	-0.292	1.263	292.6
1464	-0.154	-0.290	1.271	292.8
1465	-0.154	-0.289	1.257	293.0
1466	-0.152	-0.291	1.277	293.2
1467	-0.152	-0.290	1.267	293.4
1468	-0.152	-0.291	1.258	293.6
1469	-0.152	-0.288	1.260	293.8
1470	-0.153	-0.290	1.264	294.0
1471	-0.151	-0.291	1.265	294.2
1472	-0.151	-0.291	1.267	294.4
1473	-0.152	-0.289	1.268	294.6
1474	-0.152	-0.290	1.262	294.8
1475	-0.152	-0.289	1.247	295.0
1476	-0.153	-0.289	1.263	295.2
1477	-0.152	-0.287	1.269	295.4
1478	-0.152	-0.287	1.266	295.6
1479	-0.153	-0.287	1.255	295.8
1480	-0.153	-0.290	1.263	296.0
1481	-0.154	-0.291	1.260	296.2
1482	-0.152	-0.289	1.273	296.4
1483	-0.152	-0.290	1.256	296.6
1484	-0.151	-0.287	1.269	296.8
1485	-0.151	-0.289	1.250	297.0
1486	-0.151	-0.289	1.256	297.2
1487	-0.152	-0.287	1.251	297.4
1488	-0.153	-0.286	1.268	297.6
1489	-0.153	-0.287	1.252	297.8
1490	-0.151	-0.291	1.262	298.0
1491	-0.153	-0.288	1.264	298.2
1492	-0.150	-0.288	1.273	298.4
1493	-0.151	-0.286	1.266	298.6
1494	-0.153	-0.287	1.262	298.8
1495	-0.152	-0.291	1.268	299.0
1496	-0.151	-0.289	1.262	299.2
1497	-0.151	-0.289	1.262	299.4
1498	-0.152	-0.288	1.261	299.6
1499	-0.152	-0.289	1.260	299.8
1500	-0.150	-0.290	1.251	300.0
1501	-0.152	-0.288	1.262	300.2
1502	-0.151	-0.288	1.258	300.4
1503	-0.152	-0.289	1.255	300.6
1504	-0.152	-0.289	1.248	300.8
1505	-0.151	-0.288	1.269	301.0
1506	-0.150	-0.287	1.255	301.2
1507	-0.151	-0.286	1.268	301.4
1508	-0.152	-0.286	1.247	301.6
1509	-0.152	-0.286	1.262	301.8
1510	-0.151	-0.288	1.248	302.0
1511	-0.151	-0.288	1.269	302.2
1512	-0.151	-0.287	1.256	302.4
1513	-0.153	-0.286	1.261	302.6
1514	-0.151	-0.287	1.256	302.8
1515	-0.150	-0.290	1.256	303.0
1516	-0.148	-0.289	1.262	303.2
1517	-0.152	-0.287	1.257	303.4
1518	-0.187	-0.376	1.464	303.6
1519	-0.233	-0.523	1.673	303.8
1520	-0.228	-0.504	1.620	304.0
1521	-0.226	-0.500	1.609	304.2
1522	-0.224	-0.492	1.601	304.4
1523	-0.220	-0.487	1.605	304.6
1524	-0.221	-0.485	1.589	304.8
1525	-0.218	-0.484	1.585	305.0
1526	-0.218	-0.477	1.598	305.2
1527	-0.217	-0.475	1.584	305.4
1528	-0.215	-0.476	1.570	305.6
1529	-0.215	-0.474	1.564	305.8
1530	-0.214	-0.470	1.584	306.0
1531	-0.214	-0.468	1.570	306.2
1532	-0.214	-0.468	1.564	306.4
1533	-0.213	-0.468	1.550	306.6
1534	-0.212	-0.463	1.577	306.8
1535	-0.210	-0.467	1.552	307.0
1536	-0.213	-0.464	1.556	307.2
1537	-0.213	-0.460	1.550	307.4
1538	-0.213	-0.458	1.552	307.6
1539	-0.211	-0.461	1.542	307.8
1540	-0.211	-0.461	1.552	308.0
1541	-0.211	-0.458	1.554	308.2
1542	-0.209	-0.457	1.550	308.4
1543	-0.209	-0.458	1.538	308.6
1544	-0.210	-0.459	1.535	308.8
1545	-0.211	-0.457	1.548	309.0
1546	-0.207	-0.456	1.543	309.2
1547	-0.208	-0.454	1.547	309.4
1548	-0.212	-0.454	1.528	309.6
1549	-0.209	-0.456	1.555	309.8
1550	-0.208	-0.453	1.525	310.0
1551	-0.208	-0.451	1.544	310.2
1552	-0.209	-0.450	1.534	310.4
1553	-0.210	-0.454	1.537	310.6
1554	-0.208	-0.451	1.526	310.8
1555	-0.207	-0.451	1.538	311.0
1556	-0.208	-0.451	1.541	311.2
1557	-0.208	-0.450	1.517	311.4
1558	-0.207	-0.451	1.542	311.6
1559	-0.207	-0.449	1.531	311.8
1560	-0.208	-0.448	1.552	312.0
1561	-0.209	-0.449	1.514	312.2
1562	-0.208	-0.447	1.533	312.4
1563	-0.207	-0.448	1.523	312.6
1564	-0.208	-0.448	1.547	312.8
1565	-0.205	-0.444	1.521	313.0
1566	-0.207	-0.446	1.534	313.2
1567	-0.208	-0.444	1.505	313.4
1568	-0.208	-0.445	1.540	313.6
1569	-0.206	-0.447	1.520	313.8
1570	-0.207	-0.446	1.548	314.0
1571	-0.208	-0.445	1.510	314.2
1572	-0.207	-0.443	1.525	314.4
1573	-0.208	-0.446	1.509	314.6
1574	-0.206	-0.444	1.545	314.8
1575	-0.206	-0.443	1.517	315.0
1576	-0.206	-0.445	1.528	315.2
1577	-0.206	-0.444	1.512	315.4
1578	-0.207	-0.444	1.517	315.6
1579	-0.205	-0.441	1.520	315.8
1580	-0.205	-0.441	1.524	316.0
1581	-0.206	-0.442	1.513	316.2
1582	-0.206	-0.443	1.525	316.4
1583	-0.206	-0.443	1.527	316.6
1584	-0.207	-0.439	1.529	316.8
1585	-0.205	-0.441	1.513	317.0
1586	-0.205	-0.440	1.514	317.2
1587	-0.203	-0.442	1.518	317.4
1588	-0.207	-0.443	1.526	317.6
1589	-0.204	-0.441	1.519	317.8
1590	-0.205	-0.441	1.513	318.0
1591	-0.205	-0.441	1.517	318.2
1592	-0.204	-0.440	1.524	318.4
1593	-0.205	-0.441	1.511	318.6
1594	-0.205	-0.441	1.524	318.8
1595	-0.203	-0.440	1.506	319.0
1596	-0.203	-0.437	1.516	319.2
1597	-0.206	-0.437	1.508	319.4
1598	-0.204	-0.440	1.527	319.6
1599	-0.204	-0.439	1.513	319.8
1600	-0.207	-0.441	1.517	320.0
1601	-0.202	-0.439	1.507	320.2
1602	-0.204	-0.439	1.520	320.4
1603	-0.205	-0.441	1.504	320.6
1604	-0.204	-0.441	1.523	320.8
1605	-0.203	-0.438	1.495	321.0
1606	-0.204	-0.438	1.522	321.2
1607	-0.204	-0.438	1.493	321.4
1608	-0.203	-0.439	1.523	321.6
1609	-0.204	-0.438	1.516	321.8
1610	-0.205	-0.437	1.512	322.0
1611	-0.205	-0.438	1.500	322.2
1612	-0.202	-0.436	1.514	322.4
1613	-0.201	-0.440	1.511	322.6
1614	-0.203	-0.436	1.514	322.8
1615	-0.203	-0.434	1.502	323.0
1616	-0.201	-0.436	1.517	323.2
1617	-0.200	-0.436	1.510	323.4
1618	-0.204	-0.436	1.508	323.6
1619	-0.202	-0.439	1.518	323.8
1620	-0.204	-0.435	1.503	324.0
1621	-0.204	-0.436	1.509	324.2
1622	-0.202	-0.438	1.504	324.4
1623	-0.200	-0.437	1.524	324.6
1624	-0.201	-0.437	1.510	324.8
1625	-0.204	-0.433	1.509	325.0
1626	-0.203	-0.436	1.505	325.2
1627	-0.202	-0.435	1.523	325.4
1628	-0.203	-0.436	1.498	325.6
1629	-0.200	-0.437	1.518	325.8
1630	-0.202	-0.435	1.499	326.0
1631	-0.200	-0.437	1.498	326.2
1632	-0.202	-0.438	1.501	326.4
1633	-0.200	-0.435	1.518	326.6
1634	-0.199	-0.432	1.509	326.8
1635	-0.203	-0.432	1.502	327.0
1636	-0.201	-0.436	1.505	327.2
1637	-0.200	-0.435	1.493	327.4
1638	-0.201	-0.435	1.524	327.6
1639	-0.199	-0.435	1.498	327.8
1640	-0.202	-0.434	1.517	328.0
1641	-0.201	-0.435	1.488	328.2
1642	-0.202	-0.432	1.514	328.4
1643	-0.202	-0.436	1.487	328.6
1644	-0.199	-0.433	1.507	328.8
1645	-0.201	-0.431	1.502	329.0
1646	-0.200	-0.435	1.512	329.2
1647	-0.202	-0.438	1.491	329.4
1648	-0.199	-0.435	1.516	329.6
1649	-0.202	-0.436	1.492	329.8
1650	-0.202	-0.434	1.498	330.0
1651	-0.201	-0.434	1.506	330.2
1652	-0.201	-0.437	1.496	330.4
1653	-0.201	-0.433	1.510	330.6
1654	-0.201	-0.433	1.493	330.8
1655	-0.203	-0.432	1.512	331.0
1656	-0.200	-0.433	1.486	331.2
1657	-0.201	-0.433	1.512	331.4
1658	-0.202	-0.432	1.499	331.6
1659	-0.199	-0.433	1.514	331.8
1660	-0.200	-0.432	1.497	332.0
1661	-0.200	-0.432	1.504	332.2
1662	-0.202	-0.434	1.498	332.4
1663	-0.203	-0.433	1.496	332.6
1664	-0.201	-0.426	1.498	332.8
1665	-0.200	-0.430	1.499	333.0
1666	-0.201	-0.431	1.507	333.2
1667	-0.202	-0.433	1.501	333.4
1668	-0.203	-0.431	1.508	333.6
1669	-0.200	-0.430	1.493	333.8
1670	-0.201	-0.430	1.504	334.0
1671	-0.201	-0.433	1.493	334.2
1672	-0.200	-0.431	1.508	334.4
1673	-0.204	-0.429	1.496	334.6
1674	-0.200	-0.429	1.500	334.8
1675	-0.200	-0.430	1.486	335.0
1676	-0.201	-0.430	1.516	335.2
1677	-0.203	-0.433	1.497	335.4
1678	-0.200	-0.431	1.512	335.6
1679	-0.201	-0.431	1.491	335.8
1680	-0.200	-0.431	1.496	336.0
1681	-0.198	-0.431	1.486	336.2
1682	-0.200	-0.431	1.502	336.4
1683	-0.202	-0.430	1.502	336.6
1684	-0.202	-0.428	1.500	336.8
1685	-0.200	-0.428	1.493	337.0
1686	-0.200	-0.429	1.504	337.2
1687	-0.199	-0.430	1.504	337.4
1688	-0.202	-0.430	1.508	337.6
1689	-0.201	-0.430	1.483	337.8
1690	-0.204	-0.431	1.499	338.0
1691	-0.199	-0.430	1.502	338.2
1692	-0.201	-0.430	1.510	338.4
1693	-0.202	-0.429	1.507	338.6
1694	-0.200	-0.428	1.502	338.8
1695	-0.202	-0.429	1.486	339.0
1696	-0.201	-0.429	1.508	339.2
1697	-0.200	-0.429	1.500	339.4
1698	-0.201	-0.428	1.500	339.6
1699	-0.201	-0.427	1.491	339.8
1700	-0.200	-0.428	1.493	340.0
1701	-0.198	-0.428	1.518	340.2
1702	-0.201	-0.428	1.497	340.4
1703	-0.199	-0.427	1.502	340.6
1704	-0.200	-0.426	1.484	340.8
1705	-0.199	-0.428	1.510	341.0
1706	-0.201	-0.430	1.490	341.2
1707	-0.201	-0.430	1.510	341.4
1708	-0.201	-0.429	1.486	341.6
1709	-0.199	-0.426	1.506	341.8
1710	-0.199	-0.429	1.475	342.0
1711	-0.202	-0.430	1.510	342.2
1712	-0.198	-0.432	1.494	342.4
1713	-0.201	-0.429	1.506	342.6
1714	-0.203	-0.429	1.494	342.8
1715	-0.200	-0.429	1.490	343.0
1716	-0.200	-0.428	1.493	343.2
1717	-0.203	-0.428	1.504	343.4
1718	-0.200	-0.428	1.500	343.6
1719	-0.199	-0.427	1.495	343.8
1720	-0.198	-0.427	1.486	344.0
1721	-0.201	-0.428	1.505	344.2
1722	-0.202	-0.426	1.499	344.4
1723	-0.201	-0.426	1.496	344.6
1724	-0.200	-0.425	1.491	344.8
1725	-0.200	-0.428	1.498	345.0
1726	-0.202	-0.426	1.497	345.2
1727	-0.200	-0.426	1.514	345.4
1728	-0.200	-0.424	1.492	345.6
1729	-0.200	-0.427	1.510	345.8
1730	-0.199	-0.427	1.487	346.0
1731	-0.201	-0.427	1.511	346.2
1732	-0.200	-0.426	1.488	346.4
1733	-0.201	-0.425	1.508	346.6
1734	-0.200	-0.427	1.500	346.8
1735	-0.199	-0.428	1.496	347.0
1736	-0.203	-0.424	1.494	347.2
1737	-0.201	-0.427	1.496	347.4
1738	-0.199	-0.425	1.504	347.6
1739	-0.198	-0.427	1.480	347.8
1740	-0.198	-0.425	1.488	348.0
1741	-0.200	-0.427	1.495	348.2
1742	-0.199	-0.425	1.501	348.4
1743	-0.200	-0.425	1.492	348.6
1744	-0.199	-0.427	1.485	348.8
1745	-0.199	-0.428	1.514	349.0
1746	-0.201	-0.424	1.488	349.2
1747	-0.199	-0.423	1.497	349.4
1748	-0.202	-0.426	1.488	349.6
1749	-0.200	-0.428	1.504	349.8
1750	-0.199	-0.427	1.488	350.0
1751	-0.200	-0.424	1.504	350.2
1752	-0.198	-0.424	1.495	350.4
1753	-0.202	-0.423	1.482	350.6
1754	-0.201	-0.427	1.490	350.8
1755	-0.199	-0.427	1.486	351.0
1756	-0.201	-0.423	1.506	351.2
1757	-0.199	-0.422	1.486	351.4
1758	-0.201	-0.426	1.506	351.6
1759	-0.201	-0.426	1.479	351.8
1760	-0.198	-0.425	1.493	352.0
1761	-0.200	-0.425	1.488	352.2
1762	-0.199	-0.423	1.499	352.4
1763	-0.200	-0.426	1.489	352.6
1764	-0.201	-0.427	1.497	352.8
1765	-0.199	-0.427	1.478	353.0
1766	-0.199	-0.426	1.500	353.2
1767	-0.200	-0.424	1.492	353.4
1768	-0.201	-0.428	1.492	353.6
1769	-0.199	-0.423	1.485	353.8
1770	-0.199	-0.426	1.494	354.0
1771	-0.200	-0.426	1.482	354.2
1772	-0.201	-0.428	1.486	354.4
1773	-0.197	-0.429	1.494	354.6
1774	-0.200	-0.428	1.490	354.8
1775	-0.198	-0.426	1.502	355.0
1776	-0.201	-0.424	1.487	355.2
1777	-0.198	-0.426	1.506	355.4
1778	-0.200	-0.428	1.491	355.6
1779	-0.198	-0.427	1.495	355.8
1780	-0.201	-0.427	1.469	356.0
1781	-0.198	-0.426	1.506	356.2
1782	-0.199	-0.427	1.494	356.4
1783	-0.199	-0.425	1.494	356.6
1784	-0.199	-0.428	1.474	356.8
1785	-0.199	-0.426	1.497	357.0
1786	-0.202	-0.426	1.496	357.2
1787	-0.202	-0.424	1.488	357.4
1788	-0.200	-0.425	1.494	357.6
1789	-0.198	-0.427	1.484	357.8
1790	-0.200	-0.424	1.496	358.0
1791	-0.202	-0.425	1.484	358.2
1792	-0.200	-0.425	1.493	358.4
1793	-0.201	-0.427	1.473	358.6
1794	-0.200	-0.424	1.498	358.8
1795	-0.198	-0.424	1.493	359.0
1796	-0.201	-0.422	1.501	359.2
1797	-0.199	-0.425	1.493	359.4
1798	-0.200	-0.424	1.485	359.6
1799	-0.200	-0.425	1.500	359.8
1800	-0.201	-0.424	1.491	360.0
1801	-0.201	-0.423	1.504	360.2
1802	-0.200	-0.425	1.492	360.4
1803	-0.198	-0.428	1.497	360.6
1804	-0.199	-0.425	1.491	360.8
1805	-0.199	-0.423	1.507	361.0
1806	-0.199	-0.424	1.492	361.2
1807	-0.199	-0.425	1.490	361.4
1808	-0.198	-0.425	1.489	361.6
1809	-0.198	-0.424	1.501	361.8
1810	-0.200	-0.426	1.496	362.0
1811	-0.200	-0.424	1.504	362.2
1812	-0.198	-0.424	1.486	362.4
1813	-0.198	-0.424	1.493	362.6
1814	-0.198	-0.422	1.487	362.8
1815	-0.200	-0.424	1.496	363.0
1816	-0.197	-0.420	1.479	363.2
1817	-0.198	-0.424	1.492	363.4
1818	-0.198	-0.424	1.471	363.6
1819	-0.200	-0.423	1.487	363.8
1820	-0.201	-0.420	1.497	364.0
1821	-0.200	-0.420	1.488	364.2
1822	-0.199	-0.423	1.491	364.4
1823	-0.198	-0.423	1.465	364.6
1824	-0.200	-0.420	1.502	364.8
1825	-0.198	-0.420	1.478	365.0
1826	-0.200	-0.421	1.498	365.2
1827	-0.199	-0.424	1.473	365.4
1828	-0.199	-0.422	1.498	365.6
1829	-0.199	-0.421	1.485	365.8
1830	-0.199	-0.419	1.500	366.0
1831	-0.199	-0.420	1.477	366.2
1832	-0.198	-0.421	1.502	366.4
1833	-0.199	-0.420	1.478	366.6
1834	-0.198	-0.419	1.492	366.8
1835	-0.199	-0.420	1.473	367.0
1836	-0.198	-0.420	1.499	367.2
1837	-0.198	-0.424	1.492	367.4
1838	-0.199	-0.422	1.486	367.6
1839	-0.200	-0.421	1.480	367.8
1840	-0.199	-0.420	1.484	368.0
1841	-0.199	-0.422	1.487	368.2
1842	-0.200	-0.423	1.485	368.4
1843	-0.199	-0.422	1.486	368.6
1844	-0.198	-0.422	1.484	368.8
1845	-0.200	-0.419	1.492	369.0
1846	-0.201	-0.421	1.482	369.2
1847	-0.197	-0.420	1.502	369.4
1848	-0.198	-0.422	1.470	369.6
1849	-0.199	-0.420	1.494	369.8
1850	-0.200	-0.421	1.482	370.0
1851	-0.199	-0.422	1.496	370.2
1852	-0.198	-0.423	1.488	370.4
1853	-0.198	-0.424	1.483	370.6
1854	-0.198	-0.419	1.487	370.8
1855	-0.197	-0.421	1.488	371.0
1856	-0.197	-0.421	1.484	371.2
1857	-0.198	-0.422	1.477	371.4
1858	-0.198	-0.420	1.490	371.6
1859	-0.199	-0.422	1.481	371.8
1860	-0.199	-0.419	1.485	372.0
1861	-0.199	-0.423	1.483	372.2
1862	-0.198	-0.420	1.504	372.4
1863	-0.199	-0.420	1.467	372.6
1864	-0.200	-0.421	1.506	372.8
1865	-0.199	-0.422	1.478	373.0
1866	-0.199	-0.422	1.500	373.2
1867	-0.196	-0.423	1.467	373.4
1868	-0.198	-0.422	1.498	373.6
1869	-0.198	-0.419	1.479	373.8
1870	-0.198	-0.419	1.492	374.0
1871	-0.197	-0.420	1.488	374.2
1872	-0.198	-0.421	1.482	374.4
1873	-0.198	-0.419	1.492	374.6
1874	-0.197	-0.421	1.480	374.8
1875	-0.199	-0.421	1.486	375.0
1876	-0.199	-0.423	1.484	375.2
1877	-0.197	-0.422	1.502	375.4
1878	-0.198	-0.418	1.470	375.6
1879	-0.198	-0.419	1.492	375.8
1880	-0.199	-0.420	1.477	376.0
1881	-0.198	-0.422	1.499	376.2
1882	-0.197	-0.422	1.464	376.4
1883	-0.199	-0.423	1.488	376.6
1884	-0.200	-0.418	1.477	376.8
1885	-0.198	-0.421	1.494	377.0
1886	-0.199	-0.423	1.478	377.2
1887	-0.198	-0.422	1.502	377.4
1888	-0.198	-0.420	1.478	377.6
1889	-0.197	-0.421	1.496	377.8
1890	-0.199	-0.421	1.483	378.0
1891	-0.198	-0.421	1.489	378.2
1892	-0.196	-0.421	1.485	378.4
1893	-0.199	-0.419	1.490	378.6
1894	-0.199	-0.420	1.479	378.8
1895	-0.199	-0.421	1.494	379.0
1896	-0.197	-0.420	1.486	379.2
1897	-0.196	-0.422	1.496	379.4
1898	-0.200	-0.420	1.478	379.6
1899	-0.199	-0.420	1.493	379.8
1900	-0.199	-0.420	1.485	380.0
1901	-0.196	-0.421	1.498	380.2
1902	-0.198	-0.419	1.482	380.4
1903	-0.199	-0.421	1.499	380.6
1904	-0.197	-0.421	1.482	380.8
1905	-0.196	-0.422	1.486	381.0
1906	-0.197	-0.420	1.488	381.2
1907	-0.197	-0.418	1.478	381.4
1908	-0.198	-0.419	1.481	381.6
1909	-0.199	-0.418	1.478	381.8
1910	-0.195	-0.418	1.501	382.0
1911	-0.197	-0.419	1.479	382.2
1912	-0.199	-0.418	1.494	382.4
1913	-0.199	-0.420	1.482	382.6
1914	-0.198	-0.420	1.512	382.8
1915	-0.197	-0.420	1.477	383.0
1916	-0.198	-0.422	1.498	383.2
1917	-0.197	-0.419	1.483	383.4
1918	-0.197	-0.416	1.477	383.6
1919	-0.197	-0.418	1.471	383.8
1920	-0.197	-0.421	1.488	384.0
1921	-0.197	-0.420	1.482	384.2
1922	-0.198	-0.418	1.486	384.4
1923	-0.197	-0.418	1.465	384.6
1924	-0.196	-0.419	1.493	384.8
1925	-0.195	-0.418	1.470	385.0
1926	-0.196	-0.419	1.501	385.2
1927	-0.195	-0.419	1.472	385.4
1928	-0.196	-0.419	1.500	385.6
1929	-0.196	-0.420	1.473	385.8
1930	-0.196	-0.421	1.493	386.0
1931	-0.196	-0.420	1.488	386.2
1932	-0.197	-0.417	1.498	386.4
1933	-0.196	-0.416	1.488	386.6
1934	-0.197	-0.421	1.474	386.8
1935	-0.195	-0.422	1.506	387.0
1936	-0.196	-0.419	1.488	387.2
1937	-0.196	-0.416	1.495	387.4
1938	-0.194	-0.418	1.471	387.6
1939	-0.197	-0.420	1.493	387.8
1940	-0.195	-0.420	1.480	388.0
1941	-0.196	-0.420	1.492	388.2
1942	-0.195	-0.419	1.481	388.4
1943	-0.195	-0.417	1.495	388.6
1944	-0.197	-0.418	1.480	388.8
1945	-0.196	-0.419	1.488	389.0
1946	-0.195	-0.419	1.485	389.2
1947	-0.195	-0.418	1.490	389.4
1948	-0.194	-0.418	1.480	389.6
1949	-0.195	-0.421	1.484	389.8
1950	-0.195	-0.419	1.482	390.0
1951	-0.193	-0.417	1.491	390.2
1952	-0.195	-0.416	1.475	390.4
1953	-0.195	-0.417	1.478	390.6
1954	-0.195	-0.419	1.488	390.8
1955	-0.195	-0.420	1.480	391.0
1956	-0.196	-0.419	1.485	391.2
1957	-0.195	-0.418	1.468	391.4
1958	-0.194	-0.419	1.494	391.6
1959	-0.194	-0.420	1.480	391.8
1960	-0.194	-0.416	1.486	392.0
1961	-0.196	-0.419	1.463	392.2
1962	-0.195	-0.416	1.493	392.4
1963	-0.196	-0.417	1.470	392.6
1964	-0.196	-0.418	1.487	392.8
1965	-0.195	-0.419	1.476	393.0
1966	-0.195	-0.418	1.482	393.2
1967	-0.196	-0.416	1.486	393.4
1968	-0.194	-0.418	1.486	393.6
1969	-0.194	-0.418	1.477	393.8
1970	-0.195	-0.416	1.483	394.0
1971	-0.195	-0.415	1.496	394.2
1972	-0.195	-0.416	1.471	394.4
1973	-0.195	-0.419	1.490	394.6
1974	-0.195	-0.418	1.474	394.8
1975	-0.195	-0.418	1.492	395.0
1976	-0.195	-0.415	1.471	395.2
1977	-0.196	-0.417	1.486	395.4
1978	-0.195	-0.419	1.471	395.6
1979	-0.193	-0.417	1.490	395.8
1980	-0.195	-0.417	1.465	396.0
1981	-0.196	-0.416	1.496	396.2
1982	-0.196	-0.416	1.486	396.4
1983	-0.195	-0.418	1.485	396.6
1984	-0.195	-0.418	1.469	396.8
1985	-0.195	-0.419	1.478	397.0
1986	-0.196	-0.418	1.482	397.2
1987	-0.196	-0.419	1.475	397.4
1988	-0.196	-0.420	1.485	397.6
1989	-0.194	-0.417	1.487	397.8
1990	-0.195	-0.416	1.474	398.0
1991	-0.194	-0.415	1.484	398.2
1992	-0.196	-0.416	1.480	398.4
1993	-0.194	-0.419	1.490	398.6
1994	-0.196	-0.418	1.467	398.8
1995	-0.195	-0.417	1.492	399.0
1996	-0.195	-0.416	1.476	399.2
1997	-0.194	-0.415	1.492	399.4
1998	-0.196	-0.419	1.474	399.6
1999	-0.195	-0.416	1.491	399.8
2000	-0.194	-0.416	1.484	400.0
2001	-0.196	-0.415	1.476	400.2
2002	-0.195	-0.417	1.492	400.4
2003	-0.196	-0.416	1.482	400.6
2004	-0.195	-0.416	1.488	400.8
2005	-0.196	-0.416	1.464	401.0
2006	-0.195	-0.417	1.500	401.2
2007	-0.195	-0.416	1.475	401.4
2008	-0.197	-0.419	1.487	401.6
2009	-0.196	-0.417	1.472	401.8
2010	-0.195	-0.415	1.486	402.0
2011	-0.195	-0.413	1.458	402.2
2012	-0.194	-0.417	1.489	402.4
2013	-0.195	-0.418	1.476	402.6
2014	-0.195	-0.416	1.492	402.8
2015	-0.194	-0.414	1.472	403.0
2016	-0.194	-0.415	1.475	403.2
2017	-0.194	-0.416	1.479	403.4
2018	-0.195	-0.415	1.489	403.6
2019	-0.269	-0.619	1.971	403.8
2020	-0.286	-0.679	1.890	404.0
2021	-0.282	-0.665	1.899	404.2
2022	-0.276	-0.656	1.884	404.4
2023	-0.274	-0.652	1.867	404.6
2024	-0.271	-0.644	1.863	404.8
2025	-0.270	-0.637	1.855	405.0
2026	-0.269	-0.636	1.837	405.2
2027	-0.267	-0.635	1.841	405.4
2028	-0.264	-0.631	1.836	405.6
2029	-0.265	-0.625	1.836	405.8
2030	-0.264	-0.623	1.811	406.0
2031	-0.264	-0.624	1.820	406.2
2032	-0.261	-0.620	1.827	406.4
2033	-0.260	-0.617	1.832	406.6
2034	-0.261	-0.617	1.810	406.8
2035	-0.260	-0.615	1.812	407.0
2036	-0.259	-0.614	1.813	407.2
2037	-0.258	-0.613	1.805	407.4
2038	-0.259	-0.612	1.815	407.6
2039	-0.257	-0.611	1.800	407.8
2040	-0.258	-0.610	1.815	408.0
2041	-0.257	-0.608	1.780	408.2
2042	-0.257	-0.610	1.805	408.4
2043	-0.256	-0.607	1.800	408.6
2044	-0.256	-0.605	1.814	408.8
2045	-0.256	-0.603	1.788	409.0
2046	-0.254	-0.605	1.796	409.2
2047	-0.253	-0.603	1.789	409.4
2048	-0.255	-0.604	1.795	409.6
2049	-0.255	-0.603	1.776	409.8
2050	-0.255	-0.600	1.802	410.0
2051	-0.251	-0.601	1.785	410.2
2052	-0.253	-0.601	1.794	410.4
2053	-0.253	-0.598	1.778	410.6
2054	-0.254	-0.597	1.789	410.8
2055	-0.253	-0.599	1.776	411.0
2056	-0.251	-0.599	1.783	411.2
2057	-0.252	-0.595	1.784	411.4
2058	-0.252	-0.597	1.776	411.6
2059	-0.253	-0.595	1.795	411.8
2060	-0.251	-0.594	1.773	412.0
2061	-0.249	-0.595	1.782	412.2
2062	-0.250	-0.597	1.780	412.4
2063	-0.250	-0.592	1.786	412.6
2064	-0.249	-0.591	1.766	412.8
2065	-0.250	-0.593	1.775	413.0
2066	-0.249	-0.592	1.786	413.2
2067	-0.250	-0.592	1.771	413.4
2068	-0.249	-0.591	1.775	413.6
2069	-0.251	-0.591	1.774	413.8
2070	-0.247	-0.591	1.782	414.0
2071	-0.248	-0.593	1.753	414.2
2072	-0.249	-0.591	1.776	414.4
2073	-0.249	-0.588	1.771	414.6
2074	-0.249	-0.590	1.781	414.8
2075	-0.248	-0.590	1.764	415.0
2076	-0.247	-0.587	1.771	415.2
2077	-0.247	-0.591	1.763	415.4
2078	-0.248	-0.590	1.780	415.6
2079	-0.249	-0.587	1.758	415.8
2080	-0.248	-0.588	1.771	416.0
2081	-0.248	-0.589	1.765	416.2
2082	-0.246	-0.586	1.773	416.4
2083	-0.246	-0.587	1.760	416.6
2084	-0.244	-0.585	1.770	416.8
2085	-0.246	-0.588	1.774	417.0
2086	-0.245	-0.587	1.761	417.2
2087	-0.247	-0.587	1.764	417.4
2088	-0.246	-0.585	1.765	417.6
2089	-0.245	-0.583	1.768	417.8
2090	-0.247	-0.589	1.755	418.0
2091	-0.246	-0.586	1.768	418.2
2092	-0.246	-0.585	1.752	418.4
2093	-0.247	-0.582	1.767	418.6
2094	-0.247	-0.585	1.754	418.8
2095	-0.245	-0.584	1.772	419.0
2096	-0.247	-0.586	1.759	419.2
2097	-0.245	-0.586	1.766	419.4
2098	-0.248	-0.584	1.746	419.6
2099	-0.245	-0.584	1.782	419.8
2100	-0.245	-0.584	1.755	420.0
2101	-0.246	-0.583	1.759	420.2
2102	-0.244	-0.583	1.754	420.4
2103	-0.244	-0.580	1.758	420.6
2104	-0.245	-0.581	1.768	420.8
2105	-0.245	-0.586	1.751	421.0
2106	-0.246	-0.581	1.771	421.2
2107	-0.246	-0.582	1.747	421.4
2108	-0.244	-0.582	1.755	421.6
2109	-0.246	-0.581	1.745	421.8
2110	-0.244	-0.582	1.766	422.0
2111	-0.244	-0.582	1.745	422.2
2112	-0.244	-0.581	1.762	422.4
2113	-0.245	-0.580	1.741	422.6
2114	-0.245	-0.580	1.760	422.8
2115	-0.244	-0.584	1.764	423.0
2116	-0.245	-0.580	1.756	423.2
2117	-0.246	-0.580	1.751	423.4
2118	-0.243	-0.581	1.756	423.6
2119	-0.246	-0.582	1.755	423.8
2120	-0.244	-0.578	1.759	424.0
2121	-0.243	-0.576	1.750	424.2
2122	-0.244	-0.577	1.761	424.4
2123	-0.244	-0.579	1.755	424.6
2124	-0.243	-0.580	1.747	424.8
2125	-0.245	-0.580	1.754	425.0
2126	-0.241	-0.577	1.768	425.2
2127	-0.243	-0.578	1.752	425.4
2128	-0.244	-0.580	1.745	425.6
2129	-0.242	-0.578	1.750	425.8
2130	-0.242	-0.581	1.757	426.0
2131	-0.242	-0.578	1.758	426.2
2132	-0.244	-0.576	1.744	426.4
2133	-0.243	-0.576	1.744	426.6
2134	-0.243	-0.578	1.745	426.8
2135	-0.244	-0.582	1.754	427.0
2136	-0.240	-0.577	1.762	427.2
2137	-0.243	-0.574	1.745	427.4
2138	-0.243	-0.576	1.743	427.6
2139	-0.240	-0.579	1.753	427.8
2140	-0.241	-0.577	1.748	428.0
2141	-0.242	-0.576	1.747	428.2
2142	-0.243	-0.575	1.756	428.4
2143	-0.241	-0.574	1.748	428.6
2144	-0.241	-0.575	1.747	428.8
2145	-0.241	-0.577	1.746	429.0
2146	-0.240	-0.574	1.752	429.2
2147	-0.240	-0.572	1.747	429.4
2148	-0.242	-0.574	1.745	429.6
2149	-0.242	-0.577	1.750	429.8
2150	-0.242	-0.577	1.750	430.0
2151	-0.242	-0.572	1.739	430.2
2152	-0.243	-0.574	1.753	430.4
2153	-0.240	-0.576	1.752	430.6
2154	-0.240	-0.575	1.741	430.8
2155	-0.241	-0.576	1.744	431.0
2156	-0.241	-0.574	1.746	431.2
2157	-0.242	-0.573	1.744	431.4
2158	-0.240	-0.573	1.743	431.6
2159	-0.241	-0.576	1.741	431.8
2160	-0.239	-0.574	1.755	432.0
2161	-0.240	-0.575	1.743	432.2
2162	-0.241	-0.572	1.752	432.4
2163	-0.241	-0.574	1.742	432.6
2164	-0.240	-0.575	1.750	432.8
2165	-0.240	-0.574	1.745	433.0
2166	-0.242	-0.575	1.750	433.2
2167	-0.245	-0.572	1.754	433.4
2168	-0.239	-0.576	1.746	433.6
2169	-0.241	-0.572	1.736	433.8
2170	-0.241	-0.574	1.740	434.0
2171	-0.240	-0.570	1.733	434.2
2172	-0.240	-0.570	1.752	434.4
2173	-0.239	-0.573	1.750	434.6
2174	-0.242	-0.575	1.725	434.8
2175	-0.240	-0.570	1.736	435.0
2176	-0.240	-0.570	1.734	435.2
2177	-0.243	-0.572	1.754	435.4
2178	-0.240	-0.574	1.740	435.6
2179	-0.242	-0.571	1.754	435.8
2180	-0.241	-0.571	1.744	436.0
2181	-0.240	-0.570	1.728	436.2
2182	-0.243	-0.571	1.750	436.4
2183	-0.240	-0.571	1.742	436.6
2184	-0.240	-0.569	1.738	436.8
2185	-0.239	-0.570	1.748	437.0
2186	-0.239	-0.570	1.733	437.2
2187	-0.241	-0.571	1.738	437.4
2188	-0.239	-0.572	1.747	437.6
2189	-0.240	-0.570	1.742	437.8
2190	-0.239	-0.570	1.745	438.0
2191	-0.240	-0.570	1.734	438.2
2192	-0.240	-0.570	1.739	438.4
2193	-0.239	-0.574	1.740	438.6
2194	-0.240	-0.569	1.732	438.8
2195	-0.240	-0.567	1.738	439.0
2196	-0.241	-0.568	1.728	439.2
2197	-0.239	-0.571	1.737	439.4
2198	-0.238	-0.570	1.732	439.6
2199	-0.239	-0.569	1.732	439.8
2200	-0.239	-0.566	1.734	440.0
2201	-0.239	-0.568	1.736	440.2
2202	-0.239	-0.569	1.740	440.4
2203	-0.240	-0.569	1.738	440.6
2204	-0.238	-0.566	1.738	440.8
2205	-0.240	-0.565	1.733	441.0
2206	-0.240	-0.566	1.732	441.2
2207	-0.240	-0.567	1.737	441.4
2208	-0.239	-0.569	1.735	441.6
2209	-0.239	-0.567	1.733	441.8
2210	-0.240	-0.568	1.734	442.0
2211	-0.240	-0.566	1.734	442.2
2212	-0.239	-0.570	1.735	442.4
2213	-0.240	-0.568	1.730	442.6
2214	-0.239	-0.568	1.744	442.8
2215	-0.238	-0.567	1.740	443.0
2216	-0.238	-0.566	1.719	443.2
2217	-0.238	-0.568	1.724	443.4
2218	-0.238	-0.566	1.736	443.6
2219	-0.240	-0.567	1.740	443.8
2220	-0.240	-0.568	1.732	444.0
2221	-0.238	-0.567	1.726	444.2
2222	-0.238	-0.567	1.725	444.4
2223	-0.238	-0.566	1.739	444.6
2224	-0.238	-0.564	1.740	444.8
2225	-0.240	-0.566	1.730	445.0
2226	-0.239	-0.569	1.734	445.2
2227	-0.238	-0.567	1.732	445.4
2228	-0.240	-0.566	1.738	445.6
2229	-0.240	-0.565	1.726	445.8
2230	-0.240	-0.566	1.735	446.0
2231	-0.238	-0.568	1.733	446.2
2232	-0.239	-0.570	1.738	446.4
2233	-0.237	-0.568	1.731	446.6
2234	-0.238	-0.565	1.739	446.8
2235	-0.240	-0.565	1.734	447.0
2236	-0.239	-0.566	1.725	447.2
2237	-0.239	-0.568	1.718	447.4
2238	-0.239	-0.565	1.723	447.6
2239	-0.240	-0.566	1.734	447.8
2240	-0.241	-0.565	1.731	448.0
2241	-0.238	-0.565	1.728	448.2
2242	-0.237	-0.569	1.724	448.4
2243	-0.238	-0.566	1.717	448.6
2244	-0.239	-0.566	1.741	448.8
2245	-0.239	-0.565	1.744	449.0
2246	-0.239	-0.565	1.737	449.2
2247	-0.240	-0.570	1.722	449.4
2248	-0.238	-0.566	1.732	449.6
2249	-0.236	-0.564	1.748	449.8
2250	-0.239	-0.565	1.738	450.0
2251	-0.238	-0.567	1.730	450.2
2252	-0.238	-0.564	1.735	450.4
2253	-0.238	-0.564	1.744	450.6
2254	-0.238	-0.565	1.726	450.8
2255	-0.239	-0.567	1.736	451.0
2256	-0.239	-0.568	1.731	451.2
2257	-0.238	-0.567	1.726	451.4
2258	-0.239	-0.564	1.725	451.6
2259	-0.240	-0.564	1.737	451.8
2260	-0.238	-0.565	1.728	452.0
2261	-0.239	-0.567	1.733	452.2
2262	-0.237	-0.566	1.725	452.4
2263	-0.240	-0.565	1.721	452.6
2264	-0.236	-0.564	1.729	452.8
2265	-0.236	-0.563	1.727	453.0
2266	-0.238	-0.567	1.739	453.2
2267	-0.236	-0.568	1.738	453.4
2268	-0.238	-0.565	1.714	453.6
2269	-0.238	-0.563	1.728	453.8
2270	-0.237	-0.566	1.721	454.0
2271	-0.239	-0.567	1.740	454.2
2272	-0.235	-0.564	1.722	454.4
2273	-0.239	-0.564	1.733	454.6
2274	-0.237	-0.564	1.732	454.8
2275	-0.237	-0.564	1.721	455.0
2276	-0.237	-0.565	1.729	455.2
2277	-0.238	-0.566	1.735	455.4
2278	-0.239	-0.564	1.714	455.6
2279	-0.237	-0.561	1.726	455.8
2280	-0.237	-0.563	1.728	456.0
2281	-0.237	-0.562	1.726	456.2
2282	-0.235	-0.563	1.726	456.4
2283	-0.237	-0.559	1.727	456.6
2284	-0.239	-0.562	1.721	456.8
2285	-0.237	-0.565	1.729	457.0
2286	-0.236	-0.564	1.736	457.2
2287	-0.235	-0.564	1.728	457.4
2288	-0.237	-0.563	1.719	457.6
2289	-0.233	-0.564	1.725	457.8
2290	-0.237	-0.565	1.719	458.0
2291	-0.236	-0.562	1.726	458.2
2292	-0.238	-0.561	1.730	458.4
2293	-0.235	-0.562	1.724	458.6
2294	-0.239	-0.565	1.708	458.8
2295	-0.236	-0.563	1.708	459.0
2296	-0.238	-0.562	1.731	459.2
2297	-0.237	-0.561	1.741	459.4
2298	-0.237	-0.561	1.718	459.6
2299	-0.237	-0.561	1.731	459.8
2300	-0.237	-0.561	1.727	460.0
2301	-0.237	-0.559	1.730	460.2
2302	-0.238	-0.561	1.739	460.4
2303	-0.236	-0.560	1.725	460.6
2304	-0.236	-0.561	1.727	460.8
2305	-0.237	-0.560	1.721	461.0
2306	-0.237	-0.559	1.725	461.2
2307	-0.237	-0.561	1.729	461.4
2308	-0.238	-0.559	1.732	461.6
2309	-0.238	-0.558	1.725	461.8
2310	-0.238	-0.560	1.719	462.0
2311	-0.237	-0.562	1.722	462.2
2312	-0.238	-0.563	1.724	462.4
2313	-0.236	-0.560	1.718	462.6
2314	-0.236	-0.564	1.720	462.8
2315	-0.236	-0.561	1.731	463.0
2316	-0.235	-0.559	1.728	463.2
2317	-0.238	-0.561	1.726	463.4
2318	-0.237	-0.559	1.733	463.6
2319	-0.237	-0.562	1.724	463.8
2320	-0.237	-0.564	1.719	464.0
2321	-0.240	-0.561	1.715	464.2
2322	-0.238	-0.560	1.728	464.4
2323	-0.235	-0.559	1.730	464.6
2324	-0.238	-0.561	1.715	464.8
2325	-0.235	-0.562	1.729	465.0
2326	-0.237	-0.562	1.726	465.2
2327	-0.239	-0.558	1.711	465.4
2328	-0.237	-0.561	1.733	465.6
2329	-0.235	-0.562	1.728	465.8
2330	-0.236	-0.559	1.719	466.0
2331	-0.236	-0.559	1.707	466.2
2332	-0.237	-0.558	1.732	466.4
2333	-0.235	-0.560	1.736	466.6
2334	-0.236	-0.560	1.720	466.8
2335	-0.237	-0.559	1.726	467.0
2336	-0.237	-0.562	1.719	467.2
2337	-0.237	-0.561	1.718	467.4
2338	-0.234	-0.558	1.722	467.6
2339	-0.236	-0.560	1.724	467.8
2340	-0.238	-0.560	1.716	468.0
2341	-0.238	-0.560	1.710	468.2
2342	-0.236	-0.559	1.721	468.4
2343	-0.238	-0.560	1.725	468.6
2344	-0.236	-0.559	1.718	468.8
2345	-0.236	-0.559	1.713	469.0
2346	-0.237	-0.559	1.720	469.2
2347	-0.237	-0.559	1.722	469.4
2348	-0.238	-0.561	1.717	469.6
2349	-0.234	-0.560	1.727	469.8
2350	-0.235	-0.559	1.712	470.0
2351	-0.238	-0.559	1.719	470.2
2352	-0.238	-0.563	1.710	470.4
2353	-0.237	-0.561	1.722	470.6
2354	-0.236	-0.561	1.732	470.8
2355	-0.237	-0.557	1.723	471.0
2356	-0.237	-0.560	1.702	471.2
2357	-0.237	-0.561	1.715	471.4
2358	-0.238	-0.564	1.727	471.6
2359	-0.236	-0.558	1.732	471.8
2360	-0.235	-0.558	1.711	472.0
2361	-0.236	-0.559	1.708	472.2
2362	-0.236	-0.561	1.716	472.4
2363	-0.236	-0.561	1.710	472.6
2364	-0.237	-0.559	1.716	472.8
2365	-0.235	-0.558	1.714	473.0
2366	-0.236	-0.557	1.728	473.2
2367	-0.235	-0.561	1.713	473.4
2368	-0.237	-0.563	1.724	473.6
2369	-0.237	-0.561	1.726	473.8
2370	-0.236	-0.557	1.719	474.0
2371	-0.236	-0.555	1.720	474.2
2372	-0.235	-0.558	1.703	474.4
2373	-0.237	-0.558	1.721	474.6
2374	-0.235	-0.558	1.714	474.8
2375	-0.237	-0.557	1.720	475.0
2376	-0.235	-0.558	1.725	475.2
2377	-0.234	-0.558	1.708	475.4
2378	-0.235	-0.561	1.709	475.6
2379	-0.237	-0.558	1.720	475.8
2380	-0.238	-0.556	1.728	476.0
2381	-0.235	-0.555	1.729	476.2
2382	-0.234	-0.558	1.717	476.4
2383	-0.236	-0.560	1.711	476.6
2384	-0.235	-0.559	1.717	476.8
2385	-0.234	-0.556	1.719	477.0
2386	-0.235	-0.557	1.729	477.2
2387	-0.233	-0.558	1.720	477.4
2388	-0.236	-0.559	1.715	477.6
2389	-0.237	-0.557	1.712	477.8
2390	-0.234	-0.556	1.722	478.0
2391	-0.234	-0.557	1.722	478.2
2392	-0.236	-0.559	1.715	478.4
2393	-0.235	-0.556	1.704	478.6
2394	-0.234	-0.554	1.707	478.8
2395	-0.235	-0.557	1.721	479.0
2396	-0.233	-0.557	1.726	479.2
2397	-0.235	-0.557	1.722	479.4
2398	-0.234	-0.557	1.714	479.6
2399	-0.234	-0.554	1.702	479.8
2400	-0.233	-0.556	1.723	480.0
2401	-0.234	-0.556	1.709	480.2
2402	-0.233	-0.557	1.719	480.4
2403	-0.234	-0.557	1.712	480.6
2404	-0.234	-0.554	1.703	480.8
2405	-0.234	-0.555	1.727	481.0
2406	-0.232	-0.555	1.721	481.2
2407	-0.234	-0.554	1.712	481.4
2408	-0.233	-0.556	1.713	481.6
2409	-0.233	-0.552	1.712	481.8
2410	-0.233	-0.555	1.722	482.0
2411	-0.233	-0.557	1.708	482.2
2412	-0.231	-0.556	1.724	482.4
2413	-0.235	-0.552	1.709	482.6
2414	-0.233	-0.554	1.727	482.8
2415	-0.235	-0.555	1.700	483.0
2416	-0.233	-0.556	1.727	483.2
2417	-0.233	-0.555	1.709	483.4
2418	-0.232	-0.554	1.707	483.6
2419	-0.232	-0.550	1.716	483.8
2420	-0.232	-0.554	1.708	484.0
2421	-0.235	-0.556	1.725	484.2
2422	-0.233	-0.556	1.707	484.4
2423	-0.234	-0.555	1.709	484.6
2424	-0.235	-0.551	1.713	484.8
2425	-0.234	-0.554	1.707	485.0
2426	-0.234	-0.554	1.717	485.2
2427	-0.235	-0.553	1.720	485.4
2428	-0.231	-0.552	1.716	485.6
2429	-0.233	-0.554	1.708	485.8
2430	-0.235	-0.553	1.720	486.0
2431	-0.231	-0.554	1.722	486.2
2432	-0.234	-0.553	1.717	486.4
2433	-0.233	-0.552	1.716	486.6
2434	-0.233	-0.552	1.709	486.8
2435	-0.235	-0.555	1.711	487.0
2436	-0.231	-0.557	1.705	487.2
2437	-0.234	-0.552	1.720	487.4
2438	-0.232	-0.551	1.725	487.6
2439	-0.230	-0.553	1.704	487.8
2440	-0.234	-0.556	1.714	488.0
2441	-0.235	-0.553	1.707	488.2
2442	-0.232	-0.552	1.714	488.4
2443	-0.233	-0.551	1.717	488.6
2444	-0.234	-0.554	1.707	488.8
2445	-0.232	-0.554	1.700	489.0
2446	-0.233	-0.555	1.715	489.2
2447	-0.233	-0.551	1.712	489.4
2448	-0.233	-0.550	1.710	489.6
2449	-0.231	-0.551	1.716	489.8
2450	-0.233	-0.553	1.706	490.0
2451	-0.234	-0.553	1.720	490.2
2452	-0.235	-0.552	1.713	490.4
2453	-0.232	-0.549	1.704	490.6
2454	-0.234	-0.552	1.722	490.8
2455	-0.232	-0.553	1.706	491.0
2456	-0.231	-0.552	1.710	491.2
2457	-0.230	-0.554	1.711	491.4
2458	-0.232	-0.553	1.710	491.6
2459	-0.232	-0.552	1.700	491.8
2460	-0.232	-0.553	1.712	492.0
2461	-0.230	-0.550	1.706	492.2
2462	-0.233	-0.551	1.716	492.4
2463	-0.231	-0.550	1.711	492.6
2464	-0.232	-0.553	1.720	492.8
2465	-0.231	-0.554	1.698	493.0
2466	-0.231	-0.552	1.706	493.2
2467	-0.233	-0.550	1.710	493.4
2468	-0.232	-0.550	1.718	493.6
2469	-0.231	-0.550	1.706	493.8
2470	-0.230	-0.551	1.697	494.0
2471	-0.232	-0.551	1.712	494.2
2472	-0.233	-0.553	1.709	494.4
2473	-0.234	-0.551	1.717	494.6
2474	-0.233	-0.554	1.707	494.8
2475	-0.232	-0.550	1.703	495.0
2476	-0.231	-0.551	1.717	495.2
2477	-0.231	-0.550	1.699	495.4
2478	-0.233	-0.553	1.709	495.6
2479	-0.233	-0.553	1.709	495.8
2480	-0.234	-0.553	1.711	496.0
2481	-0.231	-0.551	1.695	496.2
2482	-0.232	-0.551	1.717	496.4
2483	-0.233	-0.552	1.705	496.6
2484	-0.233	-0.550	1.698	496.8
2485	-0.231	-0.552	1.711	497.0
2486	-0.233	-0.551	1.705	497.2
2487	-0.231	-0.552	1.699	497.4
2488	-0.230	-0.552	1.702	497.6
2489	-0.234	-0.552	1.711	497.8
2490	-0.230	-0.551	1.706	498.0
2491	-0.231	-0.552	1.707	498.2
2492	-0.232	-0.551	1.707	498.4
2493	-0.230	-0.553	1.696	498.6
2494	-0.230	-0.551	1.705	498.8
2495	-0.232	-0.550	1.706	499.0
2496	-0.229	-0.550	1.697	499.2
2497	-0.231	-0.549	1.710	499.4
2498	-0.230	-0.550	1.717	499.6
2499	-0.231	-0.553	1.707	499.8
2500	-0.232	-0.552	1.720	500.0
2501	-0.231	-0.548	1.711	500.2
2502	-0.232	-0.551	1.699	500.4
2503	-0.231	-0.554	1.693	500.6
2504	-0.230	-0.552	1.714	500.8
2505	-0.229	-0.551	1.716	501.0
2506	-0.231	-0.551	1.705	501.2
2507	-0.232	-0.550	1.695	501.4
2508	-0.233	-0.550	1.714	501.6
2509	-0.231	-0.552	1.702	501.8
2510	-0.231	-0.553	1.704	502.0
2511	-0.230	-0.551	1.707	502.2
2512	-0.233	-0.551	1.719	502.4
2513	-0.230	-0.553	1.704	502.6
2514	-0.231	-0.552	1.695	502.8
2515	-0.233	-0.550	1.718	503.0
2516	-0.233	-0.548	1.702	503.2
2517	-0.233	-0.551	1.701	503.4
2518	-0.234	-0.552	1.701	503.6
2519	-0.231	-0.549	1.723	503.8
2520	-0.134	-0.281	1.172	504.0
2521	-0.046	-0.071	0.826	504.2
2522	-0.020	-0.006	0.771	504.4
2523	-0.023	-0.007	0.771	504.6
2524	-0.024	-0.006	0.771	504.8
2525	-0.023	-0.002	0.775	505.0
2526	-0.024	0.002	0.785	505.2
2527	-0.022	0.004	0.765	505.4
2528	-0.021	0.000	0.765	505.6
2529	-0.023	-0.003	0.755	505.8
2530	-0.024	-0.009	0.758	506.0
2531	-0.025	-0.010	0.770	506.2
2532	-0.024	-0.007	0.764	506.4
2533	-0.022	0.002	0.758	506.6
2534	-0.018	0.009	0.761	506.8
2535	-0.023	0.007	0.774	507.0
2536	-0.022	-0.001	0.763	507.2
2537	-0.023	-0.009	0.775	507.4
2538	-0.026	-0.011	0.777	507.6
2539	-0.022	-0.008	0.754	507.8
2540	-0.022	-0.002	0.790	508.0
2541	-0.021	0.002	0.770	508.2
2542	-0.022	0.002	0.776	508.4
2543	-0.022	0.001	0.765	508.6
2544	-0.022	0.000	0.766	508.8
2545	-0.021	-0.002	0.767	509.0
2546	-0.023	-0.006	0.763	509.2
2547	-0.020	-0.007	0.760	509.4
2548	-0.021	-0.009	0.776	509.6
2549	-0.022	-0.004	0.768	509.8
2550	-0.024	0.001	0.765	510.0
2551	-0.019	0.007	0.774	510.2
2552	-0.018	0.009	0.782	510.4
2553	-0.020	0.004	0.763	510.6
2554	-0.020	-0.005	0.771	510.8
2555	-0.024	-0.010	0.765	511.0
2556	-0.025	-0.011	0.765	511.2
2557	-0.024	-0.014	0.767	511.4
2558	-0.022	-0.005	0.763	511.6
2559	-0.020	0.002	0.764	511.8
2560	-0.018	0.008	0.772	512.0
2561	-0.021	0.004	0.773	512.2
2562	-0.023	-0.002	0.768	512.4
2563	-0.022	-0.011	0.765	512.6
2564	-0.022	-0.015	0.771	512.8
2565	-0.024	-0.015	0.761	513.0
2566	-0.021	-0.007	0.773	513.2
2567	-0.020	0.008	0.770	513.4
2568	-0.019	0.016	0.772	513.6
2569	-0.024	0.015	0.770	513.8
2570	-0.023	0.001	0.765	514.0
2571	-0.022	-0.012	0.769	514.2
2572	-0.021	-0.017	0.775	514.4
2573	-0.024	-0.013	0.772	514.6
2574	-0.022	-0.001	0.770	514.8
2575	-0.020	0.007	0.762	515.0
2576	-0.019	0.008	0.762	515.2
2577	-0.023	-0.002	0.768	515.4
2578	-0.022	-0.006	0.767	515.6
2579	-0.023	-0.007	0.763	515.8
2580	-0.023	-0.009	0.776	516.0
2581	-0.022	-0.007	0.766	516.2
2582	-0.019	0.005	0.771	516.4
2583	-0.022	0.001	0.770	516.6
2584	-0.023	0.000	0.771	516.8
2585	-0.024	-0.006	0.756	517.0
2586	-0.022	-0.003	0.770	517.2
2587	-0.024	-0.004	0.765	517.4
2588	-0.023	-0.002	0.769	517.6
2589	-0.024	0.001	0.759	517.8
2590	-0.023	0.001	0.767	518.0
2591	-0.023	-0.001	0.768	518.2
2592	-0.023	-0.006	0.764	518.4
2593	-0.022	-0.003	0.762	518.6
2594	-0.023	-0.007	0.774	518.8
2595	-0.020	-0.002	0.757	519.0
2596	-0.020	-0.004	0.768	519.2
2597	-0.019	-0.001	0.766	519.4
2598	-0.018	-0.001	0.766	519.6
2599	-0.019	-0.003	0.766	519.8
2600	-0.020	-0.010	0.769	520.0
2601	-0.019	-0.008	0.766	520.2
2602	-0.020	-0.005	0.768	520.4
2603	-0.019	-0.001	0.768	520.6
2604	-0.018	-0.003	0.775	520.8
2605	-0.017	-0.001	0.767	521.0
2606	-0.016	-0.004	0.766	521.2
2607	-0.018	0.000	0.762	521.4
2608	-0.020	-0.003	0.763	521.6
2609	-0.020	-0.004	0.771	521.8
2610	-0.020	-0.005	0.778	522.0
2611	-0.018	-0.004	0.764	522.2
2612	-0.020	-0.001	0.768	522.4
2613	-0.022	0.000	0.765	522.6
2614	-0.022	-0.001	0.768	522.8
2615	-0.023	-0.004	0.771	523.0
2616	-0.020	-0.003	0.773	523.2
2617	-0.022	-0.006	0.762	523.4
2618	-0.022	-0.005	0.772	523.6
2619	-0.024	-0.006	0.764	523.8
2620	-0.023	-0.002	0.771	524.0
2621	-0.020	0.001	0.771	524.2
2622	-0.021	0.003	0.765	524.4
2623	-0.020	-0.001	0.758	524.6
2624	-0.023	-0.005	0.765	524.8
2625	-0.022	-0.007	0.765	525.0
2626	-0.022	-0.006	0.763	525.2
2627	-0.023	-0.002	0.764	525.4
2628	-0.021	-0.003	0.766	525.6
2629	-0.021	-0.001	0.770	525.8
2630	-0.019	-0.001	0.779	526.0
2631	-0.021	0.002	0.762	526.2
2632	-0.020	-0.001	0.767	526.4
2633	-0.021	-0.003	0.764	526.6
2634	-0.019	-0.007	0.762	526.8
2635	-0.021	-0.009	0.769	527.0
2636	-0.022	-0.009	0.778	527.2
2637	-0.020	0.000	0.768	527.4
2638	-0.018	0.004	0.758	527.6
2639	-0.020	0.001	0.764	527.8
2640	-0.019	0.001	0.772	528.0
2641	-0.022	-0.005	0.775	528.2
2642	-0.023	-0.007	0.771	528.4
2643	-0.023	-0.007	0.761	528.6
2644	-0.021	-0.005	0.762	528.8
2645	-0.020	0.000	0.770	529.0
2646	-0.020	0.002	0.782	529.2
2647	-0.021	0.004	0.776	529.4
2648	-0.023	-0.002	0.767	529.6
2649	-0.021	-0.006	0.769	529.8
2650	-0.021	-0.009	0.766	530.0
2651	-0.021	-0.002	0.771	530.2
2652	-0.020	0.000	0.765	530.4
2653	-0.020	0.001	0.778	530.6
2654	-0.019	-0.001	0.761	530.8
2655	-0.020	-0.005	0.765	531.0
2656	-0.020	-0.003	0.762	531.2
2657	-0.021	-0.004	0.763	531.4
2658	-0.019	-0.001	0.767	531.6
2659	-0.019	-0.004	0.767	531.8
2660	-0.019	-0.001	0.763	532.0
2661	-0.019	0.000	0.779	532.2
2662	-0.019	0.004	0.767	532.4
2663	-0.019	0.000	0.766	532.6
2664	-0.019	-0.003	0.767	532.8
2665	-0.021	-0.006	0.764	533.0
2666	-0.018	-0.006	0.753	533.2
2667	-0.020	-0.003	0.766	533.4
2668	-0.019	0.001	0.765	533.6
2669	-0.017	0.003	0.760	533.8
2670	-0.017	0.003	0.759	534.0
2671	-0.018	0.000	0.764	534.2
2672	-0.019	-0.004	0.773	534.4
2673	-0.017	-0.007	0.768	534.6
2674	-0.018	-0.005	0.770	534.8
2675	-0.018	-0.002	0.762	535.0
2676	-0.018	0.002	0.771	535.2
2677	-0.020	0.001	0.768	535.4
2678	-0.018	-0.001	0.763	535.6
2679	-0.018	-0.003	0.772	535.8
2680	-0.020	-0.003	0.766	536.0
2681	-0.018	0.002	0.762	536.2
2682	-0.020	-0.001	0.758	536.4
2683	-0.019	-0.001	0.767	536.6
2684	-0.020	-0.003	0.768	536.8
2685	-0.019	-0.002	0.762	537.0
2686	-0.020	0.000	0.761	537.2
2687	-0.019	0.000	0.763	537.4
2688	-0.018	-0.001	0.778	537.6
2689	-0.020	-0.004	0.765	537.8
2690	-0.020	0.000	0.758	538.0
2691	-0.021	-0.003	0.774	538.2
2692	-0.018	0.001	0.764	538.4
2693	-0.018	0.000	0.777	538.6
2694	-0.018	-0.001	0.767	538.8
2695	-0.018	-0.001	0.767	539.0
2696	-0.018	-0.003	0.775	539.2
2697	-0.018	-0.005	0.761	539.4
2698	-0.020	-0.004	0.771	539.6
2699	-0.018	-0.001	0.772	539.8
2700	-0.018	0.001	0.759	540.0
2701	-0.019	-0.003	0.771	540.2
2702	-0.020	-0.006	0.757	540.4
2703	-0.017	-0.004	0.762	540.6
2704	-0.017	-0.005	0.766	540.8
2705	-0.019	0.000	0.768	541.0
2706	-0.019	-0.002	0.765	541.2
2707	-0.018	-0.004	0.768	541.4
2708	-0.018	-0.004	0.771	541.6
2709	-0.019	0.000	0.765	541.8
2710	-0.019	0.003	0.761	542.0
2711	-0.018	0.001	0.765	542.2
2712	-0.020	-0.002	0.764	542.4
2713	-0.020	-0.005	0.771	542.6
2714	-0.019	-0.005	0.767	542.8
2715	-0.019	-0.004	0.777	543.0
2716	-0.019	-0.002	0.757	543.2
2717	-0.018	0.002	0.774	543.4
2718	-0.019	0.001	0.769	543.6
2719	-0.019	-0.002	0.774	543.8
2720	-0.018	-0.001	0.765	544.0
2721	-0.019	-0.005	0.763	544.2
2722	-0.017	-0.005	0.766	544.4
2723	-0.019	0.000	0.774	544.6
2724	-0.018	0.000	0.766	544.8
2725	-0.018	0.004	0.767	545.0
2726	-0.017	-0.003	0.762	545.2
2727	-0.015	-0.003	0.770	545.4
2728	-0.016	-0.001	0.763	545.6
2729	-0.018	-0.002	0.770	545.8
2730	-0.014	0.002	0.774	546.0
2731	-0.019	-0.004	0.762	546.2
2732	-0.019	-0.002	0.758	546.4
2733	-0.015	-0.001	0.775	546.6
2734	-0.016	0.004	0.768	546.8
2735	-0.018	0.002	0.761	547.0
2736	-0.018	0.001	0.759	547.2
2737	-0.018	-0.002	0.768	547.4
2738	-0.019	-0.002	0.763	547.6
2739	-0.017	0.002	0.775	547.8
2740	-0.020	0.005	0.765	548.0
2741	-0.020	0.002	0.769	548.2
2742	-0.019	0.001	0.768	548.4
2743	-0.019	0.001	0.763	548.6
2744	-0.024	0.000	0.768	548.8
2745	-0.019	0.005	0.762	549.0
2746	-0.022	0.002	0.767	549.2
2747	-0.022	0.000	0.768	549.4
2748	-0.019	0.001	0.769	549.6
2749	-0.021	-0.001	0.770	549.8
2750	-0.021	0.003	0.764	550.0
2751	-0.019	0.002	0.761	550.2
2752	-0.019	0.001	0.771	550.4
2753	-0.021	-0.001	0.770	550.6
2754	-0.020	0.001	0.774	550.8
2755	-0.020	0.002	0.773	551.0
2756	-0.019	0.000	0.765	551.2
2757	-0.020	0.001	0.760	551.4
2758	-0.020	0.005	0.765	551.6
2759	-0.018	0.003	0.770	551.8
2760	-0.020	0.002	0.776	552.0
2761	-0.019	-0.002	0.767	552.2
2762	-0.020	-0.002	0.760	552.4
2763	-0.020	0.003	0.766	552.6
2764	-0.020	0.000	0.776	552.8
2765	-0.020	0.001	0.763	553.0
2766	-0.018	0.002	0.768	553.2
2767	-0.019	-0.001	0.758	553.4
2768	-0.019	0.002	0.764	553.6
2769	-0.020	0.002	0.778	553.8
2770	-0.021	-0.002	0.769	554.0
2771	-0.020	0.002	0.762	554.2
2772	-0.018	0.000	0.766	554.4
2773	-0.019	0.002	0.765	554.6
2774	-0.019	0.001	0.779	554.8
2775	-0.020	-0.001	0.765	555.0
2776	-0.021	0.002	0.767	555.2
2777	-0.019	0.001	0.758	555.4
2778	-0.021	0.002	0.763	555.6
2779	-0.021	-0.004	0.768	555.8
2780	-0.019	-0.002	0.769	556.0
2781	-0.021	-0.003	0.766	556.2
2782	-0.022	0.001	0.768	556.4
2783	-0.021	0.004	0.757	556.6
2784	-0.021	0.000	0.762	556.8
2785	-0.020	-0.005	0.767	557.0
2786	-0.020	-0.003	0.767	557.2
2787	-0.021	-0.001	0.763	557.4
2788	-0.020	0.003	0.765	557.6
2789	-0.021	-0.001	0.768	557.8
2790	-0.020	-0.003	0.765	558.0
2791	-0.021	-0.003	0.770	558.2
2792	-0.021	-0.002	0.766	558.4
2793	-0.022	0.001	0.765	558.6
2794	-0.024	-0.001	0.771	558.8
2795	-0.023	-0.002	0.771	559.0
2796	-0.024	-0.001	0.768	559.2
2797	-0.022	0.000	0.758	559.4
2798	-0.023	-0.003	0.766	559.6
2799	-0.023	-0.001	0.769	559.8
2800	-0.020	0.005	0.768	560.0
2801	-0.021	0.000	0.766	560.2
2802	-0.021	0.004	0.756	560.4
2803	-0.022	-0.001	0.769	560.6
2804	-0.023	-0.004	0.761	560.8
2805	-0.021	0.001	0.765	561.0
2806	-0.021	0.001	0.766	561.2
2807	-0.018	0.002	0.775	561.4
2808	-0.018	0.001	0.754	561.6
2809	-0.018	-0.001	0.767	561.8
2810	-0.018	-0.002	0.776	562.0
2811	-0.016	0.001	0.766	562.2
2812	-0.018	0.001	0.769	562.4
2813	-0.019	-0.002	0.772	562.6
2814	-0.017	-0.003	0.766	562.8
2815	-0.018	-0.001	0.767	563.0
2816	-0.018	0.001	0.771	563.2
2817	-0.018	-0.002	0.759	563.4
2818	-0.018	0.001	0.761	563.6
2819	-0.019	-0.004	0.760	563.8
2820	-0.017	-0.003	0.760	564.0
2821	-0.019	0.000	0.764	564.2
2822	-0.018	-0.001	0.760	564.4
2823	-0.017	-0.004	0.762	564.6
2824	-0.019	-0.005	0.770	564.8
2825	-0.017	-0.005	0.772	565.0
2826	-0.018	-0.005	0.776	565.2
2827	-0.017	-0.004	0.764	565.4
2828	-0.018	-0.005	0.760	565.6
2829	-0.015	-0.003	0.772	565.8
2830	-0.015	-0.004	0.780	566.0
2831	-0.016	-0.006	0.767	566.2
2832	-0.017	-0.005	0.762	566.4
2833	-0.017	-0.005	0.762	566.6
2834	-0.017	-0.006	0.769	566.8
2835	-0.015	-0.004	0.764	567.0
2836	-0.018	-0.005	0.764	567.2
2837	-0.017	0.000	0.762	567.4
2838	-0.016	-0.003	0.757	567.6
2839	-0.017	-0.002	0.757	567.8
2840	-0.018	-0.001	0.762	568.0
2841	-0.018	0.002	0.762	568.2
2842	-0.017	-0.003	0.768	568.4
2843	-0.018	-0.007	0.772	568.6
2844	-0.018	-0.009	0.771	568.8
2845	-0.018	-0.003	0.770	569.0
2846	-0.016	0.002	0.768	569.2
2847	-0.017	0.003	0.766	569.4
2848	-0.018	-0.002	0.764	569.6
2849	-0.018	-0.003	0.769	569.8
2850	-0.017	-0.008	0.768	570.0
2851	-0.018	-0.004	0.765	570.2
2852	-0.018	-0.003	0.758	570.4
2853	-0.019	-0.002	0.765	570.6
2854	-0.020	-0.003	0.772	570.8
2855	-0.019	-0.001	0.765	571.0
2856	-0.019	-0.002	0.762	571.2
2857	-0.018	-0.003	0.771	571.4
2858	-0.020	-0.003	0.762	571.6
2859	-0.019	-0.005	0.761	571.8
2860	-0.019	-0.004	0.774	572.0
2861	-0.017	-0.003	0.771	572.2
2862	-0.017	-0.003	0.766	572.4
2863	-0.019	-0.002	0.777	572.6
2864	-0.018	-0.001	0.762	572.8
2865	-0.019	-0.003	0.773	573.0
2866	-0.016	-0.004	0.761	573.2
2867	-0.017	-0.007	0.765	573.4
2868	-0.018	-0.004	0.759	573.6
2869	-0.020	-0.001	0.767	573.8
2870	-0.019	-0.002	0.775	574.0
2871	-0.020	0.001	0.769	574.2
2872	-0.020	-0.002	0.760	574.4
2873	-0.019	-0.006	0.764	574.6
2874	-0.019	-0.003	0.765	574.8
2875	-0.022	-0.001	0.764	575.0
2876	-0.022	-0.001	0.766	575.2
2877	-0.021	-0.003	0.765	575.4
2878	-0.021	-0.005	0.762	575.6
2879	-0.021	-0.003	0.773	575.8
2880	-0.022	-0.001	0.769	576.0
2881	-0.023	-0.002	0.768	576.2
2882	-0.024	-0.003	0.760	576.4
2883	-0.021	-0.006	0.765	576.6
2884	-0.021	-0.004	0.769	576.8
2885	-0.022	-0.001	0.770	577.0
2886	-0.020	-0.002	0.767	577.2
2887	-0.019	0.001	0.761	577.4
2888	-0.019	-0.003	0.764	577.6
2889	-0.020	-0.002	0.762	577.8
2890	-0.017	0.001	0.767	578.0
2891	-0.019	0.002	0.765	578.2
2892	-0.018	-0.001	0.772	578.4
2893	-0.017	0.001	0.763	578.6
2894	-0.016	-0.003	0.764	578.8
2895	-0.016	-0.002	0.774	579.0
2896	-0.017	-0.001	0.763	579.2
2897	-0.017	0.001	0.765	579.4
2898	-0.017	0.003	0.758	579.6
2899	-0.015	0.004	0.765	579.8
2900	-0.014	-0.001	0.771	580.0
2901	-0.015	-0.003	0.767	580.2
2902	-0.017	-0.004	0.759	580.4
2903	-0.017	-0.002	0.768	580.6
2904	-0.018	0.003	0.764	580.8
2905	-0.013	0.004	0.768	581.0
2906	-0.013	-0.001	0.771	581.2
2907	-0.014	0.000	0.758	581.4
2908	-0.014	-0.003	0.760	581.6
2909	-0.013	0.000	0.756	581.8
2910	-0.013	-0.002	0.771	582.0
2911	-0.015	-0.001	0.767	582.2
2912	-0.014	0.000	0.765	582.4
2913	-0.013	0.003	0.766	582.6
2914	-0.017	0.002	0.767	582.8
2915	-0.014	-0.001	0.765	583.0
2916	-0.017	-0.002	0.770	583.2
2917	-0.017	-0.004	0.763	583.4
2918	-0.015	-0.002	0.767	583.6
2919	-0.018	0.003	0.761	583.8
2920	-0.017	0.004	0.773	584.0
2921	-0.015	-0.001	0.771	584.2
2922	-0.015	0.001	0.769	584.4
2923	-0.015	-0.003	0.770	584.6
2924	-0.015	-0.002	0.765	584.8
2925	-0.015	-0.001	0.764	585.0
2926	-0.016	-0.001	0.763	585.2
2927	-0.015	-0.004	0.775	585.4
2928	-0.017	-0.001	0.760	585.6
2929	-0.019	0.003	0.773	585.8
2930	-0.014	0.004	0.769	586.0
2931	-0.015	-0.001	0.765	586.2
2932	-0.015	-0.001	0.766	586.4
2933	-0.014	-0.002	0.758	586.6
2934	-0.014	-0.003	0.760	586.8
2935	-0.012	-0.001	0.771	587.0
2936	-0.013	0.000	0.767	587.2
2937	-0.012	-0.003	0.763	587.4
2938	-0.013	0.000	0.767	587.6
2939	-0.017	-0.001	0.772	587.8
2940	-0.015	-0.002	0.769	588.0
2941	-0.016	-0.002	0.766	588.2
2942	-0.016	-0.002	0.767	588.4
2943	-0.018	-0.005	0.763	588.6
2944	-0.019	-0.003	0.770	588.8
2945	-0.020	0.001	0.774	589.0
2946	-0.016	0.003	0.771	589.2
2947	-0.017	0.002	0.763	589.4
2948	-0.020	0.003	0.769	589.6
2949	-0.020	-0.002	0.769	589.8
2950	-0.019	-0.010	0.769	590.0
2951	-0.019	-0.006	0.756	590.2
2952	-0.018	-0.003	0.760	590.4
2953	-0.016	0.001	0.766	590.6
2954	-0.018	0.001	0.769	590.8
2955	-0.017	0.004	0.769	591.0
2956	-0.015	0.001	0.767	591.2
2957	-0.017	-0.002	0.761	591.4
2958	-0.016	-0.003	0.767	591.6
2959	-0.018	-0.005	0.778	591.8
2960	-0.016	-0.008	0.777	592.0
2961	-0.015	-0.008	0.756	592.2
2962	-0.016	-0.005	0.762	592.4
2963	-0.018	-0.001	0.774	592.6
2964	-0.016	0.001	0.766	592.8
2965	-0.018	-0.006	0.765	593.0
2966	-0.018	-0.006	0.768	593.2
2967	-0.019	-0.005	0.766	593.4
2968	-0.019	-0.006	0.761	593.6
2969	-0.019	-0.007	0.766	593.8
2970	-0.020	-0.005	0.771	594.0
2971	-0.019	-0.002	0.771	594.2
2972	-0.018	-0.001	0.764	594.4
2973	-0.020	-0.001	0.774	594.6
2974	-0.019	-0.003	0.770	594.8
2975	-0.019	-0.007	0.772	595.0
2976	-0.020	-0.007	0.766	595.2
2977	-0.022	-0.004	0.756	595.4
2978	-0.020	-0.008	0.776	595.6
2979	-0.020	-0.005	0.774	595.8
2980	-0.019	-0.003	0.762	596.0
2981	-0.022	0.001	0.762	596.2
2982	-0.020	-0.003	0.770	596.4
2983	-0.019	-0.006	0.763	596.6
2984	-0.020	-0.009	0.768	596.8
2985	-0.021	-0.010	0.767	597.0
2986	-0.019	-0.008	0.760	597.2
2987	-0.022	0.001	0.763	597.4
2988	-0.020	0.001	0.767	597.6
2989	-0.022	-0.004	0.758	597.8
2990	-0.020	-0.005	0.769	598.0
2991	-0.020	-0.006	0.773	598.2
2992	-0.022	-0.005	0.757	598.4
2993	-0.021	-0.005	0.781	598.6
2994	-0.020	-0.002	0.761	598.8
2995	-0.022	-0.003	0.773	599.0
2996	-0.020	-0.002	0.765	599.2
2997	-0.022	-0.003	0.766	599.4
2998	-0.023	-0.003	0.767	599.6
2999	-0.022	-0.004	0.772	599.8
3000	-0.023	-0.004	0.762	600.0
3001	-0.021	-0.001	0.765	600.2
3002	-0.023	-0.004	0.766	600.4
3003	-0.025	-0.005	0.771	600.6
3004	-0.022	-0.005	0.771	600.8
3005	-0.021	-0.002	0.763	601.0
3006	-0.022	-0.003	0.764	601.2
3007	-0.022	0.000	0.768	601.4
3008	-0.022	-0.002	0.766	601.6
3009	-0.022	-0.007	0.779	601.8
3010	-0.022	-0.008	0.771	602.0
3011	-0.022	-0.004	0.760	602.2
3012	-0.020	-0.006	0.770	602.4
