0	-0.004000	-0.005000	0.806000
1	-0.004000	-0.008000	0.805000
2	-0.007000	-0.007000	0.806000
3	-0.001000	-0.005000	0.803000
4	-0.004000	-0.007000	0.806000
5	-0.006000	-0.007000	0.807000
6	-0.005000	-0.007000	0.803000
7	-0.007000	-0.004000	0.804000
8	-0.006000	-0.005000	0.806000
9	-0.007000	-0.007000	0.803000
10	-0.006000	-0.007000	0.810000
11	-0.007000	-0.006000	0.808000
12	-0.004000	-0.006000	0.806000
13	-0.006000	-0.008000	0.804000
14	-0.006000	-0.004000	0.806000
15	-0.007000	-0.007000	0.803000
16	-0.006000	-0.009000	0.804000
17	-0.004000	-0.007000	0.803000
18	-0.007000	-0.004000	0.806000
19	-0.007000	-0.006000	0.808000
20	-0.007000	-0.001000	0.804000
21	-0.005000	-0.005000	0.806000
22	-0.003000	-0.007000	0.806000
23	-0.007000	-0.010000	0.807000
24	-0.006000	-0.007000	0.805000
25	-0.008000	-0.007000	0.803000
26	-0.005000	-0.002000	0.804000
27	-0.005000	-0.007000	0.806000
28	-0.010000	-0.007000	0.808000
29	-0.004000	-0.018000	0.809000
30	-0.005000	-0.003000	0.810000
31	-0.012000	-0.008000	0.809000
32	-0.010000	-0.004000	0.809000
33	0.346000	0.158000	1.272000
34	0.006000	0.003000	0.817000
35	0.376000	0.242000	1.497000
36	0.337000	0.212000	1.414000
37	-0.004000	-0.012000	0.808000
38	0.204000	0.138000	1.193000
39	0.027000	0.006000	0.810000
40	-0.013000	-0.002000	0.806000
41	-0.005000	-0.007000	0.808000
42	-0.006000	-0.019000	0.802000
43	-0.005000	-0.021000	0.808000
44	-0.006000	0.003000	0.806000
45	0.020000	0.007000	0.866000
46	0.020000	0.015000	0.947000
47	-0.009000	-0.010000	0.806000
48	0.058000	0.039000	0.921000
49	0.060000	0.042000	0.927000
50	0.058000	0.043000	0.932000
51	0.057000	0.040000	0.916000
52	0.056000	0.052000	0.934000
53	0.057000	0.050000	0.933000
54	0.059000	0.053000	0.932000
55	0.058000	0.052000	0.931000
56	0.058000	0.050000	0.933000
57	0.057000	0.050000	0.932000
58	0.060000	0.051000	0.932000
59	0.057000	0.050000	0.931000
60	0.059000	0.050000	0.930000
61	0.059000	0.053000	0.930000
62	0.058000	0.051000	0.929000
63	0.056000	0.050000	0.932000
64	0.057000	0.048000	0.928000
65	0.056000	0.049000	0.932000
66	0.058000	0.048000	0.932000
67	0.056000	0.049000	0.930000
68	0.057000	0.046000	0.930000
69	0.057000	0.048000	0.925000
70	0.055000	0.046000	0.928000
71	0.055000	0.046000	0.929000
72	0.059000	0.049000	0.929000
73	0.054000	0.050000	0.932000
74	0.056000	0.048000	0.929000
75	0.053000	0.045000	0.932000
76	0.055000	0.044000	0.928000
77	0.054000	0.046000	0.926000
78	0.058000	0.043000	0.930000
79	0.057000	0.045000	0.925000
80	0.054000	0.047000	0.927000
81	0.054000	0.044000	0.922000
82	0.053000	0.043000	0.926000
83	0.057000	0.043000	0.929000
84	0.055000	0.042000	0.924000
85	0.057000	0.044000	0.926000
86	0.057000	0.043000	0.925000
87	0.057000	0.042000	0.923000
88	0.052000	0.040000	0.927000
89	0.056000	0.042000	0.919000
90	0.058000	0.039000	0.923000
91	0.058000	0.040000	0.922000
92	0.055000	0.040000	0.923000
93	0.058000	0.042000	0.920000
94	0.049000	0.015000	1.241000
95	0.123000	0.027000	1.012000
96	0.112000	0.047000	0.994000
97	0.112000	0.050000	0.997000
98	0.109000	0.050000	0.997000
99	0.108000	0.050000	0.996000
100	0.108000	0.045000	0.988000
101	0.106000	0.045000	0.989000
102	0.107000	0.045000	0.992000
103	0.107000	0.044000	0.988000
104	0.110000	0.044000	0.987000
105	0.109000	0.044000	0.988000
106	0.105000	0.045000	0.985000
107	0.102000	0.043000	0.985000
108	0.106000	0.043000	0.989000
109	0.105000	0.043000	0.984000
110	0.104000	0.042000	0.986000
111	0.103000	0.040000	0.985000
112	0.105000	0.043000	0.981000
113	0.101000	0.041000	0.980000
114	0.104000	0.039000	0.984000
115	0.103000	0.042000	0.981000
116	0.101000	0.040000	0.977000
117	0.102000	0.043000	0.984000
118	0.103000	0.038000	0.982000
119	0.101000	0.039000	0.981000
120	0.103000	0.041000	0.978000
121	0.101000	0.041000	0.977000
122	0.102000	0.039000	0.977000
123	0.102000	0.039000	0.979000
124	0.100000	0.038000	0.977000
125	0.102000	0.039000	0.976000
126	0.100000	0.037000	0.974000
127	0.101000	0.039000	0.976000
128	0.101000	0.036000	0.976000
129	0.102000	0.038000	0.977000
130	0.100000	0.037000	0.974000
131	0.120000	0.043000	0.991000
132	0.142000	0.023000	0.891000
133	0.128000	0.057000	1.012000
134	0.123000	0.063000	1.031000
135	0.127000	0.066000	1.031000
136	0.178000	0.111000	1.031000
137	0.269000	0.182000	1.420000
138	-0.008000	-0.009000	0.811000
139	-0.004000	-0.005000	0.806000
140	0.102000	0.043000	0.996000
141	0.104000	0.055000	1.005000
142	0.103000	0.055000	1.001000
143	0.104000	0.057000	1.003000
144	0.104000	0.060000	1.005000
145	0.106000	0.059000	1.005000
146	0.105000	0.057000	1.002000
147	0.104000	0.058000	1.002000
148	0.105000	0.060000	1.002000
149	0.104000	0.060000	1.002000
150	0.103000	0.058000	0.999000
151	0.104000	0.059000	1.000000
152	0.104000	0.058000	1.003000
153	0.106000	0.058000	1.000000
154	0.103000	0.058000	1.002000
155	0.103000	0.058000	1.003000
156	0.107000	0.058000	0.995000
157	0.105000	0.056000	0.998000
158	0.105000	0.058000	0.994000
159	0.102000	0.057000	1.002000
160	0.103000	0.057000	0.996000
161	0.106000	0.057000	0.998000
162	0.103000	0.059000	0.996000
163	0.102000	0.058000	0.994000
164	0.102000	0.057000	0.997000
165	0.101000	0.056000	0.999000
166	0.103000	0.053000	0.998000
167	0.103000	0.057000	0.994000
168	0.098000	0.058000	0.994000
169	0.100000	0.054000	0.994000
170	0.101000	0.054000	0.993000
171	0.100000	0.059000	0.995000
172	0.098000	0.055000	0.997000
173	0.129000	0.038000	1.033000
174	0.332000	0.181000	1.229000
175	-0.009000	-0.011000	0.793000
176	0.139000	0.112000	1.101000
177	0.135000	0.116000	1.095000
178	0.133000	0.110000	1.089000
179	0.134000	0.103000	1.087000
180	0.286000	0.163000	1.351000
181	0.223000	0.172000	1.469000
182	0.223000	0.065000	1.047000
183	0.228000	0.082000	1.188000
184	0.475000	0.202000	1.293000
185	0.393000	0.357000	1.537000
186	0.510000	0.475000	1.778000
187	0.186000	0.099000	1.112000
188	0.182000	0.106000	1.136000
189	0.177000	0.101000	1.129000
190	0.177000	0.098000	1.129000
191	0.179000	0.101000	1.131000
192	0.176000	0.109000	1.132000
193	0.176000	0.109000	1.133000
194	0.176000	0.111000	1.131000
195	0.176000	0.109000	1.134000
196	0.174000	0.110000	1.126000
197	0.174000	0.109000	1.132000
198	0.169000	0.108000	1.134000
199	0.177000	0.109000	1.131000
200	0.172000	0.113000	1.136000
201	0.174000	0.110000	1.133000
202	0.177000	0.109000	1.127000
203	0.173000	0.112000	1.129000
204	0.172000	0.109000	1.130000
205	0.174000	0.107000	1.133000
206	0.172000	0.108000	1.128000
207	0.173000	0.112000	1.131000
208	0.172000	0.111000	1.129000
209	0.172000	0.109000	1.128000
210	0.170000	0.108000	1.128000
211	0.175000	0.110000	1.131000
212	0.171000	0.108000	1.128000
213	0.171000	0.109000	1.132000
214	0.171000	0.107000	1.123000
215	0.169000	0.107000	1.125000
216	0.167000	0.110000	1.124000
217	0.245000	0.148000	1.481000
218	0.199000	0.161000	1.210000
219	0.206000	0.154000	1.212000
220	0.198000	0.157000	1.208000
221	0.198000	0.156000	1.207000
222	0.196000	0.155000	1.212000
223	0.199000	0.156000	1.206000
224	0.202000	0.157000	1.204000
225	0.201000	0.157000	1.207000
226	0.195000	0.151000	1.204000
227	0.193000	0.155000	1.209000
228	0.198000	0.155000	1.206000
229	0.199000	0.156000	1.204000
230	0.193000	0.155000	1.209000
231	0.200000	0.155000	1.207000
232	0.197000	0.152000	1.209000
233	0.199000	0.154000	1.199000
234	0.196000	0.150000	1.203000
235	0.196000	0.153000	1.206000
236	0.194000	0.151000	1.203000
237	0.197000	0.155000	1.204000
238	0.196000	0.152000	1.200000
239	0.194000	0.152000	1.201000
240	0.193000	0.149000	1.199000
241	0.194000	0.152000	1.199000
242	0.193000	0.152000	1.201000
243	0.197000	0.152000	1.198000
244	0.195000	0.150000	1.198000
245	0.193000	0.148000	1.195000
246	0.192000	0.149000	1.199000
247	0.193000	0.149000	1.199000
248	0.198000	0.147000	1.199000
249	0.190000	0.149000	1.196000
250	0.190000	0.145000	1.199000
251	0.195000	0.147000	1.629000
252	-0.045000	-0.020000	0.819000
253	-0.018000	-0.009000	0.800000
254	-0.011000	-0.010000	0.811000
255	-0.005000	-0.010000	0.805000
256	-0.005000	-0.007000	0.804000
257	-0.006000	-0.006000	0.805000
258	-0.007000	-0.010000	0.807000
259	-0.017000	-0.013000	0.813000
260	-0.008000	-0.008000	0.808000
