0	-0.031	-0.007	0.776	0.0
1	-0.032	-0.011	0.777	0.2
2	-0.033	-0.011	0.780	0.4
3	-0.030	-0.013	0.780	0.6
4	-0.030	-0.017	0.781	0.8
5	-0.032	-0.015	0.778	1.0
6	-0.032	-0.011	0.780	1.2
7	-0.030	-0.009	0.782	1.4
8	-0.030	-0.009	0.780	1.6
9	-0.029	-0.009	0.782	1.8
10	-0.030	-0.010	0.781	2.0
11	-0.029	-0.014	0.779	2.2
12	-0.032	-0.018	0.776	2.4
13	-0.026	-0.015	0.779	2.6
14	-0.030	-0.011	0.777	2.8
15	-0.030	-0.010	0.778	3.0
16	-0.031	-0.009	0.779	3.2
17	-0.029	-0.005	0.781	3.4
18	-0.030	-0.011	0.778	3.6
19	-0.029	-0.013	0.777	3.8
20	-0.032	-0.018	0.779	4.0
21	-0.034	-0.013	0.778	4.2
22	-0.037	-0.013	0.776	4.4
23	-0.036	-0.008	0.779	4.6
24	-0.037	-0.010	0.781	4.8
25	-0.032	-0.009	0.780	5.0
26	-0.034	-0.011	0.776	5.2
27	-0.033	-0.011	0.779	5.4
28	-0.032	-0.015	0.777	5.6
29	-0.030	-0.010	0.779	5.8
30	-0.029	-0.014	0.778	6.0
31	-0.026	-0.011	0.781	6.2
32	-0.028	-0.011	0.778	6.4
33	-0.029	-0.008	0.779	6.6
34	-0.027	-0.011	0.781	6.8
35	-0.026	-0.013	0.783	7.0
36	-0.025	-0.014	0.778	7.2
37	-0.024	-0.013	0.779	7.4
38	-0.023	-0.015	0.779	7.6
39	-0.025	-0.014	0.780	7.8
40	-0.022	-0.013	0.778	8.0
41	-0.021	-0.010	0.775	8.2
42	-0.024	-0.011	0.778	8.4
43	-0.026	-0.013	0.783	8.6
44	-0.027	-0.011	0.780	8.8
45	-0.026	-0.013	0.781	9.0
46	-0.028	-0.013	0.778	9.2
47	-0.030	-0.011	0.774	9.4
48	-0.030	-0.009	0.779	9.6
49	-0.028	-0.012	0.777	9.8
50	-0.029	-0.010	0.780	10.0
51	-0.029	-0.013	0.781	10.2
52	-0.030	-0.015	0.779	10.4
53	-0.030	-0.016	0.779	10.6
54	-0.031	-0.016	0.775	10.8
55	-0.032	-0.015	0.777	11.0
56	-0.032	-0.013	0.781	11.2
57	-0.033	-0.014	0.778	11.4
58	-0.033	-0.008	0.776	11.6
59	-0.030	-0.017	0.781	11.8
60	-0.031	-0.020	0.781	12.0
61	-0.030	-0.019	0.781	12.2
62	-0.029	-0.021	0.779	12.4
63	-0.029	-0.017	0.778	12.6
64	-0.029	-0.015	0.778	12.8
65	-0.030	-0.017	0.780	13.0
66	-0.028	-0.015	0.778	13.2
67	-0.027	-0.021	0.782	13.4
68	-0.026	-0.017	0.776	13.6
69	-0.028	-0.017	0.777	13.8
70	-0.027	-0.018	0.778	14.0
71	-0.029	-0.018	0.781	14.2
72	-0.026	-0.019	0.780	14.4
73	-0.027	-0.015	0.779	14.6
74	-0.026	-0.015	0.778	14.8
75	-0.029	-0.015	0.780	15.0
76	-0.029	-0.017	0.779	15.2
77	-0.030	-0.019	0.778	15.4
78	-0.030	-0.017	0.781	15.6
79	-0.030	-0.019	0.781	15.8
80	-0.030	-0.017	0.780	16.0
81	-0.032	-0.013	0.779	16.2
82	-0.031	-0.012	0.780	16.4
83	-0.031	-0.014	0.775	16.6
84	-0.031	-0.015	0.779	16.8
85	-0.033	-0.017	0.778	17.0
86	-0.032	-0.014	0.779	17.2
87	-0.035	-0.017	0.781	17.4
88	-0.033	-0.010	0.782	17.6
89	-0.032	-0.017	0.779	17.8
90	-0.033	-0.015	0.780	18.0
91	-0.034	-0.014	0.779	18.2
92	-0.034	-0.014	0.778	18.4
93	-0.033	-0.015	0.778	18.6
94	-0.032	-0.014	0.780	18.8
95	-0.032	-0.017	0.778	19.0
96	-0.031	-0.015	0.779	19.2
97	-0.031	-0.018	0.776	19.4
98	-0.032	-0.013	0.778	19.6
99	-0.031	-0.011	0.780	19.8
100	-0.029	-0.013	0.779	20.0
101	-0.031	-0.013	0.779	20.2
102	-0.031	-0.014	0.777	20.4
103	-0.030	-0.013	0.777	20.6
104	-0.030	-0.016	0.780	20.8
105	-0.030	-0.016	0.781	21.0
106	-0.030	-0.014	0.776	21.2
107	-0.028	-0.015	0.777	21.4
108	-0.030	-0.013	0.777	21.6
109	-0.030	-0.017	0.778	21.8
110	-0.032	-0.013	0.774	22.0
111	-0.029	-0.011	0.781	22.2
112	-0.029	-0.015	0.779	22.4
113	-0.031	-0.013	0.781	22.6
114	-0.033	-0.016	0.782	22.8
115	-0.029	-0.016	0.780	23.0
116	-0.030	-0.013	0.781	23.2
117	-0.031	-0.013	0.776	23.4
118	-0.030	-0.013	0.780	23.6
119	-0.031	-0.013	0.779	23.8
120	-0.030	-0.017	0.782	24.0
121	-0.028	-0.017	0.779	24.2
122	-0.032	-0.015	0.781	24.4
123	-0.029	-0.009	0.776	24.6
124	-0.033	-0.014	0.777	24.8
125	-0.031	-0.011	0.780	25.0
126	-0.028	-0.011	0.780	25.2
127	-0.029	-0.015	0.780	25.4
128	-0.030	-0.015	0.780	25.6
129	-0.030	-0.015	0.780	25.8
130	-0.031	-0.018	0.776	26.0
131	-0.030	-0.015	0.779	26.2
132	-0.030	-0.013	0.782	26.4
133	-0.030	-0.012	0.780	26.6
134	-0.032	-0.015	0.779	26.8
135	-0.030	-0.011	0.778	27.0
136	-0.030	-0.011	0.782	27.2
137	-0.029	-0.016	0.776	27.4
138	-0.033	-0.016	0.778	27.6
139	-0.031	-0.016	0.778	27.8
140	-0.032	-0.017	0.777	28.0
141	-0.030	-0.013	0.781	28.2
142	-0.031	-0.011	0.780	28.4
143	-0.032	-0.009	0.777	28.6
144	-0.033	-0.012	0.776	28.8
145	-0.033	-0.015	0.775	29.0
146	-0.032	-0.015	0.779	29.2
147	-0.034	-0.015	0.779	29.4
148	-0.034	-0.015	0.779	29.6
149	-0.031	-0.010	0.781	29.8
150	-0.031	-0.011	0.778	30.0
151	-0.030	-0.007	0.776	30.2
152	-0.032	-0.009	0.778	30.4
153	-0.031	-0.015	0.784	30.6
154	-0.029	-0.014	0.777	30.8
155	-0.029	-0.017	0.778	31.0
156	-0.030	-0.013	0.775	31.2
157	-0.028	-0.012	0.780	31.4
158	-0.027	-0.012	0.780	31.6
159	-0.027	-0.008	0.778	31.8
160	-0.028	-0.013	0.779	32.0
161	-0.026	-0.013	0.779	32.2
162	-0.028	-0.015	0.780	32.4
163	-0.028	-0.018	0.778	32.6
164	-0.026	-0.017	0.777	32.8
165	-0.029	-0.013	0.779	33.0
166	-0.026	-0.011	0.780	33.2
167	-0.028	-0.007	0.781	33.4
168	-0.027	-0.008	0.778	33.6
169	-0.028	-0.011	0.776	33.8
170	-0.028	-0.013	0.778	34.0
171	-0.029	-0.018	0.779	34.2
172	-0.032	-0.016	0.779	34.4
173	-0.030	-0.013	0.781	34.6
174	-0.028	-0.009	0.783	34.8
175	-0.031	-0.006	0.780	35.0
176	-0.025	-0.008	0.778	35.2
177	-0.030	-0.013	0.779	35.4
178	-0.031	-0.015	0.779	35.6
179	-0.032	-0.018	0.782	35.8
180	-0.030	-0.017	0.780	36.0
181	-0.028	-0.011	0.778	36.2
182	-0.028	-0.010	0.779	36.4
183	-0.028	-0.009	0.781	36.6
184	-0.029	-0.011	0.779	36.8
185	-0.029	-0.014	0.779	37.0
186	-0.027	-0.011	0.780	37.2
187	-0.030	-0.015	0.780	37.4
188	-0.028	-0.014	0.776	37.6
189	-0.030	-0.016	0.782	37.8
190	-0.030	-0.011	0.779	38.0
191	-0.029	-0.008	0.778	38.2
192	-0.029	-0.010	0.779	38.4
193	-0.030	-0.011	0.782	38.6
194	-0.031	-0.014	0.780	38.8
195	-0.029	-0.017	0.779	39.0
196	-0.029	-0.017	0.780	39.2
197	-0.031	-0.015	0.774	39.4
198	-0.030	-0.011	0.779	39.6
199	-0.029	-0.009	0.780	39.8
200	-0.028	-0.010	0.781	40.0
201	-0.029	-0.014	0.777	40.2
202	-0.029	-0.013	0.783	40.4
203	-0.029	-0.014	0.776	40.6
204	-0.030	-0.014	0.777	40.8
205	-0.027	-0.015	0.776	41.0
206	-0.026	-0.013	0.779	41.2
207	-0.026	-0.009	0.778	41.4
208	-0.025	-0.011	0.778	41.6
209	-0.024	-0.009	0.780	41.8
210	-0.027	-0.013	0.778	42.0
211	-0.025	-0.014	0.781	42.2
212	-0.026	-0.016	0.780	42.4
213	-0.029	-0.016	0.784	42.6
214	-0.028	-0.011	0.781	42.8
215	-0.027	-0.006	0.779	43.0
216	-0.028	-0.005	0.777	43.2
217	-0.026	-0.011	0.777	43.4
218	-0.029	-0.016	0.778	43.6
219	-0.029	-0.016	0.780	43.8
220	-0.029	-0.018	0.781	44.0
221	-0.027	-0.011	0.780	44.2
222	-0.029	-0.013	0.778	44.4
223	-0.028	-0.006	0.777	44.6
224	-0.029	-0.008	0.778	44.8
225	-0.030	-0.013	0.780	45.0
226	-0.028	-0.014	0.778	45.2
227	-0.029	-0.017	0.782	45.4
228	-0.031	-0.018	0.779	45.6
229	-0.031	-0.013	0.780	45.8
230	-0.031	-0.012	0.777	46.0
231	-0.029	-0.005	0.776	46.2
232	-0.030	-0.007	0.782	46.4
233	-0.029	-0.013	0.778	46.6
234	-0.030	-0.014	0.779	46.8
235	-0.030	-0.017	0.777	47.0
236	-0.030	-0.017	0.780	47.2
237	-0.030	-0.012	0.777	47.4
238	-0.029	-0.012	0.780	47.6
239	-0.027	-0.009	0.783	47.8
240	-0.029	-0.011	0.780	48.0
241	-0.029	-0.013	0.778	48.2
242	-0.032	-0.012	0.774	48.4
243	-0.031	-0.011	0.780	48.6
244	-0.030	-0.013	0.783	48.8
245	-0.032	-0.014	0.782	49.0
246	-0.032	-0.011	0.778	49.2
247	-0.031	-0.011	0.779	49.4
248	-0.033	-0.011	0.778	49.6
249	-0.032	-0.010	0.776	49.8
250	-0.033	-0.013	0.778	50.0
251	-0.029	-0.013	0.778	50.2
252	-0.030	-0.015	0.779	50.4
253	-0.032	-0.011	0.776	50.6
254	-0.030	-0.009	0.780	50.8
255	-0.034	-0.009	0.777	51.0
256	-0.029	-0.009	0.775	51.2
257	-0.032	-0.008	0.779	51.4
258	-0.030	-0.009	0.778	51.6
259	-0.031	-0.010	0.780	51.8
260	-0.029	-0.010	0.781	52.0
261	-0.032	-0.009	0.777	52.2
262	-0.029	-0.010	0.781	52.4
263	-0.029	-0.010	0.779	52.6
264	-0.030	-0.008	0.778	52.8
265	-0.032	-0.007	0.782	53.0
266	-0.029	-0.010	0.779	53.2
267	-0.028	-0.011	0.779	53.4
268	-0.030	-0.013	0.777	53.6
269	-0.029	-0.014	0.778	53.8
270	-0.028	-0.010	0.780	54.0
271	-0.028	-0.009	0.779	54.2
272	-0.029	-0.007	0.777	54.4
273	-0.028	-0.007	0.779	54.6
274	-0.029	-0.013	0.778	54.8
275	-0.030	-0.013	0.778	55.0
276	-0.030	-0.015	0.778	55.2
277	-0.027	-0.015	0.779	55.4
278	-0.029	-0.011	0.779	55.6
279	-0.028	-0.011	0.780	55.8
280	-0.027	-0.010	0.778	56.0
281	-0.029	-0.013	0.778	56.2
282	-0.028	-0.012	0.780	56.4
283	-0.026	-0.013	0.779	56.6
284	-0.028	-0.014	0.781	56.8
285	-0.027	-0.011	0.777	57.0
286	-0.030	-0.011	0.779	57.2
287	-0.032	-0.011	0.780	57.4
288	-0.031	-0.009	0.780	57.6
289	-0.029	-0.009	0.779	57.8
290	-0.030	-0.009	0.784	58.0
291	-0.032	-0.009	0.781	58.2
292	-0.030	-0.011	0.783	58.4
293	-0.030	-0.013	0.777	58.6
294	-0.029	-0.010	0.781	58.8
295	-0.027	-0.007	0.779	59.0
296	-0.028	-0.004	0.779	59.2
297	-0.030	-0.008	0.780	59.4
298	-0.028	-0.011	0.778	59.6
299	-0.028	-0.011	0.780	59.8
300	-0.028	-0.013	0.777	60.0
301	-0.028	-0.010	0.781	60.2
302	-0.025	-0.007	0.780	60.4
303	-0.026	-0.007	0.776	60.6
304	-0.027	-0.007	0.781	60.8
305	-0.027	-0.011	0.779	61.0
306	-0.028	-0.011	0.778	61.2
307	-0.025	-0.011	0.779	61.4
308	-0.030	-0.009	0.776	61.6
309	-0.026	-0.009	0.778	61.8
310	-0.026	-0.011	0.776	62.0
311	-0.026	-0.011	0.779	62.2
312	-0.026	-0.007	0.781	62.4
313	-0.028	-0.010	0.779	62.6
314	-0.026	-0.007	0.782	62.8
315	-0.028	-0.010	0.778	63.0
316	-0.028	-0.010	0.781	63.2
317	-0.026	-0.012	0.779	63.4
318	-0.029	-0.011	0.783	63.6
319	-0.029	-0.009	0.780	63.8
320	-0.029	-0.011	0.780	64.0
321	-0.029	-0.009	0.780	64.2
322	-0.029	-0.011	0.782	64.4
323	-0.029	-0.011	0.778	64.6
324	-0.030	-0.012	0.781	64.8
325	-0.030	-0.014	0.779	65.0
326	-0.031	-0.015	0.780	65.2
327	-0.030	-0.011	0.777	65.4
328	-0.030	-0.012	0.779	65.6
329	-0.033	-0.011	0.781	65.8
330	-0.033	-0.011	0.776	66.0
331	-0.030	-0.013	0.777	66.2
332	-0.032	-0.013	0.779	66.4
333	-0.030	-0.013	0.776	66.6
334	-0.032	-0.015	0.779	66.8
335	-0.033	-0.013	0.776	67.0
336	-0.032	-0.013	0.780	67.2
337	-0.030	-0.010	0.779	67.4
338	-0.029	-0.011	0.779	67.6
339	-0.031	-0.015	0.778	67.8
340	-0.030	-0.013	0.778	68.0
341	-0.029	-0.014	0.779	68.2
342	-0.030	-0.012	0.779	68.4
343	-0.029	-0.013	0.780	68.6
344	-0.030	-0.011	0.780	68.8
345	-0.030	-0.012	0.781	69.0
346	-0.031	-0.011	0.778	69.2
347	-0.027	-0.013	0.776	69.4
348	-0.031	-0.012	0.776	69.6
349	-0.029	-0.011	0.782	69.8
350	-0.032	-0.010	0.779	70.0
351	-0.033	-0.013	0.778	70.2
352	-0.033	-0.015	0.781	70.4
353	-0.031	-0.013	0.777	70.6
354	-0.032	-0.014	0.781	70.8
355	-0.033	-0.011	0.780	71.0
356	-0.032	-0.009	0.779	71.2
357	-0.033	-0.007	0.781	71.4
358	-0.032	-0.011	0.777	71.6
359	-0.033	-0.014	0.781	71.8
360	-0.032	-0.015	0.776	72.0
361	-0.031	-0.016	0.779	72.2
362	-0.030	-0.014	0.777	72.4
363	-0.029	-0.011	0.779	72.6
364	-0.030	-0.009	0.776	72.8
365	-0.030	-0.009	0.779	73.0
366	-0.029	-0.010	0.780	73.2
367	-0.030	-0.014	0.781	73.4
368	-0.030	-0.017	0.777	73.6
369	-0.029	-0.019	0.778	73.8
370	-0.029	-0.012	0.780	74.0
371	-0.028	-0.011	0.778	74.2
372	-0.028	-0.009	0.777	74.4
373	-0.027	-0.010	0.779	74.6
374	-0.028	-0.015	0.781	74.8
375	-0.025	-0.017	0.777	75.0
376	-0.029	-0.018	0.779	75.2
377	-0.029	-0.015	0.780	75.4
378	-0.029	-0.014	0.780	75.6
379	-0.029	-0.011	0.778	75.8
380	-0.030	-0.011	0.776	76.0
381	-0.030	-0.011	0.783	76.2
382	-0.030	-0.010	0.783	76.4
383	-0.031	-0.016	0.779	76.6
384	-0.029	-0.014	0.780	76.8
385	-0.030	-0.016	0.776	77.0
386	-0.031	-0.013	0.781	77.2
387	-0.033	-0.013	0.777	77.4
388	-0.032	-0.011	0.779	77.6
389	-0.031	-0.013	0.779	77.8
390	-0.031	-0.015	0.780	78.0
391	-0.035	-0.013	0.779	78.2
392	-0.032	-0.018	0.776	78.4
393	-0.032	-0.014	0.776	78.6
394	-0.032	-0.011	0.779	78.8
395	-0.033	-0.011	0.778	79.0
396	-0.030	-0.011	0.779	79.2
397	-0.030	-0.014	0.776	79.4
398	-0.032	-0.016	0.777	79.6
399	-0.029	-0.017	0.778	79.8
400	-0.030	-0.018	0.780	80.0
401	-0.032	-0.015	0.779	80.2
402	-0.031	-0.013	0.777	80.4
403	-0.031	-0.011	0.781	80.6
404	-0.029	-0.012	0.774	80.8
405	-0.031	-0.013	0.778	81.0
406	-0.030	-0.018	0.779	81.2
407	-0.029	-0.016	0.779	81.4
408	-0.030	-0.013	0.783	81.6
409	-0.028	-0.011	0.774	81.8
410	-0.032	-0.010	0.777	82.0
411	-0.029	-0.011	0.777	82.2
412	-0.028	-0.013	0.779	82.4
413	-0.032	-0.016	0.778	82.6
414	-0.029	-0.015	0.780	82.8
415	-0.030	-0.013	0.779	83.0
416	-0.029	-0.015	0.776	83.2
417	-0.028	-0.011	0.780	83.4
418	-0.029	-0.013	0.780	83.6
419	-0.031	-0.011	0.779	83.8
420	-0.026	-0.011	0.782	84.0
421	-0.027	-0.012	0.780	84.2
422	-0.029	-0.013	0.781	84.4
423	-0.030	-0.012	0.777	84.6
424	-0.030	-0.013	0.781	84.8
425	-0.030	-0.013	0.780	85.0
426	-0.030	-0.013	0.781	85.2
427	-0.026	-0.009	0.780	85.4
428	-0.028	-0.009	0.778	85.6
429	-0.028	-0.010	0.779	85.8
430	-0.029	-0.013	0.778	86.0
431	-0.031	-0.013	0.777	86.2
432	-0.029	-0.013	0.777	86.4
433	-0.028	-0.011	0.780	86.6
434	-0.027	-0.009	0.780	86.8
435	-0.029	-0.011	0.780	87.0
436	-0.027	-0.013	0.778	87.2
437	-0.028	-0.014	0.777	87.4
438	-0.029	-0.013	0.780	87.6
439	-0.027	-0.014	0.776	87.8
440	-0.028	-0.012	0.777	88.0
441	-0.028	-0.011	0.776	88.2
442	-0.030	-0.011	0.775	88.4
443	-0.029	-0.014	0.783	88.6
444	-0.030	-0.013	0.777	88.8
445	-0.029	-0.012	0.778	89.0
446	-0.031	-0.014	0.779	89.2
447	-0.030	-0.013	0.777	89.4
448	-0.030	-0.013	0.781	89.6
449	-0.030	-0.014	0.778	89.8
450	-0.031	-0.014	0.781	90.0
451	-0.029	-0.015	0.782	90.2
452	-0.029	-0.011	0.780	90.4
453	-0.032	-0.015	0.775	90.6
454	-0.032	-0.014	0.779	90.8
455	-0.028	-0.016	0.779	91.0
456	-0.031	-0.014	0.778	91.2
457	-0.031	-0.015	0.780	91.4
458	-0.032	-0.013	0.778	91.6
459	-0.030	-0.011	0.777	91.8
460	-0.028	-0.014	0.775	92.0
461	-0.030	-0.013	0.779	92.2
462	-0.030	-0.014	0.779	92.4
463	-0.033	-0.016	0.780	92.6
464	-0.031	-0.013	0.776	92.8
465	-0.030	-0.017	0.781	93.0
466	-0.030	-0.014	0.781	93.2
467	-0.029	-0.016	0.775	93.4
468	-0.032	-0.012	0.778	93.6
469	-0.030	-0.014	0.779	93.8
470	-0.031	-0.013	0.779	94.0
471	-0.030	-0.017	0.779	94.2
472	-0.028	-0.016	0.778	94.4
473	-0.030	-0.013	0.778	94.6
474	-0.030	-0.014	0.780	94.8
475	-0.030	-0.013	0.782	95.0
476	-0.027	-0.012	0.784	95.2
477	-0.030	-0.015	0.775	95.4
478	-0.029	-0.013	0.777	95.6
479	-0.030	-0.014	0.774	95.8
480	-0.028	-0.017	0.779	96.0
481	-0.029	-0.015	0.778	96.2
482	-0.031	-0.016	0.783	96.4
483	-0.031	-0.015	0.776	96.6
484	-0.031	-0.015	0.778	96.8
485	-0.033	-0.013	0.778	97.0
486	-0.030	-0.013	0.779	97.2
487	-0.030	-0.011	0.779	97.4
488	-0.028	-0.011	0.779	97.6
489	-0.029	-0.015	0.779	97.8
490	-0.027	-0.013	0.778	98.0
491	-0.030	-0.012	0.780	98.2
492	-0.030	-0.015	0.776	98.4
493	-0.030	-0.012	0.780	98.6
494	-0.030	-0.014	0.776	98.8
495	-0.030	-0.009	0.777	99.0
496	-0.026	-0.013	0.777	99.2
497	-0.030	-0.013	0.778	99.4
498	-0.030	-0.013	0.778	99.6
499	-0.029	-0.010	0.778	99.8
500	-0.029	-0.011	0.779	100.0
501	-0.029	-0.011	0.778	100.2
502	-0.027	-0.012	0.780	100.4
503	-0.027	-0.012	0.775	100.6
504	-0.029	-0.015	0.778	100.8
505	-0.029	-0.011	0.776	101.0
506	-0.026	-0.010	0.778	101.2
507	-0.027	-0.011	0.779	101.4
508	-0.025	-0.013	0.779	101.6
509	-0.026	-0.013	0.783	101.8
510	-0.028	-0.010	0.777	102.0
511	-0.024	-0.011	0.779	102.2
512	-0.025	-0.010	0.782	102.4
513	-0.025	-0.012	0.781	102.6
514	-0.026	-0.009	0.781	102.8
515	-0.026	-0.012	0.781	103.0
516	-0.024	-0.010	1.033	103.2
517	0.044	0.151	1.103	103.4
518	0.048	0.155	1.056	103.6
519	0.046	0.150	1.061	103.8
520	0.043	0.147	1.057	104.0
521	0.043	0.146	1.050	104.2
522	0.044	0.144	1.043	104.4
523	0.041	0.142	1.042	104.6
524	0.040	0.142	1.044	104.8
525	0.040	0.142	1.041	105.0
526	0.040	0.140	1.044	105.2
527	0.040	0.137	1.041	105.4
528	0.038	0.140	1.037	105.6
529	0.038	0.140	1.035	105.8
530	0.037	0.137	1.039	106.0
531	0.040	0.136	1.038	106.2
532	0.039	0.139	1.034	106.4
533	0.036	0.138	1.034	106.6
534	0.037	0.136	1.038	106.8
535	0.038	0.135	1.029	107.0
536	0.036	0.138	1.030	107.2
537	0.037	0.135	1.039	107.4
538	0.036	0.133	1.032	107.6
539	0.036	0.134	1.024	107.8
540	0.036	0.132	1.033	108.0
541	0.036	0.133	1.040	108.2
542	0.036	0.131	1.027	108.4
543	0.036	0.133	1.024	108.6
544	0.036	0.133	1.036	108.8
545	0.034	0.130	1.032	109.0
546	0.034	0.132	1.023	109.2
547	0.036	0.132	1.032	109.4
548	0.035	0.130	1.033	109.6
549	0.033	0.132	1.028	109.8
550	0.035	0.130	1.027	110.0
551	0.034	0.131	1.031	110.2
552	0.033	0.130	1.034	110.4
553	0.036	0.130	1.027	110.6
554	0.034	0.133	1.026	110.8
555	0.034	0.131	1.030	111.0
556	0.034	0.130	1.030	111.2
557	0.036	0.133	1.030	111.4
558	0.035	0.129	1.028	111.6
559	0.035	0.129	1.030	111.8
560	0.033	0.130	1.028	112.0
561	0.034	0.128	1.026	112.2
562	0.035	0.128	1.032	112.4
563	0.033	0.129	1.031	112.6
564	0.033	0.127	1.027	112.8
565	0.035	0.130	1.031	113.0
566	0.033	0.128	1.033	113.2
567	0.035	0.129	1.025	113.4
568	0.032	0.129	1.030	113.6
569	0.032	0.128	1.036	113.8
570	0.033	0.128	1.029	114.0
571	0.033	0.128	1.016	114.2
572	0.035	0.130	1.029	114.4
573	0.032	0.130	1.034	114.6
574	0.033	0.126	1.022	114.8
575	0.034	0.129	1.023	115.0
576	0.036	0.127	1.021	115.2
577	0.031	0.127	1.030	115.4
578	0.032	0.126	1.020	115.6
579	0.031	0.127	1.027	115.8
580	0.032	0.128	1.031	116.0
581	0.030	0.128	1.026	116.2
582	0.033	0.129	1.025	116.4
583	0.033	0.127	1.025	116.6
584	0.032	0.127	1.025	116.8
585	0.035	0.127	1.020	117.0
586	0.032	0.126	1.022	117.2
587	0.031	0.128	1.031	117.4
588	0.030	0.126	1.027	117.6
589	0.030	0.125	1.011	117.8
590	0.031	0.126	1.021	118.0
591	0.031	0.127	1.026	118.2
592	0.033	0.125	1.018	118.4
593	0.029	0.126	1.018	118.6
594	0.032	0.123	1.022	118.8
595	0.030	0.125	1.027	119.0
596	0.030	0.125	1.019	119.2
597	0.029	0.125	1.015	119.4
598	0.031	0.127	1.028	119.6
599	0.032	0.126	1.022	119.8
600	0.032	0.125	1.018	120.0
601	0.032	0.126	1.022	120.2
602	0.030	0.125	1.026	120.4
603	0.031	0.125	1.016	120.6
604	0.032	0.126	1.020	120.8
605	0.032	0.125	1.028	121.0
606	0.032	0.125	1.028	121.2
607	0.030	0.128	1.020	121.4
608	0.030	0.125	1.016	121.6
609	0.030	0.124	1.024	121.8
610	0.030	0.124	1.025	122.0
611	0.029	0.123	1.018	122.2
612	0.031	0.123	1.015	122.4
613	0.030	0.126	1.028	122.6
614	0.030	0.123	1.025	122.8
615	0.033	0.124	1.021	123.0
616	0.031	0.126	1.018	123.2
617	0.030	0.122	1.023	123.4
618	0.030	0.124	1.022	123.6
619	0.031	0.124	1.016	123.8
620	0.032	0.123	1.012	124.0
621	0.030	0.124	1.022	124.2
622	0.030	0.122	1.016	124.4
623	0.030	0.123	1.014	124.6
624	0.030	0.124	1.020	124.8
625	0.030	0.124	1.027	125.0
626	0.030	0.123	1.014	125.2
627	0.030	0.121	1.015	125.4
628	0.030	0.123	1.022	125.6
629	0.030	0.120	1.019	125.8
630	0.029	0.122	1.013	126.0
631	0.028	0.123	1.020	126.2
632	0.032	0.122	1.024	126.4
633	0.030	0.124	1.014	126.6
634	0.030	0.122	1.010	126.8
635	0.030	0.122	1.018	127.0
636	0.030	0.124	1.024	127.2
637	0.029	0.122	1.015	127.4
638	0.029	0.123	1.013	127.6
639	0.032	0.123	1.014	127.8
640	0.030	0.122	1.018	128.0
641	0.030	0.125	1.012	128.2
642	0.029	0.121	1.009	128.4
643	0.030	0.124	1.024	128.6
644	0.029	0.122	1.012	128.8
645	0.030	0.125	1.006	129.0
646	0.029	0.123	1.015	129.2
647	0.029	0.125	1.017	129.4
648	0.030	0.123	1.018	129.6
649	0.031	0.122	1.007	129.8
650	0.030	0.124	1.015	130.0
651	0.030	0.125	1.021	130.2
652	0.030	0.123	1.014	130.4
653	0.030	0.124	1.012	130.6
654	0.029	0.121	1.010	130.8
655	0.029	0.124	1.018	131.0
656	0.032	0.125	1.007	131.2
657	0.030	0.121	1.009	131.4
658	0.030	0.125	1.018	131.6
659	0.032	0.122	1.008	131.8
660	0.030	0.124	1.014	132.0
661	0.029	0.125	1.014	132.2
662	0.030	0.123	1.014	132.4
663	0.029	0.123	1.005	132.6
664	0.028	0.125	1.006	132.8
665	0.030	0.124	1.018	133.0
666	0.030	0.124	1.016	133.2
667	0.029	0.123	1.007	133.4
668	0.032	0.121	1.008	133.6
669	0.029	0.123	1.011	133.8
670	0.029	0.122	1.012	134.0
671	0.029	0.128	1.009	134.2
672	0.030	0.123	1.011	134.4
673	0.027	0.123	1.014	134.6
674	0.030	0.120	1.014	134.8
675	0.028	0.123	1.007	135.0
676	0.027	0.122	1.013	135.2
677	0.028	0.124	1.019	135.4
678	0.028	0.122	1.012	135.6
679	0.029	0.121	1.012	135.8
680	0.026	0.120	1.014	136.0
681	0.026	0.121	1.013	136.2
682	0.026	0.123	1.008	136.4
683	0.027	0.125	1.007	136.6
684	0.027	0.123	1.013	136.8
685	0.025	0.121	1.012	137.0
686	0.028	0.123	1.010	137.2
687	0.026	0.122	1.014	137.4
688	0.026	0.122	1.008	137.6
689	0.026	0.122	1.008	137.8
690	0.026	0.123	1.016	138.0
691	0.028	0.121	1.014	138.2
692	0.026	0.123	1.006	138.4
693	0.027	0.122	1.008	138.6
694	0.026	0.124	1.012	138.8
695	0.025	0.121	1.008	139.0
696	0.025	0.124	1.011	139.2
697	0.027	0.124	1.006	139.4
698	0.026	0.122	1.016	139.6
699	0.026	0.124	1.006	139.8
700	0.025	0.121	1.006	140.0
701	0.026	0.123	1.013	140.2
702	0.026	0.121	1.017	140.4
703	0.028	0.124	1.012	140.6
704	0.027	0.122	1.006	140.8
705	0.026	0.122	1.011	141.0
706	0.026	0.121	1.013	141.2
707	0.027	0.121	1.008	141.4
708	0.025	0.123	1.006	141.6
709	0.025	0.121	1.013	141.8
710	0.028	0.124	1.006	142.0
711	0.026	0.122	1.009	142.2
712	0.026	0.121	1.010	142.4
713	0.027	0.122	1.007	142.6
714	0.025	0.121	1.011	142.8
715	0.026	0.123	1.005	143.0
716	0.025	0.120	1.010	143.2
717	0.026	0.120	1.006	143.4
718	0.026	0.120	1.006	143.6
719	0.028	0.121	1.006	143.8
720	0.026	0.121	1.008	144.0
721	0.025	0.121	1.012	144.2
722	0.026	0.120	1.011	144.4
723	0.025	0.119	1.009	144.6
724	0.026	0.121	1.004	144.8
725	0.026	0.121	1.008	145.0
726	0.026	0.123	1.011	145.2
727	0.029	0.121	1.008	145.4
728	0.027	0.121	1.004	145.6
729	0.026	0.121	1.007	145.8
730	0.026	0.123	1.012	146.0
731	0.026	0.121	1.003	146.2
732	0.026	0.122	1.008	146.4
733	0.026	0.122	1.013	146.6
734	0.026	0.122	1.007	146.8
735	0.026	0.122	1.003	147.0
736	0.026	0.122	1.009	147.2
737	0.025	0.121	1.008	147.4
738	0.027	0.122	1.001	147.6
739	0.026	0.120	1.009	147.8
740	0.025	0.122	1.007	148.0
741	0.026	0.122	1.004	148.2
742	0.026	0.122	0.999	148.4
743	0.027	0.120	1.006	148.6
744	0.023	0.122	1.014	148.8
745	0.026	0.120	1.004	149.0
746	0.024	0.122	1.007	149.2
747	0.024	0.122	1.013	149.4
748	0.026	0.121	1.007	149.6
749	0.026	0.121	1.007	149.8
750	0.024	0.120	1.008	150.0
751	0.023	0.120	1.010	150.2
752	0.025	0.120	1.004	150.4
753	0.022	0.121	1.006	150.6
754	0.023	0.119	1.010	150.8
755	0.024	0.119	1.012	151.0
756	0.023	0.120	1.010	151.2
757	0.023	0.121	1.002	151.4
758	0.024	0.120	1.010	151.6
759	0.020	0.122	1.010	151.8
760	0.022	0.118	1.000	152.0
761	0.023	0.119	1.010	152.2
762	0.021	0.120	1.007	152.4
763	0.021	0.122	1.011	152.6
764	0.022	0.118	1.006	152.8
765	0.021	0.120	1.008	153.0
766	0.022	0.119	1.007	153.2
767	0.023	0.122	1.003	153.4
768	0.020	0.120	1.009	153.6
769	0.021	0.119	1.009	153.8
770	0.022	0.117	1.007	154.0
771	0.021	0.119	1.003	154.2
772	0.020	0.119	1.008	154.4
773	0.024	0.120	1.004	154.6
774	0.022	0.117	1.010	154.8
775	0.023	0.120	1.004	155.0
776	0.022	0.117	1.011	155.2
777	0.021	0.118	1.010	155.4
778	0.022	0.119	1.005	155.6
779	0.021	0.120	1.001	155.8
780	0.021	0.120	1.006	156.0
781	0.019	0.120	1.010	156.2
782	0.021	0.117	1.008	156.4
783	0.019	0.119	1.007	156.6
784	0.020	0.119	1.006	156.8
785	0.021	0.119	1.010	157.0
786	0.020	0.122	1.004	157.2
787	0.020	0.118	1.004	157.4
788	0.022	0.120	1.012	157.6
789	0.018	0.119	1.010	157.8
790	0.022	0.120	1.006	158.0
791	0.022	0.118	1.013	158.2
792	0.021	0.119	1.011	158.4
793	0.021	0.120	1.000	158.6
794	0.022	0.119	1.008	158.8
795	0.020	0.118	1.007	159.0
796	0.021	0.118	1.006	159.2
797	0.021	0.119	1.004	159.4
798	0.021	0.119	1.008	159.6
799	0.020	0.121	1.005	159.8
800	0.019	0.120	1.005	160.0
801	0.019	0.121	1.002	160.2
802	0.020	0.119	1.006	160.4
803	0.023	0.119	1.007	160.6
804	0.021	0.119	1.006	160.8
805	0.022	0.120	1.003	161.0
806	0.020	0.120	1.007	161.2
807	0.021	0.118	1.007	161.4
808	0.022	0.120	1.005	161.6
809	0.019	0.118	1.008	161.8
810	0.022	0.120	1.003	162.0
811	0.020	0.120	1.004	162.2
812	0.019	0.119	1.008	162.4
813	0.021	0.121	1.002	162.6
814	0.021	0.119	1.010	162.8
815	0.019	0.120	1.008	163.0
816	0.020	0.118	0.999	163.2
817	0.021	0.120	1.002	163.4
818	0.021	0.119	1.011	163.6
819	0.021	0.120	1.006	163.8
820	0.021	0.119	1.003	164.0
821	0.019	0.119	0.995	164.2
822	0.022	0.121	1.005	164.4
823	0.022	0.118	1.002	164.6
824	0.021	0.119	1.006	164.8
825	0.022	0.120	1.000	165.0
826	0.022	0.119	1.006	165.2
827	0.019	0.120	1.004	165.4
828	0.019	0.119	1.000	165.6
829	0.021	0.120	1.001	165.8
830	0.023	0.121	1.010	166.0
831	0.019	0.118	1.001	166.2
832	0.022	0.120	1.008	166.4
833	0.020	0.121	1.002	166.6
834	0.022	0.120	1.004	166.8
835	0.021	0.120	1.002	167.0
836	0.023	0.122	1.010	167.2
837	0.022	0.120	1.002	167.4
838	0.020	0.122	1.002	167.6
839	0.021	0.122	1.006	167.8
840	0.021	0.120	1.002	168.0
841	0.024	0.121	1.002	168.2
842	0.025	0.120	1.001	168.4
843	0.021	0.121	1.008	168.6
844	0.022	0.121	1.004	168.8
845	0.022	0.120	0.999	169.0
846	0.021	0.121	1.006	169.2
847	0.022	0.121	1.000	169.4
848	0.022	0.119	1.003	169.6
849	0.023	0.122	0.999	169.8
850	0.022	0.118	1.005	170.0
851	0.023	0.123	0.998	170.2
852	0.023	0.122	0.999	170.4
853	0.022	0.122	0.997	170.6
854	0.023	0.124	1.004	170.8
855	0.022	0.122	1.002	171.0
856	0.021	0.122	1.000	171.2
857	0.022	0.122	1.001	171.4
858	0.024	0.122	0.999	171.6
859	0.021	0.123	0.999	171.8
860	0.023	0.121	1.006	172.0
861	0.026	0.120	1.001	172.2
862	0.023	0.124	0.994	172.4
863	0.023	0.123	1.001	172.6
864	0.022	0.121	0.999	172.8
865	0.021	0.122	0.999	173.0
866	0.023	0.120	0.995	173.2
867	0.022	0.122	1.005	173.4
868	0.022	0.122	1.000	173.6
869	0.022	0.121	0.995	173.8
870	0.023	0.124	0.992	174.0
871	0.022	0.121	1.003	174.2
872	0.021	0.122	0.996	174.4
873	0.021	0.123	1.002	174.6
874	0.021	0.123	0.999	174.8
875	0.022	0.122	1.001	175.0
876	0.020	0.122	1.002	175.2
877	0.023	0.123	1.000	175.4
878	0.021	0.120	0.996	175.6
879	0.022	0.124	1.004	175.8
880	0.022	0.121	1.003	176.0
881	0.021	0.121	0.996	176.2
882	0.023	0.122	1.000	176.4
883	0.020	0.121	0.999	176.6
884	0.020	0.120	0.995	176.8
885	0.022	0.123	1.002	177.0
886	0.022	0.122	1.006	177.2
887	0.023	0.119	0.996	177.4
888	0.023	0.120	0.993	177.6
889	0.021	0.122	1.003	177.8
890	0.021	0.122	1.002	178.0
891	0.022	0.124	0.998	178.2
892	0.023	0.122	0.999	178.4
893	0.021	0.119	1.008	178.6
894	0.021	0.121	1.002	178.8
895	0.024	0.124	0.996	179.0
896	0.019	0.122	1.001	179.2
897	0.023	0.120	1.006	179.4
898	0.020	0.123	0.998	179.6
899	0.023	0.121	1.000	179.8
900	0.022	0.120	1.005	180.0
901	0.019	0.121	1.004	180.2
902	0.023	0.121	1.000	180.4
903	0.022	0.120	0.997	180.6
904	0.024	0.121	1.008	180.8
905	0.021	0.120	1.001	181.0
906	0.021	0.121	0.995	181.2
907	0.022	0.120	1.004	181.4
908	0.019	0.119	1.004	181.6
909	0.023	0.119	0.998	181.8
910	0.022	0.119	1.000	182.0
911	0.022	0.120	1.004	182.2
912	0.020	0.120	1.004	182.4
913	0.021	0.120	0.997	182.6
914	0.022	0.118	1.002	182.8
915	0.020	0.117	1.008	183.0
916	0.022	0.121	1.000	183.2
917	0.022	0.119	1.002	183.4
918	0.020	0.119	1.006	183.6
919	0.022	0.118	1.004	183.8
920	0.022	0.118	1.001	184.0
921	0.020	0.118	1.007	184.2
922	0.021	0.120	1.002	184.4
923	0.021	0.120	0.998	184.6
924	0.020	0.116	1.002	184.8
925	0.020	0.117	1.003	185.0
926	0.021	0.119	1.002	185.2
927	0.020	0.118	1.001	185.4
928	0.020	0.118	1.002	185.6
929	0.020	0.116	1.008	185.8
930	0.021	0.120	1.002	186.0
931	0.021	0.117	0.998	186.2
932	0.021	0.119	1.010	186.4
933	0.020	0.118	1.003	186.6
934	0.022	0.117	1.004	186.8
935	0.020	0.115	0.998	187.0
936	0.024	0.117	1.005	187.2
937	0.021	0.118	1.002	187.4
938	0.020	0.118	1.002	187.6
939	0.021	0.118	1.006	187.8
940	0.021	0.118	1.002	188.0
941	0.022	0.116	1.005	188.2
942	0.022	0.119	1.006	188.4
943	0.020	0.119	1.001	188.6
944	0.021	0.118	1.006	188.8
945	0.019	0.118	1.001	189.0
946	0.020	0.117	1.008	189.2
947	0.021	0.119	1.006	189.4
948	0.019	0.117	1.000	189.6
949	0.021	0.118	1.007	189.8
950	0.019	0.117	1.000	190.0
951	0.022	0.115	1.010	190.2
952	0.017	0.118	1.002	190.4
953	0.021	0.118	1.000	190.6
954	0.021	0.119	1.004	190.8
955	0.021	0.118	1.004	191.0
956	0.020	0.117	1.001	191.2
957	0.020	0.116	0.999	191.4
958	0.018	0.117	1.010	191.6
959	0.019	0.118	1.004	191.8
960	0.019	0.118	0.998	192.0
961	0.021	0.118	1.004	192.2
962	0.019	0.115	1.001	192.4
963	0.022	0.114	1.007	192.6
964	0.019	0.118	1.008	192.8
965	0.019	0.116	0.993	193.0
966	0.017	0.117	1.003	193.2
967	0.020	0.115	1.012	193.4
968	0.018	0.118	1.003	193.6
969	0.019	0.115	0.997	193.8
970	0.017	0.117	1.003	194.0
971	0.019	0.117	1.001	194.2
972	0.020	0.117	1.001	194.4
973	0.019	0.118	1.002	194.6
974	0.019	0.116	1.006	194.8
975	0.017	0.117	1.001	195.0
976	0.018	0.116	0.998	195.2
977	0.017	0.114	0.995	195.4
978	0.018	0.116	1.008	195.6
979	0.018	0.115	1.006	195.8
980	0.018	0.115	0.997	196.0
981	0.018	0.116	1.005	196.2
982	0.018	0.114	1.017	196.4
983	0.018	0.117	0.994	196.6
984	0.021	0.115	0.998	196.8
985	0.020	0.114	1.003	197.0
986	0.018	0.116	1.005	197.2
987	0.017	0.119	0.998	197.4
988	0.021	0.116	0.995	197.6
989	0.020	0.114	1.002	197.8
990	0.018	0.114	1.010	198.0
991	0.020	0.117	0.993	198.2
992	0.017	0.120	1.000	198.4
993	0.020	0.117	1.004	198.6
994	0.019	0.115	1.006	198.8
995	0.019	0.117	0.998	199.0
996	0.019	0.118	1.002	199.2
997	0.018	0.118	1.006	199.4
998	0.019	0.117	0.994	199.6
999	0.021	0.116	1.006	199.8
1000	0.018	0.114	1.000	200.0
1001	0.020	0.119	0.996	200.2
1002	0.018	0.117	1.002	200.4
1003	0.017	0.116	0.999	200.6
1004	0.019	0.114	1.002	200.8
1005	0.020	0.117	0.998	201.0
1006	0.020	0.119	1.000	201.2
1007	0.019	0.118	0.999	201.4
1008	0.020	0.116	1.007	201.6
1009	0.019	0.119	1.000	201.8
1010	0.020	0.119	0.995	202.0
1011	0.020	0.116	1.008	202.2
1012	0.020	0.117	1.002	202.4
1013	0.019	0.119	0.998	202.6
1014	0.018	0.118	1.000	202.8
1015	0.019	0.115	1.006	203.0
1016	0.019	0.113	1.000	203.2
1017	0.047	0.181	1.289	203.4
1018	0.145	0.383	1.417	203.6
1019	0.148	0.375	1.486	203.8
1020	0.147	0.376	1.446	204.0
1021	0.151	0.377	1.443	204.2
1022	0.148	0.372	1.454	204.4
1023	0.144	0.369	1.452	204.6
1024	0.146	0.370	1.444	204.8
1025	0.147	0.368	1.435	205.0
1026	0.145	0.366	1.455	205.2
1027	0.146	0.368	1.445	205.4
1028	0.147	0.368	1.431	205.6
1029	0.146	0.367	1.440	205.8
1030	0.144	0.362	1.454	206.0
1031	0.144	0.364	1.443	206.2
1032	0.148	0.367	1.427	206.4
1033	0.145	0.366	1.448	206.6
1034	0.144	0.362	1.447	206.8
1035	0.143	0.364	1.429	207.0
1036	0.144	0.364	1.429	207.2
1037	0.142	0.361	1.453	207.4
1038	0.146	0.363	1.439	207.6
1039	0.144	0.365	1.428	207.8
1040	0.143	0.361	1.443	208.0
1041	0.144	0.361	1.443	208.2
1042	0.143	0.360	1.435	208.4
1043	0.144	0.363	1.432	208.6
1044	0.144	0.360	1.437	208.8
1045	0.143	0.361	1.444	209.0
1046	0.143	0.361	1.426	209.2
1047	0.144	0.361	1.432	209.4
1048	0.143	0.361	1.444	209.6
1049	0.143	0.360	1.440	209.8
1050	0.143	0.360	1.427	210.0
1051	0.143	0.359	1.432	210.2
1052	0.143	0.359	1.445	210.4
1053	0.144	0.362	1.425	210.6
1054	0.144	0.362	1.424	210.8
1055	0.141	0.360	1.440	211.0
1056	0.142	0.359	1.442	211.2
1057	0.143	0.360	1.430	211.4
1058	0.144	0.361	1.429	211.6
1059	0.142	0.360	1.439	211.8
1060	0.143	0.357	1.432	212.0
1061	0.144	0.360	1.429	212.2
1062	0.142	0.360	1.434	212.4
1063	0.145	0.360	1.429	212.6
1064	0.144	0.356	1.436	212.8
1065	0.143	0.358	1.428	213.0
1066	0.143	0.360	1.431	213.2
1067	0.144	0.358	1.443	213.4
1068	0.144	0.357	1.429	213.6
1069	0.144	0.358	1.421	213.8
1070	0.143	0.357	1.438	214.0
1071	0.143	0.358	1.431	214.2
1072	0.143	0.359	1.428	214.4
1073	0.143	0.358	1.425	214.6
1074	0.146	0.355	1.443	214.8
1075	0.142	0.358	1.429	215.0
1076	0.145	0.358	1.423	215.2
1077	0.144	0.360	1.430	215.4
1078	0.143	0.357	1.442	215.6
1079	0.145	0.355	1.433	215.8
1080	0.144	0.358	1.420	216.0
1081	0.146	0.356	1.433	216.2
1082	0.142	0.357	1.438	216.4
1083	0.144	0.358	1.421	216.6
1084	0.146	0.358	1.423	216.8
1085	0.144	0.356	1.442	217.0
1086	0.144	0.355	1.430	217.2
1087	0.144	0.360	1.422	217.4
1088	0.143	0.358	1.423	217.6
1089	0.145	0.355	1.438	217.8
1090	0.145	0.356	1.434	218.0
1091	0.143	0.356	1.418	218.2
1092	0.143	0.356	1.431	218.4
1093	0.144	0.356	1.436	218.6
1094	0.146	0.358	1.422	218.8
1095	0.144	0.357	1.425	219.0
1096	0.144	0.357	1.435	219.2
1097	0.144	0.358	1.430	219.4
1098	0.144	0.357	1.421	219.6
1099	0.145	0.357	1.424	219.8
1100	0.143	0.356	1.432	220.0
1101	0.144	0.354	1.430	220.2
1102	0.143	0.358	1.425	220.4
1103	0.143	0.354	1.419	220.6
1104	0.144	0.356	1.436	220.8
1105	0.143	0.356	1.423	221.0
1106	0.146	0.357	1.420	221.2
1107	0.144	0.354	1.439	221.4
1108	0.144	0.354	1.427	221.6
1109	0.144	0.357	1.417	221.8
1110	0.144	0.355	1.432	222.0
1111	0.143	0.353	1.427	222.2
1112	0.147	0.355	1.427	222.4
1113	0.142	0.357	1.426	222.6
1114	0.144	0.355	1.423	222.8
1115	0.143	0.355	1.436	223.0
1116	0.143	0.355	1.417	223.2
1117	0.145	0.353	1.427	223.4
1118	0.142	0.356	1.428	223.6
1119	0.145	0.355	1.427	223.8
1120	0.143	0.354	1.423	224.0
1121	0.145	0.355	1.422	224.2
1122	0.144	0.355	1.429	224.4
1123	0.144	0.354	1.422	224.6
1124	0.144	0.355	1.430	224.8
1125	0.143	0.357	1.426	225.0
1126	0.142	0.353	1.429	225.2
1127	0.141	0.351	1.421	225.4
1128	0.144	0.352	1.421	225.6
1129	0.143	0.354	1.436	225.8
1130	0.141	0.350	1.429	226.0
1131	0.144	0.354	1.418	226.2
1132	0.143	0.353	1.436	226.4
1133	0.141	0.352	1.425	226.6
1134	0.143	0.349	1.421	226.8
1135	0.143	0.354	1.428	227.0
1136	0.143	0.354	1.431	227.2
1137	0.143	0.350	1.428	227.4
1138	0.143	0.352	1.423	227.6
1139	0.140	0.353	1.429	227.8
1140	0.143	0.353	1.430	228.0
1141	0.141	0.353	1.425	228.2
1142	0.142	0.355	1.424	228.4
1143	0.145	0.352	1.424	228.6
1144	0.143	0.351	1.431	228.8
1145	0.141	0.353	1.423	229.0
1146	0.144	0.354	1.422	229.2
1147	0.143	0.352	1.429	229.4
1148	0.143	0.351	1.428	229.6
1149	0.143	0.354	1.417	229.8
1150	0.143	0.352	1.429	230.0
1151	0.141	0.351	1.424	230.2
1152	0.142	0.353	1.426	230.4
1153	0.142	0.354	1.429	230.6
1154	0.143	0.354	1.431	230.8
1155	0.142	0.353	1.427	231.0
1156	0.142	0.353	1.421	231.2
1157	0.141	0.355	1.425	231.4
1158	0.143	0.353	1.425	231.6
1159	0.142	0.352	1.425	231.8
1160	0.141	0.356	1.424	232.0
1161	0.142	0.352	1.426	232.2
1162	0.142	0.354	1.426	232.4
1163	0.142	0.356	1.424	232.6
1164	0.141	0.352	1.429	232.8
1165	0.141	0.352	1.425	233.0
1166	0.143	0.355	1.426	233.2
1167	0.145	0.354	1.422	233.4
1168	0.142	0.352	1.430	233.6
1169	0.141	0.354	1.427	233.8
1170	0.140	0.352	1.418	234.0
1171	0.141	0.352	1.426	234.2
1172	0.142	0.354	1.430	234.4
1173	0.140	0.355	1.423	234.6
1174	0.142	0.355	1.414	234.8
1175	0.143	0.353	1.429	235.0
1176	0.141	0.355	1.431	235.2
1177	0.141	0.355	1.419	235.4
1178	0.143	0.352	1.426	235.6
1179	0.142	0.355	1.433	235.8
1180	0.140	0.354	1.411	236.0
1181	0.142	0.352	1.429	236.2
1182	0.140	0.354	1.440	236.4
1183	0.142	0.357	1.414	236.6
1184	0.144	0.354	1.413	236.8
1185	0.141	0.352	1.433	237.0
1186	0.139	0.351	1.439	237.2
1187	0.142	0.353	1.412	237.4
1188	0.143	0.353	1.408	237.6
1189	0.138	0.352	1.444	237.8
1190	0.142	0.353	1.428	238.0
1191	0.141	0.354	1.400	238.2
1192	0.141	0.353	1.426	238.4
1193	0.139	0.350	1.443	238.6
1194	0.142	0.354	1.409	238.8
1195	0.144	0.352	1.411	239.0
1196	0.139	0.350	1.446	239.2
1197	0.142	0.352	1.431	239.4
1198	0.140	0.351	1.411	239.6
1199	0.140	0.354	1.421	239.8
1200	0.140	0.348	1.437	240.0
1201	0.141	0.352	1.419	240.2
1202	0.141	0.354	1.405	240.4
1203	0.142	0.351	1.433	240.6
1204	0.140	0.353	1.433	240.8
1205	0.143	0.352	1.404	241.0
1206	0.140	0.351	1.412	241.2
1207	0.138	0.351	1.435	241.4
1208	0.139	0.350	1.443	241.6
1209	0.143	0.353	1.389	241.8
1210	0.139	0.350	1.417	242.0
1211	0.139	0.349	1.449	242.2
1212	0.144	0.350	1.417	242.4
1213	0.143	0.352	1.402	242.6
1214	0.139	0.349	1.424	242.8
1215	0.144	0.348	1.441	243.0
1216	0.140	0.350	1.415	243.2
1217	0.142	0.351	1.402	243.4
1218	0.138	0.350	1.447	243.6
1219	0.141	0.347	1.411	243.8
1220	0.143	0.353	1.426	244.0
1221	0.138	0.352	1.439	244.2
1222	0.140	0.348	1.411	244.4
1223	0.141	0.349	1.432	244.6
1224	0.139	0.352	1.388	244.8
1225	0.148	0.348	1.432	245.0
1226	0.133	0.352	1.439	245.2
1227	0.145	0.349	1.403	245.4
1228	0.142	0.350	1.433	245.6
1229	0.137	0.350	1.407	245.8
1230	0.147	0.348	1.419	246.0
1231	0.137	0.354	1.408	246.2
1232	0.145	0.350	1.415	246.4
1233	0.136	0.350	1.441	246.6
1234	0.141	0.351	1.410	246.8
1235	0.148	0.348	1.405	247.0
1236	0.136	0.350	1.442	247.2
1237	0.143	0.348	1.418	247.4
1238	0.143	0.350	1.414	247.6
1239	0.142	0.349	1.409	247.8
1240	0.141	0.348	1.444	248.0
1241	0.139	0.353	1.405	248.2
1242	0.144	0.352	1.401	248.4
1243	0.137	0.349	1.436	248.6
1244	0.141	0.349	1.423	248.8
1245	0.142	0.350	1.402	249.0
1246	0.140	0.352	1.413	249.2
1247	0.141	0.347	1.432	249.4
1248	0.140	0.350	1.418	249.6
1249	0.143	0.353	1.392	249.8
1250	0.139	0.350	1.435	250.0
1251	0.138	0.348	1.426	250.2
1252	0.143	0.350	1.410	250.4
1253	0.138	0.353	1.412	250.6
1254	0.139	0.351	1.426	250.8
1255	0.141	0.349	1.431	251.0
1256	0.141	0.352	1.402	251.2
1257	0.142	0.352	1.419	251.4
1258	0.140	0.349	1.438	251.6
1259	0.142	0.348	1.406	251.8
1260	0.142	0.353	1.411	252.0
1261	0.137	0.352	1.421	252.2
1262	0.140	0.346	1.431	252.4
1263	0.140	0.352	1.409	252.6
1264	0.141	0.351	1.409	252.8
1265	0.139	0.350	1.434	253.0
1266	0.140	0.349	1.423	253.2
1267	0.141	0.349	1.416	253.4
1268	0.140	0.351	1.415	253.6
1269	0.137	0.350	1.425	253.8
1270	0.139	0.351	1.421	254.0
1271	0.140	0.350	1.413	254.2
1272	0.139	0.351	1.420	254.4
1273	0.140	0.348	1.426	254.6
1274	0.139	0.350	1.418	254.8
1275	0.138	0.351	1.411	255.0
1276	0.140	0.350	1.424	255.2
1277	0.138	0.350	1.426	255.4
1278	0.139	0.350	1.417	255.6
1279	0.142	0.351	1.412	255.8
1280	0.138	0.350	1.426	256.0
1281	0.138	0.350	1.421	256.2
1282	0.142	0.349	1.417	256.4
1283	0.141	0.350	1.419	256.6
1284	0.138	0.350	1.416	256.8
1285	0.139	0.350	1.421	257.0
1286	0.138	0.352	1.417	257.2
1287	0.140	0.348	1.417	257.4
1288	0.142	0.351	1.421	257.6
1289	0.139	0.349	1.418	257.8
1290	0.140	0.352	1.407	258.0
1291	0.139	0.349	1.421	258.2
1292	0.140	0.350	1.424	258.4
1293	0.143	0.350	1.413	258.6
1294	0.139	0.352	1.411	258.8
1295	0.141	0.349	1.423	259.0
1296	0.141	0.352	1.416	259.2
1297	0.140	0.352	1.412	259.4
1298	0.139	0.348	1.419	259.6
1299	0.139	0.350	1.423	259.8
1300	0.139	0.349	1.420	260.0
1301	0.141	0.351	1.410	260.2
1302	0.138	0.351	1.423	260.4
1303	0.139	0.350	1.421	260.6
1304	0.141	0.350	1.415	260.8
1305	0.142	0.349	1.425	261.0
1306	0.140	0.346	1.409	261.2
1307	0.138	0.349	1.424	261.4
1308	0.139	0.347	1.415	261.6
1309	0.139	0.349	1.418	261.8
1310	0.138	0.348	1.422	262.0
1311	0.141	0.350	1.415	262.2
1312	0.141	0.346	1.419	262.4
1313	0.138	0.350	1.419	262.6
1314	0.139	0.349	1.418	262.8
1315	0.139	0.349	1.419	263.0
1316	0.141	0.348	1.419	263.2
1317	0.139	0.350	1.417	263.4
1318	0.140	0.350	1.416	263.6
1319	0.139	0.348	1.409	263.8
1320	0.140	0.349	1.418	264.0
1321	0.141	0.349	1.427	264.2
1322	0.139	0.349	1.409	264.4
1323	0.141	0.349	1.413	264.6
1324	0.138	0.349	1.417	264.8
1325	0.138	0.348	1.419	265.0
1326	0.139	0.349	1.411	265.2
1327	0.139	0.350	1.413	265.4
1328	0.139	0.348	1.426	265.6
1329	0.139	0.349	1.420	265.8
1330	0.139	0.352	1.407	266.0
1331	0.139	0.349	1.419	266.2
1332	0.140	0.351	1.419	266.4
1333	0.139	0.348	1.418	266.6
1334	0.140	0.348	1.418	266.8
1335	0.140	0.350	1.418	267.0
1336	0.139	0.350	1.416	267.2
1337	0.140	0.352	1.417	267.4
1338	0.139	0.349	1.427	267.6
1339	0.139	0.352	1.413	267.8
1340	0.139	0.349	1.415	268.0
1341	0.139	0.347	1.425	268.2
1342	0.140	0.350	1.419	268.4
1343	0.139	0.349	1.419	268.6
1344	0.141	0.351	1.417	268.8
1345	0.138	0.349	1.417	269.0
1346	0.138	0.348	1.430	269.2
1347	0.138	0.350	1.414	269.4
1348	0.140	0.348	1.419	269.6
1349	0.137	0.350	1.419	269.8
1350	0.141	0.349	1.416	270.0
1351	0.139	0.351	1.413	270.2
1352	0.141	0.348	1.413	270.4
1353	0.138	0.351	1.423	270.6
1354	0.139	0.350	1.423	270.8
1355	0.139	0.350	1.411	271.0
1356	0.140	0.349	1.421	271.2
1357	0.140	0.350	1.421	271.4
1358	0.142	0.348	1.411	271.6
1359	0.139	0.352	1.419	271.8
1360	0.140	0.349	1.419	272.0
1361	0.139	0.351	1.420	272.2
1362	0.139	0.350	1.411	272.4
1363	0.140	0.348	1.417	272.6
1364	0.141	0.350	1.422	272.8
1365	0.138	0.348	1.416	273.0
1366	0.138	0.352	1.421	273.2
1367	0.140	0.350	1.412	273.4
1368	0.140	0.349	1.419	273.6
1369	0.140	0.350	1.416	273.8
1370	0.140	0.349	1.415	274.0
1371	0.139	0.351	1.421	274.2
1372	0.139	0.348	1.416	274.4
1373	0.139	0.352	1.421	274.6
1374	0.139	0.350	1.419	274.8
1375	0.140	0.349	1.413	275.0
1376	0.136	0.349	1.420	275.2
1377	0.138	0.349	1.418	275.4
1378	0.140	0.352	1.414	275.6
1379	0.141	0.349	1.419	275.8
1380	0.140	0.348	1.422	276.0
1381	0.143	0.350	1.419	276.2
1382	0.139	0.350	1.419	276.4
1383	0.140	0.347	1.418	276.6
1384	0.139	0.349	1.418	276.8
1385	0.140	0.350	1.418	277.0
1386	0.139	0.353	1.414	277.2
1387	0.140	0.349	1.416	277.4
1388	0.139	0.349	1.418	277.6
1389	0.138	0.349	1.413	277.8
1390	0.140	0.352	1.421	278.0
1391	0.139	0.350	1.417	278.2
1392	0.140	0.350	1.415	278.4
1393	0.140	0.348	1.418	278.6
1394	0.136	0.349	1.421	278.8
1395	0.141	0.349	1.417	279.0
1396	0.139	0.350	1.418	279.2
1397	0.137	0.350	1.424	279.4
1398	0.139	0.350	1.416	279.6
1399	0.140	0.351	1.418	279.8
1400	0.139	0.348	1.418	280.0
1401	0.138	0.350	1.417	280.2
1402	0.140	0.349	1.419	280.4
1403	0.139	0.349	1.420	280.6
1404	0.141	0.350	1.416	280.8
1405	0.139	0.349	1.418	281.0
1406	0.141	0.349	1.419	281.2
1407	0.139	0.350	1.416	281.4
1408	0.140	0.352	1.415	281.6
1409	0.139	0.350	1.421	281.8
1410	0.141	0.349	1.415	282.0
1411	0.139	0.348	1.417	282.2
1412	0.138	0.350	1.420	282.4
1413	0.139	0.347	1.418	282.6
1414	0.141	0.350	1.412	282.8
1415	0.139	0.349	1.419	283.0
1416	0.140	0.349	1.411	283.2
1417	0.137	0.348	1.417	283.4
1418	0.139	0.349	1.418	283.6
1419	0.138	0.349	1.419	283.8
1420	0.138	0.352	1.421	284.0
1421	0.138	0.349	1.419	284.2
1422	0.137	0.349	1.420	284.4
1423	0.140	0.348	1.417	284.6
1424	0.138	0.349	1.423	284.8
1425	0.138	0.348	1.415	285.0
1426	0.138	0.347	1.418	285.2
1427	0.139	0.349	1.417	285.4
1428	0.140	0.350	1.413	285.6
1429	0.140	0.349	1.417	285.8
1430	0.138	0.347	1.423	286.0
1431	0.138	0.349	1.413	286.2
1432	0.139	0.348	1.418	286.4
1433	0.141	0.350	1.418	286.6
1434	0.137	0.346	1.420	286.8
1435	0.139	0.352	1.416	287.0
1436	0.138	0.349	1.417	287.2
1437	0.136	0.348	1.419	287.4
1438	0.139	0.349	1.417	287.6
1439	0.137	0.349	1.417	287.8
1440	0.139	0.349	1.419	288.0
1441	0.138	0.351	1.419	288.2
1442	0.140	0.347	1.417	288.4
1443	0.139	0.347	1.410	288.6
1444	0.138	0.349	1.421	288.8
1445	0.138	0.348	1.416	289.0
1446	0.139	0.350	1.416	289.2
1447	0.136	0.349	1.419	289.4
1448	0.137	0.346	1.417	289.6
1449	0.141	0.346	1.419	289.8
1450	0.139	0.349	1.415	290.0
1451	0.137	0.348	1.415	290.2
1452	0.140	0.348	1.418	290.4
1453	0.138	0.348	1.412	290.6
1454	0.139	0.346	1.415	290.8
1455	0.137	0.349	1.419	291.0
1456	0.138	0.346	1.415	291.2
1457	0.137	0.348	1.415	291.4
1458	0.139	0.348	1.413	291.6
1459	0.139	0.349	1.418	291.8
1460	0.138	0.348	1.407	292.0
1461	0.139	0.350	1.419	292.2
1462	0.137	0.349	1.419	292.4
1463	0.138	0.347	1.417	292.6
1464	0.138	0.347	1.413	292.8
1465	0.138	0.349	1.414	293.0
1466	0.138	0.348	1.420	293.2
1467	0.139	0.348	1.414	293.4
1468	0.137	0.349	1.415	293.6
1469	0.140	0.348	1.415	293.8
1470	0.137	0.346	1.419	294.0
1471	0.139	0.346	1.418	294.2
1472	0.137	0.348	1.412	294.4
1473	0.140	0.348	1.418	294.6
1474	0.138	0.349	1.419	294.8
1475	0.139	0.349	1.414	295.0
1476	0.139	0.351	1.414	295.2
1477	0.138	0.349	1.418	295.4
1478	0.139	0.348	1.421	295.6
1479	0.138	0.350	1.410	295.8
1480	0.140	0.350	1.414	296.0
1481	0.139	0.350	1.418	296.2
1482	0.139	0.348	1.421	296.4
1483	0.140	0.352	1.411	296.6
1484	0.137	0.347	1.419	296.8
1485	0.138	0.349	1.417	297.0
1486	0.139	0.346	1.411	297.2
1487	0.141	0.349	1.418	297.4
1488	0.138	0.348	1.418	297.6
1489	0.140	0.350	1.416	297.8
1490	0.138	0.346	1.415	298.0
1491	0.139	0.349	1.415	298.2
1492	0.138	0.346	1.422	298.4
1493	0.139	0.347	1.420	298.6
1494	0.138	0.350	1.411	298.8
1495	0.138	0.347	1.417	299.0
1496	0.139	0.349	1.418	299.2
1497	0.138	0.349	1.412	299.4
1498	0.139	0.348	1.419	299.6
1499	0.136	0.349	1.418	299.8
1500	0.139	0.350	1.410	300.0
1501	0.138	0.348	1.416	300.2
1502	0.138	0.348	1.413	300.4
1503	0.139	0.349	1.421	300.6
1504	0.139	0.349	1.422	300.8
1505	0.139	0.349	1.417	301.0
1506	0.139	0.349	1.414	301.2
1507	0.138	0.348	1.421	301.4
1508	0.138	0.348	1.418	301.6
1509	0.139	0.350	1.418	301.8
1510	0.140	0.349	1.413	302.0
1511	0.139	0.348	1.417	302.2
1512	0.139	0.348	1.418	302.4
1513	0.138	0.350	1.415	302.6
1514	0.138	0.351	1.413	302.8
1515	0.139	0.348	1.417	303.0
1516	0.138	0.352	1.422	303.2
1517	0.137	0.348	1.412	303.4
1518	0.215	0.532	1.785	303.6
1519	0.281	0.663	1.983	303.8
1520	0.281	0.655	1.941	304.0
1521	0.280	0.653	1.942	304.2
1522	0.280	0.650	1.955	304.4
1523	0.279	0.646	1.916	304.6
1524	0.279	0.645	1.936	304.8
1525	0.279	0.642	1.933	305.0
1526	0.278	0.642	1.927	305.2
1527	0.279	0.643	1.920	305.4
1528	0.280	0.642	1.923	305.6
1529	0.277	0.640	1.932	305.8
1530	0.280	0.638	1.921	306.0
1531	0.280	0.640	1.915	306.2
1532	0.277	0.638	1.929	306.4
1533	0.277	0.638	1.927	306.6
1534	0.277	0.641	1.918	306.8
1535	0.278	0.636	1.913	307.0
1536	0.278	0.638	1.924	307.2
1537	0.276	0.634	1.917	307.4
1538	0.276	0.639	1.916	307.6
1539	0.278	0.636	1.919	307.8
1540	0.277	0.635	1.921	308.0
1541	0.277	0.636	1.921	308.2
1542	0.280	0.636	1.913	308.4
1543	0.278	0.635	1.917	308.6
1544	0.275	0.633	1.921	308.8
1545	0.275	0.637	1.910	309.0
1546	0.275	0.635	1.912	309.2
1547	0.277	0.634	1.915	309.4
1548	0.275	0.636	1.917	309.6
1549	0.277	0.634	1.907	309.8
1550	0.277	0.635	1.913	310.0
1551	0.275	0.635	1.917	310.2
1552	0.276	0.634	1.911	310.4
1553	0.275	0.635	1.909	310.6
1554	0.276	0.632	1.919	310.8
1555	0.275	0.635	1.915	311.0
1556	0.277	0.634	1.911	311.2
1557	0.277	0.633	1.912	311.4
1558	0.275	0.635	1.915	311.6
1559	0.275	0.633	1.920	311.8
1560	0.275	0.633	1.910	312.0
1561	0.276	0.631	1.909	312.2
1562	0.277	0.632	1.917	312.4
1563	0.274	0.633	1.909	312.6
1564	0.277	0.633	1.910	312.8
1565	0.274	0.632	1.914	313.0
1566	0.276	0.630	1.913	313.2
1567	0.274	0.633	1.901	313.4
1568	0.276	0.634	1.907	313.6
1569	0.273	0.630	1.918	313.8
1570	0.274	0.632	1.909	314.0
1571	0.275	0.631	1.905	314.2
1572	0.277	0.632	1.910	314.4
1573	0.276	0.631	1.903	314.6
1574	0.273	0.631	1.912	314.8
1575	0.275	0.630	1.903	315.0
1576	0.276	0.631	1.904	315.2
1577	0.275	0.628	1.917	315.4
1578	0.273	0.631	1.911	315.6
1579	0.275	0.628	1.901	315.8
1580	0.273	0.631	1.909	316.0
1581	0.275	0.628	1.901	316.2
1582	0.276	0.630	1.903	316.4
1583	0.276	0.628	1.907	316.6
1584	0.276	0.629	1.909	316.8
1585	0.276	0.629	1.907	317.0
1586	0.273	0.628	1.899	317.2
1587	0.275	0.629	1.909	317.4
1588	0.273	0.630	1.908	317.6
1589	0.276	0.630	1.898	317.8
1590	0.275	0.630	1.905	318.0
1591	0.272	0.627	1.913	318.2
1592	0.274	0.627	1.901	318.4
1593	0.278	0.627	1.903	318.6
1594	0.274	0.628	1.903	318.8
1595	0.271	0.629	1.913	319.0
1596	0.273	0.630	1.904	319.2
1597	0.275	0.628	1.897	319.4
1598	0.276	0.628	1.909	319.6
1599	0.273	0.628	1.909	319.8
1600	0.275	0.628	1.898	320.0
1601	0.273	0.628	1.899	320.2
1602	0.273	0.627	1.906	320.4
1603	0.274	0.625	1.907	320.6
1604	0.274	0.629	1.897	320.8
1605	0.273	0.628	1.903	321.0
1606	0.274	0.627	1.915	321.2
1607	0.271	0.626	1.893	321.4
1608	0.273	0.628	1.901	321.6
1609	0.274	0.627	1.907	321.8
1610	0.272	0.626	1.907	322.0
1611	0.274	0.628	1.905	322.2
1612	0.273	0.627	1.901	322.4
1613	0.274	0.628	1.905	322.6
1614	0.274	0.626	1.903	322.8
1615	0.271	0.629	1.899	323.0
1616	0.274	0.625	1.901	323.2
1617	0.276	0.627	1.909	323.4
1618	0.274	0.626	1.895	323.6
1619	0.272	0.626	1.901	323.8
1620	0.274	0.625	1.903	324.0
1621	0.271	0.627	1.902	324.2
1622	0.274	0.626	1.898	324.4
1623	0.274	0.627	1.897	324.6
1624	0.272	0.623	1.907	324.8
1625	0.272	0.626	1.901	325.0
1626	0.273	0.626	1.899	325.2
1627	0.275	0.626	1.901	325.4
1628	0.272	0.627	1.901	325.6
1629	0.273	0.626	1.899	325.8
1630	0.274	0.627	1.902	326.0
1631	0.272	0.625	1.904	326.2
1632	0.271	0.626	1.899	326.4
1633	0.273	0.625	1.895	326.6
1634	0.273	0.627	1.900	326.8
1635	0.271	0.625	1.906	327.0
1636	0.271	0.624	1.901	327.2
1637	0.275	0.626	1.895	327.4
1638	0.273	0.626	1.902	327.6
1639	0.272	0.625	1.904	327.8
1640	0.272	0.626	1.897	328.0
1641	0.273	0.625	1.895	328.2
1642	0.274	0.627	1.901	328.4
1643	0.272	0.624	1.901	328.6
1644	0.272	0.625	1.899	328.8
1645	0.270	0.625	1.901	329.0
1646	0.273	0.625	1.903	329.2
1647	0.271	0.623	1.898	329.4
1648	0.272	0.627	1.896	329.6
1649	0.273	0.625	1.900	329.8
1650	0.273	0.625	1.904	330.0
1651	0.271	0.624	1.895	330.2
1652	0.272	0.626	1.889	330.4
1653	0.273	0.624	1.899	330.6
1654	0.272	0.624	1.901	330.8
1655	0.272	0.627	1.896	331.0
1656	0.271	0.623	1.897	331.2
1657	0.272	0.625	1.903	331.4
1658	0.272	0.622	1.901	331.6
1659	0.276	0.626	1.895	331.8
1660	0.270	0.622	1.896	332.0
1661	0.273	0.623	1.899	332.2
1662	0.272	0.622	1.896	332.4
1663	0.273	0.624	1.887	332.6
1664	0.272	0.622	1.900	332.8
1665	0.270	0.625	1.901	333.0
1666	0.272	0.625	1.893	333.2
1667	0.273	0.623	1.897	333.4
1668	0.273	0.624	1.893	333.6
1669	0.274	0.623	1.897	333.8
1670	0.271	0.626	1.896	334.0
1671	0.271	0.623	1.889	334.2
1672	0.272	0.624	1.899	334.4
1673	0.272	0.623	1.896	334.6
1674	0.273	0.624	1.891	334.8
1675	0.271	0.624	1.900	335.0
1676	0.272	0.623	1.900	335.2
1677	0.272	0.622	1.895	335.4
1678	0.272	0.623	1.895	335.6
1679	0.273	0.622	1.898	335.8
1680	0.272	0.623	1.890	336.0
1681	0.271	0.626	1.898	336.2
1682	0.269	0.624	1.895	336.4
1683	0.272	0.623	1.901	336.6
1684	0.271	0.622	1.898	336.8
1685	0.271	0.623	1.885	337.0
1686	0.274	0.622	1.903	337.2
1687	0.272	0.624	1.893	337.4
1688	0.271	0.621	1.895	337.6
1689	0.273	0.624	1.897	337.8
1690	0.273	0.622	1.895	338.0
1691	0.271	0.624	1.895	338.2
1692	0.271	0.623	1.894	338.4
1693	0.272	0.623	1.899	338.6
1694	0.272	0.623	1.896	338.8
1695	0.273	0.623	1.885	339.0
1696	0.272	0.620	1.897	339.2
1697	0.271	0.624	1.895	339.4
1698	0.272	0.621	1.895	339.6
1699	0.271	0.623	1.892	339.8
1700	0.272	0.621	1.898	340.0
1701	0.272	0.621	1.893	340.2
1702	0.272	0.621	1.894	340.4
1703	0.270	0.623	1.897	340.6
1704	0.271	0.620	1.893	340.8
1705	0.271	0.622	1.893	341.0
1706	0.271	0.621	1.894	341.2
1707	0.273	0.622	1.891	341.4
1708	0.272	0.619	1.896	341.6
1709	0.270	0.624	1.892	341.8
1710	0.270	0.621	1.883	342.0
1711	0.272	0.621	1.892	342.2
1712	0.268	0.620	1.901	342.4
1713	0.271	0.621	1.893	342.6
1714	0.272	0.624	1.889	342.8
1715	0.270	0.622	1.895	343.0
1716	0.272	0.620	1.893	343.2
1717	0.272	0.622	1.888	343.4
1718	0.272	0.621	1.891	343.6
1719	0.270	0.623	1.893	343.8
1720	0.270	0.620	1.892	344.0
1721	0.272	0.620	1.890	344.2
1722	0.271	0.620	1.891	344.4
1723	0.269	0.620	1.896	344.6
1724	0.270	0.623	1.888	344.8
1725	0.272	0.623	1.887	345.0
1726	0.269	0.619	1.898	345.2
1727	0.270	0.619	1.888	345.4
1728	0.269	0.618	1.895	345.6
1729	0.269	0.620	1.901	345.8
1730	0.270	0.618	1.894	346.0
1731	0.269	0.620	1.887	346.2
1732	0.269	0.619	1.891	346.4
1733	0.270	0.618	1.894	346.6
1734	0.269	0.618	1.887	346.8
1735	0.270	0.619	1.889	347.0
1736	0.270	0.619	1.897	347.2
1737	0.271	0.619	1.892	347.4
1738	0.273	0.620	1.886	347.6
1739	0.269	0.621	1.896	347.8
1740	0.271	0.622	1.891	348.0
1741	0.272	0.621	1.888	348.2
1742	0.271	0.622	1.887	348.4
1743	0.271	0.619	1.897	348.6
1744	0.269	0.623	1.903	348.8
1745	0.270	0.619	1.882	349.0
1746	0.269	0.621	1.889	349.2
1747	0.268	0.617	1.890	349.4
1748	0.270	0.618	1.893	349.6
1749	0.270	0.622	1.889	349.8
1750	0.270	0.621	1.887	350.0
1751	0.269	0.621	1.896	350.2
1752	0.269	0.620	1.889	350.4
1753	0.271	0.619	1.891	350.6
1754	0.271	0.622	1.894	350.8
1755	0.271	0.619	1.895	351.0
1756	0.273	0.623	1.891	351.2
1757	0.270	0.620	1.891	351.4
1758	0.270	0.621	1.896	351.6
1759	0.270	0.619	1.893	351.8
1760	0.271	0.621	1.887	352.0
1761	0.270	0.620	1.887	352.2
1762	0.269	0.622	1.890	352.4
1763	0.269	0.620	1.893	352.6
1764	0.272	0.620	1.891	352.8
1765	0.271	0.619	1.896	353.0
1766	0.270	0.623	1.889	353.2
1767	0.273	0.621	1.887	353.4
1768	0.272	0.621	1.889	353.6
1769	0.271	0.618	1.896	353.8
1770	0.269	0.620	1.896	354.0
1771	0.271	0.617	1.889	354.2
1772	0.270	0.621	1.887	354.4
1773	0.269	0.620	1.893	354.6
1774	0.270	0.622	1.888	354.8
1775	0.271	0.621	1.889	355.0
1776	0.271	0.621	1.883	355.2
1777	0.270	0.620	1.893	355.4
1778	0.272	0.623	1.891	355.6
1779	0.270	0.619	1.889	355.8
1780	0.268	0.619	1.888	356.0
1781	0.270	0.619	1.890	356.2
1782	0.271	0.618	1.891	356.4
1783	0.269	0.622	1.889	356.6
1784	0.268	0.619	1.889	356.8
1785	0.269	0.620	1.889	357.0
1786	0.270	0.618	1.887	357.2
1787	0.269	0.621	1.891	357.4
1788	0.270	0.619	1.891	357.6
1789	0.268	0.620	1.889	357.8
1790	0.269	0.619	1.887	358.0
1791	0.270	0.622	1.887	358.2
1792	0.269	0.619	1.891	358.4
1793	0.270	0.620	1.889	358.6
1794	0.270	0.620	1.888	358.8
1795	0.268	0.619	1.889	359.0
1796	0.268	0.620	1.888	359.2
1797	0.270	0.618	1.894	359.4
1798	0.270	0.619	1.886	359.6
1799	0.267	0.619	1.889	359.8
1800	0.269	0.620	1.886	360.0
1801	0.269	0.618	1.889	360.2
1802	0.267	0.618	1.892	360.4
1803	0.268	0.620	1.885	360.6
1804	0.269	0.619	1.881	360.8
1805	0.268	0.620	1.887	361.0
1806	0.267	0.619	1.891	361.2
1807	0.268	0.622	1.887	361.4
1808	0.270	0.619	1.881	361.6
1809	0.269	0.617	1.887	361.8
1810	0.268	0.620	1.888	362.0
1811	0.268	0.618	1.886	362.2
1812	0.268	0.620	1.884	362.4
1813	0.268	0.617	1.886	362.6
1814	0.269	0.618	1.884	362.8
1815	0.268	0.619	1.888	363.0
1816	0.269	0.617	1.889	363.2
1817	0.268	0.618	1.887	363.4
1818	0.266	0.616	1.882	363.6
1819	0.269	0.619	1.885	363.8
1820	0.267	0.621	1.889	364.0
1821	0.266	0.620	1.887	364.2
1822	0.268	0.620	1.885	364.4
1823	0.270	0.618	1.887	364.6
1824	0.268	0.619	1.885	364.8
1825	0.269	0.619	1.884	365.0
1826	0.266	0.619	1.886	365.2
1827	0.267	0.619	1.890	365.4
1828	0.268	0.619	1.884	365.6
1829	0.268	0.617	1.881	365.8
1830	0.270	0.617	1.889	366.0
1831	0.267	0.619	1.889	366.2
1832	0.269	0.619	1.878	366.4
1833	0.268	0.619	1.885	366.6
1834	0.268	0.620	1.887	366.8
1835	0.268	0.620	1.888	367.0
1836	0.268	0.620	1.887	367.2
1837	0.268	0.620	1.888	367.4
1838	0.268	0.619	1.887	367.6
1839	0.268	0.619	1.886	367.8
1840	0.266	0.617	1.891	368.0
1841	0.267	0.620	1.891	368.2
1842	0.266	0.618	1.889	368.4
1843	0.268	0.618	1.883	368.6
1844	0.267	0.619	1.887	368.8
1845	0.270	0.619	1.887	369.0
1846	0.268	0.618	1.895	369.2
1847	0.267	0.618	1.891	369.4
1848	0.266	0.619	1.887	369.6
1849	0.267	0.619	1.888	369.8
1850	0.269	0.618	1.889	370.0
1851	0.268	0.620	1.889	370.2
1852	0.267	0.620	1.888	370.4
1853	0.267	0.619	1.883	370.6
1854	0.270	0.619	1.889	370.8
1855	0.267	0.617	1.882	371.0
1856	0.268	0.620	1.890	371.2
1857	0.267	0.618	1.892	371.4
1858	0.267	0.620	1.889	371.6
1859	0.267	0.621	1.882	371.8
1860	0.269	0.619	1.891	372.0
1861	0.268	0.621	1.893	372.2
1862	0.269	0.617	1.886	372.4
1863	0.269	0.620	1.883	372.6
1864	0.268	0.620	1.885	372.8
1865	0.269	0.618	1.887	373.0
1866	0.268	0.619	1.887	373.2
1867	0.268	0.622	1.887	373.4
1868	0.266	0.619	1.889	373.6
1869	0.269	0.618	1.887	373.8
1870	0.267	0.622	1.882	374.0
1871	0.266	0.618	1.889	374.2
1872	0.267	0.619	1.883	374.4
1873	0.268	0.619	1.890	374.6
1874	0.269	0.620	1.883	374.8
1875	0.268	0.619	1.886	375.0
1876	0.268	0.619	1.887	375.2
1877	0.267	0.618	1.891	375.4
1878	0.267	0.620	1.887	375.6
1879	0.266	0.621	1.887	375.8
1880	0.265	0.619	1.890	376.0
1881	0.268	0.621	1.886	376.2
1882	0.269	0.619	1.891	376.4
1883	0.269	0.619	1.888	376.6
1884	0.267	0.620	1.884	376.8
1885	0.268	0.619	1.886	377.0
1886	0.267	0.621	1.886	377.2
1887	0.265	0.619	1.891	377.4
1888	0.266	0.621	1.889	377.6
1889	0.267	0.621	1.884	377.8
1890	0.268	0.621	1.889	378.0
1891	0.267	0.619	1.893	378.2
1892	0.265	0.621	1.887	378.4
1893	0.267	0.622	1.882	378.6
1894	0.267	0.620	1.891	378.8
1895	0.267	0.621	1.888	379.0
1896	0.268	0.620	1.881	379.2
1897	0.265	0.622	1.890	379.4
1898	0.267	0.619	1.896	379.6
1899	0.267	0.622	1.889	379.8
1900	0.266	0.620	1.883	380.0
1901	0.269	0.624	1.892	380.2
1902	0.266	0.621	1.890	380.4
1903	0.267	0.622	1.885	380.6
1904	0.268	0.619	1.888	380.8
1905	0.267	0.619	1.895	381.0
1906	0.267	0.618	1.887	381.2
1907	0.266	0.622	1.883	381.4
1908	0.268	0.621	1.892	381.6
1909	0.268	0.622	1.895	381.8
1910	0.268	0.620	1.886	382.0
1911	0.268	0.622	1.890	382.2
1912	0.268	0.621	1.897	382.4
1913	0.269	0.620	1.888	382.6
1914	0.268	0.620	1.888	382.8
1915	0.267	0.621	1.883	383.0
1916	0.266	0.619	1.893	383.2
1917	0.268	0.622	1.887	383.4
1918	0.267	0.623	1.892	383.6
1919	0.267	0.619	1.884	383.8
1920	0.268	0.621	1.891	384.0
1921	0.270	0.619	1.887	384.2
1922	0.266	0.623	1.885	384.4
1923	0.267	0.621	1.895	384.6
1924	0.267	0.623	1.892	384.8
1925	0.267	0.620	1.886	385.0
1926	0.267	0.622	1.886	385.2
1927	0.266	0.620	1.888	385.4
1928	0.266	0.621	1.893	385.6
1929	0.267	0.620	1.887	385.8
1930	0.268	0.622	1.888	386.0
1931	0.266	0.619	1.890	386.2
1932	0.268	0.620	1.890	386.4
1933	0.267	0.622	1.891	386.6
1934	0.266	0.620	1.891	386.8
1935	0.266	0.620	1.891	387.0
1936	0.268	0.622	1.889	387.2
1937	0.267	0.619	1.887	387.4
1938	0.265	0.621	1.889	387.6
1939	0.266	0.622	1.889	387.8
1940	0.268	0.621	1.890	388.0
1941	0.269	0.618	1.888	388.2
1942	0.266	0.619	1.893	388.4
1943	0.268	0.621	1.890	388.6
1944	0.268	0.618	1.891	388.8
1945	0.268	0.622	1.885	389.0
1946	0.268	0.619	1.888	389.2
1947	0.268	0.618	1.891	389.4
1948	0.266	0.619	1.888	389.6
1949	0.267	0.621	1.889	389.8
1950	0.270	0.622	1.886	390.0
1951	0.267	0.623	1.892	390.2
1952	0.268	0.622	1.885	390.4
1953	0.268	0.620	1.891	390.6
1954	0.269	0.619	1.891	390.8
1955	0.268	0.620	1.888	391.0
1956	0.268	0.620	1.891	391.2
1957	0.268	0.618	1.889	391.4
1958	0.268	0.621	1.886	391.6
1959	0.269	0.620	1.891	391.8
1960	0.264	0.620	1.893	392.0
1961	0.267	0.624	1.887	392.2
1962	0.267	0.622	1.889	392.4
1963	0.269	0.621	1.892	392.6
1964	0.268	0.622	1.889	392.8
1965	0.268	0.621	1.889	393.0
1966	0.268	0.621	1.890	393.2
1967	0.267	0.624	1.890	393.4
1968	0.267	0.623	1.892	393.6
1969	0.271	0.622	1.890	393.8
1970	0.268	0.621	1.888	394.0
1971	0.266	0.623	1.891	394.2
1972	0.269	0.622	1.892	394.4
1973	0.269	0.623	1.895	394.6
1974	0.269	0.621	1.891	394.8
1975	0.267	0.623	1.893	395.0
1976	0.268	0.621	1.892	395.2
1977	0.268	0.623	1.888	395.4
1978	0.266	0.624	1.894	395.6
1979	0.265	0.623	1.892	395.8
1980	0.268	0.623	1.892	396.0
1981	0.266	0.620	1.896	396.2
1982	0.268	0.624	1.888	396.4
1983	0.268	0.623	1.896	396.6
1984	0.268	0.623	1.891	396.8
1985	0.268	0.620	1.897	397.0
1986	0.267	0.623	1.886	397.2
1987	0.270	0.623	1.885	397.4
1988	0.269	0.623	1.891	397.6
1989	0.267	0.622	1.896	397.8
1990	0.269	0.623	1.893	398.0
1991	0.268	0.623	1.885	398.2
1992	0.266	0.620	1.889	398.4
1993	0.267	0.622	1.897	398.6
1994	0.269	0.622	1.889	398.8
1995	0.269	0.623	1.891	399.0
1996	0.267	0.623	1.895	399.2
1997	0.267	0.623	1.887	399.4
1998	0.269	0.624	1.896	399.6
1999	0.268	0.621	1.891	399.8
2000	0.268	0.622	1.901	400.0
2001	0.267	0.623	1.889	400.2
2002	0.267	0.622	1.893	400.4
2003	0.268	0.620	1.890	400.6
2004	0.268	0.622	1.891	400.8
2005	0.268	0.623	1.892	401.0
2006	0.266	0.626	1.899	401.2
2007	0.267	0.623	1.889	401.4
2008	0.269	0.624	1.895	401.6
2009	0.267	0.623	1.891	401.8
2010	0.269	0.623	1.891	402.0
2011	0.268	0.620	1.894	402.2
2012	0.268	0.623	1.892	402.4
2013	0.270	0.625	1.889	402.6
2014	0.269	0.623	1.894	402.8
2015	0.267	0.623	1.897	403.0
2016	0.268	0.622	1.886	403.2
2017	0.268	0.623	1.884	403.4
2018	0.268	0.622	1.901	403.6
2019	0.385	0.907	2.476	403.8
2020	0.407	0.947	2.440	404.0
2021	0.406	0.944	2.416	404.2
2022	0.409	0.941	2.453	404.4
2023	0.409	0.939	2.428	404.6
2024	0.404	0.940	2.451	404.8
2025	0.406	0.935	2.430	405.0
2026	0.404	0.937	2.426	405.2
2027	0.405	0.932	2.425	405.4
2028	0.405	0.932	2.426	405.6
2029	0.405	0.933	2.432	405.8
2030	0.405	0.933	2.420	406.0
2031	0.404	0.930	2.427	406.2
2032	0.405	0.929	2.416	406.4
2033	0.406	0.928	2.418	406.6
2034	0.403	0.927	2.426	406.8
2035	0.406	0.927	2.417	407.0
2036	0.403	0.929	2.426	407.2
2037	0.403	0.927	2.407	407.4
2038	0.407	0.928	2.414	407.6
2039	0.403	0.926	2.426	407.8
2040	0.403	0.926	2.403	408.0
2041	0.406	0.925	2.415	408.2
2042	0.404	0.925	2.414	408.4
2043	0.403	0.922	2.413	408.6
2044	0.404	0.924	2.414	408.8
2045	0.403	0.925	2.406	409.0
2046	0.404	0.923	2.416	409.2
2047	0.398	0.922	2.411	409.4
2048	0.403	0.922	2.407	409.6
2049	0.401	0.923	2.417	409.8
2050	0.402	0.921	2.407	410.0
2051	0.404	0.921	2.413	410.2
2052	0.402	0.920	2.405	410.4
2053	0.402	0.919	2.410	410.6
2054	0.402	0.918	2.412	410.8
2055	0.402	0.921	2.405	411.0
2056	0.403	0.920	2.403	411.2
2057	0.401	0.919	2.410	411.4
2058	0.401	0.921	2.403	411.6
2059	0.402	0.919	2.400	411.8
2060	0.401	0.920	2.408	412.0
2061	0.404	0.919	2.402	412.2
2062	0.401	0.919	2.400	412.4
2063	0.400	0.919	2.398	412.6
2064	0.400	0.916	2.408	412.8
2065	0.400	0.917	2.400	413.0
2066	0.401	0.917	2.398	413.2
2067	0.401	0.918	2.405	413.4
2068	0.399	0.918	2.402	413.6
2069	0.400	0.917	2.398	413.8
2070	0.401	0.915	2.407	414.0
2071	0.400	0.914	2.397	414.2
2072	0.401	0.914	2.402	414.4
2073	0.400	0.916	2.404	414.6
2074	0.398	0.916	2.393	414.8
2075	0.397	0.915	2.401	415.0
2076	0.398	0.915	2.395	415.2
2077	0.398	0.911	2.398	415.4
2078	0.397	0.916	2.392	415.6
2079	0.398	0.916	2.393	415.8
2080	0.398	0.913	2.392	416.0
2081	0.397	0.914	2.401	416.2
2082	0.399	0.914	2.390	416.4
2083	0.398	0.914	2.398	416.6
2084	0.399	0.913	2.394	416.8
2085	0.397	0.914	2.393	417.0
2086	0.398	0.911	2.391	417.2
2087	0.399	0.910	2.392	417.4
2088	0.398	0.911	2.395	417.6
2089	0.394	0.913	2.388	417.8
2090	0.397	0.915	2.396	418.0
2091	0.397	0.914	2.390	418.2
2092	0.398	0.913	2.383	418.4
2093	0.398	0.912	2.391	418.6
2094	0.395	0.912	2.393	418.8
2095	0.397	0.912	2.385	419.0
2096	0.396	0.913	2.393	419.2
2097	0.397	0.911	2.384	419.4
2098	0.399	0.911	2.389	419.6
2099	0.397	0.910	2.381	419.8
2100	0.397	0.911	2.392	420.0
2101	0.397	0.909	2.387	420.2
2102	0.398	0.910	2.378	420.4
2103	0.399	0.911	2.393	420.6
2104	0.396	0.910	2.384	420.8
2105	0.397	0.911	2.383	421.0
2106	0.398	0.909	2.400	421.2
2107	0.398	0.909	2.379	421.4
2108	0.399	0.910	2.380	421.6
2109	0.396	0.908	2.386	421.8
2110	0.396	0.906	2.395	422.0
2111	0.396	0.910	2.385	422.2
2112	0.394	0.909	2.378	422.4
2113	0.396	0.907	2.393	422.6
2114	0.395	0.911	2.384	422.8
2115	0.396	0.913	2.370	423.0
2116	0.396	0.909	2.391	423.2
2117	0.394	0.910	2.391	423.4
2118	0.396	0.910	2.374	423.6
2119	0.395	0.908	2.388	423.8
2120	0.395	0.909	2.389	424.0
2121	0.397	0.912	2.382	424.2
2122	0.397	0.909	2.376	424.4
2123	0.397	0.907	2.388	424.6
2124	0.395	0.906	2.386	424.8
2125	0.395	0.908	2.380	425.0
2126	0.396	0.907	2.387	425.2
2127	0.395	0.910	2.385	425.4
2128	0.395	0.907	2.380	425.6
2129	0.395	0.907	2.382	425.8
2130	0.395	0.909	2.388	426.0
2131	0.396	0.906	2.386	426.2
2132	0.394	0.909	2.377	426.4
2133	0.393	0.908	2.380	426.6
2134	0.392	0.906	2.391	426.8
2135	0.394	0.907	2.379	427.0
2136	0.398	0.907	2.377	427.2
2137	0.393	0.909	2.379	427.4
2138	0.395	0.907	2.388	427.6
2139	0.396	0.907	2.378	427.8
2140	0.395	0.908	2.370	428.0
2141	0.397	0.907	2.388	428.2
2142	0.391	0.907	2.392	428.4
2143	0.393	0.909	2.365	428.6
2144	0.394	0.909	2.373	428.8
2145	0.393	0.903	2.390	429.0
2146	0.396	0.906	2.380	429.2
2147	0.395	0.907	2.367	429.4
2148	0.395	0.904	2.377	429.6
2149	0.392	0.905	2.387	429.8
2150	0.391	0.906	2.375	430.0
2151	0.395	0.906	2.373	430.2
2152	0.392	0.905	2.385	430.4
2153	0.392	0.906	2.377	430.6
2154	0.394	0.906	2.370	430.8
2155	0.392	0.906	2.373	431.0
2156	0.391	0.907	2.384	431.2
2157	0.392	0.904	2.381	431.4
2158	0.393	0.906	2.368	431.6
2159	0.394	0.904	2.377	431.8
2160	0.392	0.903	2.381	432.0
2161	0.393	0.902	2.370	432.2
2162	0.391	0.906	2.371	432.4
2163	0.392	0.903	2.384	432.6
2164	0.392	0.901	2.371	432.8
2165	0.393	0.903	2.362	433.0
2166	0.390	0.903	2.378	433.2
2167	0.391	0.901	2.381	433.4
2168	0.392	0.899	2.365	433.6
2169	0.391	0.901	2.372	433.8
2170	0.388	0.901	2.382	434.0
2171	0.391	0.900	2.374	434.2
2172	0.392	0.903	2.360	434.4
2173	0.390	0.902	2.376	434.6
2174	0.390	0.900	2.378	434.8
2175	0.390	0.902	2.365	435.0
2176	0.390	0.903	2.371	435.2
2177	0.389	0.901	2.375	435.4
2178	0.387	0.902	2.370	435.6
2179	0.391	0.901	2.370	435.8
2180	0.389	0.902	2.371	436.0
2181	0.390	0.898	2.372	436.2
2182	0.388	0.899	2.367	436.4
2183	0.388	0.899	2.364	436.6
2184	0.386	0.899	2.372	436.8
2185	0.389	0.898	2.373	437.0
2186	0.388	0.899	2.362	437.2
2187	0.389	0.898	2.367	437.4
2188	0.387	0.898	2.372	437.6
2189	0.390	0.899	2.364	437.8
2190	0.389	0.900	2.359	438.0
2191	0.389	0.900	2.373	438.2
2192	0.388	0.900	2.369	438.4
2193	0.388	0.900	2.360	438.6
2194	0.389	0.901	2.362	438.8
2195	0.390	0.901	2.377	439.0
2196	0.388	0.899	2.372	439.2
2197	0.389	0.899	2.365	439.4
2198	0.388	0.901	2.367	439.6
2199	0.388	0.899	2.367	439.8
2200	0.389	0.901	2.370	440.0
2201	0.388	0.901	2.367	440.2
2202	0.386	0.901	2.368	440.4
2203	0.389	0.901	2.371	440.6
2204	0.389	0.899	2.360	440.8
2205	0.389	0.898	2.367	441.0
2206	0.389	0.896	2.370	441.2
2207	0.388	0.898	2.363	441.4
2208	0.388	0.900	2.365	441.6
2209	0.389	0.899	2.369	441.8
2210	0.388	0.900	2.367	442.0
2211	0.389	0.896	2.359	442.2
2212	0.389	0.897	2.365	442.4
2213	0.388	0.899	2.366	442.6
2214	0.388	0.898	2.360	442.8
2215	0.389	0.896	2.363	443.0
2216	0.387	0.896	2.365	443.2
2217	0.390	0.896	2.362	443.4
2218	0.389	0.894	2.363	443.6
2219	0.386	0.897	2.366	443.8
2220	0.387	0.898	2.365	444.0
2221	0.387	0.899	2.361	444.2
2222	0.387	0.898	2.359	444.4
2223	0.387	0.898	2.360	444.6
2224	0.387	0.898	2.356	444.8
2225	0.387	0.899	2.365	445.0
2226	0.386	0.897	2.368	445.2
2227	0.388	0.895	2.357	445.4
2228	0.387	0.896	2.364	445.6
2229	0.387	0.894	2.359	445.8
2230	0.388	0.897	2.361	446.0
2231	0.388	0.897	2.360	446.2
2232	0.388	0.899	2.391	446.4
2233	0.388	0.903	2.377	446.6
2234	0.389	0.904	2.379	446.8
2235	0.386	0.904	2.374	447.0
2236	0.387	0.902	2.364	447.2
2237	0.388	0.903	2.365	447.4
2238	0.387	0.904	2.369	447.6
2239	0.386	0.903	2.378	447.8
2240	0.387	0.905	2.377	448.0
2241	0.387	0.903	2.369	448.2
2242	0.386	0.901	2.365	448.4
2243	0.387	0.901	2.370	448.6
2244	0.387	0.899	2.376	448.8
2245	0.387	0.901	2.370	449.0
2246	0.386	0.900	2.369	449.2
2247	0.388	0.901	2.372	449.4
2248	0.385	0.903	2.368	449.6
2249	0.388	0.902	2.365	449.8
2250	0.389	0.899	2.378	450.0
2251	0.386	0.898	2.376	450.2
2252	0.386	0.901	2.357	450.4
2253	0.387	0.902	2.363	450.6
2254	0.387	0.900	2.380	450.8
2255	0.386	0.902	2.372	451.0
2256	0.388	0.902	2.365	451.2
2257	0.387	0.901	2.372	451.4
2258	0.387	0.902	2.372	451.6
2259	0.388	0.901	2.365	451.8
2260	0.390	0.901	2.365	452.0
2261	0.387	0.899	2.372	452.2
2262	0.386	0.900	2.370	452.4
2263	0.384	0.901	2.361	452.6
2264	0.386	0.901	2.369	452.8
2265	0.387	0.901	2.368	453.0
2266	0.385	0.900	2.374	453.2
2267	0.386	0.901	2.360	453.4
2268	0.386	0.900	2.365	453.6
2269	0.385	0.899	2.372	453.8
2270	0.385	0.897	2.365	454.0
2271	0.387	0.901	2.359	454.2
2272	0.386	0.898	2.369	454.4
2273	0.386	0.899	2.365	454.6
2274	0.386	0.897	2.369	454.8
2275	0.386	0.898	2.365	455.0
2276	0.386	0.898	2.357	455.2
2277	0.384	0.896	2.370	455.4
2278	0.382	0.899	2.361	455.6
2279	0.387	0.901	2.360	455.8
2280	0.384	0.897	2.364	456.0
2281	0.384	0.895	2.362	456.2
2282	0.384	0.898	2.365	456.4
2283	0.384	0.898	2.352	456.6
2284	0.386	0.896	2.364	456.8
2285	0.383	0.896	2.364	457.0
2286	0.384	0.896	2.353	457.2
2287	0.384	0.897	2.361	457.4
2288	0.383	0.898	2.362	457.6
2289	0.384	0.894	2.355	457.8
2290	0.385	0.897	2.361	458.0
2291	0.385	0.894	2.358	458.2
2292	0.386	0.894	2.358	458.4
2293	0.384	0.895	2.357	458.6
2294	0.385	0.895	2.360	458.8
2295	0.383	0.896	2.363	459.0
2296	0.383	0.895	2.355	459.2
2297	0.383	0.895	2.357	459.4
2298	0.383	0.895	2.355	459.6
2299	0.383	0.896	2.357	459.8
2300	0.383	0.898	2.359	460.0
2301	0.383	0.895	2.355	460.2
2302	0.382	0.895	2.357	460.4
2303	0.383	0.896	2.361	460.6
2304	0.384	0.897	2.359	460.8
2305	0.382	0.898	2.357	461.0
2306	0.383	0.896	2.352	461.2
2307	0.379	0.897	2.355	461.4
2308	0.381	0.896	2.361	461.6
2309	0.382	0.897	2.353	461.8
2310	0.383	0.896	2.352	462.0
2311	0.382	0.896	2.356	462.2
2312	0.381	0.894	2.355	462.4
2313	0.381	0.894	2.357	462.6
2314	0.382	0.894	2.353	462.8
2315	0.381	0.894	2.356	463.0
2316	0.382	0.895	2.356	463.2
2317	0.382	0.895	2.355	463.4
2318	0.383	0.894	2.356	463.6
2319	0.382	0.895	2.354	463.8
2320	0.382	0.894	2.356	464.0
2321	0.382	0.895	2.349	464.2
2322	0.381	0.894	2.355	464.4
2323	0.382	0.891	2.358	464.6
2324	0.380	0.894	2.357	464.8
2325	0.382	0.892	2.350	465.0
2326	0.382	0.893	2.351	465.2
2327	0.379	0.891	2.353	465.4
2328	0.379	0.890	2.356	465.6
2329	0.382	0.890	2.353	465.8
2330	0.380	0.890	2.351	466.0
2331	0.381	0.891	2.353	466.2
2332	0.381	0.894	2.349	466.4
2333	0.381	0.894	2.351	466.6
2334	0.381	0.890	2.348	466.8
2335	0.380	0.891	2.351	467.0
2336	0.381	0.890	2.348	467.2
2337	0.379	0.891	2.351	467.4
2338	0.378	0.891	2.349	467.6
2339	0.380	0.889	2.348	467.8
2340	0.382	0.891	2.352	468.0
2341	0.381	0.890	2.348	468.2
2342	0.379	0.892	2.353	468.4
2343	0.378	0.891	2.345	468.6
2344	0.380	0.891	2.350	468.8
2345	0.379	0.889	2.345	469.0
2346	0.378	0.888	2.344	469.2
2347	0.380	0.888	2.352	469.4
2348	0.379	0.889	2.347	469.6
2349	0.379	0.889	2.347	469.8
2350	0.379	0.891	2.347	470.0
2351	0.379	0.889	2.351	470.2
2352	0.380	0.889	2.350	470.4
2353	0.379	0.890	2.342	470.6
2354	0.379	0.889	2.344	470.8
2355	0.379	0.890	2.350	471.0
2356	0.381	0.885	2.342	471.2
2357	0.380	0.890	2.344	471.4
2358	0.379	0.889	2.344	471.6
2359	0.378	0.889	2.342	471.8
2360	0.378	0.888	2.343	472.0
2361	0.378	0.889	2.344	472.2
2362	0.380	0.887	2.341	472.4
2363	0.381	0.887	2.344	472.6
2364	0.377	0.888	2.345	472.8
2365	0.377	0.891	2.339	473.0
2366	0.377	0.890	2.346	473.2
2367	0.379	0.888	2.345	473.4
2368	0.378	0.887	2.345	473.6
2369	0.380	0.886	2.341	473.8
2370	0.377	0.887	2.345	474.0
2371	0.378	0.890	2.345	474.2
2372	0.379	0.888	2.341	474.4
2373	0.379	0.888	2.336	474.6
2374	0.380	0.889	2.344	474.8
2375	0.379	0.887	2.343	475.0
2376	0.378	0.886	2.341	475.2
2377	0.377	0.887	2.344	475.4
2378	0.378	0.885	2.341	475.6
2379	0.378	0.889	2.337	475.8
2380	0.377	0.887	2.343	476.0
2381	0.376	0.886	2.339	476.2
2382	0.379	0.886	2.337	476.4
2383	0.380	0.887	2.339	476.6
2384	0.376	0.887	2.340	476.8
2385	0.378	0.888	2.340	477.0
2386	0.376	0.888	2.338	477.2
2387	0.377	0.889	2.341	477.4
2388	0.376	0.886	2.344	477.6
2389	0.377	0.887	2.338	477.8
2390	0.377	0.887	2.336	478.0
2391	0.378	0.885	2.344	478.2
2392	0.376	0.885	2.343	478.4
2393	0.378	0.888	2.333	478.6
2394	0.377	0.887	2.342	478.8
2395	0.376	0.887	2.340	479.0
2396	0.378	0.888	2.334	479.2
2397	0.377	0.887	2.342	479.4
2398	0.377	0.885	2.341	479.6
2399	0.377	0.885	2.334	479.8
2400	0.377	0.885	2.336	480.0
2401	0.374	0.884	2.337	480.2
2402	0.376	0.886	2.333	480.4
2403	0.376	0.884	2.335	480.6
2404	0.376	0.885	2.344	480.8
2405	0.376	0.887	2.329	481.0
2406	0.375	0.882	2.337	481.2
2407	0.375	0.886	2.332	481.4
2408	0.376	0.883	2.332	481.6
2409	0.375	0.886	2.339	481.8
2410	0.377	0.882	2.332	482.0
2411	0.377	0.882	2.336	482.2
2412	0.374	0.883	2.335	482.4
2413	0.375	0.883	2.334	482.6
2414	0.375	0.881	2.334	482.8
2415	0.375	0.883	2.333	483.0
2416	0.374	0.882	2.338	483.2
2417	0.376	0.883	2.337	483.4
2418	0.374	0.884	2.329	483.6
2419	0.375	0.882	2.338	483.8
2420	0.374	0.884	2.329	484.0
2421	0.376	0.881	2.337	484.2
2422	0.373	0.882	2.336	484.4
2423	0.375	0.882	2.323	484.6
2424	0.375	0.882	2.331	484.8
2425	0.372	0.882	2.328	485.0
2426	0.376	0.881	2.329	485.2
2427	0.374	0.883	2.325	485.4
2428	0.373	0.880	2.326	485.6
2429	0.372	0.879	2.333	485.8
2430	0.372	0.882	2.327	486.0
2431	0.374	0.878	2.321	486.2
2432	0.373	0.878	2.326	486.4
2433	0.372	0.880	2.331	486.6
2434	0.375	0.881	2.331	486.8
2435	0.370	0.883	2.320	487.0
2436	0.374	0.877	2.333	487.2
2437	0.373	0.879	2.331	487.4
2438	0.374	0.881	2.324	487.6
2439	0.374	0.879	2.325	487.8
2440	0.370	0.880	2.337	488.0
2441	0.373	0.880	2.319	488.2
2442	0.374	0.880	2.325	488.4
2443	0.371	0.883	2.329	488.6
2444	0.372	0.881	2.332	488.8
2445	0.372	0.879	2.325	489.0
2446	0.372	0.880	2.328	489.2
2447	0.370	0.879	2.338	489.4
2448	0.373	0.878	2.325	489.6
2449	0.371	0.877	2.326	489.8
2450	0.371	0.880	2.324	490.0
2451	0.373	0.880	2.331	490.2
2452	0.371	0.881	2.319	490.4
2453	0.372	0.880	2.327	490.6
2454	0.371	0.878	2.329	490.8
2455	0.370	0.879	2.323	491.0
2456	0.370	0.878	2.324	491.2
2457	0.369	0.877	2.323	491.4
2458	0.373	0.880	2.332	491.6
2459	0.371	0.880	2.321	491.8
2460	0.371	0.881	2.324	492.0
2461	0.370	0.879	2.328	492.2
2462	0.369	0.877	2.327	492.4
2463	0.371	0.879	2.320	492.6
2464	0.370	0.879	2.319	492.8
2465	0.370	0.876	2.328	493.0
2466	0.370	0.876	2.316	493.2
2467	0.368	0.878	2.322	493.4
2468	0.369	0.877	2.329	493.6
2469	0.369	0.876	2.322	493.8
2470	0.371	0.876	2.316	494.0
2471	0.370	0.877	2.327	494.2
2472	0.369	0.878	2.323	494.4
2473	0.369	0.880	2.323	494.6
2474	0.371	0.878	2.317	494.8
2475	0.370	0.877	2.323	495.0
2476	0.370	0.877	2.322	495.2
2477	0.371	0.877	2.315	495.4
2478	0.370	0.878	2.326	495.6
2479	0.368	0.875	2.320	495.8
2480	0.370	0.876	2.323	496.0
2481	0.371	0.877	2.319	496.2
2482	0.368	0.878	2.323	496.4
2483	0.370	0.877	2.323	496.6
2484	0.368	0.877	2.319	496.8
2485	0.369	0.876	2.325	497.0
2486	0.370	0.875	2.323	497.2
2487	0.369	0.876	2.325	497.4
2488	0.367	0.878	2.320	497.6
2489	0.369	0.879	2.317	497.8
2490	0.367	0.879	2.321	498.0
2491	0.368	0.877	2.321	498.2
2492	0.369	0.876	2.316	498.4
2493	0.368	0.878	2.319	498.6
2494	0.369	0.878	2.325	498.8
2495	0.368	0.878	2.319	499.0
2496	0.369	0.878	2.319	499.2
2497	0.368	0.878	2.324	499.4
2498	0.368	0.875	2.319	499.6
2499	0.369	0.877	2.320	499.8
2500	0.367	0.876	2.324	500.0
2501	0.370	0.876	2.324	500.2
2502	0.368	0.876	2.321	500.4
2503	0.367	0.878	2.317	500.6
2504	0.366	0.875	2.314	500.8
2505	0.365	0.875	2.321	501.0
2506	0.367	0.874	2.324	501.2
2507	0.367	0.877	2.309	501.4
2508	0.369	0.874	2.319	501.6
2509	0.366	0.877	2.323	501.8
2510	0.368	0.876	2.312	502.0
2511	0.366	0.875	2.316	502.2
2512	0.366	0.874	2.320	502.4
2513	0.367	0.876	2.316	502.6
2514	0.367	0.877	2.315	502.8
2515	0.367	0.876	2.312	503.0
2516	0.368	0.874	2.324	503.2
2517	0.368	0.876	2.312	503.4
2518	0.367	0.874	2.319	503.6
2519	0.357	0.854	2.100	503.8
2520	0.177	0.415	1.352	504.0
2521	0.001	0.036	0.788	504.2
2522	-0.040	-0.011	0.782	504.4
2523	-0.039	-0.009	0.777	504.6
2524	-0.041	-0.009	0.778	504.8
2525	-0.038	-0.009	0.785	505.0
2526	-0.039	-0.006	0.781	505.2
2527	-0.038	-0.009	0.776	505.4
2528	-0.040	-0.013	0.778	505.6
2529	-0.040	-0.014	0.777	505.8
2530	-0.038	-0.011	0.782	506.0
2531	-0.038	-0.010	0.778	506.2
2532	-0.040	-0.010	0.779	506.4
2533	-0.038	-0.011	0.785	506.6
2534	-0.038	-0.010	0.777	506.8
2535	-0.037	-0.011	0.771	507.0
2536	-0.036	-0.008	0.772	507.2
2537	-0.038	-0.013	0.784	507.4
2538	-0.038	-0.013	0.780	507.6
2539	-0.037	-0.013	0.774	507.8
2540	-0.035	-0.011	0.786	508.0
2541	-0.041	-0.013	0.780	508.2
2542	-0.039	-0.011	0.773	508.4
2543	-0.042	-0.009	0.777	508.6
2544	-0.040	-0.009	0.787	508.8
2545	-0.041	-0.011	0.780	509.0
2546	-0.042	-0.013	0.780	509.2
2547	-0.041	-0.014	0.781	509.4
2548	-0.042	-0.010	0.779	509.6
2549	-0.040	-0.011	0.779	509.8
2550	-0.042	-0.010	0.780	510.0
2551	-0.042	-0.011	0.779	510.2
2552	-0.044	-0.009	0.778	510.4
2553	-0.041	-0.012	0.779	510.6
2554	-0.041	-0.014	0.776	510.8
2555	-0.042	-0.013	0.777	511.0
2556	-0.042	-0.010	0.781	511.2
2557	-0.040	-0.011	0.779	511.4
2558	-0.042	-0.011	0.776	511.6
2559	-0.042	-0.011	0.779	511.8
2560	-0.042	-0.009	0.780	512.0
2561	-0.043	-0.013	0.779	512.2
2562	-0.042	-0.014	0.780	512.4
2563	-0.041	-0.012	0.777	512.6
2564	-0.043	-0.012	0.779	512.8
2565	-0.041	-0.009	0.781	513.0
2566	-0.040	-0.011	0.780	513.2
2567	-0.041	-0.013	0.776	513.4
2568	-0.040	-0.010	0.777	513.6
2569	-0.043	-0.015	0.780	513.8
2570	-0.040	-0.015	0.779	514.0
2571	-0.041	-0.014	0.783	514.2
2572	-0.040	-0.010	0.777	514.4
2573	-0.038	-0.009	0.778	514.6
2574	-0.040	-0.011	0.778	514.8
2575	-0.038	-0.011	0.778	515.0
2576	-0.041	-0.012	0.780	515.2
2577	-0.038	-0.013	0.777	515.4
2578	-0.039	-0.014	0.776	515.6
2579	-0.040	-0.014	0.778	515.8
2580	-0.038	-0.012	0.779	516.0
2581	-0.038	-0.012	0.780	516.2
2582	-0.035	-0.011	0.776	516.4
2583	-0.036	-0.009	0.779	516.6
2584	-0.035	-0.009	0.780	516.8
2585	-0.037	-0.012	0.781	517.0
2586	-0.037	-0.014	0.780	517.2
2587	-0.036	-0.015	0.778	517.4
2588	-0.035	-0.011	0.779	517.6
2589	-0.034	-0.011	0.780	517.8
2590	-0.035	-0.011	0.778	518.0
2591	-0.033	-0.009	0.778	518.2
2592	-0.034	-0.011	0.778	518.4
2593	-0.033	-0.010	0.781	518.6
2594	-0.036	-0.013	0.780	518.8
2595	-0.034	-0.014	0.781	519.0
2596	-0.034	-0.014	0.780	519.2
2597	-0.035	-0.014	0.779	519.4
2598	-0.033	-0.009	0.781	519.6
2599	-0.034	-0.009	0.781	519.8
2600	-0.035	-0.008	0.779	520.0
2601	-0.033	-0.012	0.776	520.2
2602	-0.033	-0.011	0.777	520.4
2603	-0.033	-0.013	0.778	520.6
2604	-0.032	-0.011	0.781	520.8
2605	-0.032	-0.014	0.777	521.0
2606	-0.035	-0.013	0.778	521.2
2607	-0.034	-0.010	0.777	521.4
2608	-0.033	-0.011	0.782	521.6
2609	-0.030	-0.010	0.779	521.8
2610	-0.032	-0.013	0.779	522.0
2611	-0.033	-0.009	0.778	522.2
2612	-0.033	-0.012	0.776	522.4
2613	-0.033	-0.013	0.781	522.6
2614	-0.032	-0.013	0.777	522.8
2615	-0.032	-0.013	0.781	523.0
2616	-0.034	-0.009	0.779	523.2
2617	-0.035	-0.012	0.780	523.4
2618	-0.034	-0.010	0.780	523.6
2619	-0.034	-0.015	0.776	523.8
2620	-0.034	-0.015	0.777	524.0
2621	-0.033	-0.014	0.778	524.2
2622	-0.036	-0.011	0.776	524.4
2623	-0.034	-0.009	0.779	524.6
2624	-0.034	-0.009	0.778	524.8
2625	-0.036	-0.011	0.777	525.0
2626	-0.033	-0.013	0.780	525.2
2627	-0.034	-0.010	0.780	525.4
2628	-0.036	-0.012	0.778	525.6
2629	-0.034	-0.013	0.779	525.8
2630	-0.034	-0.013	0.778	526.0
2631	-0.033	-0.011	0.779	526.2
2632	-0.034	-0.009	0.781	526.4
2633	-0.033	-0.007	0.775	526.6
2634	-0.031	-0.005	0.778	526.8
2635	-0.033	-0.009	0.778	527.0
2636	-0.034	-0.014	0.780	527.2
2637	-0.034	-0.014	0.778	527.4
2638	-0.032	-0.011	0.778	527.6
2639	-0.032	-0.011	0.779	527.8
2640	-0.033	-0.010	0.775	528.0
2641	-0.034	-0.010	0.780	528.2
2642	-0.029	-0.009	0.779	528.4
2643	-0.033	-0.009	0.780	528.6
2644	-0.032	-0.013	0.777	528.8
2645	-0.034	-0.014	0.780	529.0
2646	-0.032	-0.015	0.783	529.2
2647	-0.034	-0.013	0.778	529.4
2648	-0.033	-0.010	0.778	529.6
2649	-0.033	-0.006	0.782	529.8
2650	-0.035	-0.007	0.781	530.0
2651	-0.035	-0.009	0.780	530.2
2652	-0.036	-0.013	0.777	530.4
2653	-0.035	-0.013	0.778	530.6
2654	-0.037	-0.013	0.781	530.8
2655	-0.036	-0.014	0.779	531.0
2656	-0.036	-0.013	0.774	531.2
2657	-0.034	-0.007	0.778	531.4
2658	-0.036	-0.007	0.777	531.6
2659	-0.037	-0.007	0.778	531.8
2660	-0.035	-0.009	0.781	532.0
2661	-0.036	-0.014	0.776	532.2
2662	-0.037	-0.015	0.777	532.4
2663	-0.036	-0.011	0.781	532.6
2664	-0.036	-0.010	0.781	532.8
2665	-0.034	-0.007	0.779	533.0
2666	-0.034	-0.007	0.778	533.2
2667	-0.034	-0.009	0.784	533.4
2668	-0.034	-0.013	0.784	533.6
2669	-0.034	-0.010	0.779	533.8
2670	-0.035	-0.010	0.780	534.0
2671	-0.035	-0.013	0.780	534.2
2672	-0.033	-0.010	0.776	534.4
2673	-0.034	-0.008	0.777	534.6
2674	-0.033	-0.013	0.781	534.8
2675	-0.033	-0.009	0.776	535.0
2676	-0.036	-0.009	0.775	535.2
2677	-0.033	-0.009	0.778	535.4
2678	-0.037	-0.011	0.779	535.6
2679	-0.035	-0.011	0.778	535.8
2680	-0.034	-0.012	0.780	536.0
2681	-0.036	-0.009	0.773	536.2
2682	-0.038	-0.009	0.779	536.4
2683	-0.035	-0.009	0.779	536.6
2684	-0.036	-0.013	0.779	536.8
2685	-0.037	-0.010	0.780	537.0
2686	-0.037	-0.013	0.778	537.2
2687	-0.036	-0.013	0.782	537.4
2688	-0.037	-0.013	0.779	537.6
2689	-0.037	-0.011	0.778	537.8
2690	-0.038	-0.007	0.780	538.0
2691	-0.037	-0.004	0.781	538.2
2692	-0.037	-0.007	0.782	538.4
2693	-0.040	-0.010	0.779	538.6
2694	-0.040	-0.015	0.779	538.8
2695	-0.038	-0.016	0.779	539.0
2696	-0.038	-0.012	0.779	539.2
2697	-0.039	-0.009	0.778	539.4
2698	-0.040	-0.009	0.778	539.6
2699	-0.040	-0.007	0.777	539.8
2700	-0.038	-0.008	0.779	540.0
2701	-0.038	-0.008	0.782	540.2
2702	-0.039	-0.013	0.777	540.4
2703	-0.039	-0.011	0.778	540.6
2704	-0.041	-0.013	0.777	540.8
2705	-0.041	-0.011	0.777	541.0
2706	-0.039	-0.007	0.780	541.2
2707	-0.040	-0.007	0.779	541.4
2708	-0.042	-0.007	0.776	541.6
2709	-0.041	-0.011	0.778	541.8
2710	-0.042	-0.010	0.776	542.0
2711	-0.042	-0.013	0.780	542.2
2712	-0.042	-0.012	0.778	542.4
2713	-0.042	-0.009	0.777	542.6
2714	-0.042	-0.009	0.775	542.8
2715	-0.042	-0.009	0.780	543.0
2716	-0.041	-0.009	0.779	543.2
2717	-0.042	-0.009	0.780	543.4
2718	-0.040	-0.009	0.778	543.6
2719	-0.041	-0.011	0.776	543.8
2720	-0.038	-0.011	0.783	544.0
2721	-0.041	-0.011	0.779	544.2
2722	-0.038	-0.009	0.778	544.4
2723	-0.038	-0.009	0.782	544.6
2724	-0.037	-0.008	0.779	544.8
2725	-0.039	-0.012	0.778	545.0
2726	-0.036	-0.011	0.778	545.2
2727	-0.037	-0.012	0.778	545.4
2728	-0.036	-0.011	0.776	545.6
2729	-0.036	-0.010	0.780	545.8
2730	-0.037	-0.011	0.776	546.0
2731	-0.033	-0.009	0.780	546.2
2732	-0.034	-0.010	0.778	546.4
2733	-0.034	-0.009	0.780	546.6
2734	-0.037	-0.010	0.781	546.8
2735	-0.036	-0.011	0.778	547.0
2736	-0.037	-0.011	0.780	547.2
2737	-0.037	-0.009	0.778	547.4
2738	-0.038	-0.011	0.776	547.6
2739	-0.037	-0.013	0.779	547.8
2740	-0.039	-0.010	0.777	548.0
2741	-0.038	-0.009	0.778	548.2
2742	-0.041	-0.011	0.778	548.4
2743	-0.038	-0.014	0.777	548.6
2744	-0.042	-0.013	0.777	548.8
2745	-0.042	-0.014	0.779	549.0
2746	-0.043	-0.011	0.774	549.2
2747	-0.043	-0.011	0.779	549.4
2748	-0.043	-0.013	0.781	549.6
2749	-0.043	-0.012	0.780	549.8
2750	-0.040	-0.013	0.776	550.0
2751	-0.042	-0.013	0.772	550.2
2752	-0.044	-0.013	0.780	550.4
2753	-0.042	-0.014	0.782	550.6
2754	-0.042	-0.015	0.780	550.8
2755	-0.043	-0.013	0.775	551.0
2756	-0.040	-0.011	0.779	551.2
2757	-0.039	-0.010	0.776	551.4
2758	-0.036	-0.013	0.779	551.6
2759	-0.039	-0.013	0.777	551.8
2760	-0.038	-0.015	0.779	552.0
2761	-0.038	-0.015	0.778	552.2
2762	-0.037	-0.016	0.782	552.4
2763	-0.037	-0.013	0.780	552.6
2764	-0.036	-0.014	0.781	552.8
2765	-0.036	-0.014	0.781	553.0
2766	-0.034	-0.013	0.778	553.2
2767	-0.035	-0.015	0.781	553.4
2768	-0.036	-0.012	0.780	553.6
2769	-0.036	-0.015	0.776	553.8
2770	-0.035	-0.015	0.778	554.0
2771	-0.036	-0.012	0.779	554.2
2772	-0.035	-0.011	0.775	554.4
2773	-0.038	-0.016	0.777	554.6
2774	-0.037	-0.015	0.777	554.8
2775	-0.036	-0.014	0.776	555.0
2776	-0.036	-0.013	0.775	555.2
2777	-0.039	-0.013	0.780	555.4
2778	-0.040	-0.014	0.780	555.6
2779	-0.037	-0.012	0.776	555.8
2780	-0.038	-0.012	0.777	556.0
2781	-0.037	-0.011	0.781	556.2
2782	-0.038	-0.013	0.776	556.4
2783	-0.038	-0.014	0.778	556.6
2784	-0.040	-0.015	0.776	556.8
2785	-0.040	-0.012	0.779	557.0
2786	-0.038	-0.013	0.780	557.2
2787	-0.039	-0.011	0.778	557.4
2788	-0.038	-0.009	0.775	557.6
2789	-0.038	-0.013	0.778	557.8
2790	-0.038	-0.011	0.781	558.0
2791	-0.041	-0.013	0.781	558.2
2792	-0.040	-0.015	0.778	558.4
2793	-0.039	-0.013	0.776	558.6
2794	-0.037	-0.011	0.781	558.8
2795	-0.039	-0.011	0.775	559.0
2796	-0.039	-0.010	0.779	559.2
2797	-0.038	-0.011	0.779	559.4
2798	-0.037	-0.012	0.778	559.6
2799	-0.037	-0.013	0.778	559.8
2800	-0.039	-0.013	0.782	560.0
2801	-0.040	-0.011	0.781	560.2
2802	-0.038	-0.009	0.777	560.4
2803	-0.038	-0.012	0.778	560.6
2804	-0.039	-0.012	0.778	560.8
2805	-0.037	-0.013	0.779	561.0
2806	-0.036	-0.010	0.779	561.2
2807	-0.036	-0.011	0.780	561.4
2808	-0.037	-0.010	0.778	561.6
2809	-0.038	-0.010	0.783	561.8
2810	-0.037	-0.011	0.784	562.0
2811	-0.040	-0.011	0.780	562.2
2812	-0.037	-0.013	0.777	562.4
2813	-0.041	-0.014	0.780	562.6
2814	-0.039	-0.015	0.778	562.8
2815	-0.040	-0.015	0.778	563.0
2816	-0.041	-0.013	0.784	563.2
2817	-0.038	-0.010	0.780	563.4
2818	-0.038	-0.011	0.781	563.6
2819	-0.038	-0.011	0.778	563.8
2820	-0.039	-0.013	0.783	564.0
2821	-0.037	-0.013	0.777	564.2
2822	-0.038	-0.012	0.778	564.4
2823	-0.039	-0.011	0.779	564.6
2824	-0.038	-0.012	0.778	564.8
2825	-0.037	-0.012	0.778	565.0
2826	-0.037	-0.013	0.776	565.2
2827	-0.037	-0.013	0.778	565.4
2828	-0.037	-0.011	0.777	565.6
2829	-0.037	-0.013	0.778	565.8
2830	-0.036	-0.012	0.775	566.0
2831	-0.037	-0.012	0.776	566.2
2832	-0.037	-0.012	0.778	566.4
2833	-0.039	-0.011	0.782	566.6
2834	-0.038	-0.013	0.779	566.8
2835	-0.037	-0.013	0.776	567.0
2836	-0.037	-0.013	0.775	567.2
2837	-0.038	-0.013	0.777	567.4
2838	-0.038	-0.009	0.779	567.6
2839	-0.042	-0.007	0.780	567.8
2840	-0.042	-0.009	0.772	568.0
2841	-0.041	-0.011	0.779	568.2
2842	-0.040	-0.009	0.778	568.4
2843	-0.040	-0.010	0.779	568.6
2844	-0.039	-0.010	0.778	568.8
2845	-0.038	-0.009	0.778	569.0
2846	-0.038	-0.009	0.777	569.2
2847	-0.040	-0.011	0.777	569.4
2848	-0.040	-0.011	0.778	569.6
2849	-0.036	-0.009	0.782	569.8
2850	-0.040	-0.009	0.775	570.0
2851	-0.037	-0.010	0.774	570.2
2852	-0.036	-0.010	0.781	570.4
2853	-0.036	-0.009	0.780	570.6
2854	-0.037	-0.009	0.775	570.8
2855	-0.037	-0.009	0.776	571.0
2856	-0.038	-0.010	0.782	571.2
2857	-0.040	-0.011	0.780	571.4
2858	-0.036	-0.013	0.780	571.6
2859	-0.037	-0.010	0.777	571.8
2860	-0.039	-0.008	0.779	572.0
2861	-0.038	-0.009	0.777	572.2
2862	-0.036	-0.012	0.779	572.4
2863	-0.040	-0.013	0.778	572.6
2864	-0.039	-0.013	0.778	572.8
2865	-0.040	-0.011	0.782	573.0
2866	-0.039	-0.010	0.780	573.2
2867	-0.039	-0.011	0.781	573.4
2868	-0.036	-0.011	0.781	573.6
2869	-0.038	-0.009	0.780	573.8
2870	-0.039	-0.009	0.778	574.0
2871	-0.039	-0.012	0.778	574.2
2872	-0.040	-0.011	0.781	574.4
2873	-0.039	-0.013	0.776	574.6
2874	-0.040	-0.015	0.776	574.8
2875	-0.040	-0.013	0.777	575.0
2876	-0.039	-0.014	0.775	575.2
2877	-0.041	-0.012	0.775	575.4
2878	-0.037	-0.010	0.773	575.6
2879	-0.038	-0.009	0.780	575.8
2880	-0.038	-0.012	0.781	576.0
2881	-0.037	-0.009	0.779	576.2
2882	-0.036	-0.011	0.775	576.4
2883	-0.035	-0.012	0.779	576.6
2884	-0.034	-0.014	0.774	576.8
2885	-0.034	-0.011	0.779	577.0
2886	-0.034	-0.013	0.779	577.2
2887	-0.033	-0.010	0.774	577.4
2888	-0.034	-0.012	0.778	577.6
2889	-0.032	-0.014	0.780	577.8
2890	-0.033	-0.015	0.781	578.0
2891	-0.030	-0.013	0.777	578.2
2892	-0.034	-0.010	0.775	578.4
2893	-0.035	-0.012	0.779	578.6
2894	-0.033	-0.011	0.780	578.8
2895	-0.033	-0.011	0.778	579.0
2896	-0.038	-0.011	0.777	579.2
2897	-0.036	-0.012	0.778	579.4
2898	-0.035	-0.013	0.777	579.6
2899	-0.034	-0.010	0.781	579.8
2900	-0.035	-0.012	0.778	580.0
2901	-0.034	-0.011	0.779	580.2
2902	-0.035	-0.013	0.779	580.4
2903	-0.036	-0.012	0.776	580.6
2904	-0.032	-0.011	0.778	580.8
2905	-0.035	-0.011	0.779	581.0
2906	-0.034	-0.009	0.780	581.2
2907	-0.035	-0.011	0.777	581.4
2908	-0.034	-0.011	0.777	581.6
2909	-0.033	-0.010	0.779	581.8
2910	-0.032	-0.010	0.780	582.0
2911	-0.034	-0.013	0.779	582.2
2912	-0.032	-0.011	0.779	582.4
2913	-0.034	-0.013	0.777	582.6
2914	-0.031	-0.012	0.778	582.8
2915	-0.028	-0.012	0.776	583.0
2916	-0.033	-0.013	0.778	583.2
2917	-0.030	-0.011	0.779	583.4
2918	-0.032	-0.012	0.779	583.6
2919	-0.031	-0.010	0.778	583.8
2920	-0.030	-0.008	0.779	584.0
2921	-0.030	-0.009	0.778	584.2
2922	-0.033	-0.008	0.778	584.4
2923	-0.031	-0.010	0.779	584.6
2924	-0.030	-0.009	0.777	584.8
2925	-0.030	-0.011	0.776	585.0
2926	-0.031	-0.009	0.779	585.2
2927	-0.030	-0.009	0.780	585.4
2928	-0.031	-0.009	0.776	585.6
2929	-0.031	-0.007	0.777	585.8
2930	-0.031	-0.009	0.781	586.0
2931	-0.032	-0.009	0.779	586.2
2932	-0.030	-0.009	0.780	586.4
2933	-0.032	-0.012	0.777	586.6
2934	-0.032	-0.008	0.778	586.8
2935	-0.032	-0.009	0.777	587.0
2936	-0.032	-0.009	0.777	587.2
2937	-0.032	-0.009	0.783	587.4
2938	-0.031	-0.007	0.780	587.6
2939	-0.032	-0.009	0.779	587.8
2940	-0.032	-0.008	0.780	588.0
2941	-0.033	-0.010	0.777	588.2
2942	-0.031	-0.010	0.781	588.4
2943	-0.030	-0.010	0.778	588.6
2944	-0.030	-0.010	0.778	588.8
2945	-0.029	-0.009	0.779	589.0
2946	-0.030	-0.007	0.778	589.2
2947	-0.028	-0.010	0.777	589.4
2948	-0.030	-0.009	0.777	589.6
2949	-0.027	-0.013	0.777	589.8
2950	-0.026	-0.012	0.781	590.0
2951	-0.030	-0.011	0.783	590.2
2952	-0.028	-0.011	0.778	590.4
2953	-0.029	-0.010	0.775	590.6
2954	-0.028	-0.009	0.779	590.8
2955	-0.029	-0.007	0.779	591.0
2956	-0.030	-0.005	0.776	591.2
2957	-0.029	-0.009	0.778	591.4
2958	-0.029	-0.010	0.778	591.6
2959	-0.030	-0.010	0.780	591.8
2960	-0.030	-0.014	0.778	592.0
2961	-0.030	-0.010	0.779	592.2
2962	-0.030	-0.010	0.782	592.4
2963	-0.032	-0.007	0.775	592.6
2964	-0.031	-0.010	0.777	592.8
2965	-0.032	-0.008	0.781	593.0
2966	-0.031	-0.006	0.777	593.2
2967	-0.033	-0.009	0.774	593.4
2968	-0.032	-0.009	0.778	593.6
2969	-0.032	-0.009	0.778	593.8
2970	-0.029	-0.009	0.775	594.0
2971	-0.034	-0.010	0.782	594.2
2972	-0.033	-0.009	0.779	594.4
2973	-0.033	-0.008	0.779	594.6
2974	-0.033	-0.011	0.777	594.8
2975	-0.033	-0.013	0.776	595.0
2976	-0.032	-0.012	0.776	595.2
2977	-0.032	-0.013	0.776	595.4
2978	-0.034	-0.010	0.774	595.6
2979	-0.034	-0.011	0.781	595.8
2980	-0.034	-0.011	0.777	596.0
2981	-0.032	-0.011	0.776	596.2
2982	-0.032	-0.011	0.779	596.4
2983	-0.032	-0.013	0.780	596.6
2984	-0.032	-0.011	0.779	596.8
2985	-0.033	-0.012	0.779	597.0
2986	-0.031	-0.014	0.779	597.2
2987	-0.034	-0.015	0.774	597.4
2988	-0.034	-0.016	0.779	597.6
2989	-0.033	-0.012	0.782	597.8
2990	-0.032	-0.013	0.778	598.0
2991	-0.034	-0.013	0.777	598.2
2992	-0.033	-0.013	0.778	598.4
2993	-0.035	-0.015	0.782	598.6
2994	-0.033	-0.011	0.777	598.8
2995	-0.036	-0.015	0.778	599.0
2996	-0.033	-0.015	0.777	599.2
2997	-0.035	-0.015	0.780	599.4
2998	-0.036	-0.014	0.779	599.6
2999	-0.034	-0.014	0.782	599.8
3000	-0.035	-0.014	0.776	600.0
3001	-0.035	-0.013	0.778	600.2
3002	-0.034	-0.013	0.782	600.4
3003	-0.036	-0.013	0.780	600.6
3004	-0.036	-0.015	0.783	600.8
3005	-0.035	-0.013	0.779	601.0
3006	-0.035	-0.014	0.776	601.2
3007	-0.035	-0.015	0.777	601.4
3008	-0.036	-0.013	0.779	601.6
3009	-0.035	-0.013	0.783	601.8
3010	-0.036	-0.012	0.778	602.0
3011	-0.034	-0.010	0.782	602.2
3012	-0.037	-0.014	0.780	602.4
