0	-0.005	-0.006	0.775	0.0
1	-0.006	-0.005	0.774	0.2
2	-0.002	-0.006	0.774	0.4
3	-0.002	-0.007	0.778	0.6
4	-0.003	-0.005	0.773	0.8
5	-0.003	-0.006	0.772	1.0
6	-0.004	-0.007	0.778	1.2
7	-0.003	-0.007	0.775	1.4
8	-0.005	-0.005	0.775	1.6
9	-0.005	-0.005	0.773	1.8
10	-0.005	-0.007	0.778	2.0
11	-0.004	-0.007	0.777	2.2
12	-0.004	-0.007	0.778	2.4
13	-0.005	-0.006	0.772	2.6
14	-0.004	-0.006	0.775	2.8
15	-0.004	-0.008	0.776	3.0
16	-0.003	-0.007	0.775	3.2
17	-0.005	-0.006	0.775	3.4
18	-0.005	-0.005	0.777	3.6
19	-0.005	-0.007	0.778	3.8
20	-0.003	-0.006	0.775	4.0
21	-0.007	-0.005	0.773	4.2
22	-0.005	-0.005	0.776	4.4
23	-0.004	-0.006	0.779	4.6
24	-0.008	-0.005	0.775	4.8
25	-0.005	-0.005	0.774	5.0
26	-0.005	-0.008	0.776	5.2
27	-0.007	-0.005	0.776	5.4
28	-0.006	-0.005	0.779	5.6
29	-0.007	-0.008	0.776	5.8
30	-0.005	-0.006	0.775	6.0
31	-0.005	-0.003	0.776	6.2
32	-0.007	-0.005	0.775	6.4
33	-0.007	-0.005	0.773	6.6
34	-0.006	-0.006	0.778	6.8
35	-0.007	-0.007	0.777	7.0
36	-0.006	-0.004	0.779	7.2
37	-0.007	-0.005	0.776	7.4
38	-0.005	-0.005	0.773	7.6
39	-0.007	-0.004	0.775	7.8
40	-0.009	-0.004	0.777	8.0
41	-0.007	-0.008	0.775	8.2
42	-0.007	-0.005	0.778	8.4
43	-0.006	-0.005	0.775	8.6
44	-0.008	-0.006	0.778	8.8
45	-0.007	-0.007	0.777	9.0
46	-0.007	-0.003	0.772	9.2
47	-0.006	-0.006	0.780	9.4
48	-0.006	-0.005	0.777	9.6
49	-0.007	-0.006	0.776	9.8
50	-0.009	-0.007	0.775	10.0
51	-0.006	-0.005	0.773	10.2
52	-0.007	-0.008	0.772	10.4
53	-0.007	-0.004	0.772	10.6
54	-0.006	-0.002	0.774	10.8
55	-0.003	-0.005	0.776	11.0
56	-0.005	-0.005	0.780	11.2
57	-0.005	-0.007	0.775	11.4
58	-0.004	-0.008	0.776	11.6
59	-0.005	-0.007	0.777	11.8
60	-0.003	-0.006	0.779	12.0
61	-0.004	-0.005	0.778	12.2
62	-0.006	0.000	0.774	12.4
63	-0.005	-0.005	0.770	12.6
64	-0.006	-0.005	0.779	12.8
65	-0.007	-0.006	0.782	13.0
66	-0.008	-0.007	0.779	13.2
67	-0.007	-0.005	0.776	13.4
68	-0.007	-0.007	0.777	13.6
69	-0.007	-0.005	0.780	13.8
70	-0.006	-0.006	0.776	14.0
71	-0.007	-0.006	0.772	14.2
72	-0.005	-0.005	0.779	14.4
73	-0.010	-0.005	0.778	14.6
74	-0.009	-0.006	0.775	14.8
75	-0.010	-0.006	0.775	15.0
76	-0.007	-0.008	0.779	15.2
77	-0.008	-0.005	0.778	15.4
78	-0.007	-0.003	0.778	15.6
79	-0.007	-0.007	0.775	15.8
80	-0.006	-0.005	0.777	16.0
81	-0.007	-0.004	0.778	16.2
82	-0.005	-0.007	0.779	16.4
83	-0.006	-0.005	0.775	16.6
84	-0.005	-0.006	0.772	16.8
85	-0.008	-0.007	0.779	17.0
86	-0.005	-0.005	0.779	17.2
87	-0.006	-0.006	0.775	17.4
88	-0.005	-0.001	0.771	17.6
89	-0.007	-0.006	0.774	17.8
90	-0.005	-0.009	0.778	18.0
91	-0.007	-0.007	0.772	18.2
92	-0.009	-0.007	0.775	18.4
93	-0.007	-0.005	0.779	18.6
94	-0.007	-0.005	0.780	18.8
95	-0.007	-0.005	0.776	19.0
96	-0.007	-0.007	0.778	19.2
97	-0.007	-0.007	0.774	19.4
98	-0.008	-0.003	0.778	19.6
99	-0.008	-0.007	0.776	19.8
100	-0.006	-0.008	0.774	20.0
101	-0.009	-0.005	0.775	20.2
102	-0.009	-0.007	0.776	20.4
103	-0.007	-0.006	0.775	20.6
104	-0.008	-0.005	0.777	20.8
105	-0.007	-0.005	0.775	21.0
106	-0.005	-0.009	0.779	21.2
107	-0.006	-0.006	0.778	21.4
108	-0.005	-0.007	0.776	21.6
109	-0.005	-0.005	0.774	21.8
110	-0.005	-0.004	0.778	22.0
111	-0.003	-0.007	0.777	22.2
112	-0.004	-0.003	0.772	22.4
113	-0.001	-0.006	0.772	22.6
114	-0.003	-0.006	0.780	22.8
115	-0.004	-0.011	0.772	23.0
116	-0.002	-0.007	0.773	23.2
117	-0.002	-0.008	0.775	23.4
118	-0.002	-0.003	0.775	23.6
119	-0.004	-0.005	0.773	23.8
120	-0.005	-0.005	0.774	24.0
121	-0.004	-0.006	0.774	24.2
122	-0.005	-0.005	0.779	24.4
123	-0.008	-0.005	0.779	24.6
124	-0.006	-0.004	0.775	24.8
125	-0.006	-0.007	0.777	25.0
126	-0.003	-0.005	0.780	25.2
127	-0.007	-0.007	0.778	25.4
128	-0.006	-0.005	0.780	25.6
129	-0.005	-0.005	0.779	25.8
130	-0.003	-0.005	0.779	26.0
131	-0.003	-0.006	0.780	26.2
132	-0.004	-0.005	0.777	26.4
133	-0.004	-0.007	0.774	26.6
134	-0.005	-0.005	0.778	26.8
135	-0.005	-0.005	0.780	27.0
136	-0.003	-0.009	0.774	27.2
137	-0.002	-0.004	0.775	27.4
138	-0.002	-0.005	0.777	27.6
139	-0.005	-0.005	0.774	27.8
140	-0.002	-0.005	0.773	28.0
141	-0.001	-0.007	0.773	28.2
142	-0.003	-0.007	0.774	28.4
143	0.000	-0.005	0.778	28.6
144	-0.003	-0.005	0.776	28.8
145	-0.004	-0.006	0.774	29.0
146	-0.004	-0.005	0.779	29.2
147	-0.001	-0.005	0.780	29.4
148	-0.006	-0.005	0.777	29.6
149	-0.003	-0.009	0.774	29.8
150	-0.003	-0.009	0.780	30.0
151	-0.005	-0.007	0.780	30.2
152	-0.005	-0.005	0.781	30.4
153	-0.004	-0.005	0.772	30.6
154	-0.005	-0.005	0.778	30.8
155	-0.004	-0.006	0.781	31.0
156	-0.003	-0.008	0.775	31.2
157	-0.003	-0.006	0.777	31.4
158	-0.007	-0.006	0.774	31.6
159	-0.004	-0.007	0.781	31.8
160	-0.003	-0.005	0.780	32.0
161	-0.005	-0.009	0.776	32.2
162	-0.005	-0.004	0.777	32.4
163	-0.003	-0.005	0.775	32.6
164	-0.005	-0.005	0.779	32.8
165	-0.005	-0.006	0.775	33.0
166	-0.003	-0.007	0.777	33.2
167	-0.005	-0.008	0.776	33.4
168	-0.005	-0.007	0.780	33.6
169	-0.005	-0.003	0.777	33.8
170	-0.004	-0.004	0.778	34.0
171	-0.005	-0.004	0.779	34.2
172	-0.005	-0.007	0.778	34.4
173	-0.004	-0.005	0.780	34.6
174	-0.005	-0.009	0.777	34.8
175	-0.004	-0.007	0.782	35.0
176	-0.004	-0.007	0.777	35.2
177	-0.006	-0.005	0.775	35.4
178	-0.004	-0.004	0.774	35.6
179	-0.005	-0.005	0.779	35.8
180	-0.004	-0.005	0.778	36.0
181	-0.005	-0.007	0.777	36.2
182	-0.005	-0.006	0.775	36.4
183	-0.007	-0.007	0.776	36.6
184	-0.005	-0.005	0.777	36.8
185	-0.005	-0.006	0.777	37.0
186	-0.005	-0.006	0.775	37.2
187	-0.004	-0.005	0.775	37.4
188	-0.003	-0.005	0.778	37.6
189	-0.002	-0.002	0.781	37.8
190	-0.006	-0.002	0.775	38.0
191	-0.004	-0.004	0.772	38.2
192	-0.005	-0.006	0.773	38.4
193	-0.007	-0.005	0.776	38.6
194	-0.005	-0.004	0.776	38.8
195	-0.003	-0.005	0.774	39.0
196	-0.004	-0.006	0.775	39.2
197	-0.003	-0.003	0.782	39.4
198	-0.006	-0.005	0.777	39.6
199	-0.007	-0.003	0.775	39.8
200	-0.005	-0.006	0.777	40.0
201	-0.009	-0.006	0.779	40.2
202	-0.007	-0.005	0.777	40.4
203	-0.007	-0.007	0.772	40.6
204	-0.007	-0.003	0.777	40.8
205	-0.008	-0.003	0.778	41.0
206	-0.008	-0.007	0.777	41.2
207	-0.008	-0.007	0.774	41.4
208	-0.007	-0.007	0.778	41.6
209	-0.006	-0.007	0.776	41.8
210	-0.006	-0.008	0.775	42.0
211	-0.005	-0.005	0.777	42.2
212	-0.005	-0.005	0.776	42.4
213	-0.006	-0.005	0.778	42.6
214	-0.005	-0.005	0.774	42.8
215	-0.004	-0.006	0.776	43.0
216	-0.005	-0.007	0.779	43.2
217	-0.004	-0.006	0.776	43.4
218	-0.006	-0.007	0.776	43.6
219	-0.004	-0.007	0.774	43.8
220	-0.005	-0.004	0.775	44.0
221	-0.003	-0.007	0.779	44.2
222	-0.004	-0.005	0.780	44.4
223	-0.004	-0.005	0.777	44.6
224	-0.005	-0.007	0.779	44.8
225	-0.008	-0.004	0.778	45.0
226	-0.006	-0.007	0.777	45.2
227	-0.006	-0.006	0.775	45.4
228	-0.006	-0.005	0.777	45.6
229	-0.006	-0.006	0.780	45.8
230	-0.007	-0.007	0.776	46.0
231	-0.007	-0.007	0.773	46.2
232	-0.007	-0.004	0.776	46.4
233	-0.009	-0.005	0.778	46.6
234	-0.008	-0.004	0.780	46.8
235	-0.009	-0.003	0.777	47.0
236	-0.010	0.000	0.775	47.2
237	-0.010	-0.001	0.780	47.4
238	-0.010	0.001	0.780	47.6
239	-0.006	0.000	0.776	47.8
240	-0.007	-0.003	0.778	48.0
241	-0.007	-0.004	0.775	48.2
242	-0.007	-0.009	0.777	48.4
243	-0.009	-0.006	0.773	48.6
244	-0.007	0.000	0.773	48.8
245	-0.004	-0.002	0.779	49.0
246	-0.006	-0.002	0.779	49.2
247	-0.004	-0.008	0.776	49.4
248	-0.007	-0.008	0.777	49.6
249	-0.005	-0.009	0.776	49.8
250	-0.006	-0.012	0.778	50.0
251	-0.005	-0.008	0.773	50.2
252	-0.002	-0.007	0.774	50.4
253	-0.003	-0.003	0.774	50.6
254	-0.005	-0.002	0.779	50.8
255	-0.003	-0.007	0.775	51.0
256	-0.005	-0.013	0.779	51.2
257	-0.008	-0.012	0.777	51.4
258	-0.007	-0.011	0.779	51.6
259	-0.007	-0.010	0.777	51.8
260	-0.005	-0.009	0.773	52.0
261	-0.005	-0.008	0.775	52.2
262	-0.006	-0.004	0.778	52.4
263	-0.008	-0.007	0.778	52.6
264	-0.008	-0.010	0.775	52.8
265	-0.005	-0.010	0.777	53.0
266	-0.007	-0.007	0.779	53.2
267	-0.006	-0.005	0.775	53.4
268	-0.009	-0.004	0.775	53.6
269	-0.008	-0.005	0.776	53.8
270	-0.007	-0.004	0.782	54.0
271	-0.007	-0.010	0.776	54.2
272	-0.008	-0.012	0.776	54.4
273	-0.008	-0.011	0.778	54.6
274	-0.009	-0.011	0.778	54.8
275	-0.010	-0.009	0.777	55.0
276	-0.006	-0.008	0.777	55.2
277	-0.008	-0.007	0.780	55.4
278	-0.007	-0.007	0.778	55.6
279	-0.007	-0.009	0.777	55.8
280	-0.009	-0.009	0.775	56.0
281	-0.006	-0.008	0.779	56.2
282	-0.007	-0.007	0.783	56.4
283	-0.007	-0.006	0.780	56.6
284	-0.005	-0.007	0.775	56.8
285	-0.007	-0.005	0.776	57.0
286	-0.007	-0.003	0.778	57.2
287	-0.007	-0.005	0.778	57.4
288	-0.005	-0.003	0.778	57.6
289	-0.007	-0.007	0.776	57.8
290	-0.008	-0.007	0.779	58.0
291	-0.007	-0.010	0.777	58.2
292	-0.008	-0.006	0.779	58.4
293	-0.009	-0.003	0.774	58.6
294	-0.008	-0.006	0.780	58.8
295	-0.009	-0.009	0.781	59.0
296	-0.007	-0.007	0.774	59.2
297	-0.008	-0.009	0.775	59.4
298	-0.006	-0.010	0.780	59.6
299	-0.009	-0.006	0.778	59.8
300	-0.010	-0.009	0.775	60.0
301	-0.009	-0.006	0.775	60.2
302	-0.008	-0.002	0.779	60.4
303	-0.007	-0.005	0.779	60.6
304	-0.007	-0.007	0.776	60.8
305	-0.005	-0.005	0.771	61.0
306	-0.006	-0.007	0.776	61.2
307	-0.007	-0.007	0.778	61.4
308	-0.005	-0.005	0.780	61.6
309	-0.007	-0.004	0.778	61.8
310	-0.007	-0.004	0.776	62.0
311	-0.007	-0.005	0.778	62.2
312	-0.006	-0.004	0.774	62.4
313	-0.005	-0.002	0.774	62.6
314	-0.006	-0.002	0.777	62.8
315	-0.005	-0.005	0.775	63.0
316	-0.005	-0.006	0.775	63.2
317	-0.005	-0.004	0.775	63.4
318	-0.006	-0.003	0.776	63.6
319	-0.009	-0.004	0.777	63.8
320	-0.008	-0.004	0.776	64.0
321	-0.006	-0.004	0.774	64.2
322	-0.004	-0.003	0.776	64.4
323	-0.006	-0.002	0.776	64.6
324	-0.004	-0.006	0.779	64.8
325	-0.007	-0.003	0.776	65.0
326	-0.007	-0.002	0.774	65.2
327	-0.006	-0.004	0.782	65.4
328	-0.005	-0.003	0.778	65.6
329	-0.007	-0.002	0.775	65.8
330	-0.006	-0.005	0.778	66.0
331	-0.009	-0.005	0.780	66.2
332	-0.007	-0.001	0.780	66.4
333	-0.007	-0.004	0.776	66.6
334	-0.009	-0.005	0.774	66.8
335	-0.009	-0.002	0.776	67.0
336	-0.009	-0.005	0.778	67.2
337	-0.009	-0.005	0.775	67.4
338	-0.008	-0.004	0.772	67.6
339	-0.007	-0.003	0.778	67.8
340	-0.007	-0.003	0.778	68.0
341	-0.005	-0.004	0.776	68.2
342	-0.006	0.001	0.772	68.4
343	-0.005	0.000	0.779	68.6
344	-0.005	-0.001	0.780	68.8
345	-0.005	-0.002	0.779	69.0
346	-0.006	-0.001	0.778	69.2
347	-0.004	0.001	0.773	69.4
348	-0.004	0.001	0.781	69.6
349	-0.007	-0.001	0.774	69.8
350	-0.005	-0.003	0.776	70.0
351	-0.006	-0.002	0.778	70.2
352	-0.005	-0.003	0.779	70.4
353	-0.003	0.000	0.777	70.6
354	-0.002	-0.003	0.773	70.8
355	-0.003	-0.003	0.775	71.0
356	-0.003	-0.002	0.782	71.2
357	-0.002	-0.003	0.774	71.4
358	-0.004	-0.004	0.776	71.6
359	-0.004	0.000	0.775	71.8
360	-0.005	0.000	0.778	72.0
361	-0.005	-0.002	0.778	72.2
362	-0.007	-0.001	0.779	72.4
363	-0.004	-0.004	0.778	72.6
364	-0.005	-0.005	0.779	72.8
365	-0.004	-0.005	0.775	73.0
366	-0.006	-0.004	0.774	73.2
367	-0.005	-0.005	0.776	73.4
368	-0.004	-0.006	0.778	73.6
369	-0.007	-0.003	0.779	73.8
370	-0.004	-0.004	0.774	74.0
371	-0.005	-0.005	0.776	74.2
372	-0.007	-0.004	0.779	74.4
373	-0.005	-0.003	0.775	74.6
374	-0.006	-0.005	0.772	74.8
375	-0.007	-0.007	0.776	75.0
376	-0.007	-0.005	0.776	75.2
377	-0.006	-0.007	0.778	75.4
378	-0.009	-0.005	0.772	75.6
379	-0.008	-0.005	0.775	75.8
380	-0.010	-0.005	0.783	76.0
381	-0.009	-0.007	0.777	76.2
382	-0.006	-0.005	0.776	76.4
383	-0.009	-0.002	0.776	76.6
384	-0.009	-0.005	0.774	76.8
385	-0.009	-0.004	0.777	77.0
386	-0.008	-0.005	0.774	77.2
387	-0.009	-0.006	0.774	77.4
388	-0.007	-0.004	0.781	77.6
389	-0.007	-0.005	0.775	77.8
390	-0.006	-0.005	0.775	78.0
391	-0.007	-0.007	0.774	78.2
392	-0.006	-0.008	0.777	78.4
393	-0.007	-0.004	0.779	78.6
394	-0.003	-0.005	0.773	78.8
395	-0.005	-0.007	0.769	79.0
396	-0.006	-0.004	0.778	79.2
397	-0.004	-0.005	0.777	79.4
398	-0.005	-0.005	0.778	79.6
399	-0.005	-0.003	0.779	79.8
400	-0.005	-0.006	0.777	80.0
401	-0.005	-0.007	0.779	80.2
402	-0.005	-0.006	0.773	80.4
403	-0.007	-0.006	0.775	80.6
404	-0.004	-0.007	0.777	80.8
405	-0.006	-0.005	0.775	81.0
406	-0.005	-0.004	0.775	81.2
407	-0.005	-0.005	0.771	81.4
408	-0.006	-0.005	0.779	81.6
409	-0.005	-0.007	0.776	81.8
410	-0.003	-0.008	0.775	82.0
411	-0.005	-0.009	0.778	82.2
412	-0.004	-0.007	0.777	82.4
413	-0.002	-0.006	0.779	82.6
414	-0.003	-0.004	0.778	82.8
415	-0.001	-0.005	0.776	83.0
416	-0.001	-0.005	0.775	83.2
417	-0.006	-0.007	0.777	83.4
418	-0.003	-0.007	0.776	83.6
419	-0.003	-0.006	0.772	83.8
420	-0.004	-0.005	0.776	84.0
421	-0.001	-0.006	0.777	84.2
422	-0.003	-0.005	0.772	84.4
423	-0.002	-0.002	0.774	84.6
424	-0.004	-0.005	0.777	84.8
425	-0.003	-0.008	0.779	85.0
426	-0.005	-0.006	0.773	85.2
427	-0.004	-0.006	0.776	85.4
428	-0.004	-0.006	0.777	85.6
429	-0.002	-0.005	0.781	85.8
430	-0.006	-0.004	0.778	86.0
431	-0.005	-0.004	0.777	86.2
432	-0.004	-0.005	0.779	86.4
433	-0.004	-0.005	0.780	86.6
434	-0.006	-0.005	0.776	86.8
435	-0.003	-0.004	0.772	87.0
436	-0.006	-0.005	0.772	87.2
437	-0.005	-0.004	0.780	87.4
438	-0.007	-0.005	0.778	87.6
439	-0.005	-0.002	0.774	87.8
440	-0.004	-0.003	0.778	88.0
441	-0.005	-0.005	0.779	88.2
442	-0.004	-0.007	0.778	88.4
443	-0.007	-0.006	0.773	88.6
444	-0.007	-0.002	0.779	88.8
445	-0.003	-0.004	0.780	89.0
446	-0.002	-0.004	0.777	89.2
447	-0.003	-0.004	0.772	89.4
448	-0.003	-0.005	0.779	89.6
449	-0.005	-0.004	0.780	89.8
450	-0.004	-0.006	0.779	90.0
451	-0.004	-0.006	0.778	90.2
452	-0.005	-0.007	0.778	90.4
453	-0.004	-0.004	0.780	90.6
454	-0.004	-0.003	0.778	90.8
455	-0.005	-0.005	0.774	91.0
456	-0.002	-0.004	0.781	91.2
457	-0.003	-0.005	0.782	91.4
458	-0.004	-0.003	0.779	91.6
459	-0.004	-0.006	0.775	91.8
460	-0.005	-0.005	0.772	92.0
461	-0.003	-0.005	0.779	92.2
462	-0.003	-0.003	0.779	92.4
463	-0.005	-0.004	0.775	92.6
464	-0.004	-0.006	0.776	92.8
465	-0.002	-0.007	0.778	93.0
466	-0.003	-0.007	0.777	93.2
467	-0.003	-0.003	0.775	93.4
468	-0.005	-0.005	0.774	93.6
469	-0.005	-0.004	0.779	93.8
470	-0.005	-0.007	0.780	94.0
471	-0.003	-0.005	0.778	94.2
472	-0.003	-0.007	0.776	94.4
473	-0.002	-0.008	0.777	94.6
474	-0.002	-0.007	0.777	94.8
475	-0.002	-0.008	0.771	95.0
476	-0.004	-0.006	0.773	95.2
477	-0.001	-0.006	0.773	95.4
478	-0.003	-0.004	0.777	95.6
479	-0.002	-0.004	0.777	95.8
480	-0.003	-0.007	0.775	96.0
481	-0.004	-0.005	0.777	96.2
482	-0.002	-0.008	0.779	96.4
483	-0.003	-0.008	0.775	96.6
484	-0.003	-0.007	0.775	96.8
485	-0.003	-0.007	0.779	97.0
486	-0.003	-0.006	0.776	97.2
487	-0.003	-0.005	0.774	97.4
488	-0.003	-0.009	0.776	97.6
489	-0.004	-0.008	0.782	97.8
490	-0.004	-0.006	0.781	98.0
491	-0.003	-0.008	0.774	98.2
492	-0.005	-0.004	0.779	98.4
493	-0.004	-0.007	0.780	98.6
494	-0.007	-0.003	0.779	98.8
495	-0.005	-0.005	0.775	99.0
496	-0.004	-0.007	0.775	99.2
497	-0.005	-0.009	0.783	99.4
498	-0.007	-0.006	0.780	99.6
499	-0.005	-0.006	0.776	99.8
500	-0.007	-0.009	0.774	100.0
501	-0.005	-0.005	0.782	100.2
502	-0.005	-0.005	0.780	100.4
503	-0.003	-0.002	0.775	100.6
504	-0.005	-0.007	0.774	100.8
505	-0.005	-0.007	0.776	101.0
506	-0.003	-0.005	0.778	101.2
507	-0.007	-0.005	0.775	101.4
508	-0.005	-0.008	0.773	101.6
509	-0.003	-0.007	0.775	101.8
510	-0.004	-0.006	0.778	102.0
511	-0.005	-0.007	0.777	102.2
512	-0.004	-0.006	0.773	102.4
513	-0.004	-0.006	0.780	102.6
514	-0.002	-0.007	0.780	102.8
515	-0.003	-0.007	0.775	103.0
516	-0.001	-0.004	0.772	103.2
517	-0.021	-0.011	0.972	103.4
518	-0.210	-0.099	1.142	103.6
519	-0.205	-0.096	1.127	103.8
520	-0.199	-0.092	1.115	104.0
521	-0.196	-0.091	1.101	104.2
522	-0.197	-0.087	1.099	104.4
523	-0.193	-0.086	1.099	104.6
524	-0.192	-0.086	1.099	104.8
525	-0.190	-0.087	1.089	105.0
526	-0.190	-0.082	1.088	105.2
527	-0.187	-0.082	1.095	105.4
528	-0.187	-0.083	1.096	105.6
529	-0.186	-0.082	1.081	105.8
530	-0.189	-0.082	1.084	106.0
531	-0.187	-0.082	1.090	106.2
532	-0.186	-0.082	1.093	106.4
533	-0.184	-0.076	1.088	106.6
534	-0.184	-0.077	1.078	106.8
535	-0.182	-0.077	1.086	107.0
536	-0.184	-0.082	1.087	107.2
537	-0.180	-0.080	1.076	107.4
538	-0.182	-0.079	1.074	107.6
539	-0.180	-0.078	1.077	107.8
540	-0.181	-0.074	1.082	108.0
541	-0.178	-0.075	1.071	108.2
542	-0.179	-0.078	1.079	108.4
543	-0.178	-0.076	1.078	108.6
544	-0.176	-0.076	1.071	108.8
545	-0.176	-0.077	1.073	109.0
546	-0.178	-0.075	1.073	109.2
547	-0.174	-0.074	1.074	109.4
548	-0.175	-0.073	1.073	109.6
549	-0.176	-0.073	1.065	109.8
550	-0.174	-0.073	1.069	110.0
551	-0.177	-0.073	1.074	110.2
552	-0.173	-0.076	1.077	110.4
553	-0.173	-0.075	1.062	110.6
554	-0.173	-0.073	1.060	110.8
555	-0.172	-0.075	1.074	111.0
556	-0.173	-0.075	1.072	111.2
557	-0.171	-0.072	1.058	111.4
558	-0.173	-0.073	1.069	111.6
559	-0.172	-0.075	1.073	111.8
560	-0.172	-0.073	1.066	112.0
561	-0.171	-0.075	1.062	112.2
562	-0.172	-0.075	1.061	112.4
563	-0.170	-0.075	1.068	112.6
564	-0.172	-0.075	1.067	112.8
565	-0.171	-0.075	1.056	113.0
566	-0.169	-0.074	1.059	113.2
567	-0.171	-0.073	1.077	113.4
568	-0.173	-0.074	1.062	113.6
569	-0.171	-0.072	1.054	113.8
570	-0.173	-0.073	1.058	114.0
571	-0.170	-0.076	1.075	114.2
572	-0.171	-0.074	1.062	114.4
573	-0.171	-0.072	1.056	114.6
574	-0.171	-0.071	1.059	114.8
575	-0.171	-0.072	1.066	115.0
576	-0.172	-0.074	1.064	115.2
577	-0.171	-0.073	1.053	115.4
578	-0.171	-0.074	1.053	115.6
579	-0.172	-0.073	1.069	115.8
580	-0.173	-0.072	1.060	116.0
581	-0.172	-0.072	1.045	116.2
582	-0.171	-0.073	1.064	116.4
583	-0.172	-0.070	1.070	116.6
584	-0.169	-0.072	1.058	116.8
585	-0.170	-0.070	1.046	117.0
586	-0.172	-0.073	1.062	117.2
587	-0.171	-0.072	1.063	117.4
588	-0.174	-0.071	1.055	117.6
589	-0.171	-0.071	1.049	117.8
590	-0.171	-0.072	1.067	118.0
591	-0.170	-0.071	1.058	118.2
592	-0.170	-0.071	1.054	118.4
593	-0.172	-0.070	1.050	118.6
594	-0.170	-0.070	1.058	118.8
595	-0.169	-0.071	1.058	119.0
596	-0.170	-0.071	1.061	119.2
597	-0.168	-0.068	1.048	119.4
598	-0.168	-0.069	1.057	119.6
599	-0.169	-0.070	1.061	119.8
600	-0.171	-0.070	1.054	120.0
601	-0.168	-0.070	1.045	120.2
602	-0.168	-0.068	1.067	120.4
603	-0.169	-0.069	1.064	120.6
604	-0.169	-0.068	1.046	120.8
605	-0.171	-0.068	1.046	121.0
606	-0.169	-0.071	1.062	121.2
607	-0.168	-0.071	1.058	121.4
608	-0.168	-0.068	1.046	121.6
609	-0.170	-0.067	1.053	121.8
610	-0.168	-0.069	1.062	122.0
611	-0.168	-0.070	1.061	122.2
612	-0.169	-0.070	1.047	122.4
613	-0.167	-0.069	1.043	122.6
614	-0.169	-0.072	1.064	122.8
615	-0.167	-0.070	1.062	123.0
616	-0.167	-0.067	1.042	123.2
617	-0.168	-0.064	1.047	123.4
618	-0.167	-0.064	1.056	123.6
619	-0.165	-0.066	1.054	123.8
620	-0.168	-0.065	1.052	124.0
621	-0.167	-0.068	1.046	124.2
622	-0.166	-0.066	1.055	124.4
623	-0.165	-0.064	1.058	124.6
624	-0.166	-0.065	1.042	124.8
625	-0.168	-0.067	1.041	125.0
626	-0.165	-0.065	1.054	125.2
627	-0.165	-0.068	1.060	125.4
628	-0.164	-0.068	1.042	125.6
629	-0.167	-0.066	1.044	125.8
630	-0.164	-0.067	1.052	126.0
631	-0.164	-0.068	1.052	126.2
632	-0.164	-0.067	1.042	126.4
633	-0.164	-0.067	1.044	126.6
634	-0.164	-0.066	1.053	126.8
635	-0.165	-0.066	1.058	127.0
636	-0.164	-0.068	1.040	127.2
637	-0.164	-0.070	1.034	127.4
638	-0.164	-0.068	1.048	127.6
639	-0.162	-0.070	1.046	127.8
640	-0.164	-0.068	1.036	128.0
641	-0.161	-0.066	1.043	128.2
642	-0.164	-0.068	1.046	128.4
643	-0.161	-0.070	1.051	128.6
644	-0.163	-0.068	1.042	128.8
645	-0.163	-0.067	1.048	129.0
646	-0.165	-0.069	1.049	129.2
647	-0.165	-0.069	1.049	129.4
648	-0.164	-0.069	1.043	129.6
649	-0.162	-0.064	1.050	129.8
650	-0.166	-0.066	1.056	130.0
651	-0.164	-0.066	1.050	130.2
652	-0.164	-0.068	1.041	130.4
653	-0.165	-0.067	1.043	130.6
654	-0.167	-0.065	1.057	130.8
655	-0.166	-0.068	1.044	131.0
656	-0.167	-0.068	1.041	131.2
657	-0.165	-0.065	1.050	131.4
658	-0.166	-0.066	1.055	131.6
659	-0.167	-0.063	1.050	131.8
660	-0.167	-0.066	1.043	132.0
661	-0.167	-0.067	1.044	132.2
662	-0.168	-0.066	1.054	132.4
663	-0.167	-0.066	1.050	132.6
664	-0.166	-0.064	1.044	132.8
665	-0.167	-0.063	1.042	133.0
666	-0.166	-0.064	1.056	133.2
667	-0.167	-0.067	1.049	133.4
668	-0.167	-0.065	1.038	133.6
669	-0.166	-0.066	1.046	133.8
670	-0.168	-0.065	1.057	134.0
671	-0.167	-0.069	1.046	134.2
672	-0.168	-0.067	1.045	134.4
673	-0.168	-0.066	1.055	134.6
674	-0.168	-0.066	1.057	134.8
675	-0.167	-0.065	1.053	135.0
676	-0.168	-0.064	1.048	135.2
677	-0.168	-0.068	1.052	135.4
678	-0.166	-0.068	1.065	135.6
679	-0.170	-0.068	1.054	135.8
680	-0.168	-0.068	1.049	136.0
681	-0.167	-0.068	1.053	136.2
682	-0.168	-0.066	1.053	136.4
683	-0.170	-0.067	1.046	136.6
684	-0.166	-0.067	1.048	136.8
685	-0.168	-0.066	1.052	137.0
686	-0.169	-0.068	1.058	137.2
687	-0.168	-0.066	1.053	137.4
688	-0.167	-0.065	1.047	137.6
689	-0.169	-0.068	1.055	137.8
690	-0.168	-0.067	1.053	138.0
691	-0.168	-0.068	1.050	138.2
692	-0.167	-0.065	1.045	138.4
693	-0.167	-0.066	1.054	138.6
694	-0.166	-0.067	1.057	138.8
695	-0.167	-0.066	1.052	139.0
696	-0.167	-0.066	1.039	139.2
697	-0.168	-0.067	1.052	139.4
698	-0.168	-0.068	1.057	139.6
699	-0.168	-0.071	1.052	139.8
700	-0.167	-0.070	1.050	140.0
701	-0.167	-0.067	1.056	140.2
702	-0.167	-0.067	1.063	140.4
703	-0.169	-0.067	1.048	140.6
704	-0.168	-0.066	1.040	140.8
705	-0.170	-0.067	1.056	141.0
706	-0.169	-0.067	1.058	141.2
707	-0.169	-0.068	1.049	141.4
708	-0.169	-0.067	1.053	141.6
709	-0.169	-0.068	1.055	141.8
710	-0.168	-0.067	1.055	142.0
711	-0.169	-0.067	1.046	142.2
712	-0.169	-0.071	1.051	142.4
713	-0.168	-0.068	1.060	142.6
714	-0.169	-0.067	1.053	142.8
715	-0.171	-0.069	1.049	143.0
716	-0.167	-0.070	1.050	143.2
717	-0.166	-0.070	1.053	143.4
718	-0.168	-0.070	1.058	143.6
719	-0.168	-0.068	1.051	143.8
720	-0.166	-0.070	1.046	144.0
721	-0.166	-0.066	1.046	144.2
722	-0.166	-0.067	1.060	144.4
723	-0.166	-0.068	1.050	144.6
724	-0.166	-0.068	1.049	144.8
725	-0.167	-0.070	1.050	145.0
726	-0.163	-0.071	1.060	145.2
727	-0.163	-0.070	1.049	145.4
728	-0.164	-0.071	1.040	145.6
729	-0.161	-0.068	1.058	145.8
730	-0.165	-0.071	1.062	146.0
731	-0.164	-0.070	1.044	146.2
732	-0.160	-0.068	1.039	146.4
733	-0.163	-0.067	1.060	146.6
734	-0.163	-0.066	1.067	146.8
735	-0.164	-0.068	1.044	147.0
736	-0.165	-0.066	1.046	147.2
737	-0.163	-0.067	1.064	147.4
738	-0.162	-0.069	1.054	147.6
739	-0.161	-0.068	1.040	147.8
740	-0.162	-0.067	1.052	148.0
741	-0.164	-0.069	1.065	148.2
742	-0.165	-0.069	1.053	148.4
743	-0.165	-0.068	1.034	148.6
744	-0.163	-0.066	1.054	148.8
745	-0.165	-0.064	1.058	149.0
746	-0.165	-0.066	1.055	149.2
747	-0.161	-0.070	1.049	149.4
748	-0.165	-0.069	1.045	149.6
749	-0.165	-0.065	1.056	149.8
750	-0.164	-0.068	1.058	150.0
751	-0.161	-0.067	1.046	150.2
752	-0.165	-0.068	1.046	150.4
753	-0.162	-0.064	1.058	150.6
754	-0.164	-0.065	1.058	150.8
755	-0.166	-0.063	1.046	151.0
756	-0.161	-0.066	1.051	151.2
757	-0.164	-0.068	1.056	151.4
758	-0.162	-0.067	1.051	151.6
759	-0.162	-0.065	1.053	151.8
760	-0.163	-0.065	1.049	152.0
761	-0.162	-0.068	1.064	152.2
762	-0.164	-0.068	1.054	152.4
763	-0.163	-0.064	1.043	152.6
764	-0.165	-0.066	1.047	152.8
765	-0.164	-0.066	1.065	153.0
766	-0.163	-0.067	1.053	153.2
767	-0.164	-0.064	1.046	153.4
768	-0.163	-0.066	1.049	153.6
769	-0.161	-0.065	1.059	153.8
770	-0.162	-0.066	1.054	154.0
771	-0.164	-0.066	1.044	154.2
772	-0.162	-0.067	1.052	154.4
773	-0.162	-0.066	1.057	154.6
774	-0.163	-0.064	1.049	154.8
775	-0.163	-0.066	1.049	155.0
776	-0.163	-0.064	1.045	155.2
777	-0.161	-0.067	1.056	155.4
778	-0.160	-0.065	1.052	155.6
779	-0.163	-0.066	1.046	155.8
780	-0.164	-0.067	1.044	156.0
781	-0.162	-0.066	1.053	156.2
782	-0.162	-0.068	1.050	156.4
783	-0.162	-0.063	1.045	156.6
784	-0.165	-0.065	1.049	156.8
785	-0.162	-0.067	1.058	157.0
786	-0.161	-0.067	1.048	157.2
787	-0.161	-0.066	1.043	157.4
788	-0.162	-0.065	1.046	157.6
789	-0.162	-0.067	1.054	157.8
790	-0.162	-0.066	1.053	158.0
791	-0.161	-0.064	1.040	158.2
792	-0.162	-0.065	1.041	158.4
793	-0.163	-0.065	1.056	158.6
794	-0.162	-0.066	1.052	158.8
795	-0.161	-0.066	1.037	159.0
796	-0.161	-0.065	1.048	159.2
797	-0.162	-0.063	1.048	159.4
798	-0.162	-0.065	1.048	159.6
799	-0.160	-0.065	1.042	159.8
800	-0.161	-0.062	1.044	160.0
801	-0.162	-0.064	1.060	160.2
802	-0.159	-0.067	1.056	160.4
803	-0.162	-0.067	1.037	160.6
804	-0.160	-0.062	1.042	160.8
805	-0.162	-0.065	1.046	161.0
806	-0.159	-0.066	1.041	161.2
807	-0.162	-0.063	1.038	161.4
808	-0.161	-0.063	1.042	161.6
809	-0.161	-0.066	1.048	161.8
810	-0.161	-0.065	1.045	162.0
811	-0.158	-0.067	1.040	162.2
812	-0.161	-0.067	1.039	162.4
813	-0.160	-0.064	1.052	162.6
814	-0.161	-0.064	1.050	162.8
815	-0.162	-0.063	1.034	163.0
816	-0.161	-0.064	1.044	163.2
817	-0.162	-0.062	1.053	163.4
818	-0.157	-0.063	1.042	163.6
819	-0.159	-0.064	1.039	163.8
820	-0.162	-0.062	1.044	164.0
821	-0.158	-0.065	1.046	164.2
822	-0.160	-0.065	1.046	164.4
823	-0.158	-0.065	1.038	164.6
824	-0.162	-0.064	1.040	164.8
825	-0.161	-0.061	1.048	165.0
826	-0.160	-0.065	1.042	165.2
827	-0.159	-0.064	1.032	165.4
828	-0.160	-0.062	1.038	165.6
829	-0.158	-0.063	1.046	165.8
830	-0.160	-0.063	1.042	166.0
831	-0.160	-0.063	1.054	166.2
832	-0.161	-0.064	1.047	166.4
833	-0.160	-0.061	1.034	166.6
834	-0.160	-0.061	1.037	166.8
835	-0.160	-0.061	1.047	167.0
836	-0.159	-0.061	1.042	167.2
837	-0.160	-0.060	1.039	167.4
838	-0.158	-0.060	1.041	167.6
839	-0.159	-0.064	1.039	167.8
840	-0.160	-0.062	1.044	168.0
841	-0.161	-0.060	1.044	168.2
842	-0.160	-0.063	1.037	168.4
843	-0.160	-0.064	1.045	168.6
844	-0.160	-0.061	1.038	168.8
845	-0.160	-0.062	1.041	169.0
846	-0.159	-0.064	1.037	169.2
847	-0.159	-0.066	1.036	169.4
848	-0.160	-0.064	1.046	169.6
849	-0.160	-0.065	1.052	169.8
850	-0.161	-0.064	1.038	170.0
851	-0.159	-0.063	1.038	170.2
852	-0.158	-0.066	1.052	170.4
853	-0.160	-0.065	1.044	170.6
854	-0.160	-0.063	1.026	170.8
855	-0.161	-0.065	1.036	171.0
856	-0.159	-0.065	1.047	171.2
857	-0.158	-0.063	1.041	171.4
858	-0.161	-0.064	1.035	171.6
859	-0.161	-0.063	1.039	171.8
860	-0.160	-0.063	1.041	172.0
861	-0.159	-0.064	1.046	172.2
862	-0.160	-0.064	1.043	172.4
863	-0.161	-0.063	1.040	172.6
864	-0.161	-0.064	1.037	172.8
865	-0.160	-0.066	1.042	173.0
866	-0.157	-0.064	1.041	173.2
867	-0.159	-0.064	1.034	173.4
868	-0.162	-0.064	1.040	173.6
869	-0.160	-0.065	1.048	173.8
870	-0.159	-0.065	1.040	174.0
871	-0.159	-0.065	1.031	174.2
872	-0.159	-0.064	1.036	174.4
873	-0.159	-0.066	1.049	174.6
874	-0.159	-0.064	1.034	174.8
875	-0.160	-0.066	1.028	175.0
876	-0.159	-0.066	1.046	175.2
877	-0.160	-0.066	1.044	175.4
878	-0.158	-0.066	1.035	175.6
879	-0.159	-0.065	1.026	175.8
880	-0.159	-0.063	1.043	176.0
881	-0.161	-0.065	1.042	176.2
882	-0.159	-0.064	1.030	176.4
883	-0.161	-0.064	1.034	176.6
884	-0.160	-0.066	1.045	176.8
885	-0.161	-0.064	1.042	177.0
886	-0.160	-0.066	1.037	177.2
887	-0.161	-0.068	1.031	177.4
888	-0.160	-0.064	1.042	177.6
889	-0.160	-0.065	1.038	177.8
890	-0.157	-0.061	1.033	178.0
891	-0.159	-0.064	1.037	178.2
892	-0.159	-0.064	1.044	178.4
893	-0.158	-0.062	1.035	178.6
894	-0.159	-0.062	1.028	178.8
895	-0.160	-0.063	1.038	179.0
896	-0.160	-0.061	1.052	179.2
897	-0.160	-0.062	1.038	179.4
898	-0.158	-0.062	1.036	179.6
899	-0.159	-0.062	1.036	179.8
900	-0.160	-0.061	1.046	180.0
901	-0.160	-0.061	1.036	180.2
902	-0.160	-0.062	1.035	180.4
903	-0.162	-0.064	1.036	180.6
904	-0.161	-0.061	1.046	180.8
905	-0.163	-0.061	1.041	181.0
906	-0.162	-0.062	1.036	181.2
907	-0.161	-0.064	1.034	181.4
908	-0.162	-0.065	1.042	181.6
909	-0.163	-0.063	1.038	181.8
910	-0.163	-0.060	1.044	182.0
911	-0.163	-0.062	1.036	182.2
912	-0.164	-0.063	1.040	182.4
913	-0.163	-0.064	1.040	182.6
914	-0.164	-0.064	1.042	182.8
915	-0.164	-0.064	1.039	183.0
916	-0.162	-0.064	1.040	183.2
917	-0.162	-0.061	1.038	183.4
918	-0.163	-0.064	1.043	183.6
919	-0.163	-0.062	1.034	183.8
920	-0.165	-0.063	1.040	184.0
921	-0.165	-0.064	1.045	184.2
922	-0.163	-0.066	1.047	184.4
923	-0.161	-0.066	1.034	184.6
924	-0.164	-0.063	1.038	184.8
925	-0.164	-0.063	1.040	185.0
926	-0.165	-0.065	1.043	185.2
927	-0.162	-0.066	1.029	185.4
928	-0.165	-0.061	1.038	185.6
929	-0.165	-0.063	1.046	185.8
930	-0.164	-0.064	1.043	186.0
931	-0.165	-0.062	1.032	186.2
932	-0.162	-0.065	1.040	186.4
933	-0.164	-0.065	1.042	186.6
934	-0.162	-0.063	1.042	186.8
935	-0.163	-0.065	1.036	187.0
936	-0.165	-0.065	1.038	187.2
937	-0.163	-0.065	1.041	187.4
938	-0.162	-0.065	1.049	187.6
939	-0.163	-0.066	1.042	187.8
940	-0.164	-0.064	1.040	188.0
941	-0.163	-0.064	1.043	188.2
942	-0.161	-0.064	1.046	188.4
943	-0.160	-0.061	1.042	188.6
944	-0.161	-0.062	1.039	188.8
945	-0.160	-0.062	1.046	189.0
946	-0.161	-0.062	1.042	189.2
947	-0.161	-0.062	1.050	189.4
948	-0.161	-0.061	1.041	189.6
949	-0.162	-0.066	1.042	189.8
950	-0.163	-0.065	1.052	190.0
951	-0.163	-0.064	1.047	190.2
952	-0.161	-0.066	1.045	190.4
953	-0.162	-0.065	1.042	190.6
954	-0.162	-0.065	1.044	190.8
955	-0.164	-0.062	1.048	191.0
956	-0.163	-0.065	1.050	191.2
957	-0.161	-0.066	1.053	191.4
958	-0.162	-0.066	1.045	191.6
959	-0.162	-0.062	1.045	191.8
960	-0.162	-0.065	1.044	192.0
961	-0.161	-0.064	1.054	192.2
962	-0.161	-0.064	1.052	192.4
963	-0.163	-0.063	1.041	192.6
964	-0.162	-0.062	1.040	192.8
965	-0.161	-0.063	1.053	193.0
966	-0.163	-0.064	1.040	193.2
967	-0.162	-0.062	1.040	193.4
968	-0.162	-0.061	1.040	193.6
969	-0.163	-0.064	1.054	193.8
970	-0.163	-0.065	1.050	194.0
971	-0.161	-0.063	1.032	194.2
972	-0.163	-0.062	1.037	194.4
973	-0.161	-0.062	1.052	194.6
974	-0.163	-0.064	1.049	194.8
975	-0.162	-0.061	1.036	195.0
976	-0.163	-0.063	1.034	195.2
977	-0.159	-0.063	1.052	195.4
978	-0.160	-0.065	1.048	195.6
979	-0.161	-0.062	1.036	195.8
980	-0.163	-0.061	1.035	196.0
981	-0.161	-0.061	1.052	196.2
982	-0.162	-0.064	1.044	196.4
983	-0.164	-0.062	1.034	196.6
984	-0.164	-0.061	1.043	196.8
985	-0.164	-0.061	1.056	197.0
986	-0.161	-0.063	1.049	197.2
987	-0.163	-0.060	1.029	197.4
988	-0.164	-0.060	1.046	197.6
989	-0.163	-0.061	1.048	197.8
990	-0.163	-0.062	1.046	198.0
991	-0.163	-0.062	1.039	198.2
992	-0.163	-0.063	1.042	198.4
993	-0.162	-0.064	1.046	198.6
994	-0.163	-0.064	1.045	198.8
995	-0.162	-0.063	1.042	199.0
996	-0.163	-0.066	1.039	199.2
997	-0.161	-0.064	1.049	199.4
998	-0.161	-0.065	1.055	199.6
999	-0.163	-0.067	1.044	199.8
1000	-0.162	-0.066	1.040	200.0
1001	-0.163	-0.064	1.046	200.2
1002	-0.161	-0.065	1.053	200.4
1003	-0.165	-0.066	1.036	200.6
1004	-0.163	-0.063	1.040	200.8
1005	-0.163	-0.065	1.049	201.0
1006	-0.162	-0.067	1.047	201.2
1007	-0.164	-0.066	1.040	201.4
1008	-0.163	-0.064	1.037	201.6
1009	-0.162	-0.067	1.053	201.8
1010	-0.162	-0.067	1.050	202.0
1011	-0.163	-0.067	1.037	202.2
1012	-0.163	-0.066	1.042	202.4
1013	-0.163	-0.066	1.047	202.6
1014	-0.162	-0.067	1.044	202.8
1015	-0.163	-0.066	1.036	203.0
1016	-0.164	-0.067	1.039	203.2
1017	-0.164	-0.068	1.053	203.4
1018	-0.264	-0.118	1.308	203.6
1019	-0.354	-0.159	1.351	203.8
1020	-0.338	-0.152	1.343	204.0
1021	-0.332	-0.148	1.347	204.2
1022	-0.326	-0.149	1.337	204.4
1023	-0.324	-0.147	1.328	204.6
1024	-0.322	-0.145	1.326	204.8
1025	-0.319	-0.143	1.314	205.0
1026	-0.316	-0.141	1.317	205.2
1027	-0.312	-0.141	1.309	205.4
1028	-0.312	-0.141	1.315	205.6
1029	-0.311	-0.141	1.310	205.8
1030	-0.308	-0.140	1.306	206.0
1031	-0.307	-0.139	1.299	206.2
1032	-0.306	-0.138	1.300	206.4
1033	-0.303	-0.136	1.302	206.6
1034	-0.303	-0.135	1.305	206.8
1035	-0.300	-0.135	1.290	207.0
1036	-0.301	-0.133	1.294	207.2
1037	-0.299	-0.134	1.292	207.4
1038	-0.299	-0.137	1.296	207.6
1039	-0.299	-0.133	1.284	207.8
1040	-0.298	-0.136	1.288	208.0
1041	-0.296	-0.133	1.288	208.2
1042	-0.295	-0.132	1.290	208.4
1043	-0.294	-0.130	1.280	208.6
1044	-0.293	-0.132	1.276	208.8
1045	-0.295	-0.130	1.283	209.0
1046	-0.291	-0.130	1.277	209.2
1047	-0.293	-0.131	1.274	209.4
1048	-0.291	-0.129	1.282	209.6
1049	-0.292	-0.129	1.281	209.8
1050	-0.290	-0.128	1.273	210.0
1051	-0.290	-0.128	1.270	210.2
1052	-0.291	-0.130	1.268	210.4
1053	-0.290	-0.129	1.278	210.6
1054	-0.288	-0.125	1.281	210.8
1055	-0.285	-0.126	1.273	211.0
1056	-0.289	-0.128	1.267	211.2
1057	-0.288	-0.129	1.271	211.4
1058	-0.286	-0.128	1.273	211.6
1059	-0.286	-0.127	1.270	211.8
1060	-0.288	-0.129	1.264	212.0
1061	-0.287	-0.126	1.276	212.2
1062	-0.286	-0.127	1.272	212.4
1063	-0.287	-0.127	1.270	212.6
1064	-0.285	-0.128	1.265	212.8
1065	-0.286	-0.130	1.263	213.0
1066	-0.287	-0.130	1.264	213.2
1067	-0.286	-0.128	1.272	213.4
1068	-0.283	-0.129	1.271	213.6
1069	-0.285	-0.127	1.270	213.8
1070	-0.286	-0.129	1.261	214.0
1071	-0.285	-0.128	1.260	214.2
1072	-0.284	-0.128	1.270	214.4
1073	-0.285	-0.128	1.268	214.6
1074	-0.285	-0.128	1.264	214.8
1075	-0.285	-0.127	1.261	215.0
1076	-0.282	-0.126	1.261	215.2
1077	-0.282	-0.127	1.265	215.4
1078	-0.284	-0.129	1.269	215.6
1079	-0.281	-0.129	1.268	215.8
1080	-0.284	-0.126	1.262	216.0
1081	-0.284	-0.127	1.255	216.2
1082	-0.282	-0.125	1.267	216.4
1083	-0.283	-0.126	1.267	216.6
1084	-0.285	-0.124	1.258	216.8
1085	-0.283	-0.128	1.256	217.0
1086	-0.283	-0.128	1.260	217.2
1087	-0.280	-0.128	1.271	217.4
1088	-0.281	-0.128	1.257	217.6
1089	-0.283	-0.126	1.255	217.8
1090	-0.283	-0.123	1.265	218.0
1091	-0.283	-0.126	1.269	218.2
1092	-0.286	-0.126	1.262	218.4
1093	-0.281	-0.127	1.257	218.6
1094	-0.283	-0.126	1.262	218.8
1095	-0.286	-0.128	1.260	219.0
1096	-0.282	-0.123	1.252	219.2
1097	-0.281	-0.126	1.256	219.4
1098	-0.283	-0.125	1.265	219.6
1099	-0.281	-0.125	1.270	219.8
1100	-0.281	-0.124	1.257	220.0
1101	-0.282	-0.126	1.240	220.2
1102	-0.282	-0.126	1.256	220.4
1103	-0.282	-0.128	1.261	220.6
1104	-0.279	-0.126	1.257	220.8
1105	-0.279	-0.125	1.252	221.0
1106	-0.279	-0.126	1.260	221.2
1107	-0.276	-0.126	1.268	221.4
1108	-0.279	-0.123	1.256	221.6
1109	-0.279	-0.123	1.245	221.8
1110	-0.280	-0.125	1.260	222.0
1111	-0.278	-0.127	1.266	222.2
1112	-0.279	-0.125	1.256	222.4
1113	-0.278	-0.125	1.244	222.6
1114	-0.279	-0.122	1.255	222.8
1115	-0.279	-0.122	1.262	223.0
1116	-0.279	-0.123	1.264	223.2
1117	-0.276	-0.127	1.246	223.4
1118	-0.277	-0.126	1.256	223.6
1119	-0.275	-0.126	1.256	223.8
1120	-0.278	-0.125	1.253	224.0
1121	-0.277	-0.124	1.248	224.2
1122	-0.278	-0.124	1.251	224.4
1123	-0.275	-0.121	1.260	224.6
1124	-0.276	-0.123	1.262	224.8
1125	-0.275	-0.125	1.244	225.0
1126	-0.277	-0.123	1.252	225.2
1127	-0.275	-0.123	1.264	225.4
1128	-0.274	-0.124	1.264	225.6
1129	-0.275	-0.123	1.252	225.8
1130	-0.275	-0.124	1.253	226.0
1131	-0.273	-0.125	1.254	226.2
1132	-0.273	-0.125	1.252	226.4
1133	-0.273	-0.125	1.255	226.6
1134	-0.273	-0.123	1.263	226.8
1135	-0.273	-0.123	1.261	227.0
1136	-0.272	-0.124	1.256	227.2
1137	-0.270	-0.127	1.248	227.4
1138	-0.271	-0.126	1.255	227.6
1139	-0.274	-0.123	1.256	227.8
1140	-0.271	-0.123	1.256	228.0
1141	-0.272	-0.123	1.254	228.2
1142	-0.270	-0.124	1.258	228.4
1143	-0.271	-0.126	1.248	228.6
1144	-0.271	-0.125	1.252	228.8
1145	-0.271	-0.124	1.248	229.0
1146	-0.271	-0.122	1.254	229.2
1147	-0.270	-0.122	1.252	229.4
1148	-0.271	-0.123	1.252	229.6
1149	-0.271	-0.123	1.247	229.8
1150	-0.272	-0.124	1.247	230.0
1151	-0.271	-0.122	1.253	230.2
1152	-0.267	-0.125	1.262	230.4
1153	-0.270	-0.123	1.243	230.6
1154	-0.270	-0.123	1.246	230.8
1155	-0.269	-0.123	1.258	231.0
1156	-0.267	-0.124	1.253	231.2
1157	-0.270	-0.125	1.236	231.4
1158	-0.271	-0.122	1.245	231.6
1159	-0.267	-0.122	1.259	231.8
1160	-0.270	-0.124	1.256	232.0
1161	-0.272	-0.125	1.240	232.2
1162	-0.272	-0.123	1.242	232.4
1163	-0.270	-0.124	1.251	232.6
1164	-0.268	-0.123	1.258	232.8
1165	-0.272	-0.124	1.249	233.0
1166	-0.271	-0.124	1.245	233.2
1167	-0.270	-0.124	1.251	233.4
1168	-0.269	-0.126	1.248	233.6
1169	-0.270	-0.123	1.248	233.8
1170	-0.271	-0.124	1.248	234.0
1171	-0.269	-0.123	1.256	234.2
1172	-0.269	-0.123	1.256	234.4
1173	-0.268	-0.123	1.248	234.6
1174	-0.271	-0.124	1.242	234.8
1175	-0.271	-0.123	1.250	235.0
1176	-0.268	-0.121	1.258	235.2
1177	-0.268	-0.123	1.256	235.4
1178	-0.270	-0.124	1.242	235.6
1179	-0.270	-0.123	1.242	235.8
1180	-0.268	-0.124	1.248	236.0
1181	-0.269	-0.122	1.251	236.2
1182	-0.267	-0.121	1.245	236.4
1183	-0.266	-0.123	1.256	236.6
1184	-0.268	-0.125	1.248	236.8
1185	-0.267	-0.125	1.249	237.0
1186	-0.268	-0.121	1.241	237.2
1187	-0.269	-0.123	1.244	237.4
1188	-0.269	-0.123	1.249	237.6
1189	-0.270	-0.124	1.253	237.8
1190	-0.269	-0.122	1.240	238.0
1191	-0.270	-0.123	1.243	238.2
1192	-0.269	-0.124	1.254	238.4
1193	-0.268	-0.128	1.250	238.6
1194	-0.271	-0.126	1.245	238.8
1195	-0.268	-0.121	1.249	239.0
1196	-0.271	-0.121	1.247	239.2
1197	-0.269	-0.125	1.253	239.4
1198	-0.269	-0.124	1.238	239.6
1199	-0.269	-0.122	1.247	239.8
1200	-0.271	-0.121	1.255	240.0
1201	-0.269	-0.124	1.250	240.2
1202	-0.268	-0.122	1.239	240.4
1203	-0.270	-0.124	1.240	240.6
1204	-0.269	-0.123	1.254	240.8
1205	-0.268	-0.122	1.253	241.0
1206	-0.269	-0.121	1.244	241.2
1207	-0.268	-0.120	1.237	241.4
1208	-0.268	-0.120	1.245	241.6
1209	-0.267	-0.121	1.255	241.8
1210	-0.268	-0.122	1.236	242.0
1211	-0.268	-0.124	1.238	242.2
1212	-0.270	-0.121	1.250	242.4
1213	-0.267	-0.120	1.253	242.6
1214	-0.268	-0.120	1.242	242.8
1215	-0.270	-0.122	1.244	243.0
1216	-0.269	-0.122	1.246	243.2
1217	-0.269	-0.124	1.250	243.4
1218	-0.269	-0.121	1.243	243.6
1219	-0.271	-0.122	1.244	243.8
1220	-0.270	-0.120	1.253	244.0
1221	-0.270	-0.123	1.252	244.2
1222	-0.270	-0.123	1.240	244.4
1223	-0.270	-0.120	1.239	244.6
1224	-0.269	-0.121	1.252	244.8
1225	-0.270	-0.123	1.251	245.0
1226	-0.269	-0.120	1.246	245.2
1227	-0.270	-0.121	1.243	245.4
1228	-0.269	-0.120	1.255	245.6
1229	-0.268	-0.124	1.253	245.8
1230	-0.269	-0.122	1.248	246.0
1231	-0.268	-0.121	1.238	246.2
1232	-0.269	-0.121	1.252	246.4
1233	-0.266	-0.123	1.259	246.6
1234	-0.266	-0.122	1.252	246.8
1235	-0.267	-0.124	1.248	247.0
1236	-0.268	-0.122	1.252	247.2
1237	-0.267	-0.125	1.251	247.4
1238	-0.266	-0.124	1.251	247.6
1239	-0.267	-0.122	1.246	247.8
1240	-0.268	-0.122	1.259	248.0
1241	-0.266	-0.125	1.260	248.2
1242	-0.265	-0.125	1.253	248.4
1243	-0.263	-0.126	1.249	248.6
1244	-0.267	-0.123	1.250	248.8
1245	-0.264	-0.124	1.254	249.0
1246	-0.266	-0.125	1.256	249.2
1247	-0.265	-0.127	1.244	249.4
1248	-0.265	-0.126	1.257	249.6
1249	-0.262	-0.123	1.256	249.8
1250	-0.265	-0.126	1.252	250.0
1251	-0.264	-0.124	1.245	250.2
1252	-0.263	-0.124	1.254	250.4
1253	-0.263	-0.124	1.256	250.6
1254	-0.266	-0.123	1.257	250.8
1255	-0.264	-0.124	1.242	251.0
1256	-0.265	-0.123	1.248	251.2
1257	-0.266	-0.124	1.254	251.4
1258	-0.265	-0.125	1.251	251.6
1259	-0.266	-0.128	1.247	251.8
1260	-0.267	-0.128	1.245	252.0
1261	-0.265	-0.129	1.247	252.2
1262	-0.265	-0.128	1.254	252.4
1263	-0.267	-0.126	1.249	252.6
1264	-0.266	-0.126	1.251	252.8
1265	-0.267	-0.129	1.243	253.0
1266	-0.266	-0.130	1.245	253.2
1267	-0.266	-0.126	1.247	253.4
1268	-0.266	-0.128	1.244	253.6
1269	-0.267	-0.127	1.255	253.8
1270	-0.267	-0.126	1.253	254.0
1271	-0.266	-0.127	1.249	254.2
1272	-0.266	-0.126	1.240	254.4
1273	-0.268	-0.126	1.246	254.6
1274	-0.266	-0.127	1.247	254.8
1275	-0.269	-0.125	1.247	255.0
1276	-0.267	-0.128	1.243	255.2
1277	-0.266	-0.130	1.256	255.4
1278	-0.267	-0.128	1.248	255.6
1279	-0.268	-0.125	1.245	255.8
1280	-0.268	-0.125	1.243	256.0
1281	-0.269	-0.128	1.260	256.2
1282	-0.268	-0.128	1.265	256.4
1283	-0.267	-0.124	1.251	256.6
1284	-0.269	-0.124	1.237	256.8
1285	-0.270	-0.128	1.250	257.0
1286	-0.269	-0.125	1.255	257.2
1287	-0.269	-0.125	1.262	257.4
1288	-0.269	-0.126	1.241	257.6
1289	-0.271	-0.127	1.248	257.8
1290	-0.270	-0.122	1.252	258.0
1291	-0.272	-0.126	1.254	258.2
1292	-0.270	-0.127	1.245	258.4
1293	-0.271	-0.126	1.248	258.6
1294	-0.269	-0.123	1.250	258.8
1295	-0.269	-0.124	1.251	259.0
1296	-0.270	-0.126	1.236	259.2
1297	-0.270	-0.126	1.246	259.4
1298	-0.270	-0.123	1.259	259.6
1299	-0.271	-0.124	1.251	259.8
1300	-0.271	-0.125	1.238	260.0
1301	-0.269	-0.124	1.243	260.2
1302	-0.270	-0.126	1.255	260.4
1303	-0.271	-0.126	1.258	260.6
1304	-0.272	-0.122	1.242	260.8
1305	-0.270	-0.124	1.246	261.0
1306	-0.269	-0.126	1.253	261.2
1307	-0.269	-0.125	1.251	261.4
1308	-0.268	-0.120	1.237	261.6
1309	-0.268	-0.123	1.247	261.8
1310	-0.268	-0.123	1.258	262.0
1311	-0.269	-0.122	1.252	262.2
1312	-0.267	-0.122	1.240	262.4
1313	-0.270	-0.123	1.242	262.6
1314	-0.270	-0.123	1.261	262.8
1315	-0.270	-0.125	1.253	263.0
1316	-0.268	-0.123	1.243	263.2
1317	-0.267	-0.122	1.244	263.4
1318	-0.268	-0.124	1.265	263.6
1319	-0.268	-0.124	1.256	263.8
1320	-0.269	-0.121	1.250	264.0
1321	-0.267	-0.120	1.246	264.2
1322	-0.268	-0.123	1.264	264.4
1323	-0.269	-0.123	1.257	264.6
1324	-0.269	-0.122	1.246	264.8
1325	-0.267	-0.122	1.249	265.0
1326	-0.268	-0.124	1.255	265.2
1327	-0.269	-0.124	1.253	265.4
1328	-0.266	-0.122	1.248	265.6
1329	-0.267	-0.122	1.235	265.8
1330	-0.265	-0.123	1.254	266.0
1331	-0.264	-0.124	1.260	266.2
1332	-0.266	-0.124	1.245	266.4
1333	-0.267	-0.121	1.240	266.6
1334	-0.265	-0.123	1.252	266.8
1335	-0.267	-0.125	1.245	267.0
1336	-0.266	-0.124	1.242	267.2
1337	-0.266	-0.122	1.238	267.4
1338	-0.267	-0.123	1.247	267.6
1339	-0.264	-0.125	1.244	267.8
1340	-0.265	-0.126	1.251	268.0
1341	-0.264	-0.124	1.242	268.2
1342	-0.266	-0.123	1.246	268.4
1343	-0.266	-0.124	1.244	268.6
1344	-0.268	-0.124	1.245	268.8
1345	-0.268	-0.124	1.246	269.0
1346	-0.266	-0.125	1.252	269.2
1347	-0.264	-0.123	1.244	269.4
1348	-0.266	-0.125	1.241	269.6
1349	-0.268	-0.127	1.241	269.8
1350	-0.266	-0.127	1.242	270.0
1351	-0.267	-0.127	1.248	270.2
1352	-0.267	-0.128	1.254	270.4
1353	-0.269	-0.130	1.236	270.6
1354	-0.268	-0.128	1.246	270.8
1355	-0.268	-0.127	1.244	271.0
1356	-0.267	-0.128	1.246	271.2
1357	-0.268	-0.130	1.244	271.4
1358	-0.267	-0.128	1.247	271.6
1359	-0.267	-0.126	1.241	271.8
1360	-0.266	-0.126	1.240	272.0
1361	-0.267	-0.128	1.238	272.2
1362	-0.267	-0.129	1.243	272.4
1363	-0.267	-0.129	1.243	272.6
1364	-0.267	-0.126	1.248	272.8
1365	-0.268	-0.126	1.236	273.0
1366	-0.270	-0.128	1.238	273.2
1367	-0.268	-0.128	1.244	273.4
1368	-0.268	-0.129	1.248	273.6
1369	-0.266	-0.127	1.242	273.8
1370	-0.268	-0.129	1.235	274.0
1371	-0.267	-0.129	1.238	274.2
1372	-0.266	-0.127	1.244	274.4
1373	-0.264	-0.126	1.242	274.6
1374	-0.267	-0.129	1.237	274.8
1375	-0.266	-0.128	1.238	275.0
1376	-0.267	-0.129	1.244	275.2
1377	-0.267	-0.128	1.241	275.4
1378	-0.268	-0.128	1.239	275.6
1379	-0.266	-0.127	1.246	275.8
1380	-0.268	-0.129	1.247	276.0
1381	-0.266	-0.127	1.242	276.2
1382	-0.266	-0.130	1.232	276.4
1383	-0.267	-0.127	1.248	276.6
1384	-0.268	-0.128	1.252	276.8
1385	-0.267	-0.128	1.244	277.0
1386	-0.269	-0.127	1.231	277.2
1387	-0.269	-0.130	1.250	277.4
1388	-0.266	-0.130	1.252	277.6
1389	-0.265	-0.128	1.246	277.8
1390	-0.268	-0.128	1.230	278.0
1391	-0.266	-0.128	1.240	278.2
1392	-0.266	-0.128	1.253	278.4
1393	-0.264	-0.129	1.251	278.6
1394	-0.269	-0.127	1.236	278.8
1395	-0.268	-0.130	1.241	279.0
1396	-0.266	-0.127	1.241	279.2
1397	-0.267	-0.127	1.244	279.4
1398	-0.267	-0.127	1.243	279.6
1399	-0.269	-0.127	1.246	279.8
1400	-0.266	-0.128	1.245	280.0
1401	-0.268	-0.128	1.240	280.2
1402	-0.266	-0.126	1.232	280.4
1403	-0.266	-0.126	1.246	280.6
1404	-0.266	-0.125	1.248	280.8
1405	-0.268	-0.127	1.244	281.0
1406	-0.268	-0.124	1.229	281.2
1407	-0.267	-0.128	1.246	281.4
1408	-0.264	-0.127	1.252	281.6
1409	-0.268	-0.128	1.244	281.8
1410	-0.270	-0.126	1.228	282.0
1411	-0.269	-0.128	1.246	282.2
1412	-0.269	-0.128	1.252	282.4
1413	-0.267	-0.126	1.244	282.6
1414	-0.270	-0.124	1.232	282.8
1415	-0.269	-0.126	1.246	283.0
1416	-0.268	-0.129	1.247	283.2
1417	-0.270	-0.129	1.242	283.4
1418	-0.269	-0.127	1.239	283.6
1419	-0.270	-0.126	1.239	283.8
1420	-0.268	-0.127	1.248	284.0
1421	-0.270	-0.131	1.246	284.2
1422	-0.269	-0.128	1.237	284.4
1423	-0.271	-0.128	1.238	284.6
1424	-0.271	-0.127	1.253	284.8
1425	-0.270	-0.129	1.251	285.0
1426	-0.270	-0.131	1.242	285.2
1427	-0.270	-0.131	1.238	285.4
1428	-0.271	-0.129	1.247	285.6
1429	-0.271	-0.130	1.253	285.8
1430	-0.272	-0.129	1.252	286.0
1431	-0.271	-0.129	1.246	286.2
1432	-0.273	-0.131	1.252	286.4
1433	-0.272	-0.130	1.243	286.6
1434	-0.272	-0.129	1.243	286.8
1435	-0.271	-0.130	1.243	287.0
1436	-0.272	-0.128	1.254	287.2
1437	-0.271	-0.129	1.250	287.4
1438	-0.270	-0.127	1.244	287.6
1439	-0.271	-0.127	1.242	287.8
1440	-0.272	-0.124	1.239	288.0
1441	-0.271	-0.129	1.246	288.2
1442	-0.269	-0.126	1.248	288.4
1443	-0.267	-0.125	1.238	288.6
1444	-0.268	-0.129	1.244	288.8
1445	-0.269	-0.128	1.247	289.0
1446	-0.271	-0.129	1.250	289.2
1447	-0.270	-0.129	1.241	289.4
1448	-0.272	-0.126	1.243	289.6
1449	-0.270	-0.125	1.245	289.8
1450	-0.272	-0.128	1.245	290.0
1451	-0.271	-0.127	1.238	290.2
1452	-0.268	-0.127	1.242	290.4
1453	-0.269	-0.122	1.250	290.6
1454	-0.268	-0.126	1.244	290.8
1455	-0.270	-0.126	1.241	291.0
1456	-0.267	-0.125	1.244	291.2
1457	-0.267	-0.126	1.254	291.4
1458	-0.266	-0.126	1.247	291.6
1459	-0.268	-0.129	1.239	291.8
1460	-0.268	-0.127	1.244	292.0
1461	-0.267	-0.126	1.249	292.2
1462	-0.266	-0.127	1.253	292.4
1463	-0.266	-0.127	1.244	292.6
1464	-0.266	-0.126	1.245	292.8
1465	-0.266	-0.125	1.246	293.0
1466	-0.265	-0.125	1.249	293.2
1467	-0.265	-0.128	1.243	293.4
1468	-0.265	-0.127	1.242	293.6
1469	-0.266	-0.127	1.248	293.8
1470	-0.268	-0.125	1.249	294.0
1471	-0.265	-0.128	1.240	294.2
1472	-0.267	-0.128	1.244	294.4
1473	-0.267	-0.125	1.250	294.6
1474	-0.266	-0.124	1.250	294.8
1475	-0.268	-0.128	1.246	295.0
1476	-0.269	-0.126	1.243	295.2
1477	-0.267	-0.126	1.254	295.4
1478	-0.266	-0.127	1.252	295.6
1479	-0.268	-0.125	1.247	295.8
1480	-0.268	-0.124	1.239	296.0
1481	-0.268	-0.127	1.252	296.2
1482	-0.268	-0.130	1.255	296.4
1483	-0.266	-0.126	1.254	296.6
1484	-0.270	-0.126	1.244	296.8
1485	-0.268	-0.127	1.256	297.0
1486	-0.268	-0.126	1.256	297.2
1487	-0.268	-0.126	1.248	297.4
1488	-0.267	-0.129	1.239	297.6
1489	-0.266	-0.125	1.255	297.8
1490	-0.268	-0.126	1.255	298.0
1491	-0.269	-0.125	1.252	298.2
1492	-0.268	-0.127	1.241	298.4
1493	-0.268	-0.127	1.253	298.6
1494	-0.268	-0.128	1.257	298.8
1495	-0.268	-0.124	1.246	299.0
1496	-0.268	-0.125	1.237	299.2
1497	-0.264	-0.127	1.250	299.4
1498	-0.265	-0.126	1.255	299.6
1499	-0.265	-0.125	1.247	299.8
1500	-0.264	-0.125	1.242	300.0
1501	-0.265	-0.127	1.253	300.2
1502	-0.264	-0.125	1.247	300.4
1503	-0.262	-0.125	1.244	300.6
1504	-0.264	-0.127	1.234	300.8
1505	-0.267	-0.127	1.249	301.0
1506	-0.265	-0.126	1.253	301.2
1507	-0.264	-0.127	1.246	301.4
1508	-0.264	-0.126	1.234	301.6
1509	-0.266	-0.126	1.241	301.8
1510	-0.264	-0.122	1.252	302.0
1511	-0.266	-0.125	1.246	302.2
1512	-0.265	-0.126	1.227	302.4
1513	-0.267	-0.123	1.240	302.6
1514	-0.266	-0.124	1.253	302.8
1515	-0.266	-0.123	1.240	303.0
1516	-0.265	-0.122	1.232	303.2
1517	-0.268	-0.125	1.250	303.4
1518	-0.268	-0.125	1.244	303.6
1519	-0.449	-0.206	1.599	303.8
1520	-0.480	-0.217	1.615	304.0
1521	-0.469	-0.214	1.593	304.2
1522	-0.462	-0.209	1.588	304.4
1523	-0.459	-0.207	1.562	304.6
1524	-0.456	-0.202	1.553	304.8
1525	-0.453	-0.201	1.570	305.0
1526	-0.449	-0.201	1.559	305.2
1527	-0.447	-0.201	1.542	305.4
1528	-0.445	-0.196	1.546	305.6
1529	-0.444	-0.196	1.553	305.8
1530	-0.444	-0.196	1.544	306.0
1531	-0.442	-0.194	1.542	306.2
1532	-0.439	-0.196	1.534	306.4
1533	-0.442	-0.194	1.534	306.6
1534	-0.440	-0.192	1.541	306.8
1535	-0.437	-0.192	1.540	307.0
1536	-0.435	-0.190	1.526	307.2
1537	-0.435	-0.192	1.530	307.4
1538	-0.436	-0.191	1.535	307.6
1539	-0.435	-0.191	1.527	307.8
1540	-0.433	-0.188	1.524	308.0
1541	-0.433	-0.187	1.523	308.2
1542	-0.430	-0.190	1.522	308.4
1543	-0.432	-0.190	1.523	308.6
1544	-0.431	-0.186	1.522	308.8
1545	-0.432	-0.190	1.510	309.0
1546	-0.431	-0.188	1.518	309.2
1547	-0.429	-0.187	1.520	309.4
1548	-0.428	-0.186	1.510	309.6
1549	-0.427	-0.186	1.511	309.8
1550	-0.431	-0.187	1.513	310.0
1551	-0.429	-0.185	1.508	310.2
1552	-0.430	-0.186	1.509	310.4
1553	-0.428	-0.189	1.507	310.6
1554	-0.425	-0.185	1.506	310.8
1555	-0.427	-0.185	1.510	311.0
1556	-0.428	-0.185	1.506	311.2
1557	-0.424	-0.185	1.510	311.4
1558	-0.425	-0.184	1.501	311.6
1559	-0.425	-0.184	1.512	311.8
1560	-0.424	-0.184	1.509	312.0
1561	-0.424	-0.185	1.497	312.2
1562	-0.424	-0.185	1.500	312.4
1563	-0.421	-0.185	1.507	312.6
1564	-0.420	-0.184	1.503	312.8
1565	-0.420	-0.183	1.496	313.0
1566	-0.418	-0.183	1.499	313.2
1567	-0.419	-0.185	1.507	313.4
1568	-0.418	-0.185	1.492	313.6
1569	-0.419	-0.185	1.489	313.8
1570	-0.418	-0.182	1.495	314.0
1571	-0.417	-0.186	1.509	314.2
1572	-0.418	-0.185	1.497	314.4
1573	-0.417	-0.185	1.487	314.6
1574	-0.417	-0.184	1.487	314.8
1575	-0.416	-0.185	1.501	315.0
1576	-0.417	-0.188	1.498	315.2
1577	-0.415	-0.185	1.489	315.4
1578	-0.415	-0.185	1.490	315.6
1579	-0.414	-0.183	1.495	315.8
1580	-0.415	-0.186	1.495	316.0
1581	-0.416	-0.185	1.486	316.2
1582	-0.414	-0.185	1.488	316.4
1583	-0.414	-0.186	1.496	316.6
1584	-0.414	-0.183	1.484	316.8
1585	-0.412	-0.184	1.488	317.0
1586	-0.413	-0.185	1.490	317.2
1587	-0.413	-0.183	1.497	317.4
1588	-0.413	-0.185	1.486	317.6
1589	-0.412	-0.182	1.482	317.8
1590	-0.411	-0.185	1.476	318.0
1591	-0.411	-0.180	1.496	318.2
1592	-0.408	-0.181	1.485	318.4
1593	-0.409	-0.183	1.478	318.6
1594	-0.407	-0.182	1.472	318.8
1595	-0.409	-0.181	1.490	319.0
1596	-0.408	-0.181	1.486	319.2
1597	-0.407	-0.182	1.474	319.4
1598	-0.409	-0.182	1.473	319.6
1599	-0.406	-0.179	1.488	319.8
1600	-0.407	-0.180	1.491	320.0
1601	-0.407	-0.184	1.474	320.2
1602	-0.406	-0.180	1.465	320.4
1603	-0.407	-0.182	1.484	320.6
1604	-0.404	-0.182	1.486	320.8
1605	-0.406	-0.179	1.475	321.0
1606	-0.406	-0.179	1.472	321.2
1607	-0.405	-0.177	1.478	321.4
1608	-0.403	-0.178	1.478	321.6
1609	-0.403	-0.178	1.477	321.8
1610	-0.405	-0.176	1.466	322.0
1611	-0.405	-0.175	1.470	322.2
1612	-0.404	-0.174	1.482	322.4
1613	-0.403	-0.174	1.472	322.6
1614	-0.404	-0.175	1.463	322.8
1615	-0.402	-0.175	1.477	323.0
1616	-0.401	-0.172	1.480	323.2
1617	-0.402	-0.173	1.468	323.4
1618	-0.402	-0.174	1.471	323.6
1619	-0.400	-0.173	1.469	323.8
1620	-0.401	-0.172	1.473	324.0
1621	-0.400	-0.174	1.480	324.2
1622	-0.402	-0.175	1.467	324.4
1623	-0.400	-0.176	1.463	324.6
1624	-0.402	-0.175	1.474	324.8
1625	-0.401	-0.175	1.477	325.0
1626	-0.399	-0.174	1.467	325.2
1627	-0.402	-0.173	1.464	325.4
1628	-0.402	-0.176	1.477	325.6
1629	-0.399	-0.175	1.467	325.8
1630	-0.400	-0.173	1.464	326.0
1631	-0.401	-0.176	1.470	326.2
1632	-0.399	-0.175	1.468	326.4
1633	-0.399	-0.175	1.463	326.6
1634	-0.398	-0.175	1.468	326.8
1635	-0.399	-0.173	1.472	327.0
1636	-0.399	-0.175	1.468	327.2
1637	-0.399	-0.175	1.472	327.4
1638	-0.398	-0.175	1.470	327.6
1639	-0.396	-0.175	1.465	327.8
1640	-0.396	-0.174	1.463	328.0
1641	-0.398	-0.175	1.467	328.2
1642	-0.397	-0.174	1.474	328.4
1643	-0.396	-0.176	1.454	328.6
1644	-0.397	-0.174	1.460	328.8
1645	-0.397	-0.174	1.466	329.0
1646	-0.396	-0.173	1.471	329.2
1647	-0.397	-0.174	1.462	329.4
1648	-0.394	-0.172	1.465	329.6
1649	-0.394	-0.173	1.471	329.8
1650	-0.397	-0.175	1.471	330.0
1651	-0.394	-0.173	1.462	330.2
1652	-0.397	-0.176	1.463	330.4
1653	-0.397	-0.174	1.467	330.6
1654	-0.395	-0.174	1.472	330.8
1655	-0.395	-0.172	1.456	331.0
1656	-0.396	-0.173	1.462	331.2
1657	-0.395	-0.170	1.471	331.4
1658	-0.395	-0.175	1.471	331.6
1659	-0.395	-0.173	1.461	331.8
1660	-0.394	-0.172	1.459	332.0
1661	-0.396	-0.171	1.459	332.2
1662	-0.396	-0.173	1.474	332.4
1663	-0.395	-0.170	1.454	332.6
1664	-0.394	-0.174	1.461	332.8
1665	-0.396	-0.168	1.471	333.0
1666	-0.395	-0.171	1.470	333.2
1667	-0.395	-0.170	1.459	333.4
1668	-0.394	-0.170	1.458	333.6
1669	-0.393	-0.172	1.464	333.8
1670	-0.396	-0.171	1.471	334.0
1671	-0.396	-0.173	1.459	334.2
1672	-0.395	-0.170	1.461	334.4
1673	-0.397	-0.173	1.467	334.6
1674	-0.394	-0.171	1.465	334.8
1675	-0.397	-0.172	1.458	335.0
1676	-0.397	-0.170	1.461	335.2
1677	-0.397	-0.172	1.476	335.4
1678	-0.398	-0.172	1.466	335.6
1679	-0.397	-0.175	1.460	335.8
1680	-0.398	-0.173	1.457	336.0
1681	-0.398	-0.175	1.472	336.2
1682	-0.399	-0.175	1.464	336.4
1683	-0.399	-0.175	1.459	336.6
1684	-0.397	-0.177	1.462	336.8
1685	-0.397	-0.175	1.467	337.0
1686	-0.398	-0.174	1.471	337.2
1687	-0.398	-0.175	1.465	337.4
1688	-0.397	-0.176	1.452	337.6
1689	-0.396	-0.178	1.465	337.8
1690	-0.398	-0.177	1.475	338.0
1691	-0.397	-0.178	1.460	338.2
1692	-0.398	-0.177	1.447	338.4
1693	-0.399	-0.179	1.468	338.6
1694	-0.398	-0.180	1.466	338.8
1695	-0.397	-0.180	1.460	339.0
1696	-0.399	-0.179	1.455	339.2
1697	-0.399	-0.179	1.460	339.4
1698	-0.398	-0.178	1.465	339.6
1699	-0.397	-0.181	1.463	339.8
1700	-0.397	-0.178	1.450	340.0
1701	-0.399	-0.178	1.462	340.2
1702	-0.397	-0.179	1.463	340.4
1703	-0.399	-0.177	1.460	340.6
1704	-0.398	-0.177	1.450	340.8
1705	-0.397	-0.175	1.461	341.0
1706	-0.398	-0.178	1.453	341.2
1707	-0.398	-0.177	1.467	341.4
1708	-0.396	-0.179	1.456	341.6
1709	-0.398	-0.176	1.452	341.8
1710	-0.397	-0.177	1.459	342.0
1711	-0.397	-0.176	1.459	342.2
1712	-0.398	-0.178	1.445	342.4
1713	-0.397	-0.176	1.458	342.6
1714	-0.395	-0.179	1.460	342.8
1715	-0.397	-0.176	1.460	343.0
1716	-0.398	-0.176	1.455	343.2
1717	-0.397	-0.174	1.444	343.4
1718	-0.398	-0.175	1.447	343.6
1719	-0.395	-0.176	1.463	343.8
1720	-0.395	-0.176	1.456	344.0
1721	-0.397	-0.176	1.447	344.2
1722	-0.396	-0.175	1.456	344.4
1723	-0.395	-0.176	1.455	344.6
1724	-0.393	-0.175	1.447	344.8
1725	-0.393	-0.175	1.454	345.0
1726	-0.394	-0.178	1.451	345.2
1727	-0.393	-0.174	1.448	345.4
1728	-0.394	-0.174	1.449	345.6
1729	-0.393	-0.177	1.453	345.8
1730	-0.394	-0.176	1.449	346.0
1731	-0.393	-0.179	1.445	346.2
1732	-0.394	-0.175	1.447	346.4
1733	-0.392	-0.177	1.450	346.6
1734	-0.392	-0.174	1.449	346.8
1735	-0.391	-0.178	1.450	347.0
1736	-0.392	-0.176	1.444	347.2
1737	-0.391	-0.175	1.451	347.4
1738	-0.392	-0.177	1.445	347.6
1739	-0.392	-0.174	1.454	347.8
1740	-0.391	-0.175	1.448	348.0
1741	-0.390	-0.175	1.438	348.2
1742	-0.393	-0.175	1.446	348.4
1743	-0.393	-0.173	1.452	348.6
1744	-0.391	-0.176	1.447	348.8
1745	-0.389	-0.175	1.447	349.0
1746	-0.391	-0.177	1.450	349.2
1747	-0.391	-0.176	1.446	349.4
1748	-0.393	-0.175	1.452	349.6
1749	-0.391	-0.177	1.447	349.8
1750	-0.391	-0.172	1.440	350.0
1751	-0.390	-0.176	1.455	350.2
1752	-0.391	-0.177	1.455	350.4
1753	-0.392	-0.175	1.432	350.6
1754	-0.390	-0.176	1.438	350.8
1755	-0.391	-0.177	1.460	351.0
1756	-0.391	-0.176	1.447	351.2
1757	-0.388	-0.175	1.441	351.4
1758	-0.391	-0.176	1.451	351.6
1759	-0.389	-0.175	1.449	351.8
1760	-0.389	-0.175	1.449	352.0
1761	-0.389	-0.175	1.443	352.2
1762	-0.392	-0.174	1.437	352.4
1763	-0.391	-0.176	1.451	352.6
1764	-0.391	-0.173	1.452	352.8
1765	-0.389	-0.176	1.444	353.0
1766	-0.391	-0.173	1.444	353.2
1767	-0.391	-0.176	1.454	353.4
1768	-0.389	-0.173	1.449	353.6
1769	-0.389	-0.173	1.441	353.8
1770	-0.389	-0.174	1.437	354.0
1771	-0.390	-0.173	1.452	354.2
1772	-0.389	-0.174	1.450	354.4
1773	-0.389	-0.172	1.447	354.6
1774	-0.388	-0.174	1.439	354.8
1775	-0.389	-0.172	1.458	355.0
1776	-0.391	-0.172	1.452	355.2
1777	-0.388	-0.170	1.441	355.4
1778	-0.389	-0.174	1.441	355.6
1779	-0.389	-0.172	1.450	355.8
1780	-0.391	-0.175	1.450	356.0
1781	-0.390	-0.174	1.444	356.2
1782	-0.391	-0.173	1.432	356.4
1783	-0.390	-0.170	1.453	356.6
1784	-0.390	-0.173	1.449	356.8
1785	-0.389	-0.172	1.446	357.0
1786	-0.387	-0.172	1.436	357.2
1787	-0.389	-0.173	1.453	357.4
1788	-0.388	-0.172	1.450	357.6
1789	-0.387	-0.172	1.448	357.8
1790	-0.386	-0.173	1.439	358.0
1791	-0.385	-0.171	1.447	358.2
1792	-0.386	-0.171	1.444	358.4
1793	-0.384	-0.171	1.449	358.6
1794	-0.385	-0.169	1.437	358.8
1795	-0.385	-0.172	1.441	359.0
1796	-0.387	-0.169	1.455	359.2
1797	-0.387	-0.173	1.448	359.4
1798	-0.384	-0.171	1.441	359.6
1799	-0.385	-0.173	1.449	359.8
1800	-0.385	-0.171	1.446	360.0
1801	-0.384	-0.172	1.443	360.2
1802	-0.386	-0.172	1.444	360.4
1803	-0.384	-0.172	1.442	360.6
1804	-0.387	-0.173	1.445	360.8
1805	-0.388	-0.170	1.450	361.0
1806	-0.383	-0.172	1.440	361.2
1807	-0.387	-0.170	1.443	361.4
1808	-0.386	-0.170	1.451	361.6
1809	-0.385	-0.172	1.447	361.8
1810	-0.386	-0.171	1.438	362.0
1811	-0.384	-0.172	1.435	362.2
1812	-0.386	-0.172	1.435	362.4
1813	-0.386	-0.171	1.451	362.6
1814	-0.383	-0.173	1.447	362.8
1815	-0.385	-0.173	1.441	363.0
1816	-0.384	-0.172	1.439	363.2
1817	-0.383	-0.172	1.452	363.4
1818	-0.386	-0.173	1.444	363.6
1819	-0.385	-0.169	1.438	363.8
1820	-0.385	-0.171	1.444	364.0
1821	-0.385	-0.173	1.440	364.2
1822	-0.382	-0.170	1.441	364.4
1823	-0.386	-0.171	1.435	364.6
1824	-0.384	-0.169	1.439	364.8
1825	-0.383	-0.171	1.445	365.0
1826	-0.384	-0.169	1.441	365.2
1827	-0.383	-0.172	1.426	365.4
1828	-0.382	-0.168	1.440	365.6
1829	-0.382	-0.172	1.447	365.8
1830	-0.382	-0.169	1.438	366.0
1831	-0.382	-0.174	1.433	366.2
1832	-0.380	-0.171	1.444	366.4
1833	-0.380	-0.171	1.435	366.6
1834	-0.381	-0.170	1.449	366.8
1835	-0.382	-0.170	1.426	367.0
1836	-0.380	-0.168	1.439	367.2
1837	-0.380	-0.169	1.440	367.4
1838	-0.381	-0.167	1.439	367.6
1839	-0.380	-0.168	1.427	367.8
1840	-0.380	-0.167	1.437	368.0
1841	-0.380	-0.169	1.442	368.2
1842	-0.381	-0.167	1.438	368.4
1843	-0.379	-0.168	1.429	368.6
1844	-0.380	-0.167	1.435	368.8
1845	-0.381	-0.171	1.446	369.0
1846	-0.383	-0.172	1.444	369.2
1847	-0.380	-0.170	1.431	369.4
1848	-0.383	-0.166	1.438	369.6
1849	-0.383	-0.168	1.446	369.8
1850	-0.383	-0.170	1.441	370.0
1851	-0.382	-0.172	1.429	370.2
1852	-0.382	-0.171	1.435	370.4
1853	-0.383	-0.168	1.447	370.6
1854	-0.383	-0.169	1.441	370.8
1855	-0.383	-0.170	1.429	371.0
1856	-0.383	-0.168	1.433	371.2
1857	-0.384	-0.169	1.450	371.4
1858	-0.384	-0.172	1.446	371.6
1859	-0.383	-0.168	1.427	371.8
1860	-0.384	-0.170	1.443	372.0
1861	-0.382	-0.169	1.446	372.2
1862	-0.381	-0.171	1.441	372.4
1863	-0.383	-0.169	1.436	372.6
1864	-0.382	-0.168	1.435	372.8
1865	-0.382	-0.173	1.435	373.0
1866	-0.382	-0.170	1.448	373.2
1867	-0.383	-0.173	1.436	373.4
1868	-0.383	-0.168	1.436	373.6
1869	-0.383	-0.170	1.442	373.8
1870	-0.383	-0.169	1.450	374.0
1871	-0.384	-0.173	1.432	374.2
1872	-0.383	-0.168	1.435	374.4
1873	-0.384	-0.170	1.440	374.6
1874	-0.385	-0.167	1.442	374.8
1875	-0.385	-0.169	1.439	375.0
1876	-0.384	-0.167	1.431	375.2
1877	-0.384	-0.170	1.441	375.4
1878	-0.385	-0.167	1.449	375.6
1879	-0.384	-0.170	1.433	375.8
1880	-0.385	-0.169	1.437	376.0
1881	-0.386	-0.169	1.446	376.2
1882	-0.383	-0.170	1.444	376.4
1883	-0.386	-0.170	1.433	376.6
1884	-0.386	-0.167	1.434	376.8
1885	-0.385	-0.168	1.443	377.0
1886	-0.385	-0.170	1.435	377.2
1887	-0.384	-0.168	1.434	377.4
1888	-0.383	-0.167	1.441	377.6
1889	-0.384	-0.165	1.437	377.8
1890	-0.385	-0.167	1.444	378.0
1891	-0.383	-0.168	1.437	378.2
1892	-0.383	-0.168	1.431	378.4
1893	-0.383	-0.165	1.445	378.6
1894	-0.383	-0.165	1.446	378.8
1895	-0.382	-0.164	1.431	379.0
1896	-0.383	-0.166	1.437	379.2
1897	-0.383	-0.165	1.447	379.4
1898	-0.382	-0.165	1.442	379.6
1899	-0.384	-0.165	1.435	379.8
1900	-0.384	-0.165	1.438	380.0
1901	-0.382	-0.168	1.442	380.2
1902	-0.382	-0.166	1.440	380.4
1903	-0.381	-0.163	1.446	380.6
1904	-0.380	-0.167	1.439	380.8
1905	-0.382	-0.166	1.448	381.0
1906	-0.381	-0.167	1.451	381.2
1907	-0.378	-0.167	1.437	381.4
1908	-0.380	-0.165	1.435	381.6
1909	-0.381	-0.165	1.449	381.8
1910	-0.381	-0.165	1.444	382.0
1911	-0.381	-0.168	1.446	382.2
1912	-0.380	-0.169	1.444	382.4
1913	-0.378	-0.168	1.437	382.6
1914	-0.380	-0.167	1.448	382.8
1915	-0.380	-0.170	1.445	383.0
1916	-0.380	-0.166	1.436	383.2
1917	-0.379	-0.168	1.450	383.4
1918	-0.377	-0.166	1.448	383.6
1919	-0.378	-0.164	1.444	383.8
1920	-0.379	-0.168	1.439	384.0
1921	-0.377	-0.167	1.448	384.2
1922	-0.377	-0.165	1.445	384.4
1923	-0.374	-0.163	1.446	384.6
1924	-0.377	-0.167	1.443	384.8
1925	-0.376	-0.164	1.444	385.0
1926	-0.375	-0.165	1.445	385.2
1927	-0.376	-0.167	1.450	385.4
1928	-0.373	-0.165	1.442	385.6
1929	-0.375	-0.161	1.447	385.8
1930	-0.374	-0.165	1.447	386.0
1931	-0.373	-0.163	1.443	386.2
1932	-0.372	-0.165	1.445	386.4
1933	-0.370	-0.165	1.448	386.6
1934	-0.373	-0.164	1.443	386.8
1935	-0.372	-0.164	1.437	387.0
1936	-0.371	-0.166	1.441	387.2
1937	-0.372	-0.165	1.441	387.4
1938	-0.372	-0.166	1.446	387.6
1939	-0.371	-0.166	1.445	387.8
1940	-0.374	-0.167	1.435	388.0
1941	-0.373	-0.165	1.437	388.2
1942	-0.373	-0.167	1.441	388.4
1943	-0.371	-0.169	1.440	388.6
1944	-0.373	-0.165	1.440	388.8
1945	-0.373	-0.168	1.442	389.0
1946	-0.374	-0.168	1.441	389.2
1947	-0.374	-0.169	1.444	389.4
1948	-0.375	-0.168	1.437	389.6
1949	-0.375	-0.165	1.435	389.8
1950	-0.377	-0.167	1.446	390.0
1951	-0.375	-0.168	1.443	390.2
1952	-0.376	-0.167	1.433	390.4
1953	-0.377	-0.167	1.437	390.6
1954	-0.377	-0.170	1.437	390.8
1955	-0.378	-0.167	1.438	391.0
1956	-0.375	-0.170	1.442	391.2
1957	-0.377	-0.168	1.434	391.4
1958	-0.376	-0.167	1.440	391.6
1959	-0.376	-0.168	1.443	391.8
1960	-0.378	-0.167	1.429	392.0
1961	-0.378	-0.169	1.427	392.2
1962	-0.378	-0.169	1.446	392.4
1963	-0.377	-0.169	1.444	392.6
1964	-0.376	-0.169	1.430	392.8
1965	-0.380	-0.166	1.434	393.0
1966	-0.378	-0.167	1.443	393.2
1967	-0.376	-0.167	1.439	393.4
1968	-0.377	-0.165	1.432	393.6
1969	-0.374	-0.165	1.427	393.8
1970	-0.377	-0.164	1.437	394.0
1971	-0.377	-0.167	1.441	394.2
1972	-0.377	-0.165	1.429	394.4
1973	-0.376	-0.166	1.429	394.6
1974	-0.376	-0.165	1.444	394.8
1975	-0.376	-0.162	1.443	395.0
1976	-0.375	-0.164	1.433	395.2
1977	-0.373	-0.165	1.432	395.4
1978	-0.375	-0.163	1.437	395.6
1979	-0.377	-0.165	1.436	395.8
1980	-0.374	-0.164	1.437	396.0
1981	-0.377	-0.165	1.432	396.2
1982	-0.376	-0.164	1.444	396.4
1983	-0.373	-0.165	1.440	396.6
1984	-0.373	-0.165	1.433	396.8
1985	-0.376	-0.165	1.430	397.0
1986	-0.374	-0.164	1.447	397.2
1987	-0.374	-0.167	1.437	397.4
1988	-0.377	-0.164	1.441	397.6
1989	-0.374	-0.167	1.433	397.8
1990	-0.374	-0.163	1.434	398.0
1991	-0.377	-0.166	1.440	398.2
1992	-0.375	-0.165	1.435	398.4
1993	-0.376	-0.165	1.434	398.6
1994	-0.374	-0.164	1.435	398.8
1995	-0.376	-0.167	1.437	399.0
1996	-0.375	-0.162	1.431	399.2
1997	-0.374	-0.163	1.423	399.4
1998	-0.374	-0.166	1.442	399.6
1999	-0.375	-0.163	1.439	399.8
2000	-0.377	-0.165	1.434	400.0
2001	-0.375	-0.164	1.429	400.2
2002	-0.374	-0.164	1.435	400.4
2003	-0.374	-0.167	1.438	400.6
2004	-0.374	-0.165	1.435	400.8
2005	-0.374	-0.165	1.428	401.0
2006	-0.374	-0.168	1.443	401.2
2007	-0.373	-0.165	1.453	401.4
2008	-0.371	-0.167	1.434	401.6
2009	-0.373	-0.167	1.423	401.8
2010	-0.373	-0.167	1.444	402.0
2011	-0.373	-0.164	1.451	402.2
2012	-0.374	-0.168	1.436	402.4
2013	-0.373	-0.165	1.429	402.6
2014	-0.374	-0.166	1.445	402.8
2015	-0.373	-0.167	1.440	403.0
2016	-0.373	-0.164	1.439	403.2
2017	-0.373	-0.165	1.443	403.4
2018	-0.369	-0.166	1.444	403.6
2019	-0.371	-0.166	1.443	403.8
2020	-0.614	-0.277	1.854	404.0
2021	-0.599	-0.267	1.813	404.2
2022	-0.589	-0.263	1.821	404.4
2023	-0.582	-0.260	1.791	404.6
2024	-0.576	-0.258	1.782	404.8
2025	-0.573	-0.253	1.790	405.0
2026	-0.571	-0.254	1.786	405.2
2027	-0.568	-0.253	1.763	405.4
2028	-0.565	-0.253	1.762	405.6
2029	-0.561	-0.253	1.770	405.8
2030	-0.560	-0.252	1.765	406.0
2031	-0.561	-0.251	1.762	406.2
2032	-0.558	-0.252	1.744	406.4
2033	-0.555	-0.253	1.744	406.6
2034	-0.553	-0.248	1.757	406.8
2035	-0.553	-0.250	1.750	407.0
2036	-0.551	-0.249	1.738	407.2
2037	-0.548	-0.245	1.747	407.4
2038	-0.547	-0.246	1.744	407.6
2039	-0.546	-0.248	1.738	407.8
2040	-0.546	-0.246	1.732	408.0
2041	-0.545	-0.244	1.736	408.2
2042	-0.542	-0.243	1.730	408.4
2043	-0.542	-0.243	1.734	408.6
2044	-0.541	-0.241	1.732	408.8
2045	-0.538	-0.240	1.724	409.0
2046	-0.537	-0.238	1.732	409.2
2047	-0.537	-0.237	1.732	409.4
2048	-0.536	-0.240	1.717	409.6
2049	-0.534	-0.236	1.725	409.8
2050	-0.530	-0.235	1.729	410.0
2051	-0.533	-0.238	1.717	410.2
2052	-0.533	-0.233	1.713	410.4
2053	-0.531	-0.232	1.710	410.6
2054	-0.531	-0.234	1.721	410.8
2055	-0.530	-0.232	1.720	411.0
2056	-0.530	-0.231	1.715	411.2
2057	-0.530	-0.234	1.708	411.4
2058	-0.528	-0.231	1.712	411.6
2059	-0.526	-0.230	1.722	411.8
2060	-0.525	-0.230	1.705	412.0
2061	-0.525	-0.228	1.692	412.2
2062	-0.524	-0.225	1.716	412.4
2063	-0.521	-0.228	1.713	412.6
2064	-0.524	-0.228	1.704	412.8
2065	-0.521	-0.225	1.693	413.0
2066	-0.519	-0.227	1.711	413.2
2067	-0.519	-0.227	1.703	413.4
2068	-0.521	-0.225	1.702	413.6
2069	-0.520	-0.228	1.695	413.8
2070	-0.518	-0.229	1.707	414.0
2071	-0.517	-0.228	1.702	414.2
2072	-0.518	-0.227	1.700	414.4
2073	-0.517	-0.229	1.696	414.6
2074	-0.515	-0.228	1.700	414.8
2075	-0.514	-0.226	1.703	415.0
2076	-0.514	-0.228	1.700	415.2
2077	-0.514	-0.227	1.693	415.4
2078	-0.514	-0.228	1.706	415.6
2079	-0.513	-0.229	1.703	415.8
2080	-0.512	-0.231	1.694	416.0
2081	-0.514	-0.227	1.687	416.2
2082	-0.512	-0.226	1.703	416.4
2083	-0.513	-0.229	1.702	416.6
2084	-0.514	-0.228	1.691	416.8
2085	-0.513	-0.226	1.687	417.0
2086	-0.515	-0.227	1.700	417.2
2087	-0.513	-0.229	1.691	417.4
2088	-0.513	-0.223	1.688	417.6
2089	-0.513	-0.224	1.691	417.8
2090	-0.513	-0.225	1.691	418.0
2091	-0.512	-0.220	1.688	418.2
2092	-0.513	-0.224	1.693	418.4
2093	-0.514	-0.222	1.681	418.6
2094	-0.512	-0.222	1.681	418.8
2095	-0.511	-0.221	1.687	419.0
2096	-0.512	-0.220	1.692	419.2
2097	-0.511	-0.223	1.679	419.4
2098	-0.511	-0.222	1.675	419.6
2099	-0.511	-0.219	1.690	419.8
2100	-0.509	-0.222	1.689	420.0
2101	-0.510	-0.221	1.670	420.2
2102	-0.511	-0.220	1.677	420.4
2103	-0.510	-0.221	1.689	420.6
2104	-0.508	-0.221	1.679	420.8
2105	-0.507	-0.224	1.665	421.0
2106	-0.506	-0.221	1.680	421.2
2107	-0.507	-0.223	1.693	421.4
2108	-0.505	-0.224	1.672	421.6
2109	-0.506	-0.223	1.669	421.8
2110	-0.506	-0.223	1.677	422.0
2111	-0.506	-0.224	1.687	422.2
2112	-0.506	-0.221	1.672	422.4
2113	-0.505	-0.221	1.671	422.6
2114	-0.505	-0.222	1.667	422.8
2115	-0.506	-0.223	1.682	423.0
2116	-0.508	-0.222	1.677	423.2
2117	-0.507	-0.221	1.667	423.4
2118	-0.505	-0.222	1.668	423.6
2119	-0.505	-0.221	1.682	423.8
2120	-0.504	-0.221	1.675	424.0
2121	-0.505	-0.220	1.661	424.2
2122	-0.506	-0.222	1.668	424.4
2123	-0.505	-0.222	1.678	424.6
2124	-0.506	-0.222	1.663	424.8
2125	-0.505	-0.222	1.666	425.0
2126	-0.504	-0.222	1.666	425.2
2127	-0.504	-0.219	1.669	425.4
2128	-0.503	-0.220	1.665	425.6
2129	-0.504	-0.220	1.662	425.8
2130	-0.503	-0.220	1.655	426.0
2131	-0.502	-0.220	1.681	426.2
2132	-0.502	-0.220	1.669	426.4
2133	-0.504	-0.221	1.659	426.6
2134	-0.503	-0.219	1.661	426.8
2135	-0.502	-0.222	1.666	427.0
2136	-0.501	-0.221	1.661	427.2
2137	-0.503	-0.219	1.663	427.4
2138	-0.501	-0.218	1.658	427.6
2139	-0.502	-0.219	1.666	427.8
2140	-0.500	-0.221	1.667	428.0
2141	-0.501	-0.220	1.663	428.2
2142	-0.500	-0.219	1.658	428.4
2143	-0.501	-0.221	1.668	428.6
2144	-0.501	-0.218	1.666	428.8
2145	-0.497	-0.220	1.658	429.0
2146	-0.498	-0.218	1.657	429.2
2147	-0.498	-0.218	1.663	429.4
2148	-0.498	-0.218	1.664	429.6
2149	-0.499	-0.221	1.669	429.8
2150	-0.497	-0.219	1.660	430.0
2151	-0.496	-0.216	1.667	430.2
2152	-0.497	-0.219	1.666	430.4
2153	-0.497	-0.220	1.666	430.6
2154	-0.494	-0.219	1.655	430.8
2155	-0.495	-0.219	1.661	431.0
2156	-0.495	-0.219	1.660	431.2
2157	-0.496	-0.222	1.662	431.4
2158	-0.494	-0.217	1.658	431.6
2159	-0.495	-0.217	1.662	431.8
2160	-0.494	-0.220	1.655	432.0
2161	-0.492	-0.219	1.662	432.2
2162	-0.494	-0.216	1.653	432.4
2163	-0.494	-0.219	1.653	432.6
2164	-0.493	-0.218	1.661	432.8
2165	-0.493	-0.216	1.667	433.0
2166	-0.494	-0.217	1.652	433.2
2167	-0.493	-0.217	1.655	433.4
2168	-0.493	-0.216	1.665	433.6
2169	-0.491	-0.215	1.661	433.8
2170	-0.493	-0.218	1.658	434.0
2171	-0.493	-0.218	1.659	434.2
2172	-0.490	-0.215	1.655	434.4
2173	-0.494	-0.216	1.659	434.6
2174	-0.494	-0.217	1.661	434.8
2175	-0.493	-0.216	1.653	435.0
2176	-0.492	-0.216	1.659	435.2
2177	-0.492	-0.218	1.668	435.4
2178	-0.492	-0.217	1.659	435.6
2179	-0.494	-0.215	1.653	435.8
2180	-0.491	-0.219	1.663	436.0
2181	-0.490	-0.218	1.663	436.2
2182	-0.491	-0.218	1.655	436.4
2183	-0.490	-0.216	1.655	436.6
2184	-0.492	-0.220	1.665	436.8
2185	-0.490	-0.219	1.663	437.0
2186	-0.492	-0.218	1.653	437.2
2187	-0.491	-0.217	1.656	437.4
2188	-0.490	-0.220	1.663	437.6
2189	-0.494	-0.219	1.666	437.8
2190	-0.493	-0.218	1.656	438.0
2191	-0.493	-0.220	1.650	438.2
2192	-0.492	-0.220	1.660	438.4
2193	-0.490	-0.219	1.666	438.6
2194	-0.491	-0.218	1.653	438.8
2195	-0.492	-0.217	1.650	439.0
2196	-0.491	-0.219	1.660	439.2
2197	-0.491	-0.220	1.666	439.4
2198	-0.491	-0.219	1.648	439.6
2199	-0.493	-0.219	1.651	439.8
2200	-0.491	-0.220	1.663	440.0
2201	-0.491	-0.221	1.659	440.2
2202	-0.491	-0.220	1.659	440.4
2203	-0.491	-0.216	1.653	440.6
2204	-0.491	-0.220	1.651	440.8
2205	-0.492	-0.223	1.668	441.0
2206	-0.493	-0.223	1.657	441.2
2207	-0.493	-0.222	1.650	441.4
2208	-0.493	-0.222	1.660	441.6
2209	-0.493	-0.223	1.663	441.8
2210	-0.495	-0.222	1.652	442.0
2211	-0.493	-0.220	1.654	442.2
2212	-0.493	-0.220	1.655	442.4
2213	-0.495	-0.220	1.661	442.6
2214	-0.495	-0.222	1.659	442.8
2215	-0.495	-0.220	1.653	443.0
2216	-0.495	-0.221	1.653	443.2
2217	-0.495	-0.222	1.666	443.4
2218	-0.495	-0.221	1.659	443.6
2219	-0.495	-0.221	1.643	443.8
2220	-0.496	-0.224	1.661	444.0
2221	-0.495	-0.222	1.664	444.2
2222	-0.495	-0.222	1.657	444.4
2223	-0.495	-0.222	1.649	444.6
2224	-0.495	-0.221	1.654	444.8
2225	-0.496	-0.223	1.661	445.0
2226	-0.497	-0.222	1.653	445.2
2227	-0.497	-0.224	1.645	445.4
2228	-0.497	-0.221	1.654	445.6
2229	-0.496	-0.221	1.662	445.8
2230	-0.496	-0.225	1.651	446.0
2231	-0.499	-0.221	1.653	446.2
2232	-0.498	-0.221	1.653	446.4
2233	-0.497	-0.222	1.661	446.6
2234	-0.498	-0.220	1.650	446.8
2235	-0.499	-0.220	1.645	447.0
2236	-0.497	-0.221	1.650	447.2
2237	-0.497	-0.224	1.665	447.4
2238	-0.497	-0.220	1.652	447.6
2239	-0.499	-0.219	1.648	447.8
2240	-0.494	-0.219	1.647	448.0
2241	-0.497	-0.223	1.659	448.2
2242	-0.496	-0.218	1.652	448.4
2243	-0.499	-0.220	1.639	448.6
2244	-0.498	-0.220	1.646	448.8
2245	-0.499	-0.219	1.665	449.0
2246	-0.497	-0.221	1.650	449.2
2247	-0.500	-0.220	1.639	449.4
2248	-0.498	-0.220	1.645	449.6
2249	-0.497	-0.217	1.661	449.8
2250	-0.498	-0.220	1.655	450.0
2251	-0.500	-0.221	1.647	450.2
2252	-0.499	-0.221	1.645	450.4
2253	-0.498	-0.217	1.660	450.6
2254	-0.499	-0.218	1.650	450.8
2255	-0.497	-0.219	1.637	451.0
2256	-0.498	-0.219	1.643	451.2
2257	-0.497	-0.217	1.654	451.4
2258	-0.495	-0.216	1.652	451.6
2259	-0.497	-0.218	1.645	451.8
2260	-0.497	-0.220	1.641	452.0
2261	-0.497	-0.219	1.649	452.2
2262	-0.495	-0.217	1.650	452.4
2263	-0.497	-0.219	1.648	452.6
2264	-0.495	-0.220	1.641	452.8
2265	-0.498	-0.218	1.655	453.0
2266	-0.497	-0.220	1.651	453.2
2267	-0.496	-0.221	1.641	453.4
2268	-0.498	-0.221	1.644	453.6
2269	-0.498	-0.218	1.645	453.8
2270	-0.493	-0.216	1.651	454.0
2271	-0.495	-0.221	1.651	454.2
2272	-0.494	-0.222	1.643	454.4
2273	-0.496	-0.219	1.647	454.6
2274	-0.496	-0.219	1.653	454.8
2275	-0.495	-0.221	1.641	455.0
2276	-0.492	-0.222	1.645	455.2
2277	-0.495	-0.221	1.645	455.4
2278	-0.495	-0.220	1.653	455.6
2279	-0.495	-0.222	1.645	455.8
2280	-0.497	-0.219	1.647	456.0
2281	-0.493	-0.222	1.639	456.2
2282	-0.492	-0.221	1.646	456.4
2283	-0.495	-0.221	1.647	456.6
2284	-0.494	-0.224	1.643	456.8
2285	-0.497	-0.221	1.640	457.0
2286	-0.494	-0.222	1.651	457.2
2287	-0.494	-0.223	1.641	457.4
2288	-0.492	-0.223	1.642	457.6
2289	-0.494	-0.221	1.645	457.8
2290	-0.496	-0.219	1.645	458.0
2291	-0.493	-0.220	1.636	458.2
2292	-0.493	-0.222	1.641	458.4
2293	-0.492	-0.221	1.642	458.6
2294	-0.493	-0.218	1.650	458.8
2295	-0.493	-0.221	1.643	459.0
2296	-0.493	-0.222	1.641	459.2
2297	-0.494	-0.221	1.635	459.4
2298	-0.493	-0.219	1.643	459.6
2299	-0.493	-0.219	1.647	459.8
2300	-0.494	-0.219	1.639	460.0
2301	-0.496	-0.220	1.639	460.2
2302	-0.493	-0.221	1.647	460.4
2303	-0.491	-0.219	1.635	460.6
2304	-0.494	-0.219	1.637	460.8
2305	-0.495	-0.220	1.645	461.0
2306	-0.494	-0.217	1.646	461.2
2307	-0.494	-0.219	1.641	461.4
2308	-0.494	-0.217	1.643	461.6
2309	-0.494	-0.220	1.634	461.8
2310	-0.494	-0.219	1.647	462.0
2311	-0.493	-0.218	1.653	462.2
2312	-0.492	-0.220	1.649	462.4
2313	-0.493	-0.220	1.634	462.6
2314	-0.491	-0.222	1.649	462.8
2315	-0.492	-0.223	1.650	463.0
2316	-0.493	-0.221	1.641	463.2
2317	-0.495	-0.222	1.642	463.4
2318	-0.493	-0.222	1.649	463.6
2319	-0.494	-0.223	1.644	463.8
2320	-0.493	-0.225	1.644	464.0
2321	-0.493	-0.223	1.651	464.2
2322	-0.493	-0.220	1.635	464.4
2323	-0.490	-0.223	1.646	464.6
2324	-0.490	-0.223	1.657	464.8
2325	-0.492	-0.223	1.643	465.0
2326	-0.493	-0.222	1.635	465.2
2327	-0.491	-0.222	1.651	465.4
2328	-0.491	-0.222	1.651	465.6
2329	-0.492	-0.219	1.641	465.8
2330	-0.490	-0.222	1.639	466.0
2331	-0.491	-0.221	1.652	466.2
2332	-0.490	-0.221	1.642	466.4
2333	-0.492	-0.219	1.638	466.6
2334	-0.488	-0.220	1.647	466.8
2335	-0.488	-0.218	1.650	467.0
2336	-0.490	-0.219	1.644	467.2
2337	-0.489	-0.218	1.633	467.4
2338	-0.489	-0.216	1.645	467.6
2339	-0.488	-0.216	1.644	467.8
2340	-0.489	-0.218	1.650	468.0
2341	-0.487	-0.219	1.645	468.2
2342	-0.488	-0.221	1.641	468.4
2343	-0.488	-0.220	1.640	468.6
2344	-0.488	-0.217	1.645	468.8
2345	-0.490	-0.220	1.643	469.0
2346	-0.488	-0.218	1.635	469.2
2347	-0.487	-0.219	1.651	469.4
2348	-0.486	-0.218	1.645	469.6
2349	-0.487	-0.217	1.639	469.8
2350	-0.489	-0.217	1.638	470.0
2351	-0.488	-0.217	1.643	470.2
2352	-0.487	-0.216	1.645	470.4
2353	-0.488	-0.216	1.648	470.6
2354	-0.486	-0.217	1.637	470.8
2355	-0.486	-0.214	1.645	471.0
2356	-0.486	-0.215	1.655	471.2
2357	-0.486	-0.216	1.648	471.4
2358	-0.486	-0.215	1.634	471.6
2359	-0.484	-0.214	1.647	471.8
2360	-0.484	-0.217	1.648	472.0
2361	-0.485	-0.216	1.653	472.2
2362	-0.485	-0.216	1.644	472.4
2363	-0.484	-0.215	1.642	472.6
2364	-0.484	-0.215	1.647	472.8
2365	-0.484	-0.216	1.650	473.0
2366	-0.486	-0.219	1.639	473.2
2367	-0.485	-0.217	1.646	473.4
2368	-0.484	-0.218	1.653	473.6
2369	-0.484	-0.218	1.643	473.8
2370	-0.488	-0.215	1.641	474.0
2371	-0.485	-0.215	1.642	474.2
2372	-0.485	-0.215	1.650	474.4
2373	-0.483	-0.216	1.660	474.6
2374	-0.484	-0.215	1.643	474.8
2375	-0.486	-0.219	1.634	475.0
2376	-0.483	-0.216	1.651	475.2
2377	-0.484	-0.216	1.652	475.4
2378	-0.484	-0.218	1.644	475.6
2379	-0.485	-0.220	1.640	475.8
2380	-0.485	-0.218	1.642	476.0
2381	-0.484	-0.219	1.656	476.2
2382	-0.484	-0.217	1.642	476.4
2383	-0.485	-0.218	1.639	476.6
2384	-0.483	-0.220	1.650	476.8
2385	-0.483	-0.219	1.652	477.0
2386	-0.483	-0.218	1.644	477.2
2387	-0.485	-0.221	1.640	477.4
2388	-0.483	-0.221	1.642	477.6
2389	-0.482	-0.222	1.657	477.8
2390	-0.483	-0.220	1.646	478.0
2391	-0.482	-0.219	1.635	478.2
2392	-0.486	-0.219	1.649	478.4
2393	-0.482	-0.222	1.654	478.6
2394	-0.484	-0.223	1.643	478.8
2395	-0.483	-0.221	1.639	479.0
2396	-0.485	-0.222	1.645	479.2
2397	-0.485	-0.222	1.652	479.4
2398	-0.483	-0.223	1.653	479.6
2399	-0.485	-0.222	1.640	479.8
2400	-0.486	-0.221	1.637	480.0
2401	-0.485	-0.218	1.654	480.2
2402	-0.483	-0.219	1.653	480.4
2403	-0.483	-0.220	1.646	480.6
2404	-0.483	-0.219	1.643	480.8
2405	-0.485	-0.221	1.639	481.0
2406	-0.483	-0.220	1.651	481.2
2407	-0.487	-0.221	1.647	481.4
2408	-0.486	-0.220	1.641	481.6
2409	-0.489	-0.220	1.647	481.8
2410	-0.486	-0.221	1.652	482.0
2411	-0.483	-0.220	1.636	482.2
2412	-0.487	-0.219	1.646	482.4
2413	-0.485	-0.218	1.648	482.6
2414	-0.485	-0.219	1.643	482.8
2415	-0.485	-0.221	1.643	483.0
2416	-0.485	-0.223	1.647	483.2
2417	-0.485	-0.220	1.651	483.4
2418	-0.487	-0.223	1.647	483.6
2419	-0.485	-0.219	1.636	483.8
2420	-0.484	-0.218	1.638	484.0
2421	-0.484	-0.218	1.647	484.2
2422	-0.484	-0.220	1.647	484.4
2423	-0.483	-0.220	1.645	484.6
2424	-0.484	-0.221	1.642	484.8
2425	-0.484	-0.221	1.641	485.0
2426	-0.485	-0.221	1.647	485.2
2427	-0.484	-0.220	1.648	485.4
2428	-0.484	-0.217	1.643	485.6
2429	-0.485	-0.220	1.649	485.8
2430	-0.486	-0.220	1.645	486.0
2431	-0.485	-0.221	1.635	486.2
2432	-0.484	-0.220	1.640	486.4
2433	-0.485	-0.222	1.649	486.6
2434	-0.485	-0.224	1.649	486.8
2435	-0.483	-0.222	1.646	487.0
2436	-0.484	-0.221	1.633	487.2
2437	-0.484	-0.221	1.649	487.4
2438	-0.486	-0.223	1.647	487.6
2439	-0.485	-0.222	1.639	487.8
2440	-0.482	-0.223	1.633	488.0
2441	-0.484	-0.221	1.645	488.2
2442	-0.485	-0.219	1.652	488.4
2443	-0.484	-0.220	1.649	488.6
2444	-0.483	-0.221	1.632	488.8
2445	-0.482	-0.221	1.634	489.0
2446	-0.484	-0.222	1.642	489.2
2447	-0.486	-0.221	1.645	489.4
2448	-0.484	-0.221	1.637	489.6
2449	-0.487	-0.218	1.643	489.8
2450	-0.486	-0.221	1.644	490.0
2451	-0.486	-0.220	1.643	490.2
2452	-0.487	-0.221	1.635	490.4
2453	-0.484	-0.221	1.648	490.6
2454	-0.485	-0.220	1.646	490.8
2455	-0.484	-0.224	1.648	491.0
2456	-0.484	-0.223	1.639	491.2
2457	-0.486	-0.220	1.640	491.4
2458	-0.487	-0.221	1.645	491.6
2459	-0.487	-0.221	1.651	491.8
2460	-0.486	-0.223	1.641	492.0
2461	-0.486	-0.223	1.652	492.2
2462	-0.486	-0.223	1.649	492.4
2463	-0.487	-0.223	1.643	492.6
2464	-0.487	-0.222	1.643	492.8
2465	-0.490	-0.222	1.646	493.0
2466	-0.489	-0.220	1.656	493.2
2467	-0.489	-0.221	1.649	493.4
2468	-0.489	-0.222	1.640	493.6
2469	-0.486	-0.218	1.644	493.8
2470	-0.486	-0.217	1.646	494.0
2471	-0.488	-0.216	1.648	494.2
2472	-0.486	-0.215	1.641	494.4
2473	-0.487	-0.217	1.635	494.6
2474	-0.487	-0.215	1.649	494.8
2475	-0.485	-0.220	1.648	495.0
2476	-0.485	-0.217	1.636	495.2
2477	-0.485	-0.215	1.637	495.4
2478	-0.485	-0.215	1.639	495.6
2479	-0.485	-0.217	1.649	495.8
2480	-0.484	-0.214	1.647	496.0
2481	-0.482	-0.216	1.639	496.2
2482	-0.486	-0.215	1.632	496.4
2483	-0.484	-0.216	1.638	496.6
2484	-0.484	-0.216	1.643	496.8
2485	-0.482	-0.216	1.638	497.0
2486	-0.483	-0.217	1.635	497.2
2487	-0.483	-0.219	1.650	497.4
2488	-0.482	-0.219	1.641	497.6
2489	-0.483	-0.222	1.641	497.8
2490	-0.483	-0.221	1.645	498.0
2491	-0.480	-0.222	1.644	498.2
2492	-0.481	-0.221	1.645	498.4
2493	-0.479	-0.219	1.645	498.6
2494	-0.483	-0.218	1.640	498.8
2495	-0.482	-0.222	1.640	499.0
2496	-0.481	-0.224	1.643	499.2
2497	-0.481	-0.222	1.637	499.4
2498	-0.480	-0.222	1.654	499.6
2499	-0.481	-0.224	1.640	499.8
2500	-0.481	-0.224	1.635	500.0
2501	-0.481	-0.225	1.637	500.2
2502	-0.478	-0.225	1.636	500.4
2503	-0.477	-0.227	1.652	500.6
2504	-0.479	-0.226	1.641	500.8
2505	-0.481	-0.228	1.632	501.0
2506	-0.479	-0.228	1.643	501.2
2507	-0.476	-0.228	1.642	501.4
2508	-0.479	-0.226	1.639	501.6
2509	-0.480	-0.225	1.627	501.8
2510	-0.478	-0.225	1.633	502.0
2511	-0.477	-0.228	1.649	502.2
2512	-0.477	-0.228	1.651	502.4
2513	-0.476	-0.225	1.623	502.6
2514	-0.479	-0.224	1.630	502.8
2515	-0.479	-0.225	1.643	503.0
2516	-0.477	-0.224	1.636	503.2
2517	-0.478	-0.223	1.624	503.4
2518	-0.479	-0.222	1.633	503.6
2519	-0.481	-0.220	1.639	503.8
2520	-0.399	-0.184	1.403	504.0
2521	-0.123	-0.081	0.970	504.2
2522	0.012	-0.003	0.783	504.4
2523	0.014	-0.004	0.764	504.6
2524	0.012	-0.005	0.772	504.8
2525	0.011	-0.008	0.783	505.0
2526	0.012	-0.008	0.775	505.2
2527	0.011	-0.009	0.775	505.4
2528	0.010	-0.007	0.774	505.6
2529	0.011	-0.002	0.781	505.8
2530	0.014	0.000	0.783	506.0
2531	0.010	-0.002	0.776	506.2
2532	0.012	-0.002	0.778	506.4
2533	0.013	-0.004	0.778	506.6
2534	0.013	-0.002	0.778	506.8
2535	0.011	-0.002	0.772	507.0
2536	0.009	-0.002	0.785	507.2
2537	0.009	-0.003	0.778	507.4
2538	0.011	-0.001	0.776	507.6
2539	0.011	0.004	0.779	507.8
2540	0.011	0.005	0.771	508.0
2541	0.012	0.001	0.779	508.2
2542	0.013	0.001	0.780	508.4
2543	0.011	0.000	0.780	508.6
2544	0.011	0.002	0.776	508.8
2545	0.012	0.002	0.776	509.0
2546	0.009	0.004	0.782	509.2
2547	0.012	0.001	0.778	509.4
2548	0.013	0.004	0.776	509.6
2549	0.010	0.005	0.776	509.8
2550	0.007	0.001	0.778	510.0
2551	0.009	-0.001	0.782	510.2
2552	0.010	0.001	0.774	510.4
2553	0.011	0.001	0.778	510.6
2554	0.009	0.005	0.781	510.8
2555	0.008	0.005	0.779	511.0
2556	0.009	0.001	0.775	511.2
2557	0.007	0.001	0.776	511.4
2558	0.009	0.002	0.778	511.6
2559	0.007	-0.004	0.779	511.8
2560	0.009	-0.002	0.778	512.0
2561	0.007	0.004	0.775	512.2
2562	0.009	0.005	0.778	512.4
2563	0.007	0.005	0.778	512.6
2564	0.007	0.002	0.780	512.8
2565	0.006	0.001	0.775	513.0
2566	0.006	-0.002	0.779	513.2
2567	0.006	-0.002	0.779	513.4
2568	0.007	-0.002	0.776	513.6
2569	0.007	0.000	0.777	513.8
2570	0.006	-0.001	0.779	514.0
2571	0.004	-0.002	0.784	514.2
2572	0.006	-0.003	0.780	514.4
2573	0.004	0.002	0.777	514.6
2574	0.005	0.000	0.780	514.8
2575	0.007	0.000	0.782	515.0
2576	0.005	-0.003	0.778	515.2
2577	0.006	-0.001	0.776	515.4
2578	0.005	0.001	0.777	515.6
2579	0.006	0.001	0.777	515.8
2580	0.005	0.002	0.780	516.0
2581	0.003	0.000	0.775	516.2
2582	0.005	-0.003	0.778	516.4
2583	0.003	-0.003	0.778	516.6
2584	0.003	-0.003	0.778	516.8
2585	0.003	-0.001	0.775	517.0
2586	0.002	0.000	0.778	517.2
2587	0.006	-0.001	0.776	517.4
2588	0.004	-0.002	0.781	517.6
2589	0.003	-0.004	0.778	517.8
2590	0.005	-0.005	0.779	518.0
2591	0.003	-0.004	0.777	518.2
2592	0.007	-0.006	0.778	518.4
2593	0.003	-0.003	0.777	518.6
2594	0.004	-0.002	0.777	518.8
2595	0.003	-0.004	0.777	519.0
2596	-0.001	-0.005	0.779	519.2
2597	0.000	-0.007	0.777	519.4
2598	0.001	-0.006	0.775	519.6
2599	0.005	-0.008	0.779	519.8
2600	0.002	-0.005	0.779	520.0
2601	0.001	-0.008	0.776	520.2
2602	0.003	-0.006	0.777	520.4
2603	0.003	-0.007	0.775	520.6
2604	0.002	-0.009	0.780	520.8
2605	0.003	-0.007	0.778	521.0
2606	0.003	-0.007	0.775	521.2
2607	0.003	-0.005	0.780	521.4
2608	0.007	-0.008	0.775	521.6
2609	0.004	-0.006	0.775	521.8
2610	0.004	-0.005	0.777	522.0
2611	0.002	-0.005	0.781	522.2
2612	0.003	-0.008	0.781	522.4
2613	0.004	-0.008	0.778	522.6
2614	0.003	-0.008	0.775	522.8
2615	0.001	-0.005	0.776	523.0
2616	0.005	-0.006	0.778	523.2
2617	0.005	-0.004	0.777	523.4
2618	0.006	-0.005	0.776	523.6
2619	0.004	-0.005	0.778	523.8
2620	0.003	-0.007	0.782	524.0
2621	0.005	-0.008	0.778	524.2
2622	0.003	-0.006	0.774	524.4
2623	0.004	-0.008	0.778	524.6
2624	0.008	-0.006	0.783	524.8
2625	0.006	-0.003	0.778	525.0
2626	0.006	-0.006	0.776	525.2
2627	0.007	-0.004	0.779	525.4
2628	0.007	-0.005	0.782	525.6
2629	0.006	-0.007	0.778	525.8
2630	0.008	-0.006	0.778	526.0
2631	0.010	-0.005	0.780	526.2
2632	0.011	-0.002	0.778	526.4
2633	0.011	-0.002	0.779	526.6
2634	0.011	-0.003	0.776	526.8
2635	0.011	-0.005	0.774	527.0
2636	0.013	-0.006	0.780	527.2
2637	0.013	-0.008	0.778	527.4
2638	0.011	-0.006	0.775	527.6
2639	0.016	-0.005	0.778	527.8
2640	0.013	-0.003	0.778	528.0
2641	0.015	-0.003	0.776	528.2
2642	0.013	-0.005	0.776	528.4
2643	0.015	-0.010	0.776	528.6
2644	0.013	-0.008	0.778	528.8
2645	0.015	-0.007	0.778	529.0
2646	0.014	-0.005	0.774	529.2
2647	0.015	-0.005	0.773	529.4
2648	0.015	-0.005	0.778	529.6
2649	0.014	-0.005	0.782	529.8
2650	0.014	-0.005	0.773	530.0
2651	0.013	-0.007	0.774	530.2
2652	0.012	-0.006	0.778	530.4
2653	0.013	-0.002	0.779	530.6
2654	0.010	-0.003	0.778	530.8
2655	0.009	-0.003	0.775	531.0
2656	0.008	-0.005	0.775	531.2
2657	0.006	-0.012	0.776	531.4
2658	0.007	-0.011	0.777	531.6
2659	0.011	-0.009	0.778	531.8
2660	0.006	-0.005	0.777	532.0
2661	0.005	-0.002	0.780	532.2
2662	0.005	-0.001	0.780	532.4
2663	0.005	-0.002	0.778	532.6
2664	0.007	-0.002	0.776	532.8
2665	0.006	-0.005	0.780	533.0
2666	0.005	-0.005	0.777	533.2
2667	0.005	-0.007	0.772	533.4
2668	0.007	-0.004	0.777	533.6
2669	0.009	-0.001	0.779	533.8
2670	0.010	0.001	0.783	534.0
2671	0.010	-0.004	0.775	534.2
2672	0.010	-0.003	0.776	534.4
2673	0.007	-0.007	0.778	534.6
2674	0.009	-0.006	0.778	534.8
2675	0.008	-0.005	0.772	535.0
2676	0.007	-0.003	0.776	535.2
2677	0.012	-0.002	0.778	535.4
2678	0.010	-0.003	0.780	535.6
2679	0.009	-0.004	0.776	535.8
2680	0.010	-0.005	0.778	536.0
2681	0.010	-0.007	0.778	536.2
2682	0.008	-0.005	0.780	536.4
2683	0.009	-0.005	0.778	536.6
2684	0.010	-0.005	0.776	536.8
2685	0.010	-0.006	0.778	537.0
2686	0.009	-0.006	0.778	537.2
2687	0.009	-0.004	0.780	537.4
2688	0.009	-0.005	0.773	537.6
2689	0.009	-0.005	0.779	537.8
2690	0.009	-0.006	0.781	538.0
2691	0.008	-0.006	0.778	538.2
2692	0.010	0.000	0.777	538.4
2693	0.010	0.001	0.777	538.6
2694	0.011	0.000	0.778	538.8
2695	0.010	-0.005	0.781	539.0
2696	0.010	-0.004	0.777	539.2
2697	0.011	-0.007	0.778	539.4
2698	0.009	-0.003	0.780	539.6
2699	0.010	-0.002	0.779	539.8
2700	0.013	-0.001	0.775	540.0
2701	0.012	-0.002	0.772	540.2
2702	0.012	-0.002	0.778	540.4
2703	0.013	-0.005	0.780	540.6
2704	0.012	-0.006	0.773	540.8
2705	0.011	-0.007	0.777	541.0
2706	0.011	-0.005	0.778	541.2
2707	0.011	-0.003	0.783	541.4
2708	0.013	0.000	0.774	541.6
2709	0.010	-0.002	0.774	541.8
2710	0.009	-0.002	0.779	542.0
2711	0.010	-0.005	0.777	542.2
2712	0.012	-0.004	0.773	542.4
2713	0.010	-0.008	0.775	542.6
2714	0.011	-0.007	0.776	542.8
2715	0.011	-0.007	0.779	543.0
2716	0.010	-0.005	0.776	543.2
2717	0.011	-0.001	0.772	543.4
2718	0.010	-0.002	0.779	543.6
2719	0.008	-0.005	0.779	543.8
2720	0.009	-0.006	0.775	544.0
2721	0.008	-0.007	0.775	544.2
2722	0.009	-0.006	0.778	544.4
2723	0.007	-0.007	0.779	544.6
2724	0.009	-0.006	0.778	544.8
2725	0.010	-0.007	0.775	545.0
2726	0.011	-0.005	0.778	545.2
2727	0.011	-0.007	0.778	545.4
2728	0.010	-0.009	0.778	545.6
2729	0.013	-0.007	0.773	545.8
2730	0.014	-0.008	0.775	546.0
2731	0.015	-0.007	0.779	546.2
2732	0.015	-0.005	0.781	546.4
2733	0.013	-0.006	0.776	546.6
2734	0.013	-0.005	0.776	546.8
2735	0.015	-0.006	0.779	547.0
2736	0.014	-0.003	0.778	547.2
2737	0.014	-0.005	0.774	547.4
2738	0.011	-0.005	0.777	547.6
2739	0.011	-0.005	0.778	547.8
2740	0.009	-0.005	0.777	548.0
2741	0.011	-0.005	0.777	548.2
2742	0.009	-0.005	0.776	548.4
2743	0.007	-0.005	0.780	548.6
2744	0.011	-0.004	0.779	548.8
2745	0.011	-0.005	0.775	549.0
2746	0.011	-0.004	0.777	549.2
2747	0.009	-0.004	0.779	549.4
2748	0.011	-0.002	0.779	549.6
2749	0.010	-0.003	0.777	549.8
2750	0.010	-0.005	0.776	550.0
2751	0.011	-0.002	0.779	550.2
2752	0.011	-0.004	0.779	550.4
2753	0.009	-0.002	0.778	550.6
2754	0.009	-0.002	0.777	550.8
2755	0.009	-0.001	0.779	551.0
2756	0.010	-0.001	0.780	551.2
2757	0.010	0.000	0.777	551.4
2758	0.009	-0.001	0.779	551.6
2759	0.010	0.001	0.775	551.8
2760	0.011	0.001	0.781	552.0
2761	0.011	0.000	0.780	552.2
2762	0.012	-0.002	0.777	552.4
2763	0.012	0.002	0.776	552.6
2764	0.010	-0.001	0.780	552.8
2765	0.012	0.000	0.782	553.0
2766	0.011	-0.002	0.777	553.2
2767	0.012	-0.001	0.776	553.4
2768	0.012	-0.003	0.778	553.6
2769	0.012	0.001	0.778	553.8
2770	0.012	-0.001	0.781	554.0
2771	0.011	0.002	0.779	554.2
2772	0.011	0.000	0.775	554.4
2773	0.012	0.000	0.779	554.6
2774	0.012	-0.001	0.776	554.8
2775	0.010	-0.002	0.774	555.0
2776	0.009	-0.004	0.780	555.2
2777	0.009	0.000	0.777	555.4
2778	0.013	0.000	0.776	555.6
2779	0.011	0.000	0.777	555.8
2780	0.010	0.000	0.777	556.0
2781	0.011	-0.002	0.778	556.2
2782	0.011	-0.002	0.778	556.4
2783	0.011	-0.005	0.777	556.6
2784	0.011	0.000	0.775	556.8
2785	0.013	-0.001	0.780	557.0
2786	0.011	0.000	0.776	557.2
2787	0.011	-0.001	0.777	557.4
2788	0.012	-0.001	0.775	557.6
2789	0.011	-0.002	0.782	557.8
2790	0.014	0.001	0.778	558.0
2791	0.012	-0.003	0.778	558.2
2792	0.013	-0.001	0.778	558.4
2793	0.013	-0.002	0.783	558.6
2794	0.011	-0.002	0.778	558.8
2795	0.011	-0.001	0.777	559.0
2796	0.010	-0.005	0.780	559.2
2797	0.011	-0.003	0.780	559.4
2798	0.011	0.000	0.780	559.6
2799	0.011	-0.002	0.780	559.8
2800	0.012	-0.002	0.776	560.0
2801	0.011	-0.001	0.777	560.2
2802	0.010	-0.003	0.779	560.4
2803	0.011	0.002	0.778	560.6
2804	0.013	0.000	0.774	560.8
2805	0.011	0.001	0.772	561.0
2806	0.010	-0.003	0.779	561.2
2807	0.011	-0.004	0.777	561.4
2808	0.009	-0.001	0.780	561.6
2809	0.011	-0.001	0.779	561.8
2810	0.009	0.001	0.779	562.0
2811	0.011	-0.001	0.778	562.2
2812	0.008	0.001	0.778	562.4
2813	0.011	-0.001	0.777	562.6
2814	0.011	-0.001	0.780	562.8
2815	0.010	0.001	0.780	563.0
2816	0.011	-0.001	0.780	563.2
2817	0.009	-0.001	0.776	563.4
2818	0.007	-0.001	0.778	563.6
2819	0.007	0.002	0.779	563.8
2820	0.008	0.004	0.777	564.0
2821	0.008	0.001	0.777	564.2
2822	0.009	0.000	0.779	564.4
2823	0.009	-0.001	0.779	564.6
2824	0.005	0.000	0.777	564.8
2825	0.005	0.000	0.775	565.0
2826	0.009	-0.002	0.779	565.2
2827	0.004	0.001	0.783	565.4
2828	0.007	0.005	0.780	565.6
2829	0.007	0.002	0.773	565.8
2830	0.004	0.001	0.777	566.0
2831	0.005	0.003	0.779	566.2
2832	0.006	-0.002	0.779	566.4
2833	0.005	-0.002	0.779	566.6
2834	0.005	0.001	0.776	566.8
2835	0.004	0.000	0.778	567.0
2836	0.006	0.003	0.782	567.2
2837	0.003	0.000	0.776	567.4
2838	0.004	0.002	0.776	567.6
2839	0.004	-0.001	0.780	567.8
2840	0.006	0.001	0.778	568.0
2841	0.004	0.002	0.777	568.2
2842	0.005	-0.001	0.772	568.4
2843	0.006	0.002	0.779	568.6
2844	0.006	0.002	0.779	568.8
2845	0.006	0.002	0.773	569.0
2846	0.005	0.003	0.777	569.2
2847	0.006	0.002	0.776	569.4
2848	0.006	0.000	0.779	569.6
2849	0.009	0.001	0.778	569.8
2850	0.006	0.000	0.777	570.0
2851	0.007	0.004	0.776	570.2
2852	0.006	0.005	0.778	570.4
2853	0.009	0.004	0.780	570.6
2854	0.010	0.001	0.777	570.8
2855	0.008	0.002	0.779	571.0
2856	0.011	-0.001	0.781	571.2
2857	0.010	0.002	0.779	571.4
2858	0.009	0.000	0.778	571.6
2859	0.010	0.001	0.777	571.8
2860	0.011	0.004	0.780	572.0
2861	0.015	0.003	0.783	572.2
2862	0.012	0.001	0.776	572.4
2863	0.015	0.001	0.777	572.6
2864	0.015	0.000	0.779	572.8
2865	0.015	-0.002	0.775	573.0
2866	0.011	0.000	0.775	573.2
2867	0.011	-0.001	0.775	573.4
2868	0.013	-0.002	0.779	573.6
2869	0.015	-0.001	0.780	573.8
2870	0.014	-0.003	0.781	574.0
2871	0.009	0.001	0.776	574.2
2872	0.013	-0.001	0.777	574.4
2873	0.009	-0.002	0.777	574.6
2874	0.010	-0.002	0.778	574.8
2875	0.009	0.001	0.779	575.0
2876	0.010	-0.003	0.780	575.2
2877	0.006	0.001	0.781	575.4
2878	0.008	-0.002	0.774	575.6
2879	0.007	-0.002	0.778	575.8
2880	0.005	-0.002	0.778	576.0
2881	0.006	-0.001	0.778	576.2
2882	0.007	-0.001	0.781	576.4
2883	0.005	0.000	0.779	576.6
2884	0.006	-0.001	0.774	576.8
2885	0.005	-0.003	0.781	577.0
2886	0.004	-0.003	0.778	577.2
2887	0.007	-0.003	0.774	577.4
2888	0.004	-0.001	0.773	577.6
2889	0.005	-0.002	0.778	577.8
2890	0.006	-0.001	0.779	578.0
2891	0.007	-0.001	0.777	578.2
2892	0.004	-0.002	0.774	578.4
2893	0.007	-0.002	0.779	578.6
2894	0.009	0.002	0.779	578.8
2895	0.008	-0.001	0.781	579.0
2896	0.007	-0.002	0.776	579.2
2897	0.011	0.001	0.775	579.4
2898	0.009	-0.002	0.781	579.6
2899	0.010	-0.001	0.780	579.8
2900	0.010	0.002	0.776	580.0
2901	0.009	0.002	0.778	580.2
2902	0.010	0.002	0.778	580.4
2903	0.009	0.000	0.778	580.6
2904	0.009	0.001	0.778	580.8
2905	0.012	0.001	0.777	581.0
2906	0.009	-0.002	0.780	581.2
2907	0.007	0.003	0.781	581.4
2908	0.008	0.003	0.776	581.6
2909	0.011	0.003	0.775	581.8
2910	0.009	0.002	0.776	582.0
2911	0.007	0.000	0.784	582.2
2912	0.009	0.001	0.779	582.4
2913	0.009	0.001	0.777	582.6
2914	0.007	0.004	0.777	582.8
2915	0.007	0.005	0.779	583.0
2916	0.007	0.003	0.779	583.2
2917	0.005	0.000	0.774	583.4
2918	0.005	0.000	0.776	583.6
2919	0.007	-0.001	0.774	583.8
2920	0.010	0.001	0.780	584.0
2921	0.007	0.001	0.777	584.2
2922	0.007	0.002	0.773	584.4
2923	0.008	-0.001	0.775	584.6
2924	0.009	-0.002	0.778	584.8
2925	0.009	-0.004	0.778	585.0
2926	0.013	-0.003	0.775	585.2
2927	0.011	-0.002	0.779	585.4
2928	0.010	-0.001	0.776	585.6
2929	0.012	-0.001	0.776	585.8
2930	0.011	-0.003	0.773	586.0
2931	0.012	-0.004	0.777	586.2
2932	0.012	-0.005	0.781	586.4
2933	0.013	-0.003	0.776	586.6
2934	0.010	-0.006	0.776	586.8
2935	0.007	-0.005	0.779	587.0
2936	0.011	-0.002	0.780	587.2
2937	0.009	-0.006	0.781	587.4
2938	0.011	-0.001	0.775	587.6
2939	0.009	-0.004	0.775	587.8
2940	0.011	-0.005	0.780	588.0
2941	0.010	-0.005	0.780	588.2
2942	0.011	-0.002	0.777	588.4
2943	0.009	-0.004	0.774	588.6
2944	0.011	-0.003	0.774	588.8
2945	0.011	-0.002	0.779	589.0
2946	0.011	-0.003	0.779	589.2
2947	0.011	-0.002	0.773	589.4
2948	0.012	-0.003	0.777	589.6
2949	0.012	-0.006	0.776	589.8
2950	0.012	-0.003	0.778	590.0
2951	0.013	0.001	0.777	590.2
2952	0.010	-0.001	0.776	590.4
2953	0.013	-0.003	0.779	590.6
2954	0.010	-0.004	0.776	590.8
2955	0.012	-0.002	0.774	591.0
2956	0.011	-0.001	0.775	591.2
2957	0.011	-0.001	0.779	591.4
2958	0.012	0.000	0.779	591.6
2959	0.011	-0.002	0.775	591.8
2960	0.009	-0.005	0.775	592.0
2961	0.010	-0.003	0.779	592.2
2962	0.013	-0.001	0.778	592.4
2963	0.011	0.002	0.775	592.6
2964	0.010	0.000	0.774	592.8
2965	0.011	-0.001	0.778	593.0
2966	0.011	-0.003	0.778	593.2
2967	0.013	-0.001	0.776	593.4
2968	0.011	-0.001	0.776	593.6
2969	0.010	-0.002	0.776	593.8
2970	0.012	-0.005	0.780	594.0
2971	0.014	-0.003	0.781	594.2
2972	0.010	-0.001	0.777	594.4
2973	0.011	-0.002	0.775	594.6
2974	0.013	-0.003	0.779	594.8
2975	0.011	-0.003	0.777	595.0
2976	0.011	-0.005	0.774	595.2
2977	0.011	-0.002	0.774	595.4
2978	0.011	0.000	0.780	595.6
2979	0.010	-0.003	0.782	595.8
2980	0.009	-0.003	0.777	596.0
2981	0.010	-0.004	0.780	596.2
2982	0.008	-0.004	0.778	596.4
2983	0.009	-0.003	0.778	596.6
2984	0.006	-0.005	0.775	596.8
2985	0.010	-0.004	0.779	597.0
2986	0.010	-0.002	0.777	597.2
2987	0.009	-0.003	0.780	597.4
2988	0.010	-0.003	0.777	597.6
2989	0.007	-0.004	0.777	597.8
2990	0.009	-0.005	0.776	598.0
2991	0.009	-0.005	0.778	598.2
2992	0.009	-0.002	0.780	598.4
2993	0.009	-0.003	0.776	598.6
2994	0.010	0.001	0.773	598.8
2995	0.009	-0.003	0.779	599.0
2996	0.009	-0.004	0.781	599.2
2997	0.009	-0.005	0.776	599.4
2998	0.011	-0.005	0.777	599.6
2999	0.011	-0.005	0.778	599.8
3000	0.009	-0.005	0.777	600.0
3001	0.013	-0.003	0.777	600.2
3002	0.009	-0.003	0.780	600.4
3003	0.009	-0.004	0.777	600.6
3004	0.011	-0.005	0.783	600.8
3005	0.009	-0.005	0.778	601.0
3006	0.011	-0.006	0.776	601.2
3007	0.011	-0.004	0.772	601.4
3008	0.011	-0.003	0.777	601.6
3009	0.010	-0.004	0.784	601.8
3010	0.011	-0.002	0.778	602.0
3011	0.012	-0.005	0.773	602.2
3012	0.012	-0.007	0.779	602.4
