0	0.001	-0.004	0.773	0.0
1	-0.001	-0.005	0.775	0.2
2	0.000	-0.004	0.773	0.4
3	-0.001	-0.005	0.778	0.6
4	0.004	-0.004	0.778	0.8
5	0.002	-0.003	0.778	1.0
6	0.002	-0.003	0.778	1.2
7	0.004	-0.005	0.781	1.4
8	0.002	-0.006	0.777	1.6
9	0.002	-0.005	0.778	1.8
10	0.001	-0.007	0.771	2.0
11	0.001	-0.005	0.770	2.2
12	0.003	-0.001	0.769	2.4
13	0.002	-0.002	0.770	2.6
14	0.003	-0.001	0.772	2.8
15	0.002	-0.004	0.770	3.0
16	0.001	-0.004	0.770	3.2
17	0.000	-0.004	0.772	3.4
18	0.001	-0.005	0.773	3.6
19	0.003	-0.005	0.772	3.8
20	0.001	-0.005	0.770	4.0
21	0.003	-0.004	0.772	4.2
22	-0.001	-0.005	0.772	4.4
23	0.001	-0.004	0.774	4.6
24	0.002	-0.003	0.774	4.8
25	0.001	-0.005	0.772	5.0
26	0.000	-0.002	0.777	5.2
27	0.000	-0.003	0.778	5.4
28	-0.001	-0.002	0.779	5.6
29	-0.001	-0.001	0.780	5.8
30	0.000	-0.001	0.778	6.0
31	0.001	0.000	0.777	6.2
32	0.000	-0.002	0.774	6.4
33	0.001	-0.003	0.774	6.6
34	-0.002	-0.001	0.772	6.8
35	0.001	-0.001	0.768	7.0
36	0.002	0.003	0.768	7.2
37	0.002	0.003	0.770	7.4
38	0.001	0.003	0.769	7.6
39	0.001	0.003	0.772	7.8
40	0.000	0.002	0.772	8.0
41	0.002	0.002	0.771	8.2
42	0.003	0.001	0.775	8.4
43	0.001	0.003	0.769	8.6
44	0.000	0.007	0.770	8.8
45	-0.001	0.005	0.771	9.0
46	0.002	0.007	0.774	9.2
47	0.002	0.005	0.771	9.4
48	0.000	0.005	0.775	9.6
49	0.001	0.000	0.775	9.8
50	0.001	-0.001	0.778	10.0
51	0.002	0.003	0.777	10.2
52	0.001	0.002	0.782	10.4
53	0.001	0.004	0.777	10.6
54	0.003	0.005	0.777	10.8
55	0.002	0.003	0.780	11.0
56	0.001	0.002	0.775	11.2
57	0.002	0.004	0.772	11.4
58	0.003	0.004	0.771	11.6
59	0.000	0.001	0.768	11.8
60	0.000	0.002	0.769	12.0
61	0.002	0.006	0.772	12.2
62	0.002	0.005	0.771	12.4
63	0.001	0.005	0.771	12.6
64	0.002	0.006	0.771	12.8
65	0.002	0.003	0.771	13.0
66	0.002	0.005	0.770	13.2
67	0.001	0.001	0.768	13.4
68	0.002	0.002	0.773	13.6
69	0.003	0.006	0.772	13.8
70	0.002	0.004	0.774	14.0
71	0.002	0.005	0.775	14.2
72	0.001	0.005	0.775	14.4
73	0.001	0.001	0.775	14.6
74	0.002	0.002	0.778	14.8
75	0.000	-0.001	0.780	15.0
76	0.001	0.001	0.779	15.2
77	0.002	0.003	0.775	15.4
78	0.001	0.004	0.776	15.6
79	0.000	0.005	0.774	15.8
80	0.001	0.003	0.771	16.0
81	0.002	0.003	0.771	16.2
82	-0.001	0.003	0.769	16.4
83	0.001	0.001	0.772	16.6
84	0.001	-0.001	0.771	16.8
85	0.002	0.003	0.774	17.0
86	0.001	0.002	0.772	17.2
87	0.005	0.001	0.767	17.4
88	0.003	0.003	0.771	17.6
89	0.002	0.002	0.767	17.8
90	0.002	0.000	0.767	18.0
91	0.003	0.001	0.768	18.2
92	0.001	-0.001	0.769	18.4
93	0.000	0.000	0.772	18.6
94	-0.001	0.002	0.777	18.8
95	0.003	0.006	0.776	19.0
96	0.003	0.006	0.779	19.2
97	0.001	0.002	0.777	19.4
98	0.001	0.003	0.779	19.6
99	0.003	0.003	0.777	19.8
100	-0.001	-0.001	0.777	20.0
101	0.003	0.001	0.773	20.2
102	0.003	0.000	0.772	20.4
103	0.001	0.004	0.774	20.6
104	0.003	0.005	0.774	20.8
105	0.001	0.005	0.772	21.0
106	0.003	0.005	0.771	21.2
107	0.002	0.004	0.773	21.4
108	0.002	0.000	0.773	21.6
109	0.004	-0.001	0.770	21.8
110	0.005	0.000	0.772	22.0
111	0.005	0.003	0.770	22.2
112	0.005	0.003	0.767	22.4
113	0.006	0.002	0.767	22.6
114	0.006	0.002	0.768	22.8
115	0.007	0.003	0.770	23.0
116	0.005	-0.001	0.770	23.2
117	0.005	-0.002	0.772	23.4
118	0.007	-0.005	0.774	23.6
119	0.005	0.001	0.776	23.8
120	0.005	0.001	0.777	24.0
121	0.006	-0.004	0.773	24.2
122	0.006	-0.005	0.776	24.4
123	0.006	-0.003	0.774	24.6
124	0.005	-0.003	0.777	24.8
125	0.004	-0.004	0.773	25.0
126	0.005	-0.004	0.774	25.2
127	0.005	0.000	0.778	25.4
128	0.004	-0.005	0.771	25.6
129	0.005	-0.002	0.774	25.8
130	0.004	-0.004	0.775	26.0
131	0.004	-0.003	0.771	26.2
132	0.005	-0.005	0.773	26.4
133	0.004	-0.003	0.772	26.6
134	0.004	-0.006	0.767	26.8
135	0.003	-0.004	0.766	27.0
136	0.002	-0.002	0.767	27.2
137	0.004	-0.005	0.768	27.4
138	0.003	-0.005	0.767	27.6
139	0.003	-0.005	0.771	27.8
140	0.002	-0.005	0.773	28.0
141	0.003	-0.005	0.776	28.2
142	0.000	-0.007	0.778	28.4
143	0.001	-0.005	0.780	28.6
144	0.001	-0.005	0.775	28.8
145	0.001	-0.006	0.779	29.0
146	-0.001	-0.005	0.775	29.2
147	-0.001	-0.004	0.775	29.4
148	0.001	-0.006	0.778	29.6
149	0.001	-0.007	0.772	29.8
150	-0.001	-0.006	0.775	30.0
151	-0.002	-0.003	0.776	30.2
152	0.000	-0.003	0.774	30.4
153	-0.002	0.001	0.775	30.6
154	-0.001	0.001	0.778	30.8
155	-0.001	-0.003	0.771	31.0
156	0.000	-0.002	0.772	31.2
157	-0.002	-0.005	0.767	31.4
158	-0.002	-0.003	0.766	31.6
159	-0.002	-0.002	0.764	31.8
160	-0.002	-0.005	0.768	32.0
161	-0.001	-0.002	0.770	32.2
162	-0.003	-0.001	0.770	32.4
163	-0.002	-0.002	0.772	32.6
164	-0.004	-0.001	0.777	32.8
165	-0.003	-0.002	0.778	33.0
166	0.000	0.001	0.778	33.2
167	-0.004	-0.002	0.775	33.4
168	-0.004	-0.001	0.776	33.6
169	-0.004	0.001	0.774	33.8
170	-0.003	0.002	0.773	34.0
171	-0.003	0.002	0.774	34.2
172	-0.002	-0.001	0.774	34.4
173	-0.003	0.001	0.775	34.6
174	-0.004	0.001	0.778	34.8
175	-0.003	0.000	0.775	35.0
176	-0.003	-0.001	0.776	35.2
177	-0.004	-0.002	0.773	35.4
178	-0.004	0.000	0.768	35.6
179	-0.004	-0.002	0.770	35.8
180	-0.004	-0.002	0.769	36.0
181	-0.005	0.001	0.768	36.2
182	-0.005	-0.002	0.767	36.4
183	-0.005	-0.001	0.768	36.6
184	-0.005	-0.003	0.772	36.8
185	-0.005	-0.002	0.776	37.0
186	-0.005	-0.002	0.774	37.2
187	-0.005	-0.001	0.774	37.4
188	-0.005	-0.001	0.775	37.6
189	-0.002	-0.003	0.775	37.8
190	-0.003	-0.001	0.774	38.0
191	-0.005	-0.003	0.773	38.2
192	-0.003	-0.001	0.775	38.4
193	-0.003	-0.003	0.774	38.6
194	-0.003	0.001	0.776	38.8
195	-0.001	0.000	0.776	39.0
196	-0.002	-0.002	0.777	39.2
197	-0.001	-0.002	0.779	39.4
198	0.001	-0.002	0.778	39.6
199	-0.002	0.000	0.779	39.8
200	0.000	0.001	0.776	40.0
201	-0.002	-0.001	0.774	40.2
202	0.000	-0.001	0.769	40.4
203	-0.001	-0.003	0.771	40.6
204	-0.002	-0.002	0.767	40.8
205	-0.001	-0.002	0.768	41.0
206	-0.001	-0.004	0.772	41.2
207	0.001	-0.003	0.773	41.4
208	-0.001	0.000	0.773	41.6
209	0.001	-0.002	0.771	41.8
210	0.001	-0.003	0.775	42.0
211	0.001	-0.003	0.774	42.2
212	0.003	-0.004	0.774	42.4
213	0.002	-0.003	0.772	42.6
214	0.002	-0.003	0.774	42.8
215	0.002	-0.001	0.776	43.0
216	0.004	-0.005	0.775	43.2
217	0.002	-0.005	0.775	43.4
218	0.003	-0.001	0.781	43.6
219	0.005	0.000	0.780	43.8
220	0.004	0.002	0.780	44.0
221	0.002	0.000	0.777	44.2
222	0.006	-0.001	0.778	44.4
223	0.005	-0.002	0.774	44.6
224	0.002	-0.001	0.777	44.8
225	0.001	0.002	0.772	45.0
226	0.003	-0.001	0.768	45.2
227	0.003	-0.001	0.768	45.4
228	0.005	-0.001	0.770	45.6
229	0.005	0.001	0.768	45.8
230	0.003	-0.002	0.771	46.0
231	0.002	-0.001	0.774	46.2
232	0.003	-0.001	0.773	46.4
233	0.003	-0.002	0.778	46.6
234	0.006	-0.001	0.774	46.8
235	0.005	0.001	0.773	47.0
236	0.002	0.002	0.772	47.2
237	0.005	-0.003	0.773	47.4
238	0.002	-0.002	0.773	47.6
239	0.005	-0.002	0.778	47.8
240	0.003	-0.001	0.776	48.0
241	0.002	-0.004	0.778	48.2
242	0.002	0.002	0.779	48.4
243	0.005	-0.001	0.782	48.6
244	0.003	0.001	0.782	48.8
245	0.002	-0.005	0.778	49.0
246	0.005	-0.004	0.774	49.2
247	0.004	-0.005	0.775	49.4
248	0.001	-0.004	0.774	49.6
249	0.003	0.000	0.773	49.8
250	0.003	-0.002	0.771	50.0
251	0.003	-0.003	0.771	50.2
252	0.002	-0.003	0.771	50.4
253	0.002	-0.004	0.768	50.6
254	0.003	-0.003	0.771	50.8
255	0.003	-0.004	0.773	51.0
256	0.004	-0.001	0.771	51.2
257	0.003	-0.001	0.771	51.4
258	0.005	-0.003	0.771	51.6
259	0.003	-0.005	0.770	51.8
260	0.002	-0.003	0.773	52.0
261	0.004	-0.002	0.773	52.2
262	0.002	0.000	0.773	52.4
263	0.004	-0.001	0.777	52.6
264	0.006	-0.002	0.781	52.8
265	0.004	-0.001	0.780	53.0
266	0.005	-0.002	0.779	53.2
267	0.003	-0.004	0.781	53.4
268	0.006	-0.004	0.777	53.6
269	0.004	0.000	0.779	53.8
270	0.003	-0.001	0.776	54.0
271	0.005	-0.001	0.770	54.2
272	0.005	-0.005	0.773	54.4
273	0.003	-0.003	0.771	54.6
274	0.004	-0.001	0.771	54.8
275	0.002	-0.004	0.773	55.0
276	0.001	-0.005	0.773	55.2
277	0.002	-0.005	0.773	55.4
278	0.003	-0.001	0.772	55.6
279	0.002	-0.001	0.773	55.8
280	0.003	-0.003	0.775	56.0
281	0.003	-0.004	0.769	56.2
282	0.002	-0.003	0.770	56.4
283	0.004	-0.001	0.773	56.6
284	0.005	0.000	0.772	56.8
285	0.003	-0.002	0.774	57.0
286	0.003	-0.002	0.778	57.2
287	0.006	-0.002	0.778	57.4
288	0.003	-0.001	0.779	57.6
289	0.003	-0.002	0.778	57.8
290	0.003	-0.004	0.780	58.0
291	0.004	-0.002	0.778	58.2
292	0.003	0.001	0.778	58.4
293	0.003	-0.002	0.777	58.6
294	0.004	0.000	0.774	58.8
295	0.004	-0.002	0.771	59.0
296	0.006	0.003	0.771	59.2
297	0.007	0.001	0.771	59.4
298	0.006	0.001	0.775	59.6
299	0.006	0.001	0.773	59.8
300	0.007	0.002	0.771	60.0
301	0.005	0.000	0.770	60.2
302	0.006	-0.001	0.769	60.4
303	0.006	-0.001	0.772	60.6
304	0.008	0.001	0.768	60.8
305	0.007	0.002	0.767	61.0
306	0.009	0.001	0.770	61.2
307	0.009	0.001	0.769	61.4
308	0.009	-0.001	0.772	61.6
309	0.011	0.003	0.772	61.8
310	0.009	0.002	0.775	62.0
311	0.010	0.003	0.777	62.2
312	0.010	0.002	0.779	62.4
313	0.010	0.005	0.780	62.6
314	0.011	0.001	0.780	62.8
315	0.009	0.002	0.776	63.0
316	0.007	-0.001	0.776	63.2
317	0.009	0.002	0.774	63.4
318	0.010	0.001	0.776	63.6
319	0.007	0.002	0.776	63.8
320	0.009	0.005	0.773	64.0
321	0.009	0.002	0.774	64.2
322	0.009	0.004	0.775	64.4
323	0.007	0.000	0.773	64.6
324	0.003	0.000	0.772	64.8
325	0.005	-0.001	0.768	65.0
326	0.005	0.004	0.770	65.2
327	0.005	0.004	0.771	65.4
328	0.004	0.005	0.767	65.6
329	0.003	-0.001	0.771	65.8
330	0.004	0.002	0.769	66.0
331	0.004	0.000	0.770	66.2
332	0.001	0.004	0.772	66.4
333	0.004	0.003	0.777	66.6
334	0.003	0.002	0.778	66.8
335	0.004	0.000	0.779	67.0
336	0.003	0.001	0.778	67.2
337	0.005	0.001	0.778	67.4
338	0.003	0.003	0.774	67.6
339	0.002	0.000	0.774	67.8
340	0.002	0.002	0.773	68.0
341	0.003	-0.001	0.777	68.2
342	0.002	0.000	0.779	68.4
343	0.001	0.001	0.774	68.6
344	0.000	0.002	0.778	68.8
345	0.003	-0.003	0.775	69.0
346	0.002	-0.001	0.772	69.2
347	0.002	0.000	0.777	69.4
348	0.004	0.002	0.768	69.6
349	0.001	0.001	0.766	69.8
350	0.002	0.000	0.770	70.0
351	0.003	-0.002	0.768	70.2
352	0.003	0.000	0.770	70.4
353	0.002	0.001	0.773	70.6
354	0.003	-0.001	0.771	70.8
355	0.003	-0.001	0.773	71.0
356	0.001	-0.003	0.775	71.2
357	0.002	-0.003	0.774	71.4
358	0.002	-0.002	0.776	71.6
359	0.001	0.000	0.772	71.8
360	0.001	-0.001	0.776	72.0
361	-0.002	-0.001	0.775	72.2
362	0.001	-0.003	0.778	72.4
363	-0.001	-0.002	0.781	72.6
364	-0.002	-0.003	0.779	72.8
365	0.000	-0.002	0.780	73.0
366	0.000	0.002	0.779	73.2
367	0.001	0.004	0.776	73.4
368	0.000	0.001	0.780	73.6
369	-0.002	0.001	0.774	73.8
370	0.003	-0.001	0.771	74.0
371	0.001	-0.002	0.771	74.2
372	0.002	-0.001	0.767	74.4
373	-0.001	-0.002	0.767	74.6
374	0.000	0.000	0.770	74.8
375	0.001	0.002	0.769	75.0
376	0.001	0.002	0.772	75.2
377	-0.001	0.003	0.772	75.4
378	0.001	0.004	0.771	75.6
379	0.003	0.001	0.772	75.8
380	0.002	0.001	0.771	76.0
381	0.000	0.001	0.773	76.2
382	0.002	0.002	0.771	76.4
383	0.001	0.002	0.773	76.6
384	0.001	0.006	0.774	76.8
385	0.005	0.007	0.774	77.0
386	0.001	0.004	0.779	77.2
387	0.002	0.002	0.777	77.4
388	-0.001	0.001	0.777	77.6
389	0.002	-0.001	0.780	77.8
390	0.000	0.002	0.777	78.0
391	0.000	0.005	0.776	78.2
392	0.001	0.006	0.779	78.4
393	0.001	0.003	0.777	78.6
394	0.003	0.003	0.772	78.8
395	0.002	0.001	0.771	79.0
396	0.001	0.000	0.772	79.2
397	0.004	0.003	0.771	79.4
398	0.002	0.005	0.769	79.6
399	0.002	0.001	0.771	79.8
400	-0.001	0.003	0.772	80.0
401	0.002	0.002	0.772	80.2
402	0.001	0.002	0.772	80.4
403	0.001	0.003	0.767	80.6
404	0.002	0.002	0.768	80.8
405	0.001	-0.001	0.769	81.0
406	0.001	0.001	0.771	81.2
407	0.003	0.003	0.772	81.4
408	0.001	0.007	0.774	81.6
409	0.002	0.004	0.775	81.8
410	0.000	0.003	0.776	82.0
411	0.002	0.000	0.781	82.2
412	0.003	-0.001	0.782	82.4
413	0.003	0.001	0.779	82.6
414	0.004	0.004	0.775	82.8
415	0.005	0.003	0.777	83.0
416	0.003	0.006	0.774	83.2
417	0.005	0.005	0.775	83.4
418	0.004	0.005	0.771	83.6
419	0.006	0.005	0.770	83.8
420	0.002	0.001	0.771	84.0
421	0.003	0.002	0.771	84.2
422	0.004	0.003	0.770	84.4
423	0.006	0.008	0.770	84.6
424	0.001	0.005	0.773	84.8
425	0.002	0.006	0.775	85.0
426	0.003	0.004	0.769	85.2
427	0.002	0.005	0.771	85.4
428	0.003	0.005	0.770	85.6
429	0.003	0.006	0.772	85.8
430	0.003	0.005	0.771	86.0
431	0.003	0.004	0.772	86.2
432	0.002	0.004	0.778	86.4
433	0.005	0.009	0.779	86.6
434	0.003	0.003	0.779	86.8
435	0.006	0.005	0.779	87.0
436	0.005	0.005	0.777	87.2
437	0.005	0.006	0.779	87.4
438	0.006	0.007	0.777	87.6
439	0.006	0.004	0.776	87.8
440	0.005	0.005	0.773	88.0
441	0.007	0.002	0.775	88.2
442	0.007	0.002	0.772	88.4
443	0.007	0.005	0.778	88.6
444	0.006	0.003	0.778	88.8
445	0.008	0.005	0.775	89.0
446	0.007	0.005	0.771	89.2
447	0.008	0.004	0.773	89.4
448	0.007	-0.001	0.772	89.6
449	0.009	0.002	0.770	89.8
450	0.010	0.003	0.768	90.0
451	0.009	0.005	0.768	90.2
452	0.011	0.005	0.766	90.4
453	0.010	0.004	0.772	90.6
454	0.010	0.001	0.772	90.8
455	0.012	0.000	0.774	91.0
456	0.009	0.001	0.776	91.2
457	0.009	0.002	0.776	91.4
458	0.010	0.002	0.778	91.6
459	0.011	0.001	0.780	91.8
460	0.015	-0.001	0.776	92.0
461	0.012	0.001	0.778	92.2
462	0.011	0.000	0.772	92.4
463	0.010	0.003	0.774	92.6
464	0.009	-0.001	0.779	92.8
465	0.010	0.002	0.776	93.0
466	0.010	0.001	0.780	93.2
467	0.012	0.001	0.779	93.4
468	0.010	0.000	0.775	93.6
469	0.011	-0.002	0.778	93.8
470	0.011	0.001	0.771	94.0
471	0.009	0.002	0.771	94.2
472	0.010	0.002	0.774	94.4
473	0.009	0.003	0.770	94.6
474	0.010	0.002	0.768	94.8
475	0.010	0.001	0.766	95.0
476	0.009	0.002	0.767	95.2
477	0.010	0.003	0.770	95.4
478	0.008	0.003	0.773	95.6
479	0.007	0.004	0.773	95.8
480	0.008	0.003	0.774	96.0
481	0.008	0.001	0.773	96.2
482	0.006	0.004	0.775	96.4
483	0.007	0.002	0.772	96.6
484	0.007	0.005	0.775	96.8
485	0.008	0.006	0.776	97.0
486	0.007	0.005	0.776	97.2
487	0.005	0.003	0.774	97.4
488	0.008	0.001	0.777	97.6
489	0.006	0.001	0.776	97.8
490	0.005	0.002	0.781	98.0
491	0.007	0.003	0.776	98.2
492	0.005	0.004	0.776	98.4
493	0.005	0.001	0.775	98.6
494	0.006	0.001	0.772	98.8
495	0.007	-0.001	0.770	99.0
496	0.004	-0.001	0.772	99.2
497	0.006	0.002	0.768	99.4
498	0.004	0.001	0.767	99.6
499	0.006	0.002	0.768	99.8
500	0.005	0.000	0.769	100.0
501	0.008	0.000	0.771	100.2
502	0.009	0.003	0.772	100.4
503	0.007	0.003	0.772	100.6
504	0.007	-0.001	0.768	100.8
505	0.005	-0.004	0.774	101.0
506	0.006	0.001	0.774	101.2
507	0.005	-0.003	0.772	101.4
508	0.006	-0.002	0.771	101.6
509	0.007	-0.005	0.773	101.8
510	0.006	-0.005	0.776	102.0
511	0.008	-0.002	0.778	102.2
512	0.005	-0.004	0.779	102.4
513	0.006	-0.001	0.779	102.6
514	0.006	-0.007	0.780	102.8
515	0.008	-0.003	0.777	103.0
516	0.009	-0.002	0.396	103.2
517	0.222	-0.018	1.113	103.4
518	0.224	-0.020	1.115	103.6
519	0.220	-0.019	1.094	103.8
520	0.216	-0.016	1.094	104.0
521	0.214	-0.018	1.094	104.2
522	0.214	-0.016	1.085	104.4
523	0.211	-0.017	1.084	104.6
524	0.210	-0.014	1.086	104.8
525	0.209	-0.015	1.085	105.0
526	0.209	-0.017	1.076	105.2
527	0.208	-0.015	1.069	105.4
528	0.208	-0.015	1.074	105.6
529	0.207	-0.016	1.081	105.8
530	0.207	-0.016	1.078	106.0
531	0.208	-0.017	1.069	106.2
532	0.207	-0.014	1.068	106.4
533	0.206	-0.015	1.079	106.6
534	0.206	-0.016	1.090	106.8
535	0.205	-0.019	1.090	107.0
536	0.206	-0.016	1.094	107.2
537	0.204	-0.016	1.078	107.4
538	0.205	-0.019	1.083	107.6
539	0.205	-0.017	1.097	107.8
540	0.204	-0.017	1.089	108.0
541	0.204	-0.015	1.093	108.2
542	0.204	-0.016	1.092	108.4
543	0.203	-0.016	1.079	108.6
544	0.202	-0.015	1.089	108.8
545	0.202	-0.014	1.087	109.0
546	0.204	-0.012	1.085	109.2
547	0.206	-0.014	1.087	109.4
548	0.203	-0.013	1.081	109.6
549	0.202	-0.014	1.080	109.8
550	0.202	-0.012	1.082	110.0
551	0.203	-0.013	1.074	110.2
552	0.201	-0.011	1.078	110.4
553	0.202	-0.013	1.076	110.6
554	0.202	-0.015	1.065	110.8
555	0.204	-0.013	1.070	111.0
556	0.203	-0.013	1.078	111.2
557	0.203	-0.013	1.075	111.4
558	0.203	-0.013	1.074	111.6
559	0.199	-0.015	1.072	111.8
560	0.202	-0.015	1.075	112.0
561	0.201	-0.014	1.082	112.2
562	0.200	-0.014	1.080	112.4
563	0.202	-0.015	1.080	112.6
564	0.200	-0.017	1.081	112.8
565	0.200	-0.017	1.075	113.0
566	0.199	-0.019	1.069	113.2
567	0.200	-0.020	1.078	113.4
568	0.199	-0.018	1.088	113.6
569	0.201	-0.016	1.086	113.8
570	0.199	-0.017	1.077	114.0
571	0.201	-0.017	1.079	114.2
572	0.200	-0.017	1.088	114.4
573	0.200	-0.019	1.085	114.6
574	0.200	-0.021	1.074	114.8
575	0.198	-0.017	1.070	115.0
576	0.199	-0.015	1.078	115.2
577	0.200	-0.017	1.076	115.4
578	0.199	-0.016	1.071	115.6
579	0.197	-0.018	1.072	115.8
580	0.200	-0.018	1.084	116.0
581	0.198	-0.015	1.085	116.2
582	0.198	-0.014	1.076	116.4
583	0.198	-0.016	1.072	116.6
584	0.200	-0.017	1.077	116.8
585	0.197	-0.016	1.080	117.0
586	0.198	-0.018	1.076	117.2
587	0.199	-0.016	1.075	117.4
588	0.198	-0.018	1.078	117.6
589	0.199	-0.019	1.078	117.8
590	0.199	-0.018	1.082	118.0
591	0.199	-0.016	1.092	118.2
592	0.199	-0.017	1.091	118.4
593	0.201	-0.021	1.086	118.6
594	0.201	-0.021	1.080	118.8
595	0.203	-0.023	1.084	119.0
596	0.203	-0.021	1.086	119.2
597	0.200	-0.018	1.079	119.4
598	0.200	-0.018	1.072	119.6
599	0.202	-0.019	1.075	119.8
600	0.203	-0.018	1.077	120.0
601	0.201	-0.021	1.073	120.2
602	0.200	-0.016	1.080	120.4
603	0.202	-0.015	1.081	120.6
604	0.204	-0.014	1.072	120.8
605	0.203	-0.017	1.073	121.0
606	0.203	-0.016	1.074	121.2
607	0.205	-0.015	1.074	121.4
608	0.202	-0.013	1.074	121.6
609	0.204	-0.013	1.074	121.8
610	0.202	-0.014	1.076	122.0
611	0.201	-0.015	1.073	122.2
612	0.201	-0.015	1.079	122.4
613	0.201	-0.014	1.089	122.6
614	0.203	-0.011	1.078	122.8
615	0.204	-0.014	1.079	123.0
616	0.201	-0.014	1.075	123.2
617	0.202	-0.015	1.074	123.4
618	0.203	-0.014	1.069	123.6
619	0.202	-0.017	1.075	123.8
620	0.202	-0.013	1.075	124.0
621	0.202	-0.015	1.072	124.2
622	0.202	-0.015	1.072	124.4
623	0.200	-0.019	1.073	124.6
624	0.199	-0.018	1.075	124.8
625	0.202	-0.018	1.077	125.0
626	0.202	-0.016	1.066	125.2
627	0.205	-0.016	1.071	125.4
628	0.201	-0.015	1.066	125.6
629	0.202	-0.015	1.060	125.8
630	0.202	-0.015	1.063	126.0
631	0.203	-0.014	1.060	126.2
632	0.201	-0.011	1.065	126.4
633	0.203	-0.013	1.068	126.6
634	0.203	-0.013	1.068	126.8
635	0.205	-0.010	1.063	127.0
636	0.204	-0.010	1.067	127.2
637	0.204	-0.011	1.069	127.4
638	0.205	-0.011	1.076	127.6
639	0.205	-0.012	1.073	127.8
640	0.203	-0.011	1.076	128.0
641	0.205	-0.013	1.075	128.2
642	0.205	-0.013	1.073	128.4
643	0.205	-0.013	1.077	128.6
644	0.205	-0.013	1.077	128.8
645	0.204	-0.008	1.084	129.0
646	0.204	-0.009	1.086	129.2
647	0.202	-0.010	1.081	129.4
648	0.203	-0.012	1.081	129.6
649	0.205	-0.011	1.083	129.8
650	0.205	-0.013	1.071	130.0
651	0.205	-0.011	1.076	130.2
652	0.203	-0.013	1.075	130.4
653	0.203	-0.010	1.072	130.6
654	0.204	-0.010	1.069	130.8
655	0.203	-0.010	1.063	131.0
656	0.202	-0.010	1.071	131.2
657	0.201	-0.011	1.075	131.4
658	0.201	-0.012	1.070	131.6
659	0.202	-0.011	1.076	131.8
660	0.201	-0.011	1.081	132.0
661	0.202	-0.011	1.069	132.2
662	0.201	-0.015	1.066	132.4
663	0.202	-0.011	1.066	132.6
664	0.202	-0.011	1.070	132.8
665	0.201	-0.012	1.069	133.0
666	0.203	-0.013	1.076	133.2
667	0.200	-0.013	1.077	133.4
668	0.200	-0.011	1.080	133.6
669	0.200	-0.011	1.082	133.8
670	0.201	-0.015	1.080	134.0
671	0.198	-0.014	1.075	134.2
672	0.200	-0.013	1.082	134.4
673	0.200	-0.015	1.086	134.6
674	0.200	-0.014	1.075	134.8
675	0.200	-0.016	1.080	135.0
676	0.200	-0.014	1.076	135.2
677	0.200	-0.015	1.074	135.4
678	0.200	-0.015	1.071	135.6
679	0.201	-0.013	1.071	135.8
680	0.200	-0.012	1.077	136.0
681	0.200	-0.015	1.068	136.2
682	0.199	-0.015	1.070	136.4
683	0.200	-0.011	1.069	136.6
684	0.200	-0.014	1.064	136.8
685	0.201	-0.014	1.065	137.0
686	0.202	-0.015	1.069	137.2
687	0.200	-0.013	1.073	137.4
688	0.200	-0.013	1.071	137.6
689	0.198	-0.014	1.077	137.8
690	0.197	-0.014	1.071	138.0
691	0.199	-0.011	1.070	138.2
692	0.200	-0.013	1.066	138.4
693	0.197	-0.013	1.079	138.6
694	0.198	-0.014	1.077	138.8
695	0.198	-0.015	1.070	139.0
696	0.199	-0.015	1.076	139.2
697	0.198	-0.013	1.076	139.4
698	0.198	-0.015	1.074	139.6
699	0.201	-0.014	1.085	139.8
700	0.200	-0.018	1.076	140.0
701	0.199	-0.016	1.085	140.2
702	0.199	-0.016	1.080	140.4
703	0.198	-0.017	1.073	140.6
704	0.201	-0.015	1.079	140.8
705	0.199	-0.016	1.069	141.0
706	0.200	-0.015	1.062	141.2
707	0.202	-0.018	1.065	141.4
708	0.202	-0.017	1.073	141.6
709	0.200	-0.014	1.066	141.8
710	0.200	-0.014	1.069	142.0
711	0.202	-0.015	1.074	142.2
712	0.201	-0.015	1.075	142.4
713	0.200	-0.016	1.064	142.6
714	0.200	-0.017	1.068	142.8
715	0.201	-0.014	1.056	143.0
716	0.202	-0.015	1.067	143.2
717	0.200	-0.015	1.068	143.4
718	0.199	-0.018	1.063	143.6
719	0.199	-0.015	1.069	143.8
720	0.198	-0.015	1.073	144.0
721	0.198	-0.014	1.073	144.2
722	0.200	-0.017	1.079	144.4
723	0.200	-0.016	1.074	144.6
724	0.197	-0.018	1.072	144.8
725	0.200	-0.016	1.074	145.0
726	0.199	-0.015	1.077	145.2
727	0.199	-0.017	1.077	145.4
728	0.202	-0.015	1.067	145.6
729	0.202	-0.015	1.070	145.8
730	0.202	-0.015	1.068	146.0
731	0.199	-0.017	1.070	146.2
732	0.199	-0.017	1.068	146.4
733	0.200	-0.015	1.064	146.6
734	0.206	-0.016	1.063	146.8
735	0.202	-0.015	1.065	147.0
736	0.202	-0.019	1.064	147.2
737	0.202	-0.018	1.066	147.4
738	0.201	-0.020	1.064	147.6
739	0.203	-0.017	1.058	147.8
740	0.200	-0.019	1.059	148.0
741	0.201	-0.018	1.067	148.2
742	0.200	-0.019	1.064	148.4
743	0.201	-0.018	1.065	148.6
744	0.202	-0.020	1.066	148.8
745	0.202	-0.018	1.073	149.0
746	0.203	-0.018	1.077	149.2
747	0.203	-0.015	1.078	149.4
748	0.203	-0.019	1.068	149.6
749	0.202	-0.017	1.069	149.8
750	0.201	-0.018	1.072	150.0
751	0.201	-0.016	1.066	150.2
752	0.202	-0.017	1.080	150.4
753	0.201	-0.017	1.077	150.6
754	0.203	-0.015	1.074	150.8
755	0.203	-0.014	1.074	151.0
756	0.204	-0.012	1.074	151.2
757	0.202	-0.015	1.078	151.4
758	0.203	-0.016	1.073	151.6
759	0.202	-0.015	1.068	151.8
760	0.202	-0.015	1.069	152.0
761	0.200	-0.019	1.066	152.2
762	0.201	-0.018	1.065	152.4
763	0.199	-0.014	1.061	152.6
764	0.200	-0.017	1.066	152.8
765	0.200	-0.018	1.073	153.0
766	0.199	-0.015	1.068	153.2
767	0.200	-0.016	1.070	153.4
768	0.200	-0.018	1.070	153.6
769	0.197	-0.017	1.073	153.8
770	0.197	-0.017	1.068	154.0
771	0.195	-0.015	1.065	154.2
772	0.195	-0.015	1.064	154.4
773	0.197	-0.015	1.074	154.6
774	0.200	-0.017	1.075	154.8
775	0.196	-0.014	1.065	155.0
776	0.196	-0.016	1.064	155.2
777	0.196	-0.014	1.083	155.4
778	0.197	-0.015	1.082	155.6
779	0.196	-0.019	1.074	155.8
780	0.196	-0.015	1.076	156.0
781	0.196	-0.014	1.068	156.2
782	0.196	-0.017	1.065	156.4
783	0.197	-0.017	1.074	156.6
784	0.195	-0.016	1.072	156.8
785	0.197	-0.014	1.072	157.0
786	0.198	-0.014	1.072	157.2
787	0.195	-0.014	1.069	157.4
788	0.198	-0.014	1.072	157.6
789	0.196	-0.014	1.078	157.8
790	0.197	-0.013	1.075	158.0
791	0.197	-0.013	1.067	158.2
792	0.197	-0.015	1.065	158.4
793	0.195	-0.014	1.070	158.6
794	0.197	-0.013	1.071	158.8
795	0.196	-0.013	1.081	159.0
796	0.195	-0.016	1.081	159.2
797	0.194	-0.017	1.080	159.4
798	0.195	-0.015	1.077	159.6
799	0.196	-0.014	1.082	159.8
800	0.195	-0.016	1.065	160.0
801	0.196	-0.013	1.069	160.2
802	0.194	-0.014	1.077	160.4
803	0.195	-0.015	1.072	160.6
804	0.196	-0.015	1.066	160.8
805	0.194	-0.015	1.068	161.0
806	0.194	-0.018	1.068	161.2
807	0.196	-0.017	1.070	161.4
808	0.195	-0.017	1.068	161.6
809	0.194	-0.017	1.072	161.8
810	0.198	-0.020	1.072	162.0
811	0.196	-0.020	1.069	162.2
812	0.195	-0.021	1.064	162.4
813	0.196	-0.020	1.068	162.6
814	0.196	-0.019	1.070	162.8
815	0.194	-0.019	1.062	163.0
816	0.196	-0.019	1.066	163.2
817	0.195	-0.018	1.074	163.4
818	0.195	-0.021	1.083	163.6
819	0.195	-0.023	1.070	163.8
820	0.196	-0.018	1.071	164.0
821	0.198	-0.019	1.065	164.2
822	0.196	-0.017	1.070	164.4
823	0.196	-0.018	1.072	164.6
824	0.197	-0.022	1.078	164.8
825	0.196	-0.017	1.075	165.0
826	0.195	-0.015	1.081	165.2
827	0.195	-0.015	1.073	165.4
828	0.196	-0.014	1.066	165.6
829	0.197	-0.013	1.071	165.8
830	0.196	-0.016	1.080	166.0
831	0.196	-0.015	1.076	166.2
832	0.197	-0.013	1.078	166.4
833	0.197	-0.012	1.067	166.6
834	0.197	-0.011	1.062	166.8
835	0.199	-0.011	1.060	167.0
836	0.198	-0.012	1.064	167.2
837	0.198	-0.012	1.076	167.4
838	0.196	-0.013	1.071	167.6
839	0.195	-0.011	1.072	167.8
840	0.195	-0.010	1.060	168.0
841	0.196	-0.011	1.062	168.2
842	0.197	-0.011	1.070	168.4
843	0.196	-0.010	1.070	168.6
844	0.199	-0.012	1.069	168.8
845	0.199	-0.011	1.075	169.0
846	0.198	-0.012	1.073	169.2
847	0.197	-0.011	1.066	169.4
848	0.197	-0.011	1.064	169.6
849	0.199	-0.009	1.081	169.8
850	0.201	-0.009	1.083	170.0
851	0.199	-0.008	1.078	170.2
852	0.200	-0.011	1.060	170.4
853	0.200	-0.011	1.064	170.6
854	0.201	-0.010	1.074	170.8
855	0.200	-0.010	1.070	171.0
856	0.200	-0.011	1.062	171.2
857	0.200	-0.011	1.060	171.4
858	0.201	-0.010	1.062	171.6
859	0.201	-0.007	1.056	171.8
860	0.198	-0.010	1.055	172.0
861	0.198	-0.011	1.054	172.2
862	0.199	-0.012	1.058	172.4
863	0.199	-0.010	1.069	172.6
864	0.198	-0.010	1.062	172.8
865	0.197	-0.009	1.053	173.0
866	0.196	-0.010	1.063	173.2
867	0.199	-0.010	1.063	173.4
868	0.199	-0.011	1.051	173.6
869	0.200	-0.009	1.058	173.8
870	0.197	-0.011	1.067	174.0
871	0.199	-0.011	1.078	174.2
872	0.198	-0.010	1.068	174.4
873	0.199	-0.010	1.078	174.6
874	0.196	-0.009	1.079	174.8
875	0.198	-0.011	1.071	175.0
876	0.199	-0.011	1.068	175.2
877	0.200	-0.010	1.066	175.4
878	0.197	-0.011	1.061	175.6
879	0.198	-0.011	1.070	175.8
880	0.197	-0.010	1.066	176.0
881	0.197	-0.010	1.058	176.2
882	0.197	-0.010	1.058	176.4
883	0.195	-0.011	1.066	176.6
884	0.197	-0.013	1.057	176.8
885	0.196	-0.011	1.057	177.0
886	0.196	-0.010	1.060	177.2
887	0.195	-0.012	1.065	177.4
888	0.197	-0.011	1.051	177.6
889	0.195	-0.011	1.056	177.8
890	0.195	-0.011	1.055	178.0
891	0.194	-0.011	1.052	178.2
892	0.195	-0.010	1.057	178.4
893	0.195	-0.011	1.061	178.6
894	0.195	-0.009	1.068	178.8
895	0.196	-0.010	1.068	179.0
896	0.193	-0.011	1.056	179.2
897	0.194	-0.011	1.065	179.4
898	0.195	-0.009	1.068	179.6
899	0.195	-0.009	1.069	179.8
900	0.194	-0.009	1.075	180.0
901	0.193	-0.011	1.069	180.2
902	0.195	-0.010	1.063	180.4
903	0.196	-0.011	1.064	180.6
904	0.194	-0.011	1.071	180.8
905	0.195	-0.013	1.069	181.0
906	0.196	-0.009	1.075	181.2
907	0.196	-0.010	1.075	181.4
908	0.195	-0.010	1.063	181.6
909	0.198	-0.010	1.065	181.8
910	0.199	-0.011	1.058	182.0
911	0.199	-0.010	1.060	182.2
912	0.198	-0.011	1.054	182.4
913	0.198	-0.012	1.065	182.6
914	0.198	-0.011	1.066	182.8
915	0.200	-0.012	1.069	183.0
916	0.199	-0.012	1.070	183.2
917	0.202	-0.012	1.066	183.4
918	0.201	-0.009	1.058	183.6
919	0.200	-0.009	1.068	183.8
920	0.201	-0.012	1.068	184.0
921	0.199	-0.011	1.065	184.2
922	0.200	-0.013	1.066	184.4
923	0.201	-0.012	1.065	184.6
924	0.199	-0.013	1.068	184.8
925	0.200	-0.013	1.079	185.0
926	0.197	-0.012	1.071	185.2
927	0.199	-0.011	1.071	185.4
928	0.197	-0.012	1.074	185.6
929	0.198	-0.011	1.070	185.8
930	0.198	-0.014	1.066	186.0
931	0.198	-0.012	1.073	186.2
932	0.197	-0.011	1.070	186.4
933	0.199	-0.011	1.068	186.6
934	0.198	-0.013	1.058	186.8
935	0.199	-0.015	1.061	187.0
936	0.198	-0.015	1.072	187.2
937	0.199	-0.014	1.074	187.4
938	0.198	-0.015	1.067	187.6
939	0.198	-0.015	1.069	187.8
940	0.196	-0.013	1.061	188.0
941	0.196	-0.013	1.061	188.2
942	0.198	-0.015	1.064	188.4
943	0.198	-0.014	1.071	188.6
944	0.197	-0.011	1.076	188.8
945	0.198	-0.011	1.068	189.0
946	0.198	-0.015	1.060	189.2
947	0.197	-0.015	1.079	189.4
948	0.199	-0.017	1.083	189.6
949	0.199	-0.013	1.067	189.8
950	0.199	-0.015	1.075	190.0
951	0.200	-0.015	1.088	190.2
952	0.199	-0.014	1.074	190.4
953	0.200	-0.015	1.066	190.6
954	0.201	-0.014	1.071	190.8
955	0.197	-0.015	1.078	191.0
956	0.197	-0.016	1.072	191.2
957	0.200	-0.017	1.073	191.4
958	0.200	-0.015	1.078	191.6
959	0.198	-0.014	1.080	191.8
960	0.198	-0.015	1.079	192.0
961	0.198	-0.015	1.065	192.2
962	0.199	-0.017	1.060	192.4
963	0.197	-0.018	1.061	192.6
964	0.198	-0.018	1.059	192.8
965	0.197	-0.015	1.065	193.0
966	0.198	-0.017	1.064	193.2
967	0.196	-0.015	1.065	193.4
968	0.199	-0.018	1.069	193.6
969	0.198	-0.017	1.065	193.8
970	0.200	-0.015	1.068	194.0
971	0.200	-0.015	1.062	194.2
972	0.199	-0.015	1.060	194.4
973	0.200	-0.015	1.071	194.6
974	0.198	-0.017	1.076	194.8
975	0.201	-0.014	1.067	195.0
976	0.199	-0.014	1.074	195.2
977	0.200	-0.013	1.075	195.4
978	0.200	-0.015	1.070	195.6
979	0.201	-0.013	1.070	195.8
980	0.200	-0.015	1.078	196.0
981	0.202	-0.012	1.071	196.2
982	0.203	-0.011	1.069	196.4
983	0.204	-0.012	1.066	196.6
984	0.204	-0.011	1.070	196.8
985	0.203	-0.011	1.064	197.0
986	0.204	-0.013	1.061	197.2
987	0.203	-0.014	1.071	197.4
988	0.204	-0.012	1.063	197.6
989	0.203	-0.013	1.064	197.8
990	0.203	-0.012	1.066	198.0
991	0.203	-0.011	1.065	198.2
992	0.203	-0.010	1.066	198.4
993	0.203	-0.011	1.055	198.6
994	0.203	-0.009	1.054	198.8
995	0.202	-0.010	1.068	199.0
996	0.202	-0.013	1.063	199.2
997	0.203	-0.013	1.057	199.4
998	0.202	-0.013	1.060	199.6
999	0.204	-0.010	1.064	199.8
1000	0.202	-0.013	1.066	200.0
1001	0.200	-0.014	1.067	200.2
1002	0.199	-0.009	1.072	200.4
1003	0.199	-0.009	1.067	200.6
1004	0.200	-0.012	1.074	200.8
1005	0.200	-0.012	1.058	201.0
1006	0.203	-0.009	1.057	201.2
1007	0.201	-0.014	1.074	201.4
1008	0.200	-0.014	1.078	201.6
1009	0.202	-0.013	1.061	201.8
1010	0.202	-0.013	1.064	202.0
1011	0.202	-0.013	1.066	202.2
1012	0.201	-0.012	1.068	202.4
1013	0.200	-0.009	1.072	202.6
1014	0.201	-0.009	1.068	202.8
1015	0.202	-0.010	1.062	203.0
1016	0.201	-0.008	1.061	203.2
1017	0.242	-0.011	1.292	203.4
1018	0.464	-0.018	1.492	203.6
1019	0.458	-0.018	1.464	203.8
1020	0.452	-0.017	1.471	204.0
1021	0.449	-0.018	1.455	204.2
1022	0.448	-0.017	1.457	204.4
1023	0.446	-0.017	1.455	204.6
1024	0.444	-0.016	1.452	204.8
1025	0.442	-0.019	1.452	205.0
1026	0.439	-0.019	1.446	205.2
1027	0.440	-0.019	1.443	205.4
1028	0.439	-0.017	1.438	205.6
1029	0.437	-0.018	1.429	205.8
1030	0.437	-0.018	1.431	206.0
1031	0.435	-0.018	1.441	206.2
1032	0.436	-0.021	1.442	206.4
1033	0.432	-0.019	1.433	206.6
1034	0.435	-0.019	1.427	206.8
1035	0.432	-0.019	1.427	207.0
1036	0.434	-0.022	1.433	207.2
1037	0.430	-0.021	1.431	207.4
1038	0.433	-0.019	1.434	207.6
1039	0.431	-0.019	1.428	207.8
1040	0.431	-0.020	1.432	208.0
1041	0.431	-0.022	1.434	208.2
1042	0.430	-0.023	1.431	208.4
1043	0.431	-0.021	1.442	208.6
1044	0.431	-0.019	1.441	208.8
1045	0.428	-0.022	1.433	209.0
1046	0.429	-0.019	1.428	209.2
1047	0.431	-0.022	1.431	209.4
1048	0.431	-0.019	1.438	209.6
1049	0.432	-0.022	1.431	209.8
1050	0.429	-0.021	1.430	210.0
1051	0.429	-0.019	1.425	210.2
1052	0.430	-0.021	1.431	210.4
1053	0.429	-0.019	1.423	210.6
1054	0.430	-0.020	1.427	210.8
1055	0.431	-0.019	1.426	211.0
1056	0.427	-0.018	1.428	211.2
1057	0.427	-0.019	1.420	211.4
1058	0.428	-0.018	1.415	211.6
1059	0.428	-0.020	1.412	211.8
1060	0.428	-0.017	1.411	212.0
1061	0.428	-0.015	1.411	212.2
1062	0.428	-0.016	1.423	212.4
1063	0.429	-0.017	1.425	212.6
1064	0.427	-0.017	1.425	212.8
1065	0.429	-0.016	1.421	213.0
1066	0.427	-0.015	1.422	213.2
1067	0.431	-0.015	1.419	213.4
1068	0.429	-0.015	1.425	213.6
1069	0.428	-0.017	1.421	213.8
1070	0.430	-0.017	1.425	214.0
1071	0.431	-0.017	1.431	214.2
1072	0.430	-0.018	1.430	214.4
1073	0.430	-0.015	1.428	214.6
1074	0.428	-0.017	1.436	214.8
1075	0.429	-0.017	1.427	215.0
1076	0.428	-0.015	1.425	215.2
1077	0.432	-0.015	1.416	215.4
1078	0.429	-0.013	1.417	215.6
1079	0.430	-0.013	1.416	215.8
1080	0.430	-0.014	1.420	216.0
1081	0.428	-0.015	1.415	216.2
1082	0.430	-0.017	1.411	216.4
1083	0.429	-0.011	1.415	216.6
1084	0.428	-0.014	1.424	216.8
1085	0.427	-0.015	1.423	217.0
1086	0.428	-0.015	1.419	217.2
1087	0.427	-0.013	1.417	217.4
1088	0.428	-0.013	1.414	217.6
1089	0.427	-0.015	1.405	217.8
1090	0.426	-0.015	1.411	218.0
1091	0.425	-0.015	1.417	218.2
1092	0.425	-0.017	1.424	218.4
1093	0.426	-0.014	1.419	218.6
1094	0.427	-0.014	1.413	218.8
1095	0.425	-0.017	1.418	219.0
1096	0.425	-0.015	1.413	219.2
1097	0.426	-0.014	1.424	219.4
1098	0.425	-0.017	1.427	219.6
1099	0.425	-0.015	1.422	219.8
1100	0.425	-0.016	1.420	220.0
1101	0.425	-0.018	1.409	220.2
1102	0.425	-0.017	1.403	220.4
1103	0.424	-0.018	1.425	220.6
1104	0.425	-0.017	1.423	220.8
1105	0.424	-0.019	1.419	221.0
1106	0.425	-0.021	1.409	221.2
1107	0.423	-0.019	1.408	221.4
1108	0.423	-0.019	1.404	221.6
1109	0.422	-0.020	1.410	221.8
1110	0.424	-0.022	1.413	222.0
1111	0.421	-0.021	1.418	222.2
1112	0.421	-0.022	1.411	222.4
1113	0.423	-0.018	1.415	222.6
1114	0.423	-0.020	1.405	222.8
1115	0.422	-0.022	1.413	223.0
1116	0.423	-0.024	1.417	223.2
1117	0.424	-0.023	1.426	223.4
1118	0.421	-0.022	1.422	223.6
1119	0.421	-0.022	1.419	223.8
1120	0.420	-0.026	1.410	224.0
1121	0.422	-0.026	1.410	224.2
1122	0.423	-0.026	1.420	224.4
1123	0.422	-0.026	1.423	224.6
1124	0.423	-0.026	1.415	224.8
1125	0.423	-0.027	1.412	225.0
1126	0.422	-0.025	1.407	225.2
1127	0.423	-0.025	1.411	225.4
1128	0.423	-0.022	1.421	225.6
1129	0.424	-0.023	1.413	225.8
1130	0.425	-0.021	1.414	226.0
1131	0.423	-0.022	1.409	226.2
1132	0.425	-0.019	1.396	226.4
1133	0.421	-0.022	1.405	226.6
1134	0.422	-0.022	1.412	226.8
1135	0.422	-0.022	1.411	227.0
1136	0.422	-0.022	1.415	227.2
1137	0.421	-0.022	1.406	227.4
1138	0.420	-0.022	1.403	227.6
1139	0.420	-0.022	1.408	227.8
1140	0.421	-0.019	1.413	228.0
1141	0.421	-0.022	1.413	228.2
1142	0.420	-0.020	1.408	228.4
1143	0.419	-0.023	1.403	228.6
1144	0.420	-0.019	1.409	228.8
1145	0.420	-0.019	1.411	229.0
1146	0.421	-0.019	1.416	229.2
1147	0.420	-0.022	1.423	229.4
1148	0.419	-0.019	1.422	229.6
1149	0.419	-0.022	1.411	229.8
1150	0.421	-0.020	1.406	230.0
1151	0.419	-0.019	1.407	230.2
1152	0.420	-0.022	1.406	230.4
1153	0.422	-0.021	1.407	230.6
1154	0.419	-0.022	1.410	230.8
1155	0.420	-0.021	1.408	231.0
1156	0.420	-0.024	1.409	231.2
1157	0.419	-0.022	1.411	231.4
1158	0.422	-0.024	1.408	231.6
1159	0.419	-0.021	1.413	231.8
1160	0.421	-0.022	1.420	232.0
1161	0.420	-0.022	1.410	232.2
1162	0.419	-0.023	1.402	232.4
1163	0.421	-0.023	1.398	232.6
1164	0.421	-0.022	1.405	232.8
1165	0.419	-0.019	1.407	233.0
1166	0.418	-0.019	1.417	233.2
1167	0.419	-0.019	1.417	233.4
1168	0.419	-0.020	1.415	233.6
1169	0.420	-0.021	1.417	233.8
1170	0.419	-0.021	1.414	234.0
1171	0.419	-0.020	1.416	234.2
1172	0.420	-0.019	1.418	234.4
1173	0.419	-0.020	1.409	234.6
1174	0.419	-0.018	1.406	234.8
1175	0.422	-0.020	1.409	235.0
1176	0.421	-0.017	1.412	235.2
1177	0.422	-0.017	1.418	235.4
1178	0.420	-0.019	1.422	235.6
1179	0.420	-0.018	1.419	235.8
1180	0.420	-0.019	1.413	236.0
1181	0.419	-0.020	1.399	236.2
1182	0.422	-0.017	1.403	236.4
1183	0.422	-0.016	1.410	236.6
1184	0.422	-0.017	1.410	236.8
1185	0.419	-0.018	1.409	237.0
1186	0.421	-0.018	1.403	237.2
1187	0.419	-0.020	1.415	237.4
1188	0.419	-0.017	1.421	237.6
1189	0.420	-0.019	1.415	237.8
1190	0.421	-0.018	1.407	238.0
1191	0.421	-0.021	1.406	238.2
1192	0.421	-0.018	1.398	238.4
1193	0.420	-0.017	1.409	238.6
1194	0.417	-0.016	1.407	238.8
1195	0.419	-0.016	1.414	239.0
1196	0.420	-0.016	1.411	239.2
1197	0.418	-0.019	1.414	239.4
1198	0.417	-0.018	1.409	239.6
1199	0.418	-0.019	1.417	239.8
1200	0.419	-0.021	1.417	240.0
1201	0.419	-0.017	1.418	240.2
1202	0.419	-0.019	1.413	240.4
1203	0.420	-0.018	1.410	240.6
1204	0.420	-0.017	1.408	240.8
1205	0.421	-0.018	1.407	241.0
1206	0.418	-0.020	1.406	241.2
1207	0.420	-0.021	1.414	241.4
1208	0.418	-0.018	1.416	241.6
1209	0.418	-0.020	1.402	241.8
1210	0.418	-0.017	1.399	242.0
1211	0.419	-0.017	1.407	242.2
1212	0.419	-0.021	1.415	242.4
1213	0.419	-0.019	1.415	242.6
1214	0.419	-0.018	1.407	242.8
1215	0.420	-0.016	1.397	243.0
1216	0.417	-0.017	1.398	243.2
1217	0.419	-0.018	1.403	243.4
1218	0.420	-0.015	1.416	243.6
1219	0.418	-0.018	1.417	243.8
1220	0.418	-0.014	1.421	244.0
1221	0.420	-0.018	1.412	244.2
1222	0.419	-0.017	1.406	244.4
1223	0.418	-0.017	1.411	244.6
1224	0.418	-0.015	1.423	244.8
1225	0.418	-0.016	1.417	245.0
1226	0.418	-0.017	1.418	245.2
1227	0.418	-0.018	1.417	245.4
1228	0.421	-0.017	1.417	245.6
1229	0.419	-0.018	1.421	245.8
1230	0.419	-0.016	1.419	246.0
1231	0.421	-0.013	1.419	246.2
1232	0.421	-0.017	1.420	246.4
1233	0.418	-0.016	1.411	246.6
1234	0.419	-0.018	1.407	246.8
1235	0.419	-0.015	1.411	247.0
1236	0.421	-0.016	1.417	247.2
1237	0.420	-0.017	1.415	247.4
1238	0.420	-0.017	1.406	247.6
1239	0.418	-0.017	1.411	247.8
1240	0.418	-0.018	1.406	248.0
1241	0.420	-0.015	1.417	248.2
1242	0.418	-0.015	1.421	248.4
1243	0.419	-0.017	1.416	248.6
1244	0.418	-0.015	1.405	248.8
1245	0.419	-0.016	1.405	249.0
1246	0.419	-0.014	1.403	249.2
1247	0.417	-0.018	1.417	249.4
1248	0.416	-0.017	1.427	249.6
1249	0.416	-0.015	1.426	249.8
1250	0.418	-0.015	1.411	250.0
1251	0.415	-0.018	1.407	250.2
1252	0.417	-0.017	1.412	250.4
1253	0.416	-0.018	1.422	250.6
1254	0.414	-0.018	1.425	250.8
1255	0.415	-0.018	1.415	251.0
1256	0.414	-0.018	1.411	251.2
1257	0.414	-0.021	1.414	251.4
1258	0.416	-0.018	1.407	251.6
1259	0.415	-0.019	1.422	251.8
1260	0.417	-0.019	1.425	252.0
1261	0.416	-0.021	1.417	252.2
1262	0.414	-0.022	1.407	252.4
1263	0.414	-0.019	1.406	252.6
1264	0.415	-0.018	1.422	252.8
1265	0.416	-0.019	1.420	253.0
1266	0.414	-0.020	1.397	253.2
1267	0.413	-0.019	1.389	253.4
1268	0.415	-0.021	1.410	253.6
1269	0.416	-0.021	1.424	253.8
1270	0.415	-0.022	1.418	254.0
1271	0.414	-0.019	1.403	254.2
1272	0.414	-0.019	1.405	254.4
1273	0.413	-0.018	1.421	254.6
1274	0.416	-0.021	1.405	254.8
1275	0.415	-0.022	1.404	255.0
1276	0.414	-0.022	1.402	255.2
1277	0.414	-0.022	1.409	255.4
1278	0.413	-0.020	1.417	255.6
1279	0.413	-0.023	1.419	255.8
1280	0.413	-0.018	1.418	256.0
1281	0.415	-0.019	1.421	256.2
1282	0.413	-0.018	1.415	256.4
1283	0.411	-0.019	1.417	256.6
1284	0.414	-0.021	1.411	256.8
1285	0.417	-0.020	1.403	257.0
1286	0.414	-0.022	1.404	257.2
1287	0.414	-0.019	1.413	257.4
1288	0.413	-0.017	1.418	257.6
1289	0.413	-0.018	1.417	257.8
1290	0.413	-0.019	1.406	258.0
1291	0.413	-0.017	1.403	258.2
1292	0.414	-0.018	1.403	258.4
1293	0.414	-0.018	1.413	258.6
1294	0.412	-0.015	1.407	258.8
1295	0.415	-0.016	1.396	259.0
1296	0.415	-0.015	1.394	259.2
1297	0.416	-0.017	1.409	259.4
1298	0.414	-0.017	1.410	259.6
1299	0.416	-0.017	1.409	259.8
1300	0.414	-0.015	1.408	260.0
1301	0.416	-0.017	1.404	260.2
1302	0.415	-0.016	1.407	260.4
1303	0.413	-0.017	1.403	260.6
1304	0.415	-0.017	1.406	260.8
1305	0.414	-0.016	1.410	261.0
1306	0.414	-0.015	1.410	261.2
1307	0.415	-0.017	1.395	261.4
1308	0.415	-0.017	1.405	261.6
1309	0.415	-0.015	1.419	261.8
1310	0.414	-0.015	1.423	262.0
1311	0.413	-0.015	1.410	262.2
1312	0.414	-0.015	1.407	262.4
1313	0.415	-0.017	1.402	262.6
1314	0.416	-0.017	1.407	262.8
1315	0.412	-0.016	1.404	263.0
1316	0.413	-0.015	1.411	263.2
1317	0.413	-0.015	1.411	263.4
1318	0.411	-0.015	1.407	263.6
1319	0.413	-0.018	1.401	263.8
1320	0.413	-0.015	1.408	264.0
1321	0.411	-0.018	1.413	264.2
1322	0.413	-0.018	1.416	264.4
1323	0.411	-0.014	1.414	264.6
1324	0.412	-0.015	1.402	264.8
1325	0.413	-0.018	1.397	265.0
1326	0.411	-0.018	1.403	265.2
1327	0.412	-0.018	1.409	265.4
1328	0.411	-0.017	1.413	265.6
1329	0.410	-0.015	1.406	265.8
1330	0.411	-0.018	1.398	266.0
1331	0.410	-0.019	1.403	266.2
1332	0.411	-0.017	1.404	266.4
1333	0.410	-0.015	1.414	266.6
1334	0.410	-0.017	1.413	266.8
1335	0.410	-0.015	1.409	267.0
1336	0.411	-0.015	1.399	267.2
1337	0.411	-0.016	1.408	267.4
1338	0.410	-0.016	1.413	267.6
1339	0.410	-0.015	1.418	267.8
1340	0.409	-0.018	1.415	268.0
1341	0.411	-0.018	1.412	268.2
1342	0.410	-0.019	1.411	268.4
1343	0.412	-0.021	1.410	268.6
1344	0.412	-0.018	1.412	268.8
1345	0.410	-0.017	1.407	269.0
1346	0.411	-0.017	1.408	269.2
1347	0.411	-0.020	1.397	269.4
1348	0.410	-0.019	1.399	269.6
1349	0.413	-0.019	1.399	269.8
1350	0.410	-0.021	1.418	270.0
1351	0.411	-0.023	1.416	270.2
1352	0.409	-0.019	1.405	270.4
1353	0.413	-0.018	1.402	270.6
1354	0.413	-0.017	1.396	270.8
1355	0.413	-0.020	1.405	271.0
1356	0.411	-0.020	1.413	271.2
1357	0.411	-0.021	1.405	271.4
1358	0.412	-0.019	1.404	271.6
1359	0.412	-0.018	1.388	271.8
1360	0.411	-0.019	1.394	272.0
1361	0.411	-0.019	1.398	272.2
1362	0.411	-0.018	1.415	272.4
1363	0.412	-0.020	1.411	272.6
1364	0.410	-0.021	1.393	272.8
1365	0.411	-0.021	1.388	273.0
1366	0.413	-0.019	1.399	273.2
1367	0.411	-0.020	1.403	273.4
1368	0.411	-0.019	1.405	273.6
1369	0.413	-0.017	1.405	273.8
1370	0.411	-0.018	1.400	274.0
1371	0.413	-0.019	1.403	274.2
1372	0.415	-0.020	1.413	274.4
1373	0.412	-0.021	1.406	274.6
1374	0.416	-0.020	1.409	274.8
1375	0.414	-0.018	1.408	275.0
1376	0.414	-0.021	1.392	275.2
1377	0.413	-0.018	1.405	275.4
1378	0.415	-0.016	1.413	275.6
1379	0.416	-0.018	1.411	275.8
1380	0.416	-0.019	1.400	276.0
1381	0.416	-0.018	1.397	276.2
1382	0.416	-0.018	1.402	276.4
1383	0.416	-0.018	1.403	276.6
1384	0.417	-0.016	1.399	276.8
1385	0.414	-0.017	1.399	277.0
1386	0.416	-0.015	1.393	277.2
1387	0.413	-0.017	1.381	277.4
1388	0.416	-0.018	1.383	277.6
1389	0.417	-0.015	1.403	277.8
1390	0.415	-0.015	1.401	278.0
1391	0.415	-0.017	1.407	278.2
1392	0.416	-0.017	1.396	278.4
1393	0.416	-0.018	1.392	278.6
1394	0.416	-0.015	1.390	278.8
1395	0.416	-0.014	1.399	279.0
1396	0.415	-0.014	1.401	279.2
1397	0.416	-0.015	1.394	279.4
1398	0.415	-0.015	1.396	279.6
1399	0.414	-0.015	1.399	279.8
1400	0.415	-0.016	1.399	280.0
1401	0.415	-0.015	1.401	280.2
1402	0.415	-0.015	1.409	280.4
1403	0.414	-0.016	1.405	280.6
1404	0.414	-0.017	1.404	280.8
1405	0.414	-0.015	1.405	281.0
1406	0.413	-0.013	1.403	281.2
1407	0.412	-0.015	1.407	281.4
1408	0.411	-0.017	1.404	281.6
1409	0.410	-0.017	1.391	281.8
1410	0.413	-0.017	1.401	282.0
1411	0.411	-0.015	1.407	282.2
1412	0.412	-0.015	1.407	282.4
1413	0.414	-0.014	1.402	282.6
1414	0.411	-0.019	1.405	282.8
1415	0.411	-0.018	1.394	283.0
1416	0.410	-0.017	1.395	283.2
1417	0.412	-0.018	1.393	283.4
1418	0.412	-0.015	1.399	283.6
1419	0.412	-0.014	1.399	283.8
1420	0.411	-0.015	1.400	284.0
1421	0.411	-0.015	1.397	284.2
1422	0.412	-0.016	1.394	284.4
1423	0.410	-0.015	1.392	284.6
1424	0.411	-0.014	1.389	284.8
1425	0.410	-0.016	1.390	285.0
1426	0.411	-0.017	1.402	285.2
1427	0.411	-0.017	1.394	285.4
1428	0.410	-0.019	1.398	285.6
1429	0.410	-0.017	1.391	285.8
1430	0.409	-0.014	1.391	286.0
1431	0.412	-0.015	1.403	286.2
1432	0.411	-0.015	1.403	286.4
1433	0.412	-0.018	1.403	286.6
1434	0.411	-0.017	1.402	286.8
1435	0.412	-0.014	1.403	287.0
1436	0.410	-0.015	1.407	287.2
1437	0.411	-0.015	1.398	287.4
1438	0.412	-0.016	1.405	287.6
1439	0.412	-0.014	1.406	287.8
1440	0.411	-0.016	1.401	288.0
1441	0.411	-0.017	1.407	288.2
1442	0.411	-0.013	1.406	288.4
1443	0.410	-0.015	1.397	288.6
1444	0.411	-0.015	1.404	288.8
1445	0.409	-0.015	1.397	289.0
1446	0.412	-0.015	1.395	289.2
1447	0.409	-0.017	1.404	289.4
1448	0.410	-0.018	1.401	289.6
1449	0.410	-0.015	1.401	289.8
1450	0.409	-0.016	1.399	290.0
1451	0.410	-0.018	1.397	290.2
1452	0.410	-0.018	1.396	290.4
1453	0.409	-0.017	1.396	290.6
1454	0.408	-0.017	1.400	290.8
1455	0.411	-0.018	1.399	291.0
1456	0.410	-0.018	1.392	291.2
1457	0.408	-0.017	1.390	291.4
1458	0.408	-0.015	1.394	291.6
1459	0.408	-0.015	1.401	291.8
1460	0.409	-0.015	1.405	292.0
1461	0.409	-0.017	1.397	292.2
1462	0.408	-0.018	1.403	292.4
1463	0.408	-0.018	1.407	292.6
1464	0.409	-0.016	1.403	292.8
1465	0.409	-0.017	1.403	293.0
1466	0.408	-0.015	1.393	293.2
1467	0.410	-0.017	1.404	293.4
1468	0.409	-0.017	1.405	293.6
1469	0.410	-0.016	1.410	293.8
1470	0.410	-0.018	1.415	294.0
1471	0.409	-0.015	1.409	294.2
1472	0.408	-0.017	1.404	294.4
1473	0.408	-0.016	1.417	294.6
1474	0.408	-0.018	1.407	294.8
1475	0.408	-0.014	1.405	295.0
1476	0.410	-0.016	1.405	295.2
1477	0.408	-0.014	1.409	295.4
1478	0.409	-0.015	1.407	295.6
1479	0.408	-0.015	1.404	295.8
1480	0.410	-0.017	1.408	296.0
1481	0.409	-0.016	1.407	296.2
1482	0.408	-0.018	1.403	296.4
1483	0.408	-0.018	1.411	296.6
1484	0.409	-0.017	1.405	296.8
1485	0.411	-0.016	1.392	297.0
1486	0.411	-0.018	1.401	297.2
1487	0.409	-0.017	1.401	297.4
1488	0.410	-0.017	1.400	297.6
1489	0.411	-0.017	1.409	297.8
1490	0.411	-0.018	1.413	298.0
1491	0.409	-0.018	1.402	298.2
1492	0.410	-0.021	1.402	298.4
1493	0.410	-0.019	1.410	298.6
1494	0.412	-0.021	1.396	298.8
1495	0.410	-0.018	1.399	299.0
1496	0.413	-0.019	1.409	299.2
1497	0.411	-0.020	1.401	299.4
1498	0.413	-0.022	1.401	299.6
1499	0.413	-0.021	1.402	299.8
1500	0.413	-0.018	1.409	300.0
1501	0.411	-0.018	1.406	300.2
1502	0.412	-0.019	1.405	300.4
1503	0.414	-0.020	1.406	300.6
1504	0.414	-0.021	1.405	300.8
1505	0.411	-0.018	1.403	301.0
1506	0.415	-0.019	1.397	301.2
1507	0.413	-0.019	1.401	301.4
1508	0.413	-0.021	1.410	301.6
1509	0.414	-0.018	1.406	301.8
1510	0.416	-0.018	1.406	302.0
1511	0.413	-0.017	1.409	302.2
1512	0.415	-0.018	1.409	302.4
1513	0.414	-0.016	1.408	302.6
1514	0.414	-0.019	1.409	302.8
1515	0.414	-0.018	1.403	303.0
1516	0.414	-0.015	1.406	303.2
1517	0.414	-0.015	1.413	303.4
1518	0.569	-0.027	1.715	303.6
1519	0.702	-0.030	1.817	303.8
1520	0.694	-0.028	1.842	304.0
1521	0.693	-0.024	1.827	304.2
1522	0.691	-0.026	1.841	304.4
1523	0.688	-0.025	1.839	304.6
1524	0.687	-0.026	1.822	304.8
1525	0.687	-0.025	1.815	305.0
1526	0.685	-0.025	1.818	305.2
1527	0.682	-0.024	1.819	305.4
1528	0.682	-0.023	1.828	305.6
1529	0.682	-0.022	1.816	305.8
1530	0.684	-0.023	1.815	306.0
1531	0.681	-0.021	1.826	306.2
1532	0.680	-0.024	1.820	306.4
1533	0.680	-0.024	1.810	306.6
1534	0.679	-0.024	1.812	306.8
1535	0.680	-0.021	1.809	307.0
1536	0.677	-0.023	1.810	307.2
1537	0.679	-0.025	1.811	307.4
1538	0.677	-0.026	1.816	307.6
1539	0.677	-0.022	1.808	307.8
1540	0.677	-0.019	1.813	308.0
1541	0.676	-0.021	1.812	308.2
1542	0.675	-0.021	1.809	308.4
1543	0.676	-0.022	1.810	308.6
1544	0.672	-0.022	1.804	308.8
1545	0.674	-0.020	1.804	309.0
1546	0.672	-0.022	1.808	309.2
1547	0.675	-0.021	1.811	309.4
1548	0.673	-0.020	1.810	309.6
1549	0.674	-0.021	1.803	309.8
1550	0.674	-0.021	1.803	310.0
1551	0.671	-0.019	1.805	310.2
1552	0.674	-0.019	1.803	310.4
1553	0.672	-0.019	1.800	310.6
1554	0.672	-0.020	1.801	310.8
1555	0.670	-0.019	1.791	311.0
1556	0.672	-0.017	1.795	311.2
1557	0.669	-0.019	1.797	311.4
1558	0.673	-0.020	1.800	311.6
1559	0.670	-0.019	1.799	311.8
1560	0.672	-0.019	1.799	312.0
1561	0.670	-0.018	1.790	312.2
1562	0.670	-0.019	1.796	312.4
1563	0.670	-0.017	1.795	312.6
1564	0.669	-0.019	1.796	312.8
1565	0.671	-0.018	1.796	313.0
1566	0.672	-0.020	1.794	313.2
1567	0.669	-0.022	1.794	313.4
1568	0.669	-0.018	1.806	313.6
1569	0.670	-0.016	1.807	313.8
1570	0.670	-0.018	1.794	314.0
1571	0.670	-0.019	1.803	314.2
1572	0.670	-0.018	1.798	314.4
1573	0.670	-0.021	1.800	314.6
1574	0.668	-0.018	1.796	314.8
1575	0.670	-0.021	1.802	315.0
1576	0.669	-0.019	1.807	315.2
1577	0.667	-0.019	1.801	315.4
1578	0.669	-0.019	1.806	315.6
1579	0.669	-0.020	1.801	315.8
1580	0.668	-0.019	1.794	316.0
1581	0.669	-0.020	1.801	316.2
1582	0.667	-0.021	1.794	316.4
1583	0.668	-0.018	1.794	316.6
1584	0.668	-0.019	1.786	316.8
1585	0.669	-0.020	1.777	317.0
1586	0.669	-0.021	1.799	317.2
1587	0.667	-0.021	1.808	317.4
1588	0.669	-0.021	1.793	317.6
1589	0.669	-0.022	1.784	317.8
1590	0.670	-0.018	1.792	318.0
1591	0.670	-0.021	1.790	318.2
1592	0.669	-0.018	1.792	318.4
1593	0.669	-0.022	1.795	318.6
1594	0.669	-0.023	1.788	318.8
1595	0.669	-0.020	1.784	319.0
1596	0.671	-0.018	1.784	319.2
1597	0.669	-0.018	1.790	319.4
1598	0.669	-0.019	1.796	319.6
1599	0.670	-0.022	1.804	319.8
1600	0.669	-0.022	1.782	320.0
1601	0.670	-0.020	1.789	320.2
1602	0.669	-0.017	1.779	320.4
1603	0.669	-0.022	1.789	320.6
1604	0.668	-0.020	1.791	320.8
1605	0.671	-0.018	1.790	321.0
1606	0.670	-0.018	1.787	321.2
1607	0.668	-0.018	1.798	321.4
1608	0.668	-0.021	1.786	321.6
1609	0.670	-0.021	1.794	321.8
1610	0.671	-0.022	1.791	322.0
1611	0.669	-0.018	1.794	322.2
1612	0.668	-0.019	1.798	322.4
1613	0.670	-0.019	1.791	322.6
1614	0.670	-0.021	1.795	322.8
1615	0.669	-0.019	1.798	323.0
1616	0.669	-0.020	1.795	323.2
1617	0.670	-0.017	1.796	323.4
1618	0.668	-0.018	1.804	323.6
1619	0.668	-0.020	1.799	323.8
1620	0.669	-0.018	1.793	324.0
1621	0.667	-0.020	1.792	324.2
1622	0.670	-0.017	1.794	324.4
1623	0.668	-0.019	1.791	324.6
1624	0.668	-0.019	1.790	324.8
1625	0.667	-0.017	1.796	325.0
1626	0.665	-0.015	1.790	325.2
1627	0.668	-0.018	1.803	325.4
1628	0.666	-0.018	1.787	325.6
1629	0.665	-0.018	1.785	325.8
1630	0.667	-0.019	1.785	326.0
1631	0.666	-0.019	1.786	326.2
1632	0.667	-0.021	1.796	326.4
1633	0.664	-0.018	1.791	326.6
1634	0.665	-0.021	1.781	326.8
1635	0.665	-0.019	1.784	327.0
1636	0.665	-0.019	1.789	327.2
1637	0.664	-0.020	1.790	327.4
1638	0.666	-0.018	1.797	327.6
1639	0.668	-0.020	1.780	327.8
1640	0.665	-0.021	1.786	328.0
1641	0.666	-0.019	1.780	328.2
1642	0.665	-0.019	1.787	328.4
1643	0.665	-0.018	1.792	328.6
1644	0.665	-0.018	1.790	328.8
1645	0.663	-0.022	1.789	329.0
1646	0.666	-0.019	1.787	329.2
1647	0.664	-0.019	1.786	329.4
1648	0.664	-0.019	1.794	329.6
1649	0.665	-0.019	1.784	329.8
1650	0.664	-0.019	1.779	330.0
1651	0.666	-0.021	1.791	330.2
1652	0.667	-0.021	1.801	330.4
1653	0.665	-0.020	1.790	330.6
1654	0.663	-0.019	1.791	330.8
1655	0.664	-0.021	1.798	331.0
1656	0.665	-0.018	1.799	331.2
1657	0.663	-0.020	1.795	331.4
1658	0.663	-0.021	1.789	331.6
1659	0.665	-0.018	1.778	331.8
1660	0.663	-0.019	1.788	332.0
1661	0.661	-0.018	1.798	332.2
1662	0.664	-0.019	1.796	332.4
1663	0.663	-0.017	1.791	332.6
1664	0.663	-0.019	1.784	332.8
1665	0.664	-0.017	1.783	333.0
1666	0.662	-0.018	1.796	333.2
1667	0.664	-0.018	1.797	333.4
1668	0.660	-0.020	1.786	333.6
1669	0.663	-0.019	1.779	333.8
1670	0.663	-0.017	1.773	334.0
1671	0.662	-0.018	1.782	334.2
1672	0.662	-0.018	1.786	334.4
1673	0.661	-0.018	1.782	334.6
1674	0.663	-0.019	1.788	334.8
1675	0.663	-0.018	1.788	335.0
1676	0.663	-0.017	1.774	335.2
1677	0.661	-0.015	1.783	335.4
1678	0.660	-0.014	1.780	335.6
1679	0.659	-0.021	1.787	335.8
1680	0.659	-0.019	1.778	336.0
1681	0.661	-0.015	1.782	336.2
1682	0.660	-0.013	1.782	336.4
1683	0.659	-0.015	1.783	336.6
1684	0.658	-0.018	1.790	336.8
1685	0.659	-0.019	1.783	337.0
1686	0.659	-0.013	1.786	337.2
1687	0.658	-0.015	1.784	337.4
1688	0.657	-0.017	1.782	337.6
1689	0.658	-0.018	1.783	337.8
1690	0.657	-0.013	1.787	338.0
1691	0.658	-0.015	1.787	338.2
1692	0.658	-0.019	1.786	338.4
1693	0.656	-0.017	1.790	338.6
1694	0.660	-0.017	1.789	338.8
1695	0.658	-0.016	1.794	339.0
1696	0.660	-0.014	1.786	339.2
1697	0.657	-0.017	1.780	339.4
1698	0.656	-0.019	1.791	339.6
1699	0.656	-0.018	1.795	339.8
1700	0.658	-0.016	1.772	340.0
1701	0.657	-0.017	1.779	340.2
1702	0.655	-0.018	1.787	340.4
1703	0.657	-0.018	1.786	340.6
1704	0.656	-0.017	1.780	340.8
1705	0.656	-0.018	1.776	341.0
1706	0.655	-0.019	1.782	341.2
1707	0.655	-0.018	1.787	341.4
1708	0.656	-0.018	1.783	341.6
1709	0.654	-0.021	1.779	341.8
1710	0.657	-0.016	1.773	342.0
1711	0.656	-0.019	1.776	342.2
1712	0.656	-0.021	1.775	342.4
1713	0.655	-0.021	1.775	342.6
1714	0.656	-0.019	1.778	342.8
1715	0.655	-0.020	1.776	343.0
1716	0.657	-0.022	1.776	343.2
1717	0.655	-0.022	1.773	343.4
1718	0.657	-0.019	1.776	343.6
1719	0.654	-0.017	1.776	343.8
1720	0.655	-0.018	1.769	344.0
1721	0.654	-0.018	1.769	344.2
1722	0.658	-0.018	1.785	344.4
1723	0.653	-0.022	1.791	344.6
1724	0.653	-0.022	1.786	344.8
1725	0.655	-0.021	1.780	345.0
1726	0.655	-0.020	1.773	345.2
1727	0.655	-0.019	1.783	345.4
1728	0.653	-0.021	1.787	345.6
1729	0.654	-0.018	1.777	345.8
1730	0.654	-0.021	1.782	346.0
1731	0.657	-0.022	1.797	346.2
1732	0.656	-0.022	1.788	346.4
1733	0.656	-0.019	1.778	346.6
1734	0.658	-0.018	1.766	346.8
1735	0.654	-0.019	1.786	347.0
1736	0.655	-0.020	1.798	347.2
1737	0.659	-0.018	1.780	347.4
1738	0.653	-0.019	1.775	347.6
1739	0.655	-0.020	1.775	347.8
1740	0.657	-0.018	1.787	348.0
1741	0.657	-0.018	1.786	348.2
1742	0.655	-0.020	1.784	348.4
1743	0.655	-0.021	1.784	348.6
1744	0.656	-0.018	1.770	348.8
1745	0.657	-0.017	1.774	349.0
1746	0.655	-0.018	1.777	349.2
1747	0.656	-0.019	1.774	349.4
1748	0.656	-0.018	1.776	349.6
1749	0.655	-0.018	1.776	349.8
1750	0.655	-0.018	1.776	350.0
1751	0.656	-0.019	1.773	350.2
1752	0.654	-0.017	1.775	350.4
1753	0.657	-0.018	1.770	350.6
1754	0.654	-0.017	1.762	350.8
1755	0.656	-0.018	1.767	351.0
1756	0.655	-0.019	1.760	351.2
1757	0.655	-0.015	1.777	351.4
1758	0.657	-0.019	1.801	351.6
1759	0.655	-0.017	1.786	351.8
1760	0.655	-0.018	1.759	352.0
1761	0.654	-0.017	1.752	352.2
1762	0.656	-0.016	1.760	352.4
1763	0.656	-0.019	1.800	352.6
1764	0.653	-0.017	1.810	352.8
1765	0.655	-0.017	1.772	353.0
1766	0.657	-0.015	1.766	353.2
1767	0.654	-0.017	1.769	353.4
1768	0.654	-0.018	1.774	353.6
1769	0.656	-0.017	1.793	353.8
1770	0.656	-0.015	1.791	354.0
1771	0.656	-0.017	1.776	354.2
1772	0.655	-0.018	1.774	354.4
1773	0.652	-0.015	1.784	354.6
1774	0.653	-0.017	1.783	354.8
1775	0.656	-0.016	1.776	355.0
1776	0.655	-0.015	1.773	355.2
1777	0.652	-0.016	1.776	355.4
1778	0.654	-0.017	1.782	355.6
1779	0.653	-0.017	1.783	355.8
1780	0.654	-0.015	1.787	356.0
1781	0.651	-0.017	1.780	356.2
1782	0.653	-0.018	1.778	356.4
1783	0.653	-0.016	1.769	356.6
1784	0.651	-0.016	1.772	356.8
1785	0.654	-0.019	1.784	357.0
1786	0.653	-0.018	1.781	357.2
1787	0.654	-0.017	1.771	357.4
1788	0.651	-0.019	1.777	357.6
1789	0.653	-0.018	1.776	357.8
1790	0.652	-0.017	1.774	358.0
1791	0.652	-0.018	1.778	358.2
1792	0.650	-0.019	1.772	358.4
1793	0.652	-0.019	1.779	358.6
1794	0.655	-0.015	1.774	358.8
1795	0.651	-0.019	1.768	359.0
1796	0.651	-0.021	1.781	359.2
1797	0.653	-0.019	1.779	359.4
1798	0.653	-0.018	1.771	359.6
1799	0.652	-0.019	1.771	359.8
1800	0.652	-0.020	1.777	360.0
1801	0.654	-0.016	1.780	360.2
1802	0.652	-0.019	1.776	360.4
1803	0.652	-0.019	1.768	360.6
1804	0.650	-0.021	1.783	360.8
1805	0.652	-0.018	1.776	361.0
1806	0.650	-0.020	1.770	361.2
1807	0.650	-0.019	1.779	361.4
1808	0.650	-0.019	1.788	361.6
1809	0.650	-0.018	1.782	361.8
1810	0.653	-0.018	1.781	362.0
1811	0.651	-0.018	1.773	362.2
1812	0.651	-0.020	1.774	362.4
1813	0.651	-0.022	1.782	362.6
1814	0.652	-0.019	1.776	362.8
1815	0.651	-0.018	1.774	363.0
1816	0.651	-0.019	1.773	363.2
1817	0.650	-0.018	1.770	363.4
1818	0.651	-0.017	1.770	363.6
1819	0.652	-0.020	1.771	363.8
1820	0.650	-0.016	1.771	364.0
1821	0.651	-0.018	1.773	364.2
1822	0.650	-0.017	1.772	364.4
1823	0.650	-0.018	1.764	364.6
1824	0.651	-0.018	1.763	364.8
1825	0.651	-0.017	1.770	365.0
1826	0.650	-0.018	1.768	365.2
1827	0.650	-0.018	1.766	365.4
1828	0.652	-0.018	1.772	365.6
1829	0.651	-0.018	1.763	365.8
1830	0.649	-0.017	1.759	366.0
1831	0.651	-0.015	1.758	366.2
1832	0.651	-0.017	1.768	366.4
1833	0.650	-0.018	1.760	366.6
1834	0.648	-0.017	1.774	366.8
1835	0.651	-0.016	1.767	367.0
1836	0.649	-0.018	1.759	367.2
1837	0.648	-0.015	1.780	367.4
1838	0.650	-0.018	1.765	367.6
1839	0.647	-0.017	1.759	367.8
1840	0.648	-0.017	1.748	368.0
1841	0.651	-0.015	1.763	368.2
1842	0.650	-0.017	1.772	368.4
1843	0.650	-0.014	1.781	368.6
1844	0.648	-0.018	1.767	368.8
1845	0.648	-0.017	1.770	369.0
1846	0.648	-0.015	1.758	369.2
1847	0.648	-0.017	1.762	369.4
1848	0.650	-0.015	1.778	369.6
1849	0.646	-0.014	1.782	369.8
1850	0.650	-0.015	1.773	370.0
1851	0.648	-0.014	1.759	370.2
1852	0.648	-0.015	1.761	370.4
1853	0.648	-0.015	1.769	370.6
1854	0.647	-0.015	1.784	370.8
1855	0.648	-0.016	1.780	371.0
1856	0.646	-0.014	1.763	371.2
1857	0.649	-0.016	1.767	371.4
1858	0.648	-0.017	1.767	371.6
1859	0.648	-0.015	1.758	371.8
1860	0.648	-0.016	1.771	372.0
1861	0.649	-0.015	1.770	372.2
1862	0.646	-0.017	1.774	372.4
1863	0.647	-0.017	1.772	372.6
1864	0.647	-0.017	1.761	372.8
1865	0.647	-0.015	1.770	373.0
1866	0.648	-0.017	1.779	373.2
1867	0.649	-0.015	1.770	373.4
1868	0.646	-0.015	1.752	373.6
1869	0.647	-0.018	1.745	373.8
1870	0.648	-0.018	1.770	374.0
1871	0.648	-0.015	1.779	374.2
1872	0.647	-0.015	1.774	374.4
1873	0.647	-0.018	1.760	374.6
1874	0.647	-0.014	1.758	374.8
1875	0.650	-0.019	1.758	375.0
1876	0.647	-0.017	1.770	375.2
1877	0.649	-0.014	1.773	375.4
1878	0.648	-0.017	1.767	375.6
1879	0.648	-0.017	1.764	375.8
1880	0.649	-0.014	1.756	376.0
1881	0.650	-0.017	1.764	376.2
1882	0.647	-0.016	1.766	376.4
1883	0.647	-0.016	1.769	376.6
1884	0.648	-0.017	1.774	376.8
1885	0.648	-0.017	1.768	377.0
1886	0.648	-0.016	1.760	377.2
1887	0.649	-0.016	1.774	377.4
1888	0.647	-0.018	1.772	377.6
1889	0.649	-0.018	1.770	377.8
1890	0.650	-0.015	1.770	378.0
1891	0.649	-0.018	1.770	378.2
1892	0.650	-0.016	1.772	378.4
1893	0.649	-0.016	1.770	378.6
1894	0.650	-0.018	1.769	378.8
1895	0.648	-0.015	1.752	379.0
1896	0.647	-0.015	1.763	379.2
1897	0.647	-0.016	1.768	379.4
1898	0.649	-0.018	1.767	379.6
1899	0.649	-0.017	1.764	379.8
1900	0.647	-0.017	1.769	380.0
1901	0.649	-0.015	1.768	380.2
1902	0.648	-0.018	1.758	380.4
1903	0.646	-0.016	1.763	380.6
1904	0.646	-0.017	1.771	380.8
1905	0.647	-0.018	1.766	381.0
1906	0.646	-0.015	1.752	381.2
1907	0.648	-0.015	1.758	381.4
1908	0.647	-0.015	1.760	381.6
1909	0.647	-0.015	1.765	381.8
1910	0.648	-0.015	1.769	382.0
1911	0.649	-0.014	1.766	382.2
1912	0.647	-0.017	1.758	382.4
1913	0.648	-0.013	1.762	382.6
1914	0.648	-0.015	1.751	382.8
1915	0.647	-0.017	1.764	383.0
1916	0.643	-0.015	1.770	383.2
1917	0.648	-0.014	1.761	383.4
1918	0.648	-0.017	1.754	383.6
1919	0.648	-0.013	1.762	383.8
1920	0.649	-0.013	1.763	384.0
1921	0.646	-0.013	1.768	384.2
1922	0.646	-0.018	1.769	384.4
1923	0.647	-0.015	1.756	384.6
1924	0.647	-0.013	1.760	384.8
1925	0.646	-0.015	1.764	385.0
1926	0.644	-0.014	1.771	385.2
1927	0.646	-0.015	1.772	385.4
1928	0.646	-0.014	1.770	385.6
1929	0.647	-0.014	1.770	385.8
1930	0.645	-0.014	1.764	386.0
1931	0.644	-0.015	1.761	386.2
1932	0.646	-0.015	1.758	386.4
1933	0.645	-0.014	1.774	386.6
1934	0.646	-0.016	1.768	386.8
1935	0.646	-0.014	1.764	387.0
1936	0.646	-0.013	1.760	387.2
1937	0.647	-0.015	1.768	387.4
1938	0.646	-0.016	1.768	387.6
1939	0.646	-0.016	1.773	387.8
1940	0.646	-0.016	1.762	388.0
1941	0.645	-0.012	1.758	388.2
1942	0.644	-0.013	1.750	388.4
1943	0.643	-0.015	1.758	388.6
1944	0.645	-0.015	1.761	388.8
1945	0.646	-0.017	1.768	389.0
1946	0.644	-0.013	1.765	389.2
1947	0.645	-0.014	1.760	389.4
1948	0.648	-0.017	1.754	389.6
1949	0.644	-0.013	1.752	389.8
1950	0.645	-0.017	1.760	390.0
1951	0.648	-0.014	1.760	390.2
1952	0.646	-0.012	1.756	390.4
1953	0.647	-0.016	1.753	390.6
1954	0.645	-0.014	1.758	390.8
1955	0.646	-0.015	1.758	391.0
1956	0.645	-0.015	1.758	391.2
1957	0.646	-0.013	1.761	391.4
1958	0.647	-0.015	1.767	391.6
1959	0.644	-0.016	1.762	391.8
1960	0.647	-0.016	1.758	392.0
1961	0.646	-0.016	1.758	392.2
1962	0.644	-0.015	1.763	392.4
1963	0.644	-0.015	1.763	392.6
1964	0.648	-0.014	1.772	392.8
1965	0.644	-0.014	1.774	393.0
1966	0.644	-0.015	1.766	393.2
1967	0.644	-0.014	1.765	393.4
1968	0.645	-0.015	1.758	393.6
1969	0.644	-0.018	1.765	393.8
1970	0.645	-0.016	1.774	394.0
1971	0.644	-0.016	1.768	394.2
1972	0.644	-0.017	1.764	394.4
1973	0.642	-0.015	1.764	394.6
1974	0.644	-0.016	1.762	394.8
1975	0.643	-0.016	1.768	395.0
1976	0.643	-0.015	1.772	395.2
1977	0.642	-0.015	1.764	395.4
1978	0.643	-0.016	1.757	395.6
1979	0.642	-0.015	1.751	395.8
1980	0.641	-0.016	1.749	396.0
1981	0.642	-0.016	1.767	396.2
1982	0.643	-0.016	1.772	396.4
1983	0.642	-0.017	1.761	396.6
1984	0.641	-0.017	1.748	396.8
1985	0.642	-0.015	1.746	397.0
1986	0.642	-0.014	1.754	397.2
1987	0.643	-0.017	1.765	397.4
1988	0.643	-0.016	1.762	397.6
1989	0.642	-0.015	1.750	397.8
1990	0.641	-0.016	1.751	398.0
1991	0.643	-0.013	1.748	398.2
1992	0.643	-0.015	1.761	398.4
1993	0.641	-0.014	1.764	398.6
1994	0.641	-0.016	1.774	398.8
1995	0.642	-0.014	1.758	399.0
1996	0.642	-0.015	1.745	399.2
1997	0.641	-0.015	1.746	399.4
1998	0.641	-0.015	1.758	399.6
1999	0.640	-0.016	1.765	399.8
2000	0.640	-0.013	1.768	400.0
2001	0.641	-0.015	1.761	400.2
2002	0.643	-0.014	1.760	400.4
2003	0.640	-0.016	1.757	400.6
2004	0.641	-0.014	1.749	400.8
2005	0.641	-0.017	1.765	401.0
2006	0.640	-0.016	1.764	401.2
2007	0.640	-0.015	1.767	401.4
2008	0.639	-0.013	1.762	401.6
2009	0.641	-0.016	1.757	401.8
2010	0.638	-0.015	1.754	402.0
2011	0.639	-0.014	1.761	402.2
2012	0.639	-0.017	1.754	402.4
2013	0.640	-0.015	1.760	402.6
2014	0.639	-0.015	1.759	402.8
2015	0.640	-0.017	1.757	403.0
2016	0.636	-0.015	1.753	403.2
2017	0.640	-0.015	1.754	403.4
2018	0.636	-0.017	1.755	403.6
2019	0.890	-0.030	2.238	403.8
2020	0.936	-0.024	2.221	404.0
2021	0.934	-0.022	2.206	404.2
2022	0.929	-0.020	2.216	404.4
2023	0.928	-0.021	2.214	404.6
2024	0.925	-0.020	2.208	404.8
2025	0.925	-0.018	2.202	405.0
2026	0.925	-0.019	2.202	405.2
2027	0.922	-0.018	2.194	405.4
2028	0.923	-0.021	2.187	405.6
2029	0.922	-0.018	2.186	405.8
2030	0.921	-0.018	2.202	406.0
2031	0.919	-0.019	2.193	406.2
2032	0.918	-0.018	2.193	406.4
2033	0.918	-0.019	2.186	406.6
2034	0.917	-0.019	2.184	406.8
2035	0.918	-0.018	2.185	407.0
2036	0.917	-0.019	2.186	407.2
2037	0.915	-0.018	2.191	407.4
2038	0.914	-0.020	2.178	407.6
2039	0.916	-0.018	2.182	407.8
2040	0.914	-0.018	2.191	408.0
2041	0.914	-0.019	2.182	408.2
2042	0.913	-0.014	2.171	408.4
2043	0.913	-0.018	2.183	408.6
2044	0.912	-0.017	2.183	408.8
2045	0.914	-0.017	2.185	409.0
2046	0.914	-0.015	2.187	409.2
2047	0.915	-0.016	2.188	409.4
2048	0.911	-0.018	2.179	409.6
2049	0.911	-0.019	2.179	409.8
2050	0.910	-0.017	2.180	410.0
2051	0.911	-0.017	2.182	410.2
2052	0.911	-0.017	2.184	410.4
2053	0.910	-0.015	2.178	410.6
2054	0.909	-0.019	2.166	410.8
2055	0.910	-0.017	2.176	411.0
2056	0.908	-0.018	2.185	411.2
2057	0.909	-0.016	2.189	411.4
2058	0.909	-0.017	2.183	411.6
2059	0.911	-0.017	2.175	411.8
2060	0.910	-0.015	2.171	412.0
2061	0.907	-0.016	2.165	412.2
2062	0.908	-0.016	2.176	412.4
2063	0.909	-0.014	2.183	412.6
2064	0.908	-0.011	2.180	412.8
2065	0.907	-0.014	2.169	413.0
2066	0.908	-0.013	2.169	413.2
2067	0.907	-0.014	2.172	413.4
2068	0.908	-0.013	2.165	413.6
2069	0.905	-0.014	2.162	413.8
2070	0.907	-0.016	2.167	414.0
2071	0.908	-0.013	2.167	414.2
2072	0.907	-0.013	2.162	414.4
2073	0.905	-0.012	2.166	414.6
2074	0.905	-0.013	2.163	414.8
2075	0.906	-0.013	2.163	415.0
2076	0.905	-0.015	2.163	415.2
2077	0.907	-0.012	2.164	415.4
2078	0.904	-0.012	2.168	415.6
2079	0.903	-0.013	2.160	415.8
2080	0.905	-0.014	2.162	416.0
2081	0.905	-0.014	2.170	416.2
2082	0.902	-0.010	2.158	416.4
2083	0.901	-0.013	2.150	416.6
2084	0.903	-0.013	2.161	416.8
2085	0.902	-0.012	2.178	417.0
2086	0.900	-0.010	2.169	417.2
2087	0.901	-0.009	2.160	417.4
2088	0.900	-0.014	2.156	417.6
2089	0.902	-0.010	2.167	417.8
2090	0.902	-0.011	2.167	418.0
2091	0.901	-0.010	2.186	418.2
2092	0.900	-0.009	2.168	418.4
2093	0.901	-0.012	2.159	418.6
2094	0.903	-0.013	2.160	418.8
2095	0.901	-0.013	2.169	419.0
2096	0.900	-0.011	2.170	419.2
2097	0.901	-0.008	2.164	419.4
2098	0.903	-0.012	2.157	419.6
2099	0.899	-0.013	2.153	419.8
2100	0.901	-0.011	2.160	420.0
2101	0.902	-0.011	2.169	420.2
2102	0.901	-0.013	2.159	420.4
2103	0.900	-0.011	2.155	420.6
2104	0.902	-0.013	2.153	420.8
2105	0.898	-0.010	2.156	421.0
2106	0.902	-0.012	2.157	421.2
2107	0.900	-0.011	2.158	421.4
2108	0.900	-0.011	2.154	421.6
2109	0.901	-0.009	2.152	421.8
2110	0.901	-0.012	2.154	422.0
2111	0.900	-0.011	2.157	422.2
2112	0.901	-0.013	2.163	422.4
2113	0.898	-0.013	2.158	422.6
2114	0.900	-0.015	2.151	422.8
2115	0.896	-0.013	2.147	423.0
2116	0.900	-0.009	2.151	423.2
2117	0.898	-0.013	2.153	423.4
2118	0.898	-0.012	2.162	423.6
2119	0.897	-0.012	2.168	423.8
2120	0.898	-0.011	2.148	424.0
2121	0.896	-0.012	2.147	424.2
2122	0.896	-0.013	2.151	424.4
2123	0.896	-0.011	2.155	424.6
2124	0.897	-0.010	2.152	424.8
2125	0.896	-0.011	2.158	425.0
2126	0.896	-0.012	2.159	425.2
2127	0.896	-0.013	2.154	425.4
2128	0.897	-0.010	2.151	425.6
2129	0.895	-0.015	2.161	425.8
2130	0.896	-0.014	2.157	426.0
2131	0.897	-0.013	2.155	426.2
2132	0.896	-0.013	2.158	426.4
2133	0.894	-0.013	2.158	426.6
2134	0.895	-0.014	2.166	426.8
2135	0.896	-0.013	2.158	427.0
2136	0.896	-0.012	2.157	427.2
2137	0.896	-0.013	2.154	427.4
2138	0.895	-0.010	2.167	427.6
2139	0.897	-0.012	2.161	427.8
2140	0.896	-0.010	2.157	428.0
2141	0.893	-0.011	2.161	428.2
2142	0.896	-0.010	2.153	428.4
2143	0.895	-0.011	2.145	428.6
2144	0.895	-0.012	2.151	428.8
2145	0.895	-0.011	2.155	429.0
2146	0.893	-0.013	2.157	429.2
2147	0.893	-0.010	2.159	429.4
2148	0.892	-0.013	2.147	429.6
2149	0.892	-0.012	2.142	429.8
2150	0.896	-0.011	2.143	430.0
2151	0.896	-0.012	2.141	430.2
2152	0.891	-0.013	2.150	430.4
2153	0.895	-0.010	2.156	430.6
2154	0.894	-0.012	2.151	430.8
2155	0.894	-0.011	2.138	431.0
2156	0.894	-0.009	2.139	431.2
2157	0.895	-0.010	2.144	431.4
2158	0.893	-0.011	2.151	431.6
2159	0.893	-0.007	2.149	431.8
2160	0.893	-0.011	2.137	432.0
2161	0.894	-0.010	2.142	432.2
2162	0.893	-0.011	2.149	432.4
2163	0.893	-0.009	2.147	432.6
2164	0.894	-0.009	2.153	432.8
2165	0.893	-0.010	2.158	433.0
2166	0.893	-0.009	2.151	433.2
2167	0.891	-0.011	2.143	433.4
2168	0.893	-0.009	2.139	433.6
2169	0.895	-0.014	2.142	433.8
2170	0.894	-0.010	2.160	434.0
2171	0.891	-0.011	2.160	434.2
2172	0.892	-0.007	2.149	434.4
2173	0.893	-0.011	2.154	434.6
2174	0.891	-0.012	2.154	434.8
2175	0.893	-0.009	2.151	435.0
2176	0.893	-0.008	2.152	435.2
2177	0.893	-0.012	2.143	435.4
2178	0.893	-0.011	2.153	435.6
2179	0.893	-0.010	2.154	435.8
2180	0.893	-0.012	2.155	436.0
2181	0.893	-0.011	2.145	436.2
2182	0.894	-0.014	2.143	436.4
2183	0.892	-0.013	2.144	436.6
2184	0.893	-0.012	2.155	436.8
2185	0.892	-0.012	2.151	437.0
2186	0.892	-0.011	2.144	437.2
2187	0.893	-0.011	2.141	437.4
2188	0.893	-0.012	2.128	437.6
2189	0.893	-0.015	2.141	437.8
2190	0.894	-0.013	2.159	438.0
2191	0.892	-0.013	2.152	438.2
2192	0.893	-0.011	2.144	438.4
2193	0.893	-0.012	2.126	438.6
2194	0.892	-0.014	2.129	438.8
2195	0.893	-0.011	2.144	439.0
2196	0.893	-0.009	2.150	439.2
2197	0.892	-0.012	2.144	439.4
2198	0.893	-0.009	2.136	439.6
2199	0.892	-0.013	2.139	439.8
2200	0.894	-0.010	2.143	440.0
2201	0.893	-0.010	2.151	440.2
2202	0.892	-0.013	2.140	440.4
2203	0.891	-0.011	2.142	440.6
2204	0.891	-0.012	2.140	440.8
2205	0.891	-0.011	2.140	441.0
2206	0.893	-0.011	2.137	441.2
2207	0.892	-0.009	2.155	441.4
2208	0.892	-0.010	2.147	441.6
2209	0.892	-0.011	2.139	441.8
2210	0.890	-0.010	2.144	442.0
2211	0.891	-0.010	2.149	442.2
2212	0.891	-0.008	2.146	442.4
2213	0.891	-0.011	2.145	442.6
2214	0.890	-0.011	2.141	442.8
2215	0.890	-0.009	2.142	443.0
2216	0.890	-0.007	2.152	443.2
2217	0.892	-0.008	2.154	443.4
2218	0.888	-0.009	2.157	443.6
2219	0.887	-0.009	2.148	443.8
2220	0.888	-0.009	2.143	444.0
2221	0.890	-0.008	2.143	444.2
2222	0.890	-0.007	2.155	444.4
2223	0.889	-0.008	2.160	444.6
2224	0.889	-0.007	2.156	444.8
2225	0.888	-0.009	2.144	445.0
2226	0.890	-0.009	2.139	445.2
2227	0.889	-0.012	2.147	445.4
2228	0.889	-0.009	2.161	445.6
2229	0.890	-0.011	2.152	445.8
2230	0.887	-0.008	2.149	446.0
2231	0.888	-0.011	2.146	446.2
2232	0.889	-0.009	2.138	446.4
2233	0.888	-0.010	2.147	446.6
2234	0.887	-0.011	2.148	446.8
2235	0.887	-0.010	2.150	447.0
2236	0.888	-0.010	2.143	447.2
2237	0.888	-0.009	2.135	447.4
2238	0.887	-0.009	2.132	447.6
2239	0.888	-0.009	2.145	447.8
2240	0.887	-0.011	2.143	448.0
2241	0.887	-0.011	2.136	448.2
2242	0.887	-0.011	2.122	448.4
2243	0.887	-0.009	2.133	448.6
2244	0.889	-0.013	2.150	448.8
2245	0.885	-0.009	2.147	449.0
2246	0.885	-0.012	2.136	449.2
2247	0.888	-0.007	2.133	449.4
2248	0.887	-0.012	2.127	449.6
2249	0.886	-0.011	2.138	449.8
2250	0.886	-0.011	2.151	450.0
2251	0.886	-0.012	2.148	450.2
2252	0.887	-0.010	2.133	450.4
2253	0.886	-0.011	2.132	450.6
2254	0.886	-0.010	2.135	450.8
2255	0.887	-0.010	2.148	451.0
2256	0.886	-0.011	2.151	451.2
2257	0.886	-0.010	2.140	451.4
2258	0.884	-0.009	2.128	451.6
2259	0.887	-0.011	2.135	451.8
2260	0.887	-0.009	2.140	452.0
2261	0.886	-0.011	2.156	452.2
2262	0.886	-0.009	2.155	452.4
2263	0.886	-0.009	2.135	452.6
2264	0.887	-0.009	2.134	452.8
2265	0.887	-0.011	2.139	453.0
2266	0.887	-0.010	2.153	453.2
2267	0.886	-0.009	2.158	453.4
2268	0.887	-0.008	2.145	453.6
2269	0.887	-0.011	2.137	453.8
2270	0.887	-0.006	2.147	454.0
2271	0.889	-0.009	2.150	454.2
2272	0.886	-0.011	2.149	454.4
2273	0.887	-0.009	2.139	454.6
2274	0.886	-0.007	2.140	454.8
2275	0.886	-0.009	2.135	455.0
2276	0.887	-0.007	2.138	455.2
2277	0.888	-0.007	2.151	455.4
2278	0.887	-0.007	2.143	455.6
2279	0.887	-0.010	2.139	455.8
2280	0.887	-0.009	2.140	456.0
2281	0.887	-0.007	2.142	456.2
2282	0.886	-0.008	2.135	456.4
2283	0.886	-0.008	2.135	456.6
2284	0.887	-0.008	2.131	456.8
2285	0.884	-0.006	2.133	457.0
2286	0.883	-0.008	2.140	457.2
2287	0.886	-0.008	2.143	457.4
2288	0.884	-0.007	2.131	457.6
2289	0.884	-0.005	2.125	457.8
2290	0.886	-0.007	2.129	458.0
2291	0.887	-0.008	2.134	458.2
2292	0.883	-0.007	2.143	458.4
2293	0.884	-0.007	2.140	458.6
2294	0.884	-0.005	2.122	458.8
2295	0.884	-0.006	2.116	459.0
2296	0.885	-0.006	2.135	459.2
2297	0.883	-0.008	2.143	459.4
2298	0.883	-0.007	2.139	459.6
2299	0.886	-0.008	2.128	459.8
2300	0.884	-0.007	2.115	460.0
2301	0.884	-0.009	2.131	460.2
2302	0.884	-0.004	2.136	460.4
2303	0.885	-0.005	2.131	460.6
2304	0.883	-0.006	2.129	460.8
2305	0.885	-0.008	2.123	461.0
2306	0.884	-0.008	2.131	461.2
2307	0.884	-0.008	2.139	461.4
2308	0.885	-0.007	2.138	461.6
2309	0.883	-0.006	2.140	461.8
2310	0.885	-0.007	2.128	462.0
2311	0.885	-0.008	2.123	462.2
2312	0.884	-0.008	2.130	462.4
2313	0.883	-0.008	2.147	462.6
2314	0.885	-0.007	2.154	462.8
2315	0.885	-0.009	2.135	463.0
2316	0.882	-0.008	2.127	463.2
2317	0.884	-0.009	2.131	463.4
2318	0.884	-0.006	2.134	463.6
2319	0.883	-0.009	2.136	463.8
2320	0.882	-0.009	2.148	464.0
2321	0.883	-0.006	2.141	464.2
2322	0.883	-0.006	2.139	464.4
2323	0.883	-0.008	2.138	464.6
2324	0.883	-0.008	2.124	464.8
2325	0.881	-0.009	2.140	465.0
2326	0.882	-0.009	2.140	465.2
2327	0.881	-0.009	2.129	465.4
2328	0.880	-0.009	2.129	465.6
2329	0.881	-0.007	2.130	465.8
2330	0.880	-0.009	2.131	466.0
2331	0.882	-0.010	2.126	466.2
2332	0.880	-0.007	2.129	466.4
2333	0.880	-0.007	2.130	466.6
2334	0.877	-0.011	2.127	466.8
2335	0.882	-0.011	2.128	467.0
2336	0.881	-0.007	2.117	467.2
2337	0.881	-0.009	2.122	467.4
2338	0.881	-0.007	2.124	467.6
2339	0.879	-0.010	2.128	467.8
2340	0.880	-0.009	2.128	468.0
2341	0.882	-0.011	2.131	468.2
2342	0.877	-0.009	2.130	468.4
2343	0.877	-0.009	2.111	468.6
2344	0.881	-0.008	2.109	468.8
2345	0.879	-0.010	2.117	469.0
2346	0.881	-0.009	2.131	469.2
2347	0.880	-0.010	2.135	469.4
2348	0.880	-0.009	2.123	469.6
2349	0.880	-0.011	2.115	469.8
2350	0.879	-0.010	2.117	470.0
2351	0.878	-0.010	2.126	470.2
2352	0.878	-0.009	2.128	470.4
2353	0.880	-0.008	2.122	470.6
2354	0.879	-0.008	2.122	470.8
2355	0.878	-0.009	2.116	471.0
2356	0.879	-0.007	2.109	471.2
2357	0.880	-0.009	2.119	471.4
2358	0.879	-0.008	2.130	471.6
2359	0.879	-0.011	2.127	471.8
2360	0.878	-0.010	2.127	472.0
2361	0.880	-0.007	2.117	472.2
2362	0.875	-0.010	2.109	472.4
2363	0.877	-0.009	2.119	472.6
2364	0.879	-0.012	2.115	472.8
2365	0.879	-0.009	2.125	473.0
2366	0.877	-0.008	2.135	473.2
2367	0.878	-0.007	2.128	473.4
2368	0.877	-0.009	2.122	473.6
2369	0.877	-0.010	2.119	473.8
2370	0.878	-0.009	2.118	474.0
2371	0.878	-0.011	2.136	474.2
2372	0.876	-0.009	2.134	474.4
2373	0.878	-0.010	2.127	474.6
2374	0.876	-0.007	2.124	474.8
2375	0.878	-0.009	2.117	475.0
2376	0.877	-0.009	2.126	475.2
2377	0.877	-0.010	2.137	475.4
2378	0.877	-0.006	2.134	475.6
2379	0.877	-0.010	2.119	475.8
2380	0.878	-0.008	2.111	476.0
2381	0.879	-0.011	2.121	476.2
2382	0.877	-0.009	2.139	476.4
2383	0.875	-0.006	2.141	476.6
2384	0.877	-0.010	2.137	476.8
2385	0.878	-0.009	2.124	477.0
2386	0.877	-0.009	2.112	477.2
2387	0.877	-0.006	2.119	477.4
2388	0.878	-0.009	2.129	477.6
2389	0.878	-0.006	2.132	477.8
2390	0.876	-0.009	2.127	478.0
2391	0.876	-0.009	2.120	478.2
2392	0.878	-0.007	2.115	478.4
2393	0.878	-0.011	2.122	478.6
2394	0.874	-0.007	2.132	478.8
2395	0.876	-0.011	2.130	479.0
2396	0.876	-0.009	2.127	479.2
2397	0.877	-0.009	2.115	479.4
2398	0.876	-0.009	2.110	479.6
2399	0.875	-0.009	2.119	479.8
2400	0.877	-0.009	2.129	480.0
2401	0.878	-0.005	2.131	480.2
2402	0.878	-0.009	2.123	480.4
2403	0.874	-0.007	2.117	480.6
2404	0.876	-0.011	2.117	480.8
2405	0.875	-0.009	2.109	481.0
2406	0.877	-0.008	2.112	481.2
2407	0.877	-0.012	2.122	481.4
2408	0.875	-0.006	2.121	481.6
2409	0.874	-0.011	2.112	481.8
2410	0.875	-0.009	2.113	482.0
2411	0.875	-0.008	2.112	482.2
2412	0.876	-0.010	2.105	482.4
2413	0.875	-0.004	2.113	482.6
2414	0.875	-0.011	2.122	482.8
2415	0.876	-0.008	2.119	483.0
2416	0.877	-0.011	2.107	483.2
2417	0.876	-0.009	2.113	483.4
2418	0.874	-0.009	2.117	483.6
2419	0.874	-0.011	2.126	483.8
2420	0.876	-0.010	2.123	484.0
2421	0.876	-0.011	2.117	484.2
2422	0.875	-0.007	2.108	484.4
2423	0.874	-0.009	2.116	484.6
2424	0.874	-0.008	2.115	484.8
2425	0.873	-0.009	2.118	485.0
2426	0.874	-0.009	2.131	485.2
2427	0.873	-0.009	2.129	485.4
2428	0.873	-0.010	2.123	485.6
2429	0.872	-0.008	2.102	485.8
2430	0.874	-0.007	2.120	486.0
2431	0.873	-0.008	2.128	486.2
2432	0.873	-0.009	2.123	486.4
2433	0.873	-0.009	2.111	486.6
2434	0.876	-0.009	2.112	486.8
2435	0.872	-0.007	2.126	487.0
2436	0.872	-0.011	2.131	487.2
2437	0.874	-0.007	2.126	487.4
2438	0.873	-0.009	2.122	487.6
2439	0.871	-0.007	2.118	487.8
2440	0.873	-0.008	2.118	488.0
2441	0.874	-0.007	2.120	488.2
2442	0.872	-0.009	2.132	488.4
2443	0.872	-0.008	2.129	488.6
2444	0.873	-0.007	2.124	488.8
2445	0.871	-0.010	2.119	489.0
2446	0.873	-0.008	2.120	489.2
2447	0.874	-0.008	2.125	489.4
2448	0.872	-0.008	2.130	489.6
2449	0.871	-0.006	2.131	489.8
2450	0.871	-0.009	2.126	490.0
2451	0.871	-0.009	2.107	490.2
2452	0.873	-0.009	2.114	490.4
2453	0.871	-0.009	2.124	490.6
2454	0.871	-0.007	2.128	490.8
2455	0.874	-0.009	2.132	491.0
2456	0.871	-0.009	2.109	491.2
2457	0.870	-0.009	2.096	491.4
2458	0.873	-0.007	2.109	491.6
2459	0.874	-0.009	2.122	491.8
2460	0.867	-0.007	2.131	492.0
2461	0.870	-0.010	2.114	492.2
2462	0.870	-0.008	2.105	492.4
2463	0.871	-0.011	2.106	492.6
2464	0.871	-0.009	2.112	492.8
2465	0.869	-0.009	2.122	493.0
2466	0.868	-0.011	2.112	493.2
2467	0.868	-0.007	2.105	493.4
2468	0.869	-0.010	2.107	493.6
2469	0.868	-0.009	2.111	493.8
2470	0.872	-0.011	2.114	494.0
2471	0.868	-0.009	2.115	494.2
2472	0.870	-0.007	2.115	494.4
2473	0.869	-0.009	2.102	494.6
2474	0.870	-0.007	2.106	494.8
2475	0.870	-0.009	2.108	495.0
2476	0.868	-0.008	2.111	495.2
2477	0.869	-0.009	2.115	495.4
2478	0.870	-0.009	2.115	495.6
2479	0.871	-0.008	2.112	495.8
2480	0.871	-0.011	2.108	496.0
2481	0.868	-0.010	2.104	496.2
2482	0.869	-0.009	2.104	496.4
2483	0.867	-0.009	2.123	496.6
2484	0.868	-0.010	2.118	496.8
2485	0.868	-0.009	2.105	497.0
2486	0.869	-0.009	2.097	497.2
2487	0.870	-0.007	2.109	497.4
2488	0.869	-0.009	2.118	497.6
2489	0.870	-0.006	2.116	497.8
2490	0.870	-0.009	2.111	498.0
2491	0.869	-0.006	2.102	498.2
2492	0.870	-0.010	2.107	498.4
2493	0.869	-0.004	2.113	498.6
2494	0.870	-0.009	2.118	498.8
2495	0.868	-0.008	2.122	499.0
2496	0.870	-0.007	2.110	499.2
2497	0.868	-0.007	2.110	499.4
2498	0.872	-0.006	2.115	499.6
2499	0.871	-0.008	2.124	499.8
2500	0.869	-0.005	2.120	500.0
2501	0.868	-0.008	2.111	500.2
2502	0.868	-0.007	2.103	500.4
2503	0.868	-0.008	2.107	500.6
2504	0.871	-0.007	2.120	500.8
2505	0.868	-0.007	2.129	501.0
2506	0.866	-0.007	2.127	501.2
2507	0.867	-0.007	2.115	501.4
2508	0.868	-0.008	2.107	501.6
2509	0.870	-0.008	2.106	501.8
2510	0.868	-0.009	2.110	502.0
2511	0.869	-0.008	2.124	502.2
2512	0.868	-0.009	2.120	502.4
2513	0.869	-0.009	2.101	502.6
2514	0.868	-0.005	2.103	502.8
2515	0.867	-0.008	2.113	503.0
2516	0.868	-0.007	2.118	503.2
2517	0.866	-0.007	2.122	503.4
2518	0.869	-0.009	2.115	503.6
2519	0.858	-0.006	1.935	503.8
2520	0.444	0.013	1.335	504.0
2521	0.090	0.020	0.821	504.2
2522	0.007	0.009	0.777	504.4
2523	0.007	0.006	0.778	504.6
2524	0.009	0.009	0.770	504.8
2525	0.006	0.006	0.776	505.0
2526	0.007	0.003	0.785	505.2
2527	0.008	0.003	0.761	505.4
2528	0.006	0.002	0.762	505.6
2529	0.006	0.004	0.776	505.8
2530	0.007	0.006	0.773	506.0
2531	0.006	0.006	0.772	506.2
2532	0.009	0.005	0.773	506.4
2533	0.005	0.007	0.778	506.6
2534	0.007	0.004	0.775	506.8
2535	0.006	0.003	0.771	507.0
2536	0.007	0.003	0.775	507.2
2537	0.009	0.003	0.784	507.4
2538	0.007	0.006	0.773	507.6
2539	0.007	0.007	0.778	507.8
2540	0.007	0.005	0.785	508.0
2541	0.006	0.006	0.777	508.2
2542	0.009	0.004	0.764	508.4
2543	0.011	0.006	0.769	508.6
2544	0.009	0.005	0.775	508.8
2545	0.007	0.002	0.776	509.0
2546	0.007	0.005	0.782	509.2
2547	0.006	0.004	0.779	509.4
2548	0.007	0.006	0.779	509.6
2549	0.008	0.007	0.778	509.8
2550	0.011	0.005	0.777	510.0
2551	0.008	0.005	0.776	510.2
2552	0.006	0.002	0.778	510.4
2553	0.007	0.005	0.778	510.6
2554	0.007	0.004	0.777	510.8
2555	0.009	0.003	0.780	511.0
2556	0.012	0.006	0.779	511.2
2557	0.009	0.005	0.779	511.4
2558	0.010	0.005	0.780	511.6
2559	0.007	0.006	0.778	511.8
2560	0.009	0.003	0.776	512.0
2561	0.011	0.001	0.777	512.2
2562	0.009	0.005	0.779	512.4
2563	0.012	0.006	0.780	512.6
2564	0.011	0.003	0.783	512.8
2565	0.013	0.007	0.781	513.0
2566	0.009	0.003	0.776	513.2
2567	0.009	0.005	0.778	513.4
2568	0.010	0.005	0.775	513.6
2569	0.010	0.005	0.778	513.8
2570	0.011	0.004	0.777	514.0
2571	0.011	0.005	0.779	514.2
2572	0.011	0.001	0.777	514.4
2573	0.009	0.003	0.780	514.6
2574	0.009	0.009	0.781	514.8
2575	0.010	0.008	0.778	515.0
2576	0.009	0.005	0.773	515.2
2577	0.010	0.005	0.774	515.4
2578	0.012	0.002	0.772	515.6
2579	0.009	0.004	0.774	515.8
2580	0.007	0.007	0.774	516.0
2581	0.009	0.005	0.778	516.2
2582	0.012	0.003	0.776	516.4
2583	0.014	0.007	0.771	516.6
2584	0.013	0.007	0.773	516.8
2585	0.014	0.003	0.769	517.0
2586	0.014	0.007	0.768	517.2
2587	0.012	0.004	0.770	517.4
2588	0.013	0.005	0.771	517.6
2589	0.014	0.006	0.774	517.8
2590	0.013	0.005	0.775	518.0
2591	0.012	0.005	0.770	518.2
2592	0.013	0.006	0.769	518.4
2593	0.013	0.005	0.771	518.6
2594	0.013	0.006	0.770	518.8
2595	0.015	0.006	0.770	519.0
2596	0.014	0.003	0.768	519.2
2597	0.013	0.003	0.771	519.4
2598	0.013	0.006	0.772	519.6
2599	0.013	0.006	0.772	519.8
2600	0.011	0.007	0.773	520.0
2601	0.011	0.007	0.771	520.2
2602	0.010	0.003	0.767	520.4
2603	0.012	0.005	0.768	520.6
2604	0.011	0.005	0.768	520.8
2605	0.013	0.005	0.772	521.0
2606	0.012	0.007	0.775	521.2
2607	0.009	0.007	0.770	521.4
2608	0.011	0.008	0.772	521.6
2609	0.012	0.007	0.771	521.8
2610	0.011	0.007	0.772	522.0
2611	0.009	0.004	0.771	522.2
2612	0.011	0.004	0.769	522.4
2613	0.009	0.004	0.769	522.6
2614	0.009	0.002	0.771	522.8
2615	0.010	0.006	0.777	523.0
2616	0.013	0.007	0.771	523.2
2617	0.013	0.007	0.776	523.4
2618	0.012	0.006	0.772	523.6
2619	0.013	0.009	0.770	523.8
2620	0.013	0.006	0.770	524.0
2621	0.012	0.005	0.772	524.2
2622	0.012	0.005	0.776	524.4
2623	0.011	0.005	0.775	524.6
2624	0.010	0.005	0.778	524.8
2625	0.013	0.007	0.775	525.0
2626	0.011	0.007	0.774	525.2
2627	0.014	0.007	0.771	525.4
2628	0.015	0.006	0.772	525.6
2629	0.012	0.006	0.776	525.8
2630	0.013	0.002	0.775	526.0
2631	0.011	0.003	0.776	526.2
2632	0.013	0.005	0.779	526.4
2633	0.013	0.005	0.780	526.6
2634	0.012	0.008	0.780	526.8
2635	0.009	0.009	0.775	527.0
2636	0.011	0.006	0.772	527.2
2637	0.010	0.006	0.780	527.4
2638	0.011	0.009	0.777	527.6
2639	0.011	0.005	0.779	527.8
2640	0.009	0.004	0.780	528.0
2641	0.013	0.005	0.781	528.2
2642	0.013	0.006	0.780	528.4
2643	0.013	0.005	0.779	528.6
2644	0.012	0.010	0.777	528.8
2645	0.013	0.007	0.772	529.0
2646	0.011	0.007	0.776	529.2
2647	0.011	0.005	0.778	529.4
2648	0.012	0.005	0.778	529.6
2649	0.013	0.007	0.781	529.8
2650	0.010	0.010	0.780	530.0
2651	0.010	0.010	0.776	530.2
2652	0.014	0.006	0.773	530.4
2653	0.011	0.006	0.774	530.6
2654	0.014	0.007	0.775	530.8
2655	0.015	0.009	0.774	531.0
2656	0.012	0.004	0.776	531.2
2657	0.013	0.006	0.775	531.4
2658	0.016	0.003	0.775	531.6
2659	0.015	0.006	0.778	531.8
2660	0.013	0.009	0.778	532.0
2661	0.011	0.006	0.772	532.2
2662	0.013	0.010	0.772	532.4
2663	0.013	0.009	0.770	532.6
2664	0.012	0.008	0.775	532.8
2665	0.013	0.005	0.775	533.0
2666	0.013	0.004	0.776	533.2
2667	0.013	0.005	0.775	533.4
2668	0.013	0.005	0.774	533.6
2669	0.013	0.007	0.775	533.8
2670	0.015	0.010	0.770	534.0
2671	0.013	0.009	0.768	534.2
2672	0.012	0.009	0.771	534.4
2673	0.013	0.009	0.768	534.6
2674	0.013	0.006	0.773	534.8
2675	0.015	0.007	0.775	535.0
2676	0.013	0.011	0.773	535.2
2677	0.014	0.010	0.773	535.4
2678	0.014	0.010	0.771	535.6
2679	0.013	0.008	0.769	535.8
2680	0.014	0.010	0.768	536.0
2681	0.015	0.007	0.773	536.2
2682	0.009	0.006	0.771	536.4
2683	0.013	0.006	0.772	536.6
2684	0.013	0.009	0.772	536.8
2685	0.011	0.013	0.770	537.0
2686	0.011	0.011	0.768	537.2
2687	0.009	0.008	0.772	537.4
2688	0.010	0.005	0.769	537.6
2689	0.009	0.005	0.770	537.8
2690	0.009	0.007	0.771	538.0
2691	0.009	0.010	0.773	538.2
2692	0.009	0.008	0.775	538.4
2693	0.010	0.013	0.772	538.6
2694	0.013	0.014	0.773	538.8
2695	0.009	0.008	0.770	539.0
2696	0.008	0.004	0.770	539.2
2697	0.009	0.005	0.771	539.4
2698	0.008	0.006	0.771	539.6
2699	0.011	0.007	0.772	539.8
2700	0.009	0.009	0.772	540.0
2701	0.010	0.011	0.772	540.2
2702	0.009	0.010	0.774	540.4
2703	0.011	0.009	0.776	540.6
2704	0.011	0.006	0.771	540.8
2705	0.011	0.002	0.769	541.0
2706	0.009	0.001	0.772	541.2
2707	0.008	0.002	0.773	541.4
2708	0.009	0.008	0.773	541.6
2709	0.011	0.011	0.778	541.8
2710	0.010	0.011	0.778	542.0
2711	0.010	0.011	0.773	542.2
2712	0.012	0.005	0.772	542.4
2713	0.010	0.000	0.775	542.6
2714	0.011	0.006	0.774	542.8
2715	0.009	0.003	0.774	543.0
2716	0.009	0.005	0.777	543.2
2717	0.009	0.009	0.778	543.4
2718	0.012	0.014	0.777	543.6
2719	0.011	0.012	0.780	543.8
2720	0.010	0.009	0.774	544.0
2721	0.009	0.005	0.775	544.2
2722	0.011	0.001	0.773	544.4
2723	0.013	0.003	0.772	544.6
2724	0.011	0.009	0.778	544.8
2725	0.011	0.010	0.779	545.0
2726	0.010	0.010	0.781	545.2
2727	0.011	0.011	0.779	545.4
2728	0.013	0.009	0.776	545.6
2729	0.011	0.005	0.775	545.8
2730	0.011	0.002	0.774	546.0
2731	0.011	0.005	0.777	546.2
2732	0.013	0.007	0.774	546.4
2733	0.011	0.008	0.776	546.6
2734	0.014	0.011	0.782	546.8
2735	0.013	0.011	0.781	547.0
2736	0.013	0.007	0.777	547.2
2737	0.011	0.007	0.776	547.4
2738	0.012	0.005	0.773	547.6
2739	0.011	0.007	0.775	547.8
2740	0.011	0.007	0.776	548.0
2741	0.012	0.010	0.779	548.2
2742	0.012	0.011	0.779	548.4
2743	0.015	0.013	0.778	548.6
2744	0.010	0.007	0.778	548.8
2745	0.012	0.005	0.777	549.0
2746	0.012	0.005	0.775	549.2
2747	0.013	0.005	0.775	549.4
2748	0.011	0.007	0.773	549.6
2749	0.013	0.008	0.771	549.8
2750	0.011	0.010	0.778	550.0
2751	0.009	0.010	0.775	550.2
2752	0.011	0.011	0.779	550.4
2753	0.011	0.005	0.778	550.6
2754	0.013	0.005	0.773	550.8
2755	0.009	0.005	0.772	551.0
2756	0.011	0.006	0.774	551.2
2757	0.012	0.007	0.772	551.4
2758	0.009	0.009	0.774	551.6
2759	0.012	0.011	0.778	551.8
2760	0.009	0.010	0.775	552.0
2761	0.011	0.007	0.773	552.2
2762	0.012	0.007	0.772	552.4
2763	0.015	0.007	0.772	552.6
2764	0.011	0.004	0.773	552.8
2765	0.014	0.006	0.768	553.0
2766	0.015	0.009	0.772	553.2
2767	0.011	0.008	0.770	553.4
2768	0.012	0.009	0.770	553.6
2769	0.014	0.009	0.776	553.8
2770	0.013	0.006	0.772	554.0
2771	0.012	0.005	0.766	554.2
2772	0.013	0.004	0.769	554.4
2773	0.015	0.006	0.770	554.6
2774	0.015	0.007	0.770	554.8
2775	0.014	0.007	0.773	555.0
2776	0.013	0.009	0.771	555.2
2777	0.013	0.005	0.774	555.4
2778	0.011	0.006	0.770	555.6
2779	0.011	0.003	0.774	555.8
2780	0.011	0.007	0.772	556.0
2781	0.014	0.005	0.769	556.2
2782	0.014	0.006	0.769	556.4
2783	0.015	0.007	0.771	556.6
2784	0.014	0.008	0.771	556.8
2785	0.011	0.006	0.771	557.0
2786	0.013	0.006	0.771	557.2
2787	0.014	0.005	0.767	557.4
2788	0.012	0.008	0.771	557.6
2789	0.013	0.006	0.768	557.8
2790	0.013	0.005	0.766	558.0
2791	0.015	0.005	0.772	558.2
2792	0.014	0.005	0.772	558.4
2793	0.014	0.006	0.774	558.6
2794	0.012	0.006	0.774	558.8
2795	0.010	0.008	0.774	559.0
2796	0.014	0.007	0.773	559.2
2797	0.011	0.009	0.773	559.4
2798	0.012	0.007	0.773	559.6
2799	0.010	0.008	0.767	559.8
2800	0.010	0.007	0.771	560.0
2801	0.011	0.010	0.774	560.2
2802	0.010	0.006	0.772	560.4
2803	0.013	0.005	0.776	560.6
2804	0.011	0.007	0.779	560.8
2805	0.010	0.009	0.774	561.0
2806	0.009	0.009	0.771	561.2
2807	0.011	0.006	0.772	561.4
2808	0.011	0.005	0.771	561.6
2809	0.010	0.005	0.773	561.8
2810	0.011	0.006	0.778	562.0
2811	0.009	0.005	0.780	562.2
2812	0.011	0.006	0.776	562.4
2813	0.008	0.007	0.778	562.6
2814	0.010	0.009	0.775	562.8
2815	0.011	0.008	0.774	563.0
2816	0.011	0.006	0.773	563.2
2817	0.013	0.004	0.774	563.4
2818	0.012	0.003	0.778	563.6
2819	0.011	0.007	0.778	563.8
2820	0.010	0.009	0.781	564.0
2821	0.013	0.009	0.777	564.2
2822	0.015	0.009	0.779	564.4
2823	0.015	0.007	0.777	564.6
2824	0.013	0.007	0.774	564.8
2825	0.013	0.006	0.777	565.0
2826	0.011	0.004	0.777	565.2
2827	0.013	0.005	0.782	565.4
2828	0.012	0.005	0.776	565.6
2829	0.012	0.008	0.778	565.8
2830	0.011	0.007	0.775	566.0
2831	0.012	0.007	0.773	566.2
2832	0.012	0.004	0.775	566.4
2833	0.012	0.004	0.779	566.6
2834	0.011	0.004	0.777	566.8
2835	0.009	0.007	0.779	567.0
2836	0.011	0.006	0.782	567.2
2837	0.011	0.007	0.781	567.4
2838	0.010	0.005	0.776	567.6
2839	0.009	0.010	0.778	567.8
2840	0.011	0.011	0.777	568.0
2841	0.009	0.008	0.777	568.2
2842	0.011	0.004	0.776	568.4
2843	0.011	0.004	0.780	568.6
2844	0.009	0.005	0.776	568.8
2845	0.010	0.007	0.782	569.0
2846	0.009	0.007	0.779	569.2
2847	0.010	0.004	0.775	569.4
2848	0.009	0.009	0.777	569.6
2849	0.009	0.006	0.773	569.8
2850	0.008	0.008	0.775	570.0
2851	0.009	0.007	0.776	570.2
2852	0.010	0.005	0.778	570.4
2853	0.010	0.006	0.778	570.6
2854	0.009	0.007	0.779	570.8
2855	0.013	0.009	0.777	571.0
2856	0.009	0.007	0.772	571.2
2857	0.011	0.005	0.772	571.4
2858	0.011	0.005	0.770	571.6
2859	0.011	0.004	0.769	571.8
2860	0.011	0.005	0.772	572.0
2861	0.014	0.007	0.777	572.2
2862	0.013	0.008	0.774	572.4
2863	0.012	0.009	0.774	572.6
2864	0.012	0.006	0.770	572.8
2865	0.011	0.006	0.771	573.0
2866	0.013	0.005	0.770	573.2
2867	0.014	0.005	0.771	573.4
2868	0.012	0.004	0.771	573.6
2869	0.011	0.008	0.774	573.8
2870	0.011	0.009	0.771	574.0
2871	0.013	0.006	0.774	574.2
2872	0.015	0.008	0.770	574.4
2873	0.011	0.006	0.771	574.6
2874	0.011	0.005	0.767	574.8
2875	0.011	0.005	0.768	575.0
2876	0.010	0.005	0.770	575.2
2877	0.010	0.007	0.771	575.4
2878	0.013	0.008	0.773	575.6
2879	0.012	0.009	0.771	575.8
2880	0.012	0.009	0.773	576.0
2881	0.012	0.006	0.772	576.2
2882	0.011	0.007	0.768	576.4
2883	0.012	0.004	0.771	576.6
2884	0.010	0.005	0.767	576.8
2885	0.013	0.004	0.768	577.0
2886	0.013	0.006	0.770	577.2
2887	0.013	0.010	0.772	577.4
2888	0.012	0.008	0.772	577.6
2889	0.012	0.007	0.772	577.8
2890	0.013	0.007	0.769	578.0
2891	0.014	0.005	0.769	578.2
2892	0.013	0.006	0.768	578.4
2893	0.010	0.006	0.768	578.6
2894	0.011	0.008	0.771	578.8
2895	0.013	0.007	0.773	579.0
2896	0.014	0.007	0.772	579.2
2897	0.013	0.005	0.768	579.4
2898	0.015	0.007	0.770	579.6
2899	0.013	0.005	0.770	579.8
2900	0.013	0.010	0.769	580.0
2901	0.013	0.008	0.769	580.2
2902	0.012	0.007	0.772	580.4
2903	0.012	0.005	0.773	580.6
2904	0.013	0.005	0.772	580.8
2905	0.013	0.004	0.774	581.0
2906	0.011	0.006	0.772	581.2
2907	0.012	0.007	0.771	581.4
2908	0.012	0.006	0.772	581.6
2909	0.014	0.008	0.771	581.8
2910	0.012	0.008	0.771	582.0
2911	0.011	0.006	0.775	582.2
2912	0.011	0.006	0.775	582.4
2913	0.011	0.007	0.775	582.6
2914	0.011	0.007	0.776	582.8
2915	0.011	0.008	0.772	583.0
2916	0.011	0.005	0.772	583.2
2917	0.010	0.007	0.774	583.4
2918	0.011	0.006	0.777	583.6
2919	0.011	0.005	0.778	583.8
2920	0.012	0.007	0.778	584.0
2921	0.012	0.006	0.779	584.2
2922	0.010	0.006	0.777	584.4
2923	0.011	0.006	0.776	584.6
2924	0.012	0.006	0.771	584.8
2925	0.008	0.005	0.777	585.0
2926	0.011	0.004	0.776	585.2
2927	0.011	0.004	0.776	585.4
2928	0.014	0.002	0.782	585.6
2929	0.014	0.008	0.782	585.8
2930	0.013	0.005	0.778	586.0
2931	0.012	0.006	0.776	586.2
2932	0.013	0.005	0.775	586.4
2933	0.013	0.007	0.775	586.6
2934	0.015	0.005	0.777	586.8
2935	0.012	0.005	0.778	587.0
2936	0.013	0.006	0.780	587.2
2937	0.013	0.003	0.780	587.4
2938	0.017	0.006	0.779	587.6
2939	0.013	0.005	0.778	587.8
2940	0.011	0.008	0.774	588.0
2941	0.013	0.005	0.775	588.2
2942	0.015	0.004	0.776	588.4
2943	0.014	0.006	0.776	588.6
2944	0.014	0.007	0.782	588.8
2945	0.013	0.005	0.779	589.0
2946	0.015	0.005	0.780	589.2
2947	0.013	0.007	0.779	589.4
2948	0.013	0.007	0.778	589.6
2949	0.012	0.007	0.776	589.8
2950	0.013	0.005	0.775	590.0
2951	0.012	0.007	0.772	590.2
2952	0.015	0.007	0.776	590.4
2953	0.012	0.005	0.779	590.6
2954	0.013	0.005	0.781	590.8
2955	0.014	0.007	0.775	591.0
2956	0.012	0.006	0.776	591.2
2957	0.013	0.008	0.775	591.4
2958	0.012	0.009	0.773	591.6
2959	0.011	0.006	0.775	591.8
2960	0.013	0.007	0.777	592.0
2961	0.009	0.005	0.780	592.2
2962	0.013	0.006	0.776	592.4
2963	0.011	0.007	0.777	592.6
2964	0.012	0.005	0.775	592.8
2965	0.009	0.006	0.771	593.0
2966	0.010	0.007	0.771	593.2
2967	0.009	0.006	0.775	593.4
2968	0.011	0.007	0.772	593.6
2969	0.010	0.007	0.782	593.8
2970	0.010	0.007	0.775	594.0
2971	0.010	0.007	0.776	594.2
2972	0.010	0.007	0.775	594.4
2973	0.012	0.009	0.774	594.6
2974	0.011	0.009	0.772	594.8
2975	0.013	0.008	0.770	595.0
2976	0.011	0.004	0.772	595.2
2977	0.012	0.007	0.772	595.4
2978	0.011	0.008	0.771	595.6
2979	0.012	0.006	0.776	595.8
2980	0.011	0.006	0.771	596.0
2981	0.012	0.009	0.773	596.2
2982	0.011	0.009	0.771	596.4
2983	0.013	0.006	0.767	596.6
2984	0.013	0.007	0.770	596.8
2985	0.011	0.005	0.774	597.0
2986	0.011	0.007	0.771	597.2
2987	0.014	0.006	0.773	597.4
2988	0.015	0.006	0.775	597.6
2989	0.013	0.007	0.773	597.8
2990	0.013	0.007	0.767	598.0
2991	0.013	0.006	0.767	598.2
2992	0.014	0.008	0.767	598.4
2993	0.012	0.007	0.769	598.6
2994	0.011	0.006	0.769	598.8
2995	0.014	0.007	0.775	599.0
2996	0.015	0.006	0.773	599.2
2997	0.015	0.007	0.774	599.4
2998	0.013	0.004	0.772	599.6
2999	0.013	0.010	0.765	599.8
3000	0.013	0.004	0.768	600.0
3001	0.012	0.007	0.770	600.2
3002	0.013	0.008	0.771	600.4
3003	0.012	0.007	0.770	600.6
3004	0.012	0.004	0.773	600.8
3005	0.012	0.005	0.772	601.0
3006	0.011	0.004	0.771	601.2
3007	0.014	0.009	0.774	601.4
3008	0.012	0.009	0.769	601.6
3009	0.011	0.006	0.769	601.8
3010	0.011	0.005	0.775	602.0
3011	0.014	0.005	0.770	602.2
3012	0.009	0.007	0.771	602.4
