0	-0.003	-0.002	0.758	0.0
1	-0.002	-0.003	0.771	0.2
2	-0.001	-0.005	0.765	0.4
3	-0.002	-0.002	0.762	0.6
4	-0.002	-0.001	0.763	0.8
5	-0.001	-0.003	0.774	1.0
6	-0.004	-0.002	0.772	1.2
7	-0.002	-0.002	0.772	1.4
8	-0.001	-0.001	0.762	1.6
9	0.001	-0.002	0.773	1.8
10	0.002	-0.003	0.764	2.0
11	-0.001	-0.005	0.770	2.2
12	0.002	-0.003	0.760	2.4
13	0.001	0.001	0.768	2.6
14	-0.001	-0.001	0.767	2.8
15	0.000	-0.002	0.763	3.0
16	0.002	-0.005	0.765	3.2
17	0.001	-0.004	0.768	3.4
18	-0.002	-0.004	0.770	3.6
19	-0.002	-0.003	0.770	3.8
20	0.003	-0.005	0.763	4.0
21	0.001	-0.002	0.766	4.2
22	0.000	-0.001	0.766	4.4
23	0.001	-0.002	0.772	4.6
24	0.001	-0.005	0.771	4.8
25	-0.001	-0.005	0.767	5.0
26	0.001	-0.007	0.765	5.2
27	0.000	-0.006	0.768	5.4
28	-0.001	-0.007	0.761	5.6
29	-0.001	-0.005	0.761	5.8
30	-0.001	-0.005	0.772	6.0
31	0.001	-0.004	0.768	6.2
32	0.001	-0.004	0.766	6.4
33	-0.002	-0.004	0.759	6.6
34	-0.002	-0.006	0.762	6.8
35	0.000	-0.007	0.770	7.0
36	-0.002	-0.005	0.768	7.2
37	0.000	-0.002	0.765	7.4
38	0.001	-0.005	0.771	7.6
39	0.001	-0.009	0.763	7.8
40	0.000	-0.008	0.762	8.0
41	0.000	-0.004	0.766	8.2
42	-0.002	-0.001	0.760	8.4
43	-0.002	-0.002	0.763	8.6
44	-0.002	-0.007	0.766	8.8
45	-0.006	-0.007	0.767	9.0
46	-0.003	-0.005	0.765	9.2
47	-0.005	-0.007	0.771	9.4
48	-0.005	-0.005	0.770	9.6
49	-0.003	-0.006	0.766	9.8
50	-0.005	-0.007	0.759	10.0
51	-0.005	-0.007	0.769	10.2
52	-0.002	-0.006	0.768	10.4
53	-0.003	-0.005	0.764	10.6
54	-0.003	-0.007	0.767	10.8
55	-0.003	-0.007	0.762	11.0
56	-0.004	-0.005	0.764	11.2
57	-0.003	-0.009	0.768	11.4
58	-0.002	-0.009	0.759	11.6
59	-0.002	-0.009	0.765	11.8
60	-0.001	-0.007	0.768	12.0
61	-0.004	-0.005	0.767	12.2
62	-0.001	-0.006	0.768	12.4
63	-0.003	-0.007	0.772	12.6
64	-0.005	-0.009	0.771	12.8
65	-0.004	-0.009	0.761	13.0
66	-0.005	-0.009	0.765	13.2
67	-0.004	-0.010	0.768	13.4
68	-0.005	-0.012	0.762	13.6
69	-0.005	-0.011	0.765	13.8
70	-0.002	-0.009	0.767	14.0
71	-0.004	-0.006	0.770	14.2
72	-0.002	-0.009	0.768	14.4
73	-0.002	-0.011	0.767	14.6
74	-0.004	-0.008	0.767	14.8
75	-0.001	-0.006	0.759	15.0
76	-0.001	-0.007	0.770	15.2
77	-0.001	-0.007	0.765	15.4
78	0.001	-0.007	0.774	15.6
79	-0.001	-0.007	0.767	15.8
80	0.001	-0.008	0.774	16.0
81	0.000	-0.006	0.769	16.2
82	-0.001	-0.009	0.773	16.4
83	0.001	-0.009	0.767	16.6
84	0.001	-0.009	0.771	16.8
85	0.001	-0.007	0.767	17.0
86	0.001	-0.008	0.760	17.2
87	0.000	-0.008	0.768	17.4
88	-0.002	-0.007	0.772	17.6
89	-0.001	-0.007	0.760	17.8
90	-0.003	-0.004	0.773	18.0
91	0.000	-0.006	0.763	18.2
92	0.000	-0.007	0.764	18.4
93	0.002	-0.005	0.768	18.6
94	-0.002	-0.004	0.755	18.8
95	-0.001	-0.003	0.764	19.0
96	-0.002	-0.005	0.764	19.2
97	-0.002	-0.008	0.777	19.4
98	-0.001	-0.005	0.764	19.6
99	0.001	-0.003	0.776	19.8
100	-0.002	-0.004	0.769	20.0
101	-0.001	-0.006	0.767	20.2
102	-0.002	-0.005	0.768	20.4
103	-0.002	-0.007	0.765	20.6
104	-0.002	-0.009	0.769	20.8
105	-0.001	-0.007	0.766	21.0
106	-0.002	-0.006	0.765	21.2
107	-0.001	-0.006	0.760	21.4
108	-0.001	-0.006	0.766	21.6
109	-0.002	-0.006	0.762	21.8
110	-0.002	-0.005	0.767	22.0
111	-0.001	-0.006	0.766	22.2
112	0.001	-0.007	0.773	22.4
113	-0.001	-0.005	0.766	22.6
114	-0.001	-0.005	0.765	22.8
115	-0.002	-0.004	0.764	23.0
116	-0.001	-0.006	0.765	23.2
117	0.000	-0.004	0.758	23.4
118	-0.002	-0.003	0.761	23.6
119	-0.001	-0.003	0.762	23.8
120	-0.001	-0.005	0.767	24.0
121	-0.002	-0.004	0.765	24.2
122	0.001	-0.004	0.776	24.4
123	-0.001	0.000	0.766	24.6
124	-0.002	-0.004	0.766	24.8
125	0.001	-0.005	0.772	25.0
126	0.002	-0.006	0.769	25.2
127	-0.002	-0.003	0.767	25.4
128	-0.001	-0.002	0.772	25.6
129	-0.002	0.000	0.759	25.8
130	-0.005	-0.005	0.765	26.0
131	-0.002	-0.005	0.761	26.2
132	-0.001	-0.006	0.771	26.4
133	-0.003	-0.003	0.764	26.6
134	-0.002	-0.003	0.768	26.8
135	-0.001	-0.005	0.753	27.0
136	-0.001	-0.005	0.765	27.2
137	-0.002	-0.003	0.764	27.4
138	-0.001	-0.001	0.771	27.6
139	0.000	-0.003	0.764	27.8
140	-0.001	-0.005	0.767	28.0
141	-0.001	-0.005	0.761	28.2
142	-0.002	-0.004	0.772	28.4
143	-0.002	-0.003	0.756	28.6
144	-0.002	-0.004	0.772	28.8
145	-0.001	-0.002	0.773	29.0
146	-0.001	-0.003	0.759	29.2
147	-0.002	-0.003	0.772	29.4
148	-0.001	-0.003	0.769	29.6
149	-0.002	-0.004	0.763	29.8
150	0.001	-0.004	0.765	30.0
151	0.001	-0.005	0.776	30.2
152	0.002	-0.002	0.761	30.4
153	0.002	-0.004	0.771	30.6
154	0.001	-0.001	0.771	30.8
155	0.001	-0.002	0.765	31.0
156	0.003	-0.001	0.764	31.2
157	0.002	-0.002	0.767	31.4
158	0.000	-0.005	0.770	31.6
159	0.003	-0.005	0.765	31.8
160	0.002	-0.002	0.767	32.0
161	0.002	-0.001	0.765	32.2
162	0.000	-0.002	0.768	32.4
163	0.000	-0.003	0.774	32.6
164	0.000	-0.002	0.765	32.8
165	0.003	-0.002	0.763	33.0
166	-0.001	-0.003	0.769	33.2
167	-0.001	-0.004	0.770	33.4
168	0.001	-0.004	0.764	33.6
169	-0.002	-0.003	0.761	33.8
170	-0.001	-0.003	0.765	34.0
171	-0.003	-0.005	0.766	34.2
172	-0.001	-0.004	0.761	34.4
173	0.002	-0.003	0.774	34.6
174	0.000	-0.004	0.767	34.8
175	-0.001	-0.004	0.763	35.0
176	0.002	-0.006	0.775	35.2
177	0.001	-0.006	0.758	35.4
178	-0.001	-0.004	0.766	35.6
179	0.001	-0.003	0.770	35.8
180	0.001	-0.001	0.760	36.0
181	0.002	0.000	0.771	36.2
182	0.000	-0.004	0.761	36.4
183	0.000	-0.006	0.773	36.6
184	-0.001	-0.005	0.762	36.8
185	-0.002	-0.004	0.769	37.0
186	-0.003	-0.005	0.759	37.2
187	-0.003	-0.005	0.767	37.4
188	0.000	-0.008	0.769	37.6
189	0.001	-0.004	0.778	37.8
190	-0.003	-0.004	0.758	38.0
191	-0.001	-0.005	0.771	38.2
192	-0.001	-0.006	0.770	38.4
193	-0.001	-0.005	0.769	38.6
194	-0.004	-0.003	0.770	38.8
195	-0.004	-0.003	0.769	39.0
196	-0.003	-0.004	0.759	39.2
197	-0.002	-0.004	0.762	39.4
198	-0.004	-0.005	0.770	39.6
199	-0.003	-0.005	0.775	39.8
200	-0.003	-0.007	0.765	40.0
201	-0.001	-0.006	0.766	40.2
202	-0.003	-0.008	0.762	40.4
203	-0.002	-0.007	0.770	40.6
204	-0.001	-0.003	0.762	40.8
205	0.001	-0.003	0.768	41.0
206	-0.001	-0.006	0.760	41.2
207	-0.001	-0.009	0.764	41.4
208	-0.001	-0.006	0.771	41.6
209	-0.001	-0.009	0.762	41.8
210	-0.003	-0.007	0.763	42.0
211	-0.002	-0.010	0.761	42.2
212	0.001	-0.003	0.769	42.4
213	0.001	-0.005	0.768	42.6
214	-0.001	-0.007	0.773	42.8
215	-0.001	-0.008	0.766	43.0
216	-0.003	-0.008	0.764	43.2
217	-0.003	-0.009	0.778	43.4
218	-0.001	-0.010	0.770	43.6
219	-0.003	-0.007	0.758	43.8
220	-0.003	-0.004	0.765	44.0
221	-0.001	-0.005	0.764	44.2
222	-0.003	-0.006	0.770	44.4
223	-0.003	-0.009	0.761	44.6
224	-0.002	-0.008	0.768	44.8
225	0.001	-0.009	0.771	45.0
226	0.002	-0.009	0.764	45.2
227	0.002	-0.006	0.761	45.4
228	0.001	-0.006	0.776	45.6
229	0.002	-0.003	0.763	45.8
230	0.001	-0.004	0.766	46.0
231	0.002	-0.007	0.766	46.2
232	0.003	-0.007	0.775	46.4
233	0.003	-0.008	0.768	46.6
234	0.004	-0.008	0.760	46.8
235	0.004	-0.010	0.772	47.0
236	0.005	-0.007	0.767	47.2
237	0.004	-0.007	0.768	47.4
238	0.004	-0.010	0.758	47.6
239	0.001	-0.012	0.769	47.8
240	0.001	-0.011	0.760	48.0
241	0.002	-0.011	0.764	48.2
242	0.001	-0.010	0.770	48.4
243	0.001	-0.011	0.768	48.6
244	0.002	-0.008	0.772	48.8
245	0.002	-0.009	0.770	49.0
246	0.002	-0.010	0.772	49.2
247	0.001	-0.011	0.764	49.4
248	0.002	-0.010	0.770	49.6
249	0.003	-0.013	0.766	49.8
250	0.002	-0.016	0.769	50.0
251	0.005	-0.012	0.767	50.2
252	0.001	-0.013	0.764	50.4
253	0.005	-0.013	0.772	50.6
254	0.005	-0.017	0.767	50.8
255	0.007	-0.015	0.766	51.0
256	0.006	-0.011	0.773	51.2
257	0.006	-0.010	0.767	51.4
258	0.007	-0.013	0.758	51.6
259	0.007	-0.014	0.774	51.8
260	0.005	-0.015	0.758	52.0
261	0.007	-0.013	0.777	52.2
262	0.007	-0.015	0.762	52.4
263	0.007	-0.013	0.768	52.6
264	0.007	-0.016	0.768	52.8
265	0.005	-0.015	0.766	53.0
266	0.009	-0.012	0.768	53.2
267	0.005	-0.011	0.764	53.4
268	0.004	-0.013	0.768	53.6
269	0.005	-0.016	0.759	53.8
270	0.006	-0.013	0.772	54.0
271	0.006	-0.011	0.765	54.2
272	0.007	-0.012	0.765	54.4
273	0.005	-0.012	0.765	54.6
274	0.005	-0.011	0.765	54.8
275	0.009	-0.012	0.770	55.0
276	0.006	-0.008	0.765	55.2
277	0.005	-0.011	0.755	55.4
278	0.004	-0.012	0.764	55.6
279	0.005	-0.009	0.762	55.8
280	0.005	-0.008	0.760	56.0
281	0.008	-0.009	0.765	56.2
282	0.007	-0.008	0.765	56.4
283	0.005	-0.007	0.758	56.6
284	0.005	-0.010	0.761	56.8
285	0.004	-0.005	0.767	57.0
286	0.007	-0.007	0.763	57.2
287	0.008	-0.006	0.777	57.4
288	0.009	-0.007	0.768	57.6
289	0.008	-0.005	0.764	57.8
290	0.007	-0.001	0.766	58.0
291	0.007	-0.008	0.765	58.2
292	0.009	-0.006	0.775	58.4
293	0.008	-0.005	0.760	58.6
294	0.008	-0.002	0.760	58.8
295	0.007	-0.003	0.770	59.0
296	0.010	-0.006	0.770	59.2
297	0.011	-0.010	0.762	59.4
298	0.010	-0.011	0.772	59.6
299	0.008	-0.005	0.763	59.8
300	0.009	0.000	0.777	60.0
301	0.011	-0.003	0.762	60.2
302	0.009	-0.007	0.772	60.4
303	0.011	-0.007	0.760	60.6
304	0.009	-0.007	0.770	60.8
305	0.009	-0.007	0.770	61.0
306	0.009	-0.002	0.767	61.2
307	0.009	-0.004	0.769	61.4
308	0.008	-0.004	0.762	61.6
309	0.007	-0.002	0.764	61.8
310	0.011	-0.003	0.766	62.0
311	0.009	-0.009	0.764	62.2
312	0.012	-0.009	0.765	62.4
313	0.009	-0.007	0.762	62.6
314	0.010	-0.005	0.763	62.8
315	0.009	-0.006	0.771	63.0
316	0.012	-0.007	0.764	63.2
317	0.014	-0.007	0.770	63.4
318	0.012	-0.010	0.770	63.6
319	0.011	-0.008	0.764	63.8
320	0.013	-0.010	0.763	64.0
321	0.013	-0.009	0.773	64.2
322	0.011	-0.007	0.767	64.4
323	0.011	-0.007	0.776	64.6
324	0.011	-0.005	0.765	64.8
325	0.013	-0.007	0.772	65.0
326	0.017	-0.008	0.772	65.2
327	0.013	-0.012	0.765	65.4
328	0.015	-0.010	0.762	65.6
329	0.012	-0.005	0.772	65.8
330	0.012	-0.006	0.762	66.0
331	0.012	-0.003	0.768	66.2
332	0.013	-0.004	0.765	66.4
333	0.012	-0.004	0.760	66.6
334	0.013	-0.006	0.768	66.8
335	0.012	-0.010	0.766	67.0
336	0.016	-0.007	0.765	67.2
337	0.014	-0.005	0.773	67.4
338	0.015	0.000	0.763	67.6
339	0.014	0.001	0.768	67.8
340	0.015	-0.002	0.770	68.0
341	0.011	-0.007	0.768	68.2
342	0.014	-0.004	0.759	68.4
343	0.013	-0.005	0.766	68.6
344	0.013	-0.003	0.768	68.8
345	0.015	-0.005	0.763	69.0
346	0.013	0.000	0.773	69.2
347	0.011	0.002	0.773	69.4
348	0.013	0.001	0.771	69.6
349	0.012	-0.004	0.766	69.8
350	0.012	-0.006	0.760	70.0
351	0.012	-0.002	0.764	70.2
352	0.010	-0.001	0.769	70.4
353	0.012	0.004	0.762	70.6
354	0.013	0.003	0.774	70.8
355	0.010	0.002	0.763	71.0
356	0.011	-0.001	0.764	71.2
357	0.014	-0.004	0.768	71.4
358	0.014	-0.006	0.767	71.6
359	0.011	-0.003	0.757	71.8
360	0.014	-0.005	0.767	72.0
361	0.014	-0.002	0.772	72.2
362	0.012	0.002	0.771	72.4
363	0.013	-0.001	0.764	72.6
364	0.015	-0.003	0.764	72.8
365	0.014	-0.004	0.764	73.0
366	0.014	-0.004	0.759	73.2
367	0.015	-0.006	0.765	73.4
368	0.012	-0.005	0.769	73.6
369	0.013	-0.001	0.766	73.8
370	0.015	-0.001	0.763	74.0
371	0.011	0.000	0.770	74.2
372	0.013	0.003	0.767	74.4
373	0.013	-0.002	0.770	74.6
374	0.013	-0.005	0.767	74.8
375	0.014	-0.001	0.768	75.0
376	0.015	0.003	0.771	75.2
377	0.013	0.001	0.766	75.4
378	0.011	-0.002	0.765	75.6
379	0.013	0.001	0.766	75.8
380	0.010	-0.005	0.768	76.0
381	0.013	-0.002	0.772	76.2
382	0.012	-0.003	0.764	76.4
383	0.012	-0.004	0.768	76.6
384	0.012	-0.005	0.763	76.8
385	0.011	-0.002	0.765	77.0
386	0.013	-0.001	0.776	77.2
387	0.011	-0.003	0.767	77.4
388	0.011	-0.007	0.776	77.6
389	0.011	-0.004	0.764	77.8
390	0.011	-0.002	0.768	78.0
391	0.012	-0.002	0.764	78.2
392	0.013	-0.002	0.768	78.4
393	0.011	-0.003	0.762	78.6
394	0.011	-0.005	0.770	78.8
395	0.011	-0.006	0.761	79.0
396	0.013	-0.003	0.773	79.2
397	0.013	-0.007	0.766	79.4
398	0.014	-0.006	0.772	79.6
399	0.013	-0.005	0.770	79.8
400	0.013	-0.004	0.760	80.0
401	0.014	-0.003	0.766	80.2
402	0.015	-0.005	0.765	80.4
403	0.014	-0.006	0.768	80.6
404	0.011	-0.005	0.772	80.8
405	0.013	-0.006	0.760	81.0
406	0.013	-0.007	0.768	81.2
407	0.013	-0.006	0.763	81.4
408	0.013	-0.009	0.760	81.6
409	0.013	-0.006	0.759	81.8
410	0.011	-0.003	0.768	82.0
411	0.012	-0.003	0.778	82.2
412	0.013	-0.007	0.763	82.4
413	0.011	-0.005	0.765	82.6
414	0.012	0.000	0.768	82.8
415	0.015	-0.001	0.761	83.0
416	0.014	-0.003	0.761	83.2
417	0.013	-0.002	0.774	83.4
418	0.015	-0.003	0.774	83.6
419	0.015	0.000	0.774	83.8
420	0.015	-0.001	0.772	84.0
421	0.015	-0.003	0.773	84.2
422	0.018	-0.003	0.776	84.4
423	0.017	-0.003	0.771	84.6
424	0.015	-0.002	0.772	84.8
425	0.017	-0.003	0.773	85.0
426	0.018	-0.003	0.764	85.2
427	0.015	-0.002	0.773	85.4
428	0.017	0.001	0.768	85.6
429	0.016	0.000	0.769	85.8
430	0.019	-0.001	0.763	86.0
431	0.020	-0.003	0.771	86.2
432	0.019	-0.001	0.777	86.4
433	0.019	0.001	0.775	86.6
434	0.018	0.001	0.770	86.8
435	0.020	-0.002	0.766	87.0
436	0.020	-0.001	0.764	87.2
437	0.020	-0.002	0.777	87.4
438	0.019	0.002	0.768	87.6
439	0.018	0.003	0.768	87.8
440	0.021	-0.001	0.779	88.0
441	0.019	-0.001	0.764	88.2
442	0.019	0.001	0.768	88.4
443	0.021	0.002	0.777	88.6
444	0.018	0.000	0.772	88.8
445	0.020	0.000	0.776	89.0
446	0.021	0.001	0.777	89.2
447	0.022	-0.001	0.756	89.4
448	0.021	0.001	0.769	89.6
449	0.021	-0.001	0.784	89.8
450	0.021	-0.002	0.780	90.0
451	0.021	-0.003	0.778	90.2
452	0.020	-0.002	0.770	90.4
453	0.019	-0.003	0.775	90.6
454	0.020	-0.002	0.774	90.8
455	0.019	-0.007	0.776	91.0
456	0.019	-0.008	0.777	91.2
457	0.022	-0.003	0.776	91.4
458	0.018	-0.006	0.782	91.6
459	0.022	-0.009	0.771	91.8
460	0.019	-0.006	0.789	92.0
461	0.018	-0.005	0.769	92.2
462	0.018	-0.009	0.769	92.4
463	0.019	-0.006	0.771	92.6
464	0.017	-0.009	0.769	92.8
465	0.020	-0.010	0.777	93.0
466	0.018	-0.008	0.780	93.2
467	0.019	-0.006	0.769	93.4
468	0.018	-0.009	0.779	93.6
469	0.020	-0.011	0.777	93.8
470	0.018	-0.009	0.783	94.0
471	0.019	-0.006	0.775	94.2
472	0.018	-0.008	0.764	94.4
473	0.018	-0.008	0.773	94.6
474	0.015	-0.008	0.781	94.8
475	0.016	-0.009	0.777	95.0
476	0.016	-0.005	0.777	95.2
477	0.017	-0.007	0.762	95.4
478	0.018	-0.007	0.774	95.6
479	0.014	-0.004	0.777	95.8
480	0.017	-0.007	0.784	96.0
481	0.017	-0.005	0.775	96.2
482	0.016	-0.004	0.774	96.4
483	0.017	-0.004	0.767	96.6
484	0.017	-0.003	0.779	96.8
485	0.014	-0.002	0.767	97.0
486	0.015	-0.003	0.775	97.2
487	0.016	-0.003	0.771	97.4
488	0.015	-0.005	0.769	97.6
489	0.014	-0.006	0.783	97.8
490	0.015	-0.003	0.766	98.0
491	0.014	-0.001	0.762	98.2
492	0.014	-0.005	0.770	98.4
493	0.013	-0.004	0.773	98.6
494	0.015	-0.003	0.768	98.8
495	0.015	-0.005	0.765	99.0
496	0.012	-0.002	0.779	99.2
497	0.013	-0.004	0.772	99.4
498	0.014	-0.004	0.765	99.6
499	0.016	-0.003	0.773	99.8
500	0.014	-0.002	0.766	100.0
501	0.015	-0.003	0.775	100.2
502	0.013	-0.004	0.762	100.4
503	0.013	-0.004	0.775	100.6
504	0.013	0.000	0.772	100.8
505	0.011	-0.002	0.763	101.0
506	0.011	-0.005	0.773	101.2
507	0.011	-0.001	0.780	101.4
508	0.013	-0.002	0.776	101.6
509	0.011	-0.002	0.772	101.8
510	0.012	0.000	0.781	102.0
511	0.012	-0.002	0.771	102.2
512	0.010	-0.003	0.765	102.4
513	0.013	0.001	0.779	102.6
514	0.015	-0.001	0.768	102.8
515	0.015	0.003	0.764	103.0
516	0.077	0.048	1.010	103.2
517	0.233	0.174	1.207	103.4
518	0.225	0.165	1.199	103.6
519	0.226	0.165	1.180	103.8
520	0.223	0.163	1.187	104.0
521	0.221	0.159	1.186	104.2
522	0.218	0.158	1.195	104.4
523	0.221	0.157	1.183	104.6
524	0.217	0.159	1.191	104.8
525	0.218	0.161	1.185	105.0
526	0.220	0.153	1.169	105.2
527	0.221	0.153	1.177	105.4
528	0.220	0.156	1.173	105.6
529	0.220	0.153	1.161	105.8
530	0.219	0.153	1.185	106.0
531	0.216	0.151	1.173	106.2
532	0.222	0.148	1.156	106.4
533	0.218	0.149	1.174	106.6
534	0.217	0.152	1.171	106.8
535	0.217	0.148	1.168	107.0
536	0.218	0.148	1.177	107.2
537	0.217	0.149	1.175	107.4
538	0.216	0.149	1.157	107.6
539	0.216	0.148	1.167	107.8
540	0.216	0.148	1.159	108.0
541	0.216	0.147	1.174	108.2
542	0.213	0.146	1.169	108.4
543	0.216	0.150	1.161	108.6
544	0.214	0.146	1.169	108.8
545	0.216	0.146	1.178	109.0
546	0.214	0.145	1.170	109.2
547	0.216	0.145	1.161	109.4
548	0.215	0.148	1.172	109.6
549	0.213	0.146	1.164	109.8
550	0.215	0.144	1.165	110.0
551	0.215	0.143	1.175	110.2
552	0.214	0.145	1.170	110.4
553	0.215	0.146	1.164	110.6
554	0.214	0.144	1.170	110.8
555	0.214	0.144	1.180	111.0
556	0.216	0.144	1.155	111.2
557	0.214	0.143	1.156	111.4
558	0.213	0.142	1.177	111.6
559	0.214	0.144	1.154	111.8
560	0.217	0.141	1.159	112.0
561	0.214	0.140	1.174	112.2
562	0.217	0.141	1.155	112.4
563	0.216	0.144	1.164	112.6
564	0.214	0.141	1.180	112.8
565	0.215	0.141	1.152	113.0
566	0.215	0.141	1.167	113.2
567	0.213	0.143	1.168	113.4
568	0.213	0.144	1.166	113.6
569	0.217	0.143	1.158	113.8
570	0.213	0.144	1.167	114.0
571	0.215	0.143	1.167	114.2
572	0.212	0.144	1.153	114.4
573	0.213	0.144	1.155	114.6
574	0.212	0.142	1.174	114.8
575	0.212	0.143	1.159	115.0
576	0.214	0.143	1.148	115.2
577	0.212	0.146	1.165	115.4
578	0.210	0.145	1.153	115.6
579	0.213	0.144	1.161	115.8
580	0.212	0.144	1.161	116.0
581	0.209	0.146	1.165	116.2
582	0.210	0.146	1.165	116.4
583	0.209	0.145	1.160	116.6
584	0.211	0.145	1.167	116.8
585	0.209	0.144	1.155	117.0
586	0.208	0.144	1.157	117.2
587	0.208	0.144	1.156	117.4
588	0.206	0.141	1.157	117.6
589	0.209	0.143	1.153	117.8
590	0.204	0.144	1.167	118.0
591	0.206	0.146	1.153	118.2
592	0.209	0.145	1.148	118.4
593	0.207	0.145	1.170	118.6
594	0.207	0.145	1.149	118.8
595	0.206	0.144	1.154	119.0
596	0.208	0.148	1.173	119.2
597	0.205	0.145	1.151	119.4
598	0.206	0.144	1.156	119.6
599	0.206	0.144	1.170	119.8
600	0.206	0.148	1.147	120.0
601	0.205	0.146	1.161	120.2
602	0.205	0.145	1.160	120.4
603	0.205	0.147	1.157	120.6
604	0.208	0.144	1.147	120.8
605	0.205	0.147	1.158	121.0
606	0.204	0.145	1.151	121.2
607	0.205	0.147	1.153	121.4
608	0.205	0.148	1.159	121.6
609	0.204	0.147	1.150	121.8
610	0.205	0.148	1.155	122.0
611	0.204	0.147	1.158	122.2
612	0.205	0.147	1.153	122.4
613	0.204	0.146	1.152	122.6
614	0.204	0.146	1.163	122.8
615	0.205	0.146	1.170	123.0
616	0.206	0.145	1.156	123.2
617	0.208	0.146	1.142	123.4
618	0.207	0.146	1.164	123.6
619	0.205	0.145	1.153	123.8
620	0.205	0.146	1.144	124.0
621	0.206	0.145	1.163	124.2
622	0.204	0.144	1.165	124.4
623	0.205	0.144	1.155	124.6
624	0.207	0.143	1.151	124.8
625	0.201	0.143	1.161	125.0
626	0.205	0.141	1.157	125.2
627	0.205	0.141	1.142	125.4
628	0.204	0.141	1.164	125.6
629	0.204	0.144	1.144	125.8
630	0.204	0.143	1.133	126.0
631	0.202	0.139	1.157	126.2
632	0.203	0.141	1.153	126.4
633	0.207	0.141	1.154	126.6
634	0.207	0.142	1.147	126.8
635	0.205	0.140	1.149	127.0
636	0.205	0.140	1.153	127.2
637	0.205	0.138	1.151	127.4
638	0.206	0.140	1.160	127.6
639	0.205	0.139	1.164	127.8
640	0.204	0.140	1.146	128.0
641	0.205	0.138	1.149	128.2
642	0.206	0.138	1.160	128.4
643	0.207	0.138	1.143	128.6
644	0.205	0.138	1.144	128.8
645	0.204	0.137	1.159	129.0
646	0.206	0.136	1.156	129.2
647	0.204	0.139	1.158	129.4
648	0.205	0.139	1.148	129.6
649	0.205	0.137	1.165	129.8
650	0.203	0.138	1.156	130.0
651	0.208	0.136	1.140	130.2
652	0.204	0.136	1.171	130.4
653	0.203	0.139	1.159	130.6
654	0.204	0.137	1.146	130.8
655	0.205	0.136	1.157	131.0
656	0.204	0.137	1.163	131.2
657	0.205	0.136	1.149	131.4
658	0.206	0.138	1.150	131.6
659	0.204	0.139	1.167	131.8
660	0.204	0.134	1.145	132.0
661	0.204	0.134	1.148	132.2
662	0.206	0.137	1.170	132.4
663	0.203	0.141	1.149	132.6
664	0.202	0.137	1.152	132.8
665	0.203	0.134	1.151	133.0
666	0.205	0.140	1.159	133.2
667	0.204	0.138	1.149	133.4
668	0.204	0.139	1.163	133.6
669	0.203	0.138	1.159	133.8
670	0.203	0.136	1.155	134.0
671	0.204	0.137	1.163	134.2
672	0.204	0.137	1.147	134.4
673	0.201	0.138	1.154	134.6
674	0.203	0.138	1.154	134.8
675	0.205	0.135	1.146	135.0
676	0.204	0.137	1.160	135.2
677	0.202	0.138	1.166	135.4
678	0.203	0.138	1.159	135.6
679	0.203	0.139	1.155	135.8
680	0.204	0.135	1.173	136.0
681	0.203	0.138	1.149	136.2
682	0.204	0.139	1.133	136.4
683	0.205	0.139	1.160	136.6
684	0.202	0.141	1.159	136.8
685	0.204	0.136	1.139	137.0
686	0.204	0.138	1.152	137.2
687	0.203	0.138	1.159	137.4
688	0.204	0.137	1.148	137.6
689	0.203	0.136	1.156	137.8
690	0.202	0.136	1.164	138.0
691	0.203	0.139	1.159	138.2
692	0.202	0.137	1.160	138.4
693	0.203	0.139	1.159	138.6
694	0.204	0.136	1.164	138.8
695	0.205	0.140	1.158	139.0
696	0.202	0.140	1.153	139.2
697	0.203	0.138	1.158	139.4
698	0.203	0.138	1.161	139.6
699	0.204	0.140	1.162	139.8
700	0.202	0.138	1.157	140.0
701	0.204	0.138	1.167	140.2
702	0.203	0.138	1.153	140.4
703	0.203	0.138	1.150	140.6
704	0.205	0.140	1.155	140.8
705	0.204	0.137	1.163	141.0
706	0.204	0.142	1.147	141.2
707	0.206	0.137	1.156	141.4
708	0.203	0.137	1.152	141.6
709	0.206	0.138	1.155	141.8
710	0.205	0.138	1.161	142.0
711	0.204	0.140	1.150	142.2
712	0.205	0.137	1.142	142.4
713	0.204	0.137	1.158	142.6
714	0.204	0.140	1.164	142.8
715	0.205	0.138	1.153	143.0
716	0.204	0.139	1.164	143.2
717	0.203	0.137	1.159	143.4
718	0.204	0.138	1.149	143.6
719	0.204	0.136	1.147	143.8
720	0.203	0.137	1.153	144.0
721	0.206	0.144	1.157	144.2
722	0.206	0.138	1.149	144.4
723	0.204	0.138	1.163	144.6
724	0.204	0.140	1.164	144.8
725	0.204	0.138	1.147	145.0
726	0.206	0.139	1.155	145.2
727	0.204	0.140	1.161	145.4
728	0.205	0.139	1.143	145.6
729	0.208	0.140	1.159	145.8
730	0.203	0.139	1.159	146.0
731	0.204	0.141	1.151	146.2
732	0.208	0.137	1.159	146.4
733	0.204	0.140	1.157	146.6
734	0.205	0.140	1.155	146.8
735	0.204	0.140	1.155	147.0
736	0.203	0.140	1.161	147.2
737	0.207	0.138	1.148	147.4
738	0.206	0.141	1.150	147.6
739	0.205	0.141	1.167	147.8
740	0.205	0.140	1.156	148.0
741	0.203	0.140	1.158	148.2
742	0.206	0.138	1.158	148.4
743	0.205	0.140	1.145	148.6
744	0.205	0.140	1.163	148.8
745	0.204	0.141	1.155	149.0
746	0.206	0.139	1.151	149.2
747	0.204	0.137	1.158	149.4
748	0.203	0.140	1.160	149.6
749	0.205	0.143	1.145	149.8
750	0.205	0.138	1.163	150.0
751	0.203	0.138	1.163	150.2
752	0.203	0.138	1.140	150.4
753	0.205	0.140	1.162	150.6
754	0.203	0.141	1.152	150.8
755	0.203	0.139	1.139	151.0
756	0.204	0.138	1.155	151.2
757	0.202	0.138	1.147	151.4
758	0.202	0.142	1.144	151.6
759	0.203	0.138	1.147	151.8
760	0.203	0.139	1.168	152.0
761	0.203	0.139	1.163	152.2
762	0.205	0.139	1.153	152.4
763	0.204	0.138	1.150	152.6
764	0.202	0.140	1.154	152.8
765	0.203	0.136	1.155	153.0
766	0.204	0.138	1.155	153.2
767	0.203	0.136	1.153	153.4
768	0.202	0.139	1.157	153.6
769	0.203	0.140	1.149	153.8
770	0.204	0.137	1.133	154.0
771	0.204	0.137	1.171	154.2
772	0.200	0.139	1.159	154.4
773	0.202	0.141	1.139	154.6
774	0.205	0.138	1.153	154.8
775	0.204	0.136	1.149	155.0
776	0.202	0.139	1.157	155.2
777	0.202	0.136	1.159	155.4
778	0.202	0.139	1.146	155.6
779	0.205	0.136	1.147	155.8
780	0.202	0.135	1.155	156.0
781	0.202	0.138	1.148	156.2
782	0.204	0.136	1.145	156.4
783	0.204	0.139	1.154	156.6
784	0.203	0.136	1.163	156.8
785	0.204	0.134	1.150	157.0
786	0.205	0.136	1.149	157.2
787	0.204	0.135	1.151	157.4
788	0.203	0.137	1.148	157.6
789	0.202	0.137	1.157	157.8
790	0.203	0.134	1.148	158.0
791	0.203	0.137	1.148	158.2
792	0.204	0.136	1.151	158.4
793	0.201	0.137	1.158	158.6
794	0.204	0.137	1.151	158.8
795	0.207	0.136	1.155	159.0
796	0.204	0.137	1.156	159.2
797	0.204	0.137	1.158	159.4
798	0.203	0.136	1.152	159.6
799	0.205	0.137	1.158	159.8
800	0.205	0.137	1.153	160.0
801	0.206	0.139	1.155	160.2
802	0.205	0.138	1.142	160.4
803	0.206	0.137	1.160	160.6
804	0.207	0.138	1.145	160.8
805	0.206	0.138	1.159	161.0
806	0.206	0.138	1.146	161.2
807	0.207	0.137	1.156	161.4
808	0.208	0.137	1.155	161.6
809	0.209	0.137	1.149	161.8
810	0.208	0.139	1.163	162.0
811	0.209	0.140	1.155	162.2
812	0.211	0.140	1.143	162.4
813	0.211	0.137	1.154	162.6
814	0.208	0.138	1.151	162.8
815	0.210	0.140	1.150	163.0
816	0.210	0.141	1.155	163.2
817	0.208	0.141	1.149	163.4
818	0.210	0.138	1.145	163.6
819	0.210	0.138	1.155	163.8
820	0.210	0.143	1.145	164.0
821	0.210	0.141	1.156	164.2
822	0.210	0.141	1.155	164.4
823	0.212	0.140	1.149	164.6
824	0.211	0.138	1.162	164.8
825	0.208	0.138	1.151	165.0
826	0.209	0.143	1.161	165.2
827	0.211	0.142	1.144	165.4
828	0.209	0.139	1.155	165.6
829	0.210	0.141	1.159	165.8
830	0.210	0.142	1.156	166.0
831	0.210	0.141	1.167	166.2
832	0.211	0.140	1.144	166.4
833	0.211	0.138	1.161	166.6
834	0.208	0.141	1.169	166.8
835	0.210	0.143	1.143	167.0
836	0.213	0.139	1.141	167.2
837	0.209	0.139	1.159	167.4
838	0.210	0.140	1.152	167.6
839	0.211	0.141	1.146	167.8
840	0.209	0.141	1.163	168.0
841	0.211	0.140	1.155	168.2
842	0.211	0.141	1.139	168.4
843	0.212	0.137	1.145	168.6
844	0.208	0.141	1.151	168.8
845	0.210	0.139	1.156	169.0
846	0.212	0.140	1.144	169.2
847	0.210	0.140	1.153	169.4
848	0.210	0.139	1.154	169.6
849	0.211	0.140	1.152	169.8
850	0.211	0.141	1.153	170.0
851	0.211	0.140	1.149	170.2
852	0.210	0.141	1.155	170.4
853	0.211	0.141	1.141	170.6
854	0.210	0.141	1.157	170.8
855	0.209	0.141	1.149	171.0
856	0.212	0.140	1.147	171.2
857	0.210	0.139	1.151	171.4
858	0.209	0.142	1.152	171.6
859	0.209	0.142	1.148	171.8
860	0.210	0.140	1.148	172.0
861	0.209	0.139	1.158	172.2
862	0.211	0.141	1.146	172.4
863	0.211	0.142	1.142	172.6
864	0.209	0.140	1.161	172.8
865	0.208	0.141	1.151	173.0
866	0.207	0.138	1.137	173.2
867	0.211	0.140	1.151	173.4
868	0.208	0.141	1.154	173.6
869	0.209	0.141	1.146	173.8
870	0.209	0.140	1.157	174.0
871	0.208	0.138	1.145	174.2
872	0.208	0.141	1.141	174.4
873	0.209	0.140	1.162	174.6
874	0.208	0.141	1.143	174.8
875	0.208	0.139	1.143	175.0
876	0.208	0.137	1.159	175.2
877	0.208	0.138	1.152	175.4
878	0.208	0.141	1.149	175.6
879	0.209	0.137	1.145	175.8
880	0.208	0.136	1.152	176.0
881	0.207	0.138	1.152	176.2
882	0.208	0.137	1.154	176.4
883	0.206	0.140	1.147	176.6
884	0.207	0.138	1.145	176.8
885	0.206	0.137	1.155	177.0
886	0.208	0.140	1.155	177.2
887	0.206	0.138	1.145	177.4
888	0.207	0.139	1.154	177.6
889	0.206	0.139	1.146	177.8
890	0.205	0.137	1.141	178.0
891	0.204	0.138	1.157	178.2
892	0.205	0.138	1.139	178.4
893	0.206	0.138	1.159	178.6
894	0.207	0.137	1.154	178.8
895	0.208	0.138	1.151	179.0
896	0.207	0.140	1.151	179.2
897	0.204	0.140	1.147	179.4
898	0.204	0.139	1.154	179.6
899	0.206	0.138	1.150	179.8
900	0.206	0.137	1.160	180.0
901	0.204	0.140	1.152	180.2
902	0.206	0.139	1.148	180.4
903	0.205	0.139	1.160	180.6
904	0.205	0.138	1.150	180.8
905	0.205	0.138	1.145	181.0
906	0.204	0.140	1.153	181.2
907	0.204	0.140	1.151	181.4
908	0.206	0.140	1.151	181.6
909	0.202	0.139	1.157	181.8
910	0.206	0.138	1.159	182.0
911	0.205	0.141	1.159	182.2
912	0.204	0.140	1.163	182.4
913	0.204	0.137	1.156	182.6
914	0.206	0.138	1.157	182.8
915	0.204	0.137	1.157	183.0
916	0.204	0.142	1.155	183.2
917	0.203	0.137	1.153	183.4
918	0.203	0.140	1.159	183.6
919	0.205	0.139	1.155	183.8
920	0.205	0.138	1.146	184.0
921	0.203	0.142	1.159	184.2
922	0.204	0.138	1.169	184.4
923	0.204	0.139	1.149	184.6
924	0.204	0.138	1.147	184.8
925	0.204	0.138	1.155	185.0
926	0.202	0.140	1.151	185.2
927	0.205	0.136	1.146	185.4
928	0.204	0.138	1.137	185.6
929	0.204	0.136	1.158	185.8
930	0.203	0.138	1.159	186.0
931	0.204	0.140	1.152	186.2
932	0.206	0.136	1.159	186.4
933	0.205	0.138	1.163	186.6
934	0.205	0.137	1.157	186.8
935	0.206	0.138	1.159	187.0
936	0.204	0.140	1.147	187.2
937	0.205	0.137	1.144	187.4
938	0.206	0.138	1.159	187.6
939	0.203	0.136	1.163	187.8
940	0.204	0.139	1.151	188.0
941	0.204	0.136	1.152	188.2
942	0.205	0.137	1.163	188.4
943	0.205	0.139	1.155	188.6
944	0.205	0.137	1.149	188.8
945	0.204	0.142	1.157	189.0
946	0.204	0.138	1.148	189.2
947	0.206	0.139	1.149	189.4
948	0.208	0.138	1.160	189.6
949	0.205	0.140	1.151	189.8
950	0.204	0.140	1.151	190.0
951	0.205	0.137	1.167	190.2
952	0.205	0.139	1.151	190.4
953	0.205	0.137	1.150	190.6
954	0.206	0.140	1.162	190.8
955	0.205	0.140	1.167	191.0
956	0.205	0.139	1.151	191.2
957	0.206	0.136	1.143	191.4
958	0.204	0.138	1.170	191.6
959	0.205	0.141	1.152	191.8
960	0.204	0.138	1.145	192.0
961	0.204	0.139	1.163	192.2
962	0.205	0.136	1.148	192.4
963	0.204	0.137	1.154	192.6
964	0.204	0.138	1.157	192.8
965	0.206	0.136	1.159	193.0
966	0.204	0.135	1.146	193.2
967	0.205	0.136	1.149	193.4
968	0.204	0.137	1.161	193.6
969	0.202	0.138	1.147	193.8
970	0.205	0.134	1.157	194.0
971	0.205	0.134	1.161	194.2
972	0.204	0.134	1.154	194.4
973	0.205	0.135	1.158	194.6
974	0.201	0.137	1.159	194.8
975	0.205	0.134	1.152	195.0
976	0.206	0.132	1.153	195.2
977	0.202	0.135	1.159	195.4
978	0.203	0.138	1.157	195.6
979	0.204	0.135	1.143	195.8
980	0.203	0.135	1.169	196.0
981	0.203	0.133	1.159	196.2
982	0.204	0.136	1.144	196.4
983	0.204	0.138	1.155	196.6
984	0.205	0.136	1.156	196.8
985	0.204	0.138	1.147	197.0
986	0.204	0.134	1.160	197.2
987	0.202	0.139	1.162	197.4
988	0.203	0.135	1.141	197.6
989	0.207	0.137	1.151	197.8
990	0.203	0.137	1.156	198.0
991	0.203	0.137	1.163	198.2
992	0.204	0.137	1.143	198.4
993	0.204	0.136	1.144	198.6
994	0.202	0.137	1.152	198.8
995	0.203	0.136	1.153	199.0
996	0.203	0.141	1.161	199.2
997	0.202	0.138	1.149	199.4
998	0.204	0.142	1.143	199.6
999	0.202	0.136	1.155	199.8
1000	0.203	0.138	1.159	200.0
1001	0.203	0.138	1.151	200.2
1002	0.202	0.141	1.153	200.4
1003	0.203	0.141	1.148	200.6
1004	0.203	0.136	1.152	200.8
1005	0.202	0.139	1.142	201.0
1006	0.201	0.138	1.149	201.2
1007	0.202	0.140	1.151	201.4
1008	0.203	0.137	1.155	201.6
1009	0.205	0.138	1.144	201.8
1010	0.201	0.140	1.147	202.0
1011	0.199	0.138	1.147	202.2
1012	0.200	0.136	1.153	202.4
1013	0.201	0.137	1.156	202.6
1014	0.203	0.136	1.145	202.8
1015	0.201	0.139	1.149	203.0
1016	0.202	0.139	1.150	203.2
1017	0.351	0.265	1.626	203.4
1018	0.458	0.354	1.656	203.6
1019	0.454	0.349	1.681	203.8
1020	0.451	0.349	1.659	204.0
1021	0.452	0.347	1.681	204.2
1022	0.452	0.349	1.655	204.4
1023	0.453	0.348	1.665	204.6
1024	0.449	0.349	1.667	204.8
1025	0.448	0.350	1.665	205.0
1026	0.449	0.349	1.654	205.2
1027	0.450	0.350	1.646	205.4
1028	0.448	0.347	1.661	205.6
1029	0.448	0.346	1.674	205.8
1030	0.447	0.346	1.655	206.0
1031	0.448	0.347	1.657	206.2
1032	0.447	0.346	1.661	206.4
1033	0.448	0.343	1.670	206.6
1034	0.448	0.345	1.653	206.8
1035	0.445	0.343	1.655	207.0
1036	0.446	0.345	1.657	207.2
1037	0.446	0.343	1.655	207.4
1038	0.446	0.341	1.650	207.6
1039	0.446	0.343	1.661	207.8
1040	0.446	0.345	1.656	208.0
1041	0.444	0.343	1.653	208.2
1042	0.446	0.343	1.651	208.4
1043	0.448	0.343	1.651	208.6
1044	0.447	0.343	1.649	208.8
1045	0.446	0.344	1.661	209.0
1046	0.447	0.341	1.662	209.2
1047	0.446	0.340	1.649	209.4
1048	0.446	0.340	1.665	209.6
1049	0.446	0.341	1.652	209.8
1050	0.443	0.342	1.647	210.0
1051	0.447	0.343	1.649	210.2
1052	0.445	0.342	1.665	210.4
1053	0.446	0.342	1.655	210.6
1054	0.448	0.342	1.647	210.8
1055	0.444	0.342	1.674	211.0
1056	0.447	0.339	1.642	211.2
1057	0.445	0.339	1.643	211.4
1058	0.446	0.341	1.658	211.6
1059	0.446	0.343	1.661	211.8
1060	0.445	0.345	1.650	212.0
1061	0.445	0.345	1.651	212.2
1062	0.448	0.343	1.649	212.4
1063	0.446	0.343	1.649	212.6
1064	0.447	0.344	1.657	212.8
1065	0.446	0.343	1.653	213.0
1066	0.448	0.342	1.645	213.2
1067	0.445	0.338	1.657	213.4
1068	0.445	0.340	1.652	213.6
1069	0.444	0.343	1.659	213.8
1070	0.445	0.343	1.649	214.0
1071	0.445	0.342	1.653	214.2
1072	0.446	0.341	1.657	214.4
1073	0.445	0.342	1.654	214.6
1074	0.444	0.342	1.650	214.8
1075	0.444	0.341	1.662	215.0
1076	0.445	0.340	1.646	215.2
1077	0.445	0.341	1.656	215.4
1078	0.445	0.342	1.647	215.6
1079	0.445	0.341	1.646	215.8
1080	0.445	0.339	1.648	216.0
1081	0.444	0.339	1.647	216.2
1082	0.445	0.339	1.654	216.4
1083	0.445	0.341	1.652	216.6
1084	0.445	0.343	1.657	216.8
1085	0.445	0.342	1.646	217.0
1086	0.445	0.341	1.647	217.2
1087	0.445	0.340	1.656	217.4
1088	0.443	0.342	1.659	217.6
1089	0.443	0.342	1.647	217.8
1090	0.443	0.338	1.654	218.0
1091	0.444	0.339	1.651	218.2
1092	0.441	0.340	1.639	218.4
1093	0.442	0.339	1.659	218.6
1094	0.441	0.341	1.649	218.8
1095	0.441	0.339	1.647	219.0
1096	0.443	0.340	1.657	219.2
1097	0.441	0.339	1.651	219.4
1098	0.442	0.341	1.652	219.6
1099	0.442	0.339	1.658	219.8
1100	0.441	0.338	1.655	220.0
1101	0.443	0.338	1.658	220.2
1102	0.441	0.342	1.640	220.4
1103	0.440	0.341	1.665	220.6
1104	0.442	0.340	1.655	220.8
1105	0.440	0.337	1.649	221.0
1106	0.441	0.338	1.651	221.2
1107	0.440	0.338	1.642	221.4
1108	0.439	0.339	1.654	221.6
1109	0.441	0.341	1.648	221.8
1110	0.440	0.340	1.662	222.0
1111	0.439	0.337	1.646	222.2
1112	0.441	0.340	1.658	222.4
1113	0.439	0.338	1.649	222.6
1114	0.440	0.341	1.636	222.8
1115	0.437	0.338	1.641	223.0
1116	0.439	0.337	1.664	223.2
1117	0.439	0.340	1.652	223.4
1118	0.437	0.339	1.653	223.6
1119	0.437	0.336	1.660	223.8
1120	0.438	0.335	1.639	224.0
1121	0.436	0.337	1.656	224.2
1122	0.439	0.340	1.650	224.4
1123	0.434	0.340	1.653	224.6
1124	0.437	0.336	1.653	224.8
1125	0.435	0.336	1.653	225.0
1126	0.437	0.337	1.649	225.2
1127	0.434	0.336	1.645	225.4
1128	0.436	0.336	1.653	225.6
1129	0.433	0.334	1.651	225.8
1130	0.436	0.335	1.638	226.0
1131	0.434	0.335	1.645	226.2
1132	0.432	0.337	1.650	226.4
1133	0.432	0.336	1.651	226.6
1134	0.432	0.334	1.649	226.8
1135	0.434	0.335	1.648	227.0
1136	0.435	0.338	1.645	227.2
1137	0.433	0.335	1.655	227.4
1138	0.432	0.337	1.646	227.6
1139	0.434	0.335	1.654	227.8
1140	0.433	0.337	1.651	228.0
1141	0.431	0.335	1.653	228.2
1142	0.433	0.335	1.648	228.4
1143	0.433	0.333	1.654	228.6
1144	0.433	0.334	1.649	228.8
1145	0.432	0.334	1.653	229.0
1146	0.432	0.339	1.653	229.2
1147	0.432	0.336	1.641	229.4
1148	0.431	0.336	1.647	229.6
1149	0.433	0.334	1.653	229.8
1150	0.431	0.336	1.650	230.0
1151	0.433	0.337	1.642	230.2
1152	0.435	0.333	1.651	230.4
1153	0.435	0.335	1.650	230.6
1154	0.435	0.334	1.640	230.8
1155	0.434	0.336	1.637	231.0
1156	0.434	0.336	1.661	231.2
1157	0.433	0.335	1.650	231.4
1158	0.434	0.333	1.642	231.6
1159	0.432	0.338	1.657	231.8
1160	0.432	0.337	1.656	232.0
1161	0.434	0.338	1.635	232.2
1162	0.434	0.335	1.654	232.4
1163	0.435	0.335	1.653	232.6
1164	0.435	0.332	1.651	232.8
1165	0.434	0.335	1.639	233.0
1166	0.435	0.335	1.651	233.2
1167	0.435	0.333	1.653	233.4
1168	0.436	0.334	1.634	233.6
1169	0.436	0.336	1.658	233.8
1170	0.433	0.335	1.649	234.0
1171	0.437	0.335	1.641	234.2
1172	0.438	0.336	1.655	234.4
1173	0.436	0.336	1.660	234.6
1174	0.437	0.337	1.641	234.8
1175	0.435	0.337	1.637	235.0
1176	0.436	0.337	1.657	235.2
1177	0.436	0.334	1.643	235.4
1178	0.437	0.334	1.634	235.6
1179	0.437	0.336	1.645	235.8
1180	0.434	0.337	1.642	236.0
1181	0.437	0.334	1.643	236.2
1182	0.438	0.332	1.643	236.4
1183	0.434	0.335	1.650	236.6
1184	0.435	0.338	1.645	236.8
1185	0.435	0.337	1.637	237.0
1186	0.436	0.335	1.649	237.2
1187	0.438	0.335	1.645	237.4
1188	0.435	0.333	1.645	237.6
1189	0.433	0.337	1.649	237.8
1190	0.436	0.335	1.632	238.0
1191	0.436	0.335	1.643	238.2
1192	0.436	0.336	1.650	238.4
1193	0.436	0.337	1.645	238.6
1194	0.437	0.338	1.644	238.8
1195	0.437	0.336	1.637	239.0
1196	0.437	0.336	1.638	239.2
1197	0.436	0.337	1.649	239.4
1198	0.437	0.339	1.646	239.6
1199	0.437	0.338	1.648	239.8
1200	0.437	0.337	1.643	240.0
1201	0.437	0.335	1.654	240.2
1202	0.438	0.337	1.641	240.4
1203	0.438	0.338	1.639	240.6
1204	0.437	0.338	1.641	240.8
1205	0.436	0.336	1.651	241.0
1206	0.437	0.338	1.645	241.2
1207	0.439	0.337	1.638	241.4
1208	0.438	0.338	1.642	241.6
1209	0.437	0.338	1.641	241.8
1210	0.437	0.339	1.642	242.0
1211	0.437	0.335	1.646	242.2
1212	0.437	0.339	1.649	242.4
1213	0.437	0.337	1.642	242.6
1214	0.437	0.337	1.646	242.8
1215	0.437	0.334	1.647	243.0
1216	0.435	0.333	1.661	243.2
1217	0.437	0.336	1.645	243.4
1218	0.436	0.337	1.638	243.6
1219	0.436	0.333	1.649	243.8
1220	0.436	0.333	1.651	244.0
1221	0.435	0.334	1.645	244.2
1222	0.435	0.335	1.644	244.4
1223	0.435	0.334	1.649	244.6
1224	0.435	0.334	1.649	244.8
1225	0.435	0.331	1.645	245.0
1226	0.436	0.331	1.651	245.2
1227	0.435	0.331	1.649	245.4
1228	0.436	0.331	1.654	245.6
1229	0.435	0.330	1.653	245.8
1230	0.434	0.331	1.638	246.0
1231	0.436	0.332	1.643	246.2
1232	0.433	0.335	1.662	246.4
1233	0.432	0.333	1.642	246.6
1234	0.435	0.333	1.634	246.8
1235	0.436	0.332	1.639	247.0
1236	0.435	0.331	1.639	247.2
1237	0.432	0.333	1.643	247.4
1238	0.433	0.331	1.639	247.6
1239	0.436	0.332	1.654	247.8
1240	0.437	0.333	1.646	248.0
1241	0.434	0.331	1.632	248.2
1242	0.435	0.330	1.651	248.4
1243	0.434	0.331	1.643	248.6
1244	0.435	0.331	1.644	248.8
1245	0.434	0.332	1.643	249.0
1246	0.435	0.336	1.640	249.2
1247	0.435	0.334	1.649	249.4
1248	0.436	0.331	1.642	249.6
1249	0.436	0.331	1.653	249.8
1250	0.435	0.333	1.635	250.0
1251	0.435	0.334	1.644	250.2
1252	0.435	0.334	1.648	250.4
1253	0.437	0.334	1.649	250.6
1254	0.435	0.334	1.636	250.8
1255	0.435	0.332	1.646	251.0
1256	0.435	0.335	1.650	251.2
1257	0.438	0.335	1.635	251.4
1258	0.434	0.332	1.643	251.6
1259	0.435	0.334	1.648	251.8
1260	0.434	0.336	1.637	252.0
1261	0.437	0.337	1.647	252.2
1262	0.438	0.331	1.647	252.4
1263	0.435	0.333	1.647	252.6
1264	0.435	0.333	1.639	252.8
1265	0.436	0.333	1.651	253.0
1266	0.434	0.337	1.644	253.2
1267	0.439	0.334	1.634	253.4
1268	0.435	0.333	1.643	253.6
1269	0.433	0.334	1.635	253.8
1270	0.435	0.336	1.645	254.0
1271	0.435	0.335	1.633	254.2
1272	0.438	0.331	1.653	254.4
1273	0.435	0.332	1.646	254.6
1274	0.435	0.333	1.636	254.8
1275	0.437	0.334	1.646	255.0
1276	0.434	0.332	1.636	255.2
1277	0.436	0.331	1.635	255.4
1278	0.438	0.333	1.637	255.6
1279	0.433	0.333	1.648	255.8
1280	0.435	0.335	1.627	256.0
1281	0.434	0.335	1.651	256.2
1282	0.433	0.331	1.644	256.4
1283	0.435	0.333	1.634	256.6
1284	0.435	0.334	1.636	256.8
1285	0.435	0.332	1.643	257.0
1286	0.435	0.334	1.635	257.2
1287	0.437	0.332	1.639	257.4
1288	0.434	0.330	1.642	257.6
1289	0.435	0.331	1.627	257.8
1290	0.435	0.333	1.647	258.0
1291	0.434	0.332	1.645	258.2
1292	0.437	0.331	1.647	258.4
1293	0.436	0.332	1.630	258.6
1294	0.436	0.331	1.641	258.8
1295	0.437	0.330	1.647	259.0
1296	0.436	0.329	1.626	259.2
1297	0.434	0.330	1.653	259.4
1298	0.437	0.331	1.653	259.6
1299	0.434	0.331	1.639	259.8
1300	0.435	0.331	1.640	260.0
1301	0.433	0.330	1.641	260.2
1302	0.436	0.330	1.637	260.4
1303	0.432	0.331	1.645	260.6
1304	0.433	0.333	1.643	260.8
1305	0.435	0.329	1.651	261.0
1306	0.434	0.329	1.641	261.2
1307	0.436	0.327	1.656	261.4
1308	0.436	0.330	1.653	261.6
1309	0.435	0.333	1.643	261.8
1310	0.435	0.332	1.643	262.0
1311	0.434	0.328	1.651	262.2
1312	0.433	0.332	1.646	262.4
1313	0.432	0.332	1.642	262.6
1314	0.433	0.330	1.635	262.8
1315	0.435	0.329	1.653	263.0
1316	0.433	0.331	1.639	263.2
1317	0.434	0.333	1.641	263.4
1318	0.432	0.331	1.658	263.6
1319	0.435	0.330	1.648	263.8
1320	0.432	0.329	1.645	264.0
1321	0.434	0.328	1.644	264.2
1322	0.433	0.330	1.645	264.4
1323	0.432	0.329	1.636	264.6
1324	0.433	0.330	1.656	264.8
1325	0.434	0.330	1.640	265.0
1326	0.433	0.331	1.639	265.2
1327	0.433	0.333	1.644	265.4
1328	0.432	0.334	1.642	265.6
1329	0.434	0.333	1.642	265.8
1330	0.434	0.332	1.651	266.0
1331	0.432	0.333	1.641	266.2
1332	0.437	0.328	1.641	266.4
1333	0.432	0.332	1.649	266.6
1334	0.432	0.331	1.640	266.8
1335	0.435	0.330	1.638	267.0
1336	0.433	0.329	1.645	267.2
1337	0.432	0.333	1.655	267.4
1338	0.432	0.333	1.639	267.6
1339	0.433	0.331	1.654	267.8
1340	0.432	0.331	1.643	268.0
1341	0.433	0.334	1.639	268.2
1342	0.432	0.334	1.639	268.4
1343	0.431	0.333	1.646	268.6
1344	0.432	0.333	1.637	268.8
1345	0.432	0.333	1.651	269.0
1346	0.432	0.334	1.642	269.2
1347	0.432	0.335	1.639	269.4
1348	0.434	0.334	1.661	269.6
1349	0.431	0.330	1.635	269.8
1350	0.432	0.331	1.647	270.0
1351	0.434	0.334	1.641	270.2
1352	0.433	0.335	1.655	270.4
1353	0.432	0.332	1.645	270.6
1354	0.433	0.332	1.634	270.8
1355	0.433	0.334	1.653	271.0
1356	0.433	0.334	1.635	271.2
1357	0.433	0.332	1.639	271.4
1358	0.432	0.330	1.657	271.6
1359	0.430	0.332	1.634	271.8
1360	0.434	0.330	1.637	272.0
1361	0.431	0.333	1.646	272.2
1362	0.433	0.334	1.651	272.4
1363	0.432	0.333	1.640	272.6
1364	0.432	0.330	1.630	272.8
1365	0.432	0.331	1.637	273.0
1366	0.431	0.331	1.641	273.2
1367	0.434	0.332	1.643	273.4
1368	0.430	0.333	1.646	273.6
1369	0.432	0.330	1.628	273.8
1370	0.432	0.330	1.639	274.0
1371	0.432	0.336	1.649	274.2
1372	0.432	0.333	1.638	274.4
1373	0.434	0.331	1.639	274.6
1374	0.433	0.331	1.641	274.8
1375	0.432	0.333	1.635	275.0
1376	0.432	0.331	1.627	275.2
1377	0.433	0.332	1.645	275.4
1378	0.433	0.329	1.647	275.6
1379	0.433	0.330	1.635	275.8
1380	0.433	0.334	1.647	276.0
1381	0.432	0.333	1.646	276.2
1382	0.432	0.331	1.639	276.4
1383	0.431	0.332	1.630	276.6
1384	0.429	0.330	1.644	276.8
1385	0.430	0.335	1.651	277.0
1386	0.431	0.332	1.638	277.2
1387	0.428	0.331	1.643	277.4
1388	0.432	0.330	1.646	277.6
1389	0.432	0.331	1.643	277.8
1390	0.434	0.331	1.649	278.0
1391	0.433	0.333	1.645	278.2
1392	0.431	0.331	1.638	278.4
1393	0.433	0.331	1.654	278.6
1394	0.431	0.333	1.648	278.8
1395	0.432	0.334	1.633	279.0
1396	0.433	0.334	1.636	279.2
1397	0.432	0.333	1.641	279.4
1398	0.433	0.330	1.630	279.6
1399	0.433	0.332	1.625	279.8
1400	0.433	0.331	1.635	280.0
1401	0.433	0.332	1.634	280.2
1402	0.434	0.328	1.640	280.4
1403	0.435	0.331	1.653	280.6
1404	0.433	0.334	1.647	280.8
1405	0.432	0.333	1.642	281.0
1406	0.434	0.332	1.639	281.2
1407	0.434	0.330	1.638	281.4
1408	0.436	0.334	1.634	281.6
1409	0.433	0.333	1.645	281.8
1410	0.433	0.333	1.634	282.0
1411	0.434	0.330	1.632	282.2
1412	0.431	0.330	1.642	282.4
1413	0.431	0.330	1.639	282.6
1414	0.433	0.332	1.641	282.8
1415	0.433	0.333	1.645	283.0
1416	0.431	0.331	1.637	283.2
1417	0.430	0.330	1.637	283.4
1418	0.432	0.333	1.638	283.6
1419	0.433	0.334	1.633	283.8
1420	0.432	0.332	1.643	284.0
1421	0.432	0.331	1.636	284.2
1422	0.430	0.329	1.632	284.4
1423	0.433	0.330	1.640	284.6
1424	0.432	0.332	1.637	284.8
1425	0.432	0.333	1.634	285.0
1426	0.433	0.330	1.626	285.2
1427	0.435	0.329	1.640	285.4
1428	0.431	0.333	1.641	285.6
1429	0.432	0.333	1.639	285.8
1430	0.432	0.331	1.643	286.0
1431	0.434	0.331	1.630	286.2
1432	0.433	0.331	1.637	286.4
1433	0.432	0.332	1.628	286.6
1434	0.434	0.333	1.628	286.8
1435	0.435	0.333	1.635	287.0
1436	0.432	0.331	1.635	287.2
1437	0.433	0.332	1.626	287.4
1438	0.432	0.331	1.632	287.6
1439	0.435	0.331	1.625	287.8
1440	0.432	0.330	1.646	288.0
1441	0.433	0.330	1.631	288.2
1442	0.433	0.330	1.625	288.4
1443	0.433	0.330	1.632	288.6
1444	0.432	0.331	1.645	288.8
1445	0.432	0.331	1.641	289.0
1446	0.435	0.329	1.617	289.2
1447	0.435	0.330	1.639	289.4
1448	0.432	0.333	1.634	289.6
1449	0.433	0.330	1.622	289.8
1450	0.433	0.328	1.638	290.0
1451	0.432	0.329	1.641	290.2
1452	0.431	0.331	1.618	290.4
1453	0.431	0.329	1.637	290.6
1454	0.431	0.331	1.643	290.8
1455	0.432	0.328	1.627	291.0
1456	0.432	0.329	1.625	291.2
1457	0.432	0.331	1.648	291.4
1458	0.430	0.332	1.629	291.6
1459	0.433	0.328	1.625	291.8
1460	0.431	0.329	1.643	292.0
1461	0.427	0.330	1.631	292.2
1462	0.431	0.331	1.633	292.4
1463	0.429	0.330	1.633	292.6
1464	0.429	0.329	1.635	292.8
1465	0.430	0.329	1.628	293.0
1466	0.429	0.329	1.640	293.2
1467	0.429	0.331	1.623	293.4
1468	0.430	0.328	1.621	293.6
1469	0.430	0.328	1.651	293.8
1470	0.430	0.331	1.638	294.0
1471	0.429	0.331	1.618	294.2
1472	0.427	0.333	1.638	294.4
1473	0.427	0.333	1.634	294.6
1474	0.430	0.330	1.630	294.8
1475	0.432	0.329	1.643	295.0
1476	0.428	0.330	1.638	295.2
1477	0.427	0.329	1.623	295.4
1478	0.428	0.328	1.639	295.6
1479	0.428	0.328	1.636	295.8
1480	0.429	0.329	1.632	296.0
1481	0.428	0.332	1.645	296.2
1482	0.430	0.330	1.625	296.4
1483	0.429	0.329	1.629	296.6
1484	0.430	0.327	1.637	296.8
1485	0.428	0.328	1.626	297.0
1486	0.431	0.330	1.631	297.2
1487	0.430	0.329	1.637	297.4
1488	0.431	0.328	1.634	297.6
1489	0.427	0.327	1.631	297.8
1490	0.429	0.327	1.627	298.0
1491	0.429	0.330	1.635	298.2
1492	0.429	0.328	1.627	298.4
1493	0.430	0.326	1.639	298.6
1494	0.431	0.328	1.625	298.8
1495	0.430	0.330	1.633	299.0
1496	0.428	0.329	1.625	299.2
1497	0.429	0.331	1.639	299.4
1498	0.429	0.330	1.632	299.6
1499	0.431	0.329	1.621	299.8
1500	0.428	0.329	1.637	300.0
1501	0.428	0.329	1.635	300.2
1502	0.429	0.328	1.635	300.4
1503	0.429	0.326	1.622	300.6
1504	0.430	0.326	1.635	300.8
1505	0.428	0.329	1.637	301.0
1506	0.429	0.329	1.622	301.2
1507	0.430	0.329	1.619	301.4
1508	0.427	0.326	1.635	301.6
1509	0.430	0.329	1.627	301.8
1510	0.429	0.330	1.623	302.0
1511	0.429	0.328	1.632	302.2
1512	0.428	0.324	1.615	302.4
1513	0.428	0.324	1.631	302.6
1514	0.431	0.327	1.627	302.8
1515	0.427	0.328	1.639	303.0
1516	0.428	0.327	1.617	303.2
1517	0.429	0.326	1.626	303.4
1518	0.674	0.528	2.090	303.6
1519	0.699	0.554	2.214	303.8
1520	0.696	0.550	2.158	304.0
1521	0.698	0.552	2.200	304.2
1522	0.697	0.550	2.168	304.4
1523	0.697	0.550	2.182	304.6
1524	0.693	0.551	2.174	304.8
1525	0.693	0.548	2.161	305.0
1526	0.695	0.548	2.168	305.2
1527	0.691	0.543	2.183	305.4
1528	0.691	0.548	2.182	305.6
1529	0.692	0.548	2.167	305.8
1530	0.693	0.549	2.178	306.0
1531	0.690	0.546	2.182	306.2
1532	0.693	0.546	2.169	306.4
1533	0.693	0.548	2.164	306.6
1534	0.691	0.549	2.178	306.8
1535	0.690	0.548	2.169	307.0
1536	0.689	0.547	2.169	307.2
1537	0.691	0.545	2.168	307.4
1538	0.693	0.549	2.170	307.6
1539	0.689	0.548	2.165	307.8
1540	0.690	0.549	2.162	308.0
1541	0.690	0.546	2.165	308.2
1542	0.692	0.546	2.159	308.4
1543	0.690	0.550	2.171	308.6
1544	0.687	0.547	2.169	308.8
1545	0.691	0.547	2.166	309.0
1546	0.691	0.545	2.163	309.2
1547	0.689	0.547	2.170	309.4
1548	0.690	0.546	2.178	309.6
1549	0.690	0.549	2.156	309.8
1550	0.690	0.546	2.159	310.0
1551	0.690	0.544	2.173	310.2
1552	0.688	0.544	2.169	310.4
1553	0.689	0.548	2.167	310.6
1554	0.690	0.547	2.166	310.8
1555	0.689	0.546	2.165	311.0
1556	0.690	0.544	2.167	311.2
1557	0.691	0.547	2.167	311.4
1558	0.689	0.547	2.171	311.6
1559	0.688	0.548	2.160	311.8
1560	0.689	0.545	2.163	312.0
1561	0.690	0.546	2.169	312.2
1562	0.688	0.546	2.156	312.4
1563	0.689	0.548	2.172	312.6
1564	0.688	0.546	2.164	312.8
1565	0.687	0.548	2.162	313.0
1566	0.688	0.546	2.166	313.2
1567	0.686	0.547	2.164	313.4
1568	0.688	0.544	2.167	313.6
1569	0.686	0.545	2.158	313.8
1570	0.688	0.545	2.164	314.0
1571	0.687	0.545	2.156	314.2
1572	0.687	0.547	2.155	314.4
1573	0.686	0.548	2.162	314.6
1574	0.688	0.544	2.159	314.8
1575	0.688	0.545	2.158	315.0
1576	0.686	0.546	2.163	315.2
1577	0.687	0.547	2.165	315.4
1578	0.689	0.544	2.171	315.6
1579	0.687	0.544	2.163	315.8
1580	0.686	0.544	2.154	316.0
1581	0.687	0.545	2.156	316.2
1582	0.686	0.546	2.158	316.4
1583	0.688	0.547	2.166	316.6
1584	0.689	0.543	2.169	316.8
1585	0.687	0.545	2.162	317.0
1586	0.686	0.544	2.164	317.2
1587	0.686	0.547	2.161	317.4
1588	0.687	0.544	2.151	317.6
1589	0.688	0.547	2.148	317.8
1590	0.688	0.543	2.160	318.0
1591	0.685	0.546	2.163	318.2
1592	0.686	0.544	2.163	318.4
1593	0.685	0.545	2.162	318.6
1594	0.687	0.544	2.157	318.8
1595	0.686	0.545	2.173	319.0
1596	0.685	0.545	2.155	319.2
1597	0.685	0.547	2.159	319.4
1598	0.685	0.545	2.167	319.6
1599	0.682	0.541	2.158	319.8
1600	0.685	0.543	2.153	320.0
1601	0.683	0.547	2.166	320.2
1602	0.685	0.542	2.162	320.4
1603	0.685	0.543	2.148	320.6
1604	0.685	0.544	2.154	320.8
1605	0.683	0.543	2.163	321.0
1606	0.684	0.542	2.162	321.2
1607	0.686	0.546	2.159	321.4
1608	0.684	0.544	2.165	321.6
1609	0.683	0.543	2.161	321.8
1610	0.682	0.544	2.160	322.0
1611	0.683	0.542	2.153	322.2
1612	0.685	0.542	2.160	322.4
1613	0.683	0.539	2.163	322.6
1614	0.683	0.543	2.155	322.8
1615	0.683	0.545	2.153	323.0
1616	0.684	0.543	2.167	323.2
1617	0.682	0.541	2.157	323.4
1618	0.683	0.541	2.148	323.6
1619	0.681	0.542	2.153	323.8
1620	0.682	0.544	2.158	324.0
1621	0.682	0.545	2.159	324.2
1622	0.682	0.542	2.151	324.4
1623	0.683	0.542	2.164	324.6
1624	0.682	0.543	2.158	324.8
1625	0.681	0.544	2.161	325.0
1626	0.683	0.542	2.155	325.2
1627	0.681	0.543	2.153	325.4
1628	0.682	0.541	2.155	325.6
1629	0.681	0.541	2.149	325.8
1630	0.683	0.542	2.161	326.0
1631	0.682	0.542	2.151	326.2
1632	0.680	0.541	2.158	326.4
1633	0.683	0.543	2.157	326.6
1634	0.682	0.542	2.162	326.8
1635	0.681	0.542	2.163	327.0
1636	0.680	0.540	2.157	327.2
1637	0.680	0.540	2.148	327.4
1638	0.682	0.540	2.155	327.6
1639	0.681	0.542	2.158	327.8
1640	0.681	0.543	2.159	328.0
1641	0.680	0.541	2.138	328.2
1642	0.680	0.539	2.148	328.4
1643	0.681	0.541	2.156	328.6
1644	0.680	0.543	2.151	328.8
1645	0.683	0.543	2.146	329.0
1646	0.680	0.539	2.162	329.2
1647	0.679	0.540	2.144	329.4
1648	0.681	0.543	2.144	329.6
1649	0.681	0.540	2.142	329.8
1650	0.681	0.540	2.150	330.0
1651	0.680	0.540	2.138	330.2
1652	0.681	0.539	2.149	330.4
1653	0.681	0.540	2.151	330.6
1654	0.680	0.543	2.151	330.8
1655	0.680	0.540	2.152	331.0
1656	0.682	0.539	2.155	331.2
1657	0.681	0.542	2.141	331.4
1658	0.680	0.544	2.148	331.6
1659	0.679	0.539	2.145	331.8
1660	0.679	0.540	2.147	332.0
1661	0.682	0.536	2.141	332.2
1662	0.682	0.539	2.158	332.4
1663	0.679	0.539	2.162	332.6
1664	0.679	0.540	2.154	332.8
1665	0.681	0.540	2.154	333.0
1666	0.680	0.538	2.149	333.2
1667	0.680	0.539	2.140	333.4
1668	0.680	0.540	2.150	333.6
1669	0.679	0.539	2.149	333.8
1670	0.681	0.537	2.145	334.0
1671	0.679	0.535	2.153	334.2
1672	0.680	0.538	2.155	334.4
1673	0.678	0.536	2.154	334.6
1674	0.681	0.536	2.143	334.8
1675	0.681	0.535	2.153	335.0
1676	0.679	0.534	2.144	335.2
1677	0.679	0.538	2.144	335.4
1678	0.678	0.535	2.160	335.6
1679	0.679	0.536	2.150	335.8
1680	0.677	0.531	2.144	336.0
1681	0.679	0.533	2.153	336.2
1682	0.678	0.534	2.150	336.4
1683	0.678	0.535	2.150	336.6
1684	0.678	0.535	2.153	336.8
1685	0.676	0.533	2.156	337.0
1686	0.678	0.535	2.146	337.2
1687	0.677	0.535	2.152	337.4
1688	0.677	0.538	2.143	337.6
1689	0.677	0.534	2.155	337.8
1690	0.677	0.538	2.157	338.0
1691	0.676	0.536	2.149	338.2
1692	0.677	0.537	2.151	338.4
1693	0.677	0.538	2.154	338.6
1694	0.677	0.537	2.139	338.8
1695	0.677	0.534	2.144	339.0
1696	0.677	0.536	2.150	339.2
1697	0.676	0.537	2.151	339.4
1698	0.679	0.537	2.146	339.6
1699	0.678	0.535	2.143	339.8
1700	0.678	0.538	2.150	340.0
1701	0.676	0.538	2.156	340.2
1702	0.678	0.540	2.155	340.4
1703	0.679	0.535	2.144	340.6
1704	0.678	0.538	2.150	340.8
1705	0.679	0.537	2.154	341.0
1706	0.677	0.539	2.144	341.2
1707	0.678	0.538	2.154	341.4
1708	0.679	0.538	2.157	341.6
1709	0.677	0.537	2.142	341.8
1710	0.678	0.537	2.143	342.0
1711	0.679	0.536	2.141	342.2
1712	0.678	0.537	2.146	342.4
1713	0.680	0.538	2.152	342.6
1714	0.678	0.537	2.156	342.8
1715	0.677	0.536	2.151	343.0
1716	0.678	0.538	2.142	343.2
1717	0.677	0.536	2.156	343.4
1718	0.679	0.536	2.147	343.6
1719	0.677	0.531	2.137	343.8
1720	0.678	0.538	2.153	344.0
1721	0.677	0.538	2.145	344.2
1722	0.679	0.537	2.143	344.4
1723	0.680	0.537	2.147	344.6
1724	0.678	0.538	2.151	344.8
1725	0.678	0.538	2.147	345.0
1726	0.677	0.538	2.135	345.2
1727	0.678	0.537	2.143	345.4
1728	0.679	0.535	2.144	345.6
1729	0.678	0.536	2.146	345.8
1730	0.677	0.537	2.147	346.0
1731	0.678	0.536	2.137	346.2
1732	0.678	0.537	2.142	346.4
1733	0.678	0.536	2.152	346.6
1734	0.678	0.535	2.145	346.8
1735	0.677	0.538	2.147	347.0
1736	0.679	0.536	2.145	347.2
1737	0.677	0.537	2.136	347.4
1738	0.676	0.534	2.138	347.6
1739	0.677	0.537	2.148	347.8
1740	0.675	0.535	2.153	348.0
1741	0.676	0.537	2.151	348.2
1742	0.677	0.534	2.144	348.4
1743	0.677	0.535	2.142	348.6
1744	0.675	0.535	2.135	348.8
1745	0.677	0.537	2.144	349.0
1746	0.676	0.532	2.153	349.2
1747	0.678	0.535	2.140	349.4
1748	0.677	0.532	2.139	349.6
1749	0.677	0.536	2.153	349.8
1750	0.676	0.536	2.140	350.0
1751	0.680	0.536	2.143	350.2
1752	0.675	0.533	2.138	350.4
1753	0.676	0.536	2.140	350.6
1754	0.678	0.535	2.139	350.8
1755	0.673	0.535	2.156	351.0
1756	0.675	0.535	2.148	351.2
1757	0.678	0.535	2.135	351.4
1758	0.677	0.535	2.158	351.6
1759	0.676	0.537	2.136	351.8
1760	0.677	0.535	2.137	352.0
1761	0.676	0.533	2.143	352.2
1762	0.674	0.534	2.155	352.4
1763	0.673	0.537	2.142	352.6
1764	0.675	0.535	2.140	352.8
1765	0.678	0.539	2.147	353.0
1766	0.678	0.533	2.140	353.2
1767	0.677	0.532	2.129	353.4
1768	0.675	0.534	2.163	353.6
1769	0.676	0.537	2.152	353.8
1770	0.675	0.533	2.123	354.0
1771	0.676	0.535	2.146	354.2
1772	0.677	0.539	2.139	354.4
1773	0.676	0.537	2.133	354.6
1774	0.675	0.537	2.152	354.8
1775	0.677	0.538	2.149	355.0
1776	0.676	0.536	2.132	355.2
1777	0.674	0.537	2.156	355.4
1778	0.675	0.537	2.141	355.6
1779	0.676	0.536	2.123	355.8
1780	0.676	0.533	2.149	356.0
1781	0.676	0.536	2.154	356.2
1782	0.673	0.537	2.134	356.4
1783	0.677	0.537	2.133	356.6
1784	0.678	0.535	2.158	356.8
1785	0.675	0.535	2.134	357.0
1786	0.676	0.535	2.139	357.2
1787	0.676	0.537	2.136	357.4
1788	0.675	0.535	2.133	357.6
1789	0.675	0.534	2.149	357.8
1790	0.677	0.532	2.149	358.0
1791	0.677	0.537	2.130	358.2
1792	0.674	0.534	2.143	358.4
1793	0.675	0.537	2.143	358.6
1794	0.677	0.535	2.129	358.8
1795	0.674	0.536	2.151	359.0
1796	0.674	0.535	2.137	359.2
1797	0.675	0.538	2.131	359.4
1798	0.675	0.536	2.141	359.6
1799	0.675	0.533	2.161	359.8
1800	0.673	0.535	2.129	360.0
1801	0.675	0.536	2.128	360.2
1802	0.673	0.537	2.144	360.4
1803	0.673	0.535	2.155	360.6
1804	0.676	0.536	2.139	360.8
1805	0.677	0.534	2.138	361.0
1806	0.676	0.535	2.141	361.2
1807	0.675	0.535	2.150	361.4
1808	0.674	0.538	2.129	361.6
1809	0.676	0.533	2.147	361.8
1810	0.678	0.532	2.155	362.0
1811	0.675	0.537	2.143	362.2
1812	0.674	0.536	2.137	362.4
1813	0.676	0.535	2.135	362.6
1814	0.674	0.534	2.163	362.8
1815	0.675	0.535	2.154	363.0
1816	0.677	0.536	2.139	363.2
1817	0.675	0.536	2.152	363.4
1818	0.674	0.534	2.152	363.6
1819	0.675	0.535	2.132	363.8
1820	0.674	0.531	2.132	364.0
1821	0.676	0.533	2.144	364.2
1822	0.673	0.535	2.136	364.4
1823	0.674	0.534	2.140	364.6
1824	0.673	0.531	2.150	364.8
1825	0.676	0.536	2.150	365.0
1826	0.674	0.536	2.148	365.2
1827	0.674	0.537	2.151	365.4
1828	0.674	0.534	2.146	365.6
1829	0.675	0.537	2.150	365.8
1830	0.676	0.534	2.151	366.0
1831	0.674	0.535	2.136	366.2
1832	0.675	0.534	2.144	366.4
1833	0.676	0.535	2.137	366.6
1834	0.675	0.534	2.150	366.8
1835	0.673	0.536	2.145	367.0
1836	0.675	0.535	2.139	367.2
1837	0.673	0.537	2.146	367.4
1838	0.676	0.534	2.143	367.6
1839	0.673	0.536	2.138	367.8
1840	0.672	0.533	2.135	368.0
1841	0.674	0.538	2.139	368.2
1842	0.671	0.532	2.150	368.4
1843	0.674	0.534	2.136	368.6
1844	0.673	0.532	2.141	368.8
1845	0.673	0.537	2.154	369.0
1846	0.673	0.534	2.145	369.2
1847	0.673	0.536	2.145	369.4
1848	0.674	0.534	2.144	369.6
1849	0.672	0.535	2.151	369.8
1850	0.673	0.535	2.135	370.0
1851	0.671	0.537	2.147	370.2
1852	0.673	0.533	2.151	370.4
1853	0.673	0.535	2.144	370.6
1854	0.674	0.534	2.145	370.8
1855	0.671	0.536	2.136	371.0
1856	0.671	0.535	2.143	371.2
1857	0.673	0.533	2.147	371.4
1858	0.673	0.532	2.141	371.6
1859	0.673	0.535	2.144	371.8
1860	0.670	0.536	2.137	372.0
1861	0.671	0.534	2.148	372.2
1862	0.670	0.534	2.147	372.4
1863	0.673	0.534	2.143	372.6
1864	0.671	0.536	2.134	372.8
1865	0.669	0.535	2.134	373.0
1866	0.670	0.534	2.142	373.2
1867	0.669	0.533	2.149	373.4
1868	0.671	0.536	2.141	373.6
1869	0.670	0.532	2.147	373.8
1870	0.670	0.536	2.145	374.0
1871	0.671	0.532	2.144	374.2
1872	0.671	0.533	2.147	374.4
1873	0.671	0.534	2.148	374.6
1874	0.669	0.534	2.143	374.8
1875	0.670	0.533	2.148	375.0
1876	0.671	0.533	2.135	375.2
1877	0.669	0.531	2.139	375.4
1878	0.670	0.531	2.143	375.6
1879	0.669	0.536	2.147	375.8
1880	0.671	0.534	2.134	376.0
1881	0.671	0.533	2.137	376.2
1882	0.669	0.531	2.136	376.4
1883	0.670	0.535	2.142	376.6
1884	0.670	0.534	2.138	376.8
1885	0.671	0.535	2.135	377.0
1886	0.671	0.533	2.141	377.2
1887	0.671	0.535	2.138	377.4
1888	0.671	0.533	2.137	377.6
1889	0.669	0.536	2.148	377.8
1890	0.671	0.534	2.141	378.0
1891	0.671	0.533	2.136	378.2
1892	0.672	0.534	2.128	378.4
1893	0.671	0.535	2.131	378.6
1894	0.672	0.535	2.147	378.8
1895	0.671	0.535	2.137	379.0
1896	0.673	0.533	2.133	379.2
1897	0.671	0.535	2.146	379.4
1898	0.673	0.535	2.132	379.6
1899	0.673	0.535	2.140	379.8
1900	0.672	0.532	2.135	380.0
1901	0.673	0.535	2.145	380.2
1902	0.672	0.534	2.136	380.4
1903	0.674	0.535	2.128	380.6
1904	0.674	0.534	2.150	380.8
1905	0.672	0.535	2.138	381.0
1906	0.674	0.535	2.140	381.2
1907	0.675	0.536	2.136	381.4
1908	0.673	0.535	2.137	381.6
1909	0.671	0.534	2.148	381.8
1910	0.673	0.531	2.149	382.0
1911	0.676	0.536	2.139	382.2
1912	0.672	0.535	2.142	382.4
1913	0.672	0.536	2.135	382.6
1914	0.673	0.535	2.137	382.8
1915	0.671	0.535	2.138	383.0
1916	0.671	0.533	2.140	383.2
1917	0.671	0.537	2.130	383.4
1918	0.672	0.535	2.147	383.6
1919	0.669	0.534	2.135	383.8
1920	0.672	0.532	2.132	384.0
1921	0.671	0.536	2.142	384.2
1922	0.672	0.535	2.135	384.4
1923	0.672	0.537	2.132	384.6
1924	0.673	0.534	2.146	384.8
1925	0.672	0.534	2.140	385.0
1926	0.670	0.533	2.133	385.2
1927	0.671	0.536	2.123	385.4
1928	0.670	0.531	2.151	385.6
1929	0.670	0.534	2.142	385.8
1930	0.673	0.532	2.135	386.0
1931	0.671	0.535	2.143	386.2
1932	0.671	0.532	2.137	386.4
1933	0.668	0.536	2.126	386.6
1934	0.671	0.530	2.151	386.8
1935	0.671	0.534	2.144	387.0
1936	0.672	0.533	2.129	387.2
1937	0.670	0.534	2.132	387.4
1938	0.670	0.531	2.153	387.6
1939	0.669	0.534	2.132	387.8
1940	0.670	0.533	2.134	388.0
1941	0.668	0.532	2.145	388.2
1942	0.669	0.534	2.138	388.4
1943	0.668	0.533	2.127	388.6
1944	0.670	0.531	2.146	388.8
1945	0.669	0.532	2.135	389.0
1946	0.669	0.535	2.137	389.2
1947	0.669	0.534	2.140	389.4
1948	0.669	0.534	2.140	389.6
1949	0.671	0.531	2.129	389.8
1950	0.671	0.533	2.136	390.0
1951	0.669	0.534	2.130	390.2
1952	0.670	0.532	2.145	390.4
1953	0.670	0.532	2.126	390.6
1954	0.671	0.534	2.130	390.8
1955	0.668	0.530	2.146	391.0
1956	0.673	0.534	2.133	391.2
1957	0.670	0.531	2.142	391.4
1958	0.670	0.530	2.138	391.6
1959	0.670	0.531	2.144	391.8
1960	0.672	0.531	2.135	392.0
1961	0.671	0.535	2.135	392.2
1962	0.670	0.529	2.143	392.4
1963	0.670	0.530	2.133	392.6
1964	0.670	0.530	2.132	392.8
1965	0.671	0.533	2.137	393.0
1966	0.668	0.528	2.135	393.2
1967	0.671	0.532	2.132	393.4
1968	0.669	0.530	2.135	393.6
1969	0.669	0.532	2.142	393.8
1970	0.671	0.531	2.135	394.0
1971	0.668	0.533	2.139	394.2
1972	0.671	0.528	2.142	394.4
1973	0.668	0.531	2.147	394.6
1974	0.669	0.530	2.135	394.8
1975	0.667	0.532	2.130	395.0
1976	0.667	0.529	2.139	395.2
1977	0.671	0.528	2.132	395.4
1978	0.668	0.528	2.147	395.6
1979	0.668	0.531	2.146	395.8
1980	0.670	0.530	2.135	396.0
1981	0.669	0.530	2.140	396.2
1982	0.667	0.524	2.125	396.4
1983	0.668	0.528	2.136	396.6
1984	0.668	0.528	2.132	396.8
1985	0.669	0.528	2.125	397.0
1986	0.668	0.527	2.155	397.2
1987	0.668	0.528	2.135	397.4
1988	0.668	0.528	2.140	397.6
1989	0.667	0.526	2.140	397.8
1990	0.668	0.529	2.143	398.0
1991	0.666	0.527	2.138	398.2
1992	0.668	0.528	2.138	398.4
1993	0.669	0.529	2.143	398.6
1994	0.665	0.528	2.138	398.8
1995	0.666	0.531	2.140	399.0
1996	0.670	0.531	2.132	399.2
1997	0.666	0.527	2.127	399.4
1998	0.667	0.531	2.134	399.6
1999	0.666	0.532	2.130	399.8
2000	0.665	0.531	2.142	400.0
2001	0.665	0.529	2.142	400.2
2002	0.664	0.528	2.136	400.4
2003	0.665	0.529	2.135	400.6
2004	0.664	0.532	2.140	400.8
2005	0.665	0.529	2.143	401.0
2006	0.664	0.529	2.148	401.2
2007	0.664	0.529	2.143	401.4
2008	0.664	0.531	2.142	401.6
2009	0.662	0.531	2.138	401.8
2010	0.666	0.528	2.136	402.0
2011	0.665	0.528	2.149	402.2
2012	0.667	0.529	2.137	402.4
2013	0.664	0.532	2.142	402.6
2014	0.664	0.531	2.127	402.8
2015	0.664	0.529	2.137	403.0
2016	0.666	0.529	2.136	403.2
2017	0.664	0.529	2.125	403.4
2018	0.666	0.531	2.081	403.6
2019	0.925	0.752	2.807	403.8
2020	0.939	0.758	2.628	404.0
2021	0.934	0.757	2.732	404.2
2022	0.931	0.757	2.675	404.4
2023	0.930	0.758	2.705	404.6
2024	0.931	0.757	2.676	404.8
2025	0.928	0.754	2.693	405.0
2026	0.928	0.757	2.695	405.2
2027	0.927	0.752	2.670	405.4
2028	0.927	0.752	2.678	405.6
2029	0.926	0.753	2.679	405.8
2030	0.926	0.751	2.683	406.0
2031	0.926	0.751	2.683	406.2
2032	0.924	0.754	2.675	406.4
2033	0.926	0.755	2.671	406.6
2034	0.923	0.750	2.679	406.8
2035	0.924	0.751	2.670	407.0
2036	0.923	0.750	2.670	407.2
2037	0.924	0.751	2.667	407.4
2038	0.924	0.752	2.666	407.6
2039	0.922	0.750	2.668	407.8
2040	0.920	0.748	2.667	408.0
2041	0.922	0.749	2.666	408.2
2042	0.920	0.751	2.670	408.4
2043	0.922	0.749	2.662	408.6
2044	0.921	0.748	2.650	408.8
2045	0.921	0.747	2.667	409.0
2046	0.919	0.748	2.676	409.2
2047	0.919	0.748	2.663	409.4
2048	0.918	0.750	2.658	409.6
2049	0.919	0.744	2.655	409.8
2050	0.918	0.746	2.676	410.0
2051	0.918	0.747	2.664	410.2
2052	0.917	0.750	2.650	410.4
2053	0.916	0.746	2.653	410.6
2054	0.916	0.744	2.662	410.8
2055	0.916	0.745	2.667	411.0
2056	0.916	0.746	2.652	411.2
2057	0.915	0.748	2.655	411.4
2058	0.914	0.744	2.664	411.6
2059	0.915	0.742	2.658	411.8
2060	0.913	0.742	2.653	412.0
2061	0.914	0.743	2.656	412.2
2062	0.913	0.744	2.660	412.4
2063	0.914	0.743	2.660	412.6
2064	0.914	0.739	2.646	412.8
2065	0.915	0.742	2.649	413.0
2066	0.914	0.744	2.655	413.2
2067	0.911	0.743	2.651	413.4
2068	0.913	0.742	2.656	413.6
2069	0.914	0.740	2.652	413.8
2070	0.912	0.742	2.653	414.0
2071	0.913	0.744	2.651	414.2
2072	0.911	0.744	2.660	414.4
2073	0.911	0.740	2.663	414.6
2074	0.912	0.741	2.643	414.8
2075	0.912	0.742	2.651	415.0
2076	0.913	0.743	2.655	415.2
2077	0.912	0.742	2.647	415.4
2078	0.910	0.739	2.657	415.6
2079	0.911	0.742	2.642	415.8
2080	0.910	0.743	2.644	416.0
2081	0.911	0.739	2.642	416.2
2082	0.910	0.740	2.657	416.4
2083	0.909	0.740	2.635	416.6
2084	0.908	0.742	2.643	416.8
2085	0.911	0.743	2.654	417.0
2086	0.907	0.740	2.643	417.2
2087	0.911	0.738	2.635	417.4
2088	0.909	0.740	2.647	417.6
2089	0.910	0.739	2.638	417.8
2090	0.911	0.740	2.633	418.0
2091	0.905	0.739	2.642	418.2
2092	0.909	0.739	2.642	418.4
2093	0.908	0.739	2.644	418.6
2094	0.907	0.740	2.635	418.8
2095	0.909	0.739	2.636	419.0
2096	0.905	0.739	2.647	419.2
2097	0.906	0.739	2.642	419.4
2098	0.907	0.738	2.635	419.6
2099	0.907	0.737	2.631	419.8
2100	0.906	0.736	2.631	420.0
2101	0.907	0.739	2.630	420.2
2102	0.908	0.737	2.622	420.4
2103	0.907	0.737	2.634	420.6
2104	0.905	0.739	2.634	420.8
2105	0.904	0.738	2.646	421.0
2106	0.905	0.738	2.632	421.2
2107	0.906	0.739	2.632	421.4
2108	0.906	0.738	2.632	421.6
2109	0.904	0.738	2.636	421.8
2110	0.905	0.736	2.620	422.0
2111	0.906	0.736	2.633	422.2
2112	0.904	0.737	2.630	422.4
2113	0.904	0.738	2.626	422.6
2114	0.905	0.737	2.637	422.8
2115	0.904	0.734	2.643	423.0
2116	0.903	0.733	2.622	423.2
2117	0.902	0.732	2.637	423.4
2118	0.902	0.738	2.640	423.6
2119	0.898	0.738	2.622	423.8
2120	0.901	0.735	2.625	424.0
2121	0.900	0.734	2.647	424.2
2122	0.901	0.734	2.623	424.4
2123	0.899	0.734	2.630	424.6
2124	0.897	0.736	2.625	424.8
2125	0.898	0.733	2.643	425.0
2126	0.898	0.733	2.621	425.2
2127	0.897	0.732	2.631	425.4
2128	0.895	0.734	2.627	425.6
2129	0.895	0.731	2.632	425.8
2130	0.895	0.732	2.628	426.0
2131	0.895	0.732	2.627	426.2
2132	0.895	0.733	2.622	426.4
2133	0.893	0.732	2.630	426.6
2134	0.895	0.732	2.632	426.8
2135	0.894	0.732	2.617	427.0
2136	0.894	0.733	2.624	427.2
2137	0.894	0.733	2.621	427.4
2138	0.893	0.732	2.629	427.6
2139	0.892	0.732	2.623	427.8
2140	0.894	0.732	2.622	428.0
2141	0.893	0.730	2.623	428.2
2142	0.891	0.731	2.617	428.4
2143	0.893	0.732	2.622	428.6
2144	0.894	0.731	2.633	428.8
2145	0.897	0.731	2.626	429.0
2146	0.894	0.733	2.627	429.2
2147	0.895	0.732	2.630	429.4
2148	0.898	0.732	2.623	429.6
2149	0.895	0.730	2.623	429.8
2150	0.896	0.730	2.624	430.0
2151	0.897	0.731	2.616	430.2
2152	0.896	0.732	2.622	430.4
2153	0.898	0.730	2.631	430.6
2154	0.897	0.727	2.610	430.8
2155	0.897	0.729	2.622	431.0
2156	0.895	0.731	2.621	431.2
2157	0.895	0.732	2.609	431.4
2158	0.894	0.733	2.619	431.6
2159	0.897	0.731	2.618	431.8
2160	0.896	0.730	2.614	432.0
2161	0.895	0.732	2.617	432.2
2162	0.896	0.731	2.621	432.4
2163	0.897	0.730	2.627	432.6
2164	0.894	0.729	2.611	432.8
2165	0.897	0.729	2.620	433.0
2166	0.895	0.731	2.610	433.2
2167	0.895	0.730	2.619	433.4
2168	0.896	0.729	2.630	433.6
2169	0.895	0.728	2.607	433.8
2170	0.895	0.727	2.613	434.0
2171	0.897	0.733	2.623	434.2
2172	0.896	0.732	2.618	434.4
2173	0.898	0.731	2.623	434.6
2174	0.898	0.728	2.617	434.8
2175	0.895	0.728	2.618	435.0
2176	0.894	0.730	2.611	435.2
2177	0.896	0.728	2.622	435.4
2178	0.896	0.729	2.623	435.6
2179	0.896	0.728	2.610	435.8
2180	0.896	0.730	2.618	436.0
2181	0.897	0.730	2.607	436.2
2182	0.896	0.728	2.619	436.4
2183	0.895	0.728	2.614	436.6
2184	0.898	0.728	2.615	436.8
2185	0.894	0.731	2.605	437.0
2186	0.894	0.731	2.617	437.2
2187	0.892	0.725	2.616	437.4
2188	0.895	0.727	2.608	437.6
2189	0.892	0.727	2.614	437.8
2190	0.893	0.730	2.616	438.0
2191	0.893	0.731	2.613	438.2
2192	0.893	0.727	2.628	438.4
2193	0.893	0.727	2.607	438.6
2194	0.893	0.726	2.609	438.8
2195	0.893	0.727	2.623	439.0
2196	0.891	0.730	2.611	439.2
2197	0.890	0.730	2.607	439.4
2198	0.893	0.727	2.608	439.6
2199	0.890	0.727	2.619	439.8
2200	0.890	0.728	2.613	440.0
2201	0.891	0.728	2.604	440.2
2202	0.891	0.725	2.617	440.4
2203	0.891	0.728	2.609	440.6
2204	0.891	0.731	2.626	440.8
2205	0.890	0.730	2.611	441.0
2206	0.890	0.729	2.604	441.2
2207	0.888	0.727	2.621	441.4
2208	0.891	0.728	2.621	441.6
2209	0.886	0.732	2.607	441.8
2210	0.888	0.731	2.604	442.0
2211	0.888	0.729	2.622	442.2
2212	0.887	0.729	2.610	442.4
2213	0.887	0.727	2.605	442.6
2214	0.889	0.728	2.610	442.8
2215	0.888	0.730	2.617	443.0
2216	0.888	0.727	2.614	443.2
2217	0.889	0.725	2.610	443.4
2218	0.888	0.726	2.616	443.6
2219	0.889	0.728	2.609	443.8
2220	0.888	0.730	2.614	444.0
2221	0.888	0.727	2.617	444.2
2222	0.886	0.727	2.609	444.4
2223	0.887	0.726	2.599	444.6
2224	0.888	0.728	2.610	444.8
2225	0.888	0.727	2.622	445.0
2226	0.888	0.726	2.604	445.2
2227	0.888	0.727	2.613	445.4
2228	0.888	0.727	2.611	445.6
2229	0.889	0.728	2.611	445.8
2230	0.890	0.727	2.604	446.0
2231	0.889	0.725	2.613	446.2
2232	0.887	0.724	2.610	446.4
2233	0.889	0.724	2.614	446.6
2234	0.887	0.725	2.611	446.8
2235	0.887	0.724	2.615	447.0
2236	0.890	0.726	2.603	447.2
2237	0.887	0.724	2.610	447.4
2238	0.887	0.725	2.607	447.6
2239	0.887	0.726	2.611	447.8
2240	0.887	0.721	2.607	448.0
2241	0.890	0.721	2.617	448.2
2242	0.888	0.725	2.615	448.4
2243	0.884	0.725	2.600	448.6
2244	0.887	0.724	2.608	448.8
2245	0.887	0.724	2.599	449.0
2246	0.887	0.724	2.609	449.2
2247	0.886	0.722	2.604	449.4
2248	0.888	0.721	2.604	449.6
2249	0.886	0.722	2.601	449.8
2250	0.887	0.721	2.607	450.0
2251	0.886	0.721	2.615	450.2
2252	0.887	0.723	2.593	450.4
2253	0.886	0.725	2.599	450.6
2254	0.885	0.724	2.603	450.8
2255	0.889	0.722	2.607	451.0
2256	0.887	0.721	2.594	451.2
2257	0.886	0.722	2.611	451.4
2258	0.885	0.721	2.600	451.6
2259	0.882	0.719	2.603	451.8
2260	0.887	0.718	2.608	452.0
2261	0.885	0.721	2.603	452.2
2262	0.883	0.722	2.607	452.4
2263	0.884	0.721	2.595	452.6
2264	0.884	0.722	2.609	452.8
2265	0.884	0.720	2.603	453.0
2266	0.884	0.721	2.603	453.2
2267	0.882	0.721	2.614	453.4
2268	0.882	0.722	2.597	453.6
2269	0.883	0.719	2.598	453.8
2270	0.883	0.718	2.609	454.0
2271	0.882	0.721	2.607	454.2
2272	0.883	0.720	2.599	454.4
2273	0.882	0.722	2.606	454.6
2274	0.883	0.720	2.613	454.8
2275	0.882	0.718	2.597	455.0
2276	0.882	0.719	2.605	455.2
2277	0.884	0.721	2.599	455.4
2278	0.880	0.720	2.603	455.6
2279	0.881	0.719	2.603	455.8
2280	0.879	0.721	2.595	456.0
2281	0.881	0.719	2.605	456.2
2282	0.880	0.718	2.610	456.4
2283	0.878	0.718	2.596	456.6
2284	0.880	0.719	2.611	456.8
2285	0.880	0.719	2.607	457.0
2286	0.879	0.719	2.595	457.2
2287	0.879	0.720	2.612	457.4
2288	0.879	0.719	2.586	457.6
2289	0.880	0.719	2.597	457.8
2290	0.879	0.720	2.620	458.0
2291	0.879	0.721	2.601	458.2
2292	0.878	0.721	2.596	458.4
2293	0.881	0.720	2.599	458.6
2294	0.877	0.719	2.608	458.8
2295	0.879	0.719	2.596	459.0
2296	0.879	0.721	2.602	459.2
2297	0.877	0.720	2.601	459.4
2298	0.878	0.719	2.615	459.6
2299	0.877	0.718	2.599	459.8
2300	0.879	0.720	2.603	460.0
2301	0.879	0.721	2.591	460.2
2302	0.879	0.719	2.606	460.4
2303	0.880	0.719	2.611	460.6
2304	0.878	0.718	2.604	460.8
2305	0.879	0.720	2.587	461.0
2306	0.879	0.718	2.601	461.2
2307	0.878	0.719	2.607	461.4
2308	0.880	0.717	2.597	461.6
2309	0.880	0.717	2.602	461.8
2310	0.879	0.720	2.599	462.0
2311	0.878	0.718	2.600	462.2
2312	0.882	0.715	2.597	462.4
2313	0.878	0.717	2.597	462.6
2314	0.880	0.716	2.598	462.8
2315	0.881	0.719	2.588	463.0
2316	0.880	0.719	2.598	463.2
2317	0.879	0.718	2.602	463.4
2318	0.881	0.717	2.579	463.6
2319	0.879	0.717	2.593	463.8
2320	0.879	0.719	2.591	464.0
2321	0.879	0.718	2.584	464.2
2322	0.878	0.717	2.599	464.4
2323	0.881	0.719	2.585	464.6
2324	0.879	0.718	2.593	464.8
2325	0.881	0.718	2.589	465.0
2326	0.881	0.719	2.596	465.2
2327	0.880	0.716	2.594	465.4
2328	0.879	0.716	2.590	465.6
2329	0.880	0.718	2.594	465.8
2330	0.878	0.717	2.602	466.0
2331	0.879	0.715	2.588	466.2
2332	0.879	0.714	2.588	466.4
2333	0.881	0.715	2.586	466.6
2334	0.878	0.718	2.594	466.8
2335	0.880	0.717	2.589	467.0
2336	0.879	0.715	2.584	467.2
2337	0.880	0.715	2.601	467.4
2338	0.878	0.717	2.596	467.6
2339	0.881	0.716	2.585	467.8
2340	0.880	0.717	2.582	468.0
2341	0.878	0.717	2.579	468.2
2342	0.878	0.715	2.599	468.4
2343	0.879	0.718	2.598	468.6
2344	0.880	0.718	2.591	468.8
2345	0.878	0.716	2.580	469.0
2346	0.878	0.715	2.592	469.2
2347	0.879	0.716	2.592	469.4
2348	0.879	0.719	2.581	469.6
2349	0.878	0.718	2.587	469.8
2350	0.876	0.715	2.595	470.0
2351	0.879	0.714	2.587	470.2
2352	0.879	0.715	2.587	470.4
2353	0.879	0.717	2.578	470.6
2354	0.877	0.716	2.589	470.8
2355	0.878	0.715	2.582	471.0
2356	0.878	0.715	2.586	471.2
2357	0.878	0.716	2.583	471.4
2358	0.878	0.717	2.590	471.6
2359	0.878	0.718	2.596	471.8
2360	0.877	0.719	2.587	472.0
2361	0.877	0.718	2.571	472.2
2362	0.879	0.715	2.596	472.4
2363	0.877	0.717	2.594	472.6
2364	0.878	0.720	2.587	472.8
2365	0.876	0.717	2.586	473.0
2366	0.876	0.717	2.599	473.2
2367	0.877	0.717	2.585	473.4
2368	0.879	0.719	2.580	473.6
2369	0.877	0.717	2.589	473.8
2370	0.877	0.717	2.590	474.0
2371	0.876	0.719	2.588	474.2
2372	0.877	0.715	2.580	474.4
2373	0.876	0.718	2.585	474.6
2374	0.878	0.718	2.591	474.8
2375	0.878	0.717	2.582	475.0
2376	0.878	0.716	2.586	475.2
2377	0.879	0.716	2.587	475.4
2378	0.877	0.717	2.581	475.6
2379	0.877	0.716	2.583	475.8
2380	0.878	0.715	2.587	476.0
2381	0.878	0.715	2.579	476.2
2382	0.878	0.717	2.587	476.4
2383	0.877	0.718	2.589	476.6
2384	0.875	0.717	2.576	476.8
2385	0.878	0.715	2.587	477.0
2386	0.876	0.718	2.590	477.2
2387	0.881	0.719	2.559	477.4
2388	0.878	0.717	2.592	477.6
2389	0.877	0.716	2.582	477.8
2390	0.877	0.715	2.577	478.0
2391	0.877	0.716	2.579	478.2
2392	0.879	0.717	2.573	478.4
2393	0.877	0.716	2.573	478.6
2394	0.878	0.713	2.577	478.8
2395	0.876	0.713	2.587	479.0
2396	0.877	0.715	2.575	479.2
2397	0.880	0.717	2.570	479.4
2398	0.878	0.717	2.586	479.6
2399	0.875	0.715	2.578	479.8
2400	0.880	0.717	2.569	480.0
2401	0.878	0.716	2.568	480.2
2402	0.876	0.718	2.573	480.4
2403	0.875	0.714	2.582	480.6
2404	0.877	0.715	2.587	480.8
2405	0.879	0.715	2.565	481.0
2406	0.877	0.716	2.581	481.2
2407	0.877	0.715	2.588	481.4
2408	0.876	0.716	2.580	481.6
2409	0.878	0.716	2.565	481.8
2410	0.876	0.718	2.582	482.0
2411	0.878	0.715	2.567	482.2
2412	0.876	0.713	2.578	482.4
2413	0.877	0.714	2.574	482.6
2414	0.878	0.712	2.572	482.8
2415	0.875	0.715	2.571	483.0
2416	0.876	0.712	2.572	483.2
2417	0.877	0.713	2.585	483.4
2418	0.877	0.712	2.573	483.6
2419	0.876	0.713	2.588	483.8
2420	0.877	0.712	2.566	484.0
2421	0.877	0.717	2.562	484.2
2422	0.876	0.713	2.583	484.4
2423	0.876	0.710	2.573	484.6
2424	0.874	0.712	2.563	484.8
2425	0.876	0.713	2.574	485.0
2426	0.875	0.713	2.575	485.2
2427	0.874	0.712	2.583	485.4
2428	0.875	0.711	2.569	485.6
2429	0.876	0.713	2.587	485.8
2430	0.875	0.713	2.579	486.0
2431	0.874	0.713	2.582	486.2
2432	0.877	0.712	2.577	486.4
2433	0.877	0.713	2.588	486.6
2434	0.875	0.713	2.579	486.8
2435	0.876	0.715	2.576	487.0
2436	0.876	0.713	2.575	487.2
2437	0.876	0.711	2.570	487.4
2438	0.877	0.714	2.570	487.6
2439	0.877	0.713	2.588	487.8
2440	0.874	0.716	2.563	488.0
2441	0.878	0.713	2.561	488.2
2442	0.875	0.712	2.587	488.4
2443	0.877	0.712	2.567	488.6
2444	0.877	0.712	2.564	488.8
2445	0.877	0.715	2.582	489.0
2446	0.876	0.712	2.563	489.2
2447	0.875	0.709	2.568	489.4
2448	0.878	0.709	2.573	489.6
2449	0.876	0.713	2.570	489.8
2450	0.878	0.712	2.578	490.0
2451	0.876	0.710	2.569	490.2
2452	0.875	0.710	2.573	490.4
2453	0.877	0.713	2.576	490.6
2454	0.875	0.714	2.570	490.8
2455	0.878	0.713	2.560	491.0
2456	0.876	0.711	2.563	491.2
2457	0.875	0.711	2.575	491.4
2458	0.877	0.710	2.560	491.6
2459	0.875	0.710	2.559	491.8
2460	0.875	0.711	2.581	492.0
2461	0.876	0.709	2.581	492.2
2462	0.875	0.709	2.561	492.4
2463	0.875	0.711	2.574	492.6
2464	0.875	0.711	2.585	492.8
2465	0.875	0.709	2.566	493.0
2466	0.875	0.709	2.570	493.2
2467	0.877	0.709	2.562	493.4
2468	0.877	0.710	2.585	493.6
2469	0.876	0.714	2.573	493.8
2470	0.875	0.711	2.558	494.0
2471	0.874	0.710	2.580	494.2
2472	0.875	0.712	2.568	494.4
2473	0.875	0.709	2.556	494.6
2474	0.874	0.710	2.575	494.8
2475	0.874	0.709	2.581	495.0
2476	0.875	0.706	2.559	495.2
2477	0.876	0.709	2.576	495.4
2478	0.874	0.711	2.573	495.6
2479	0.875	0.709	2.550	495.8
2480	0.874	0.707	2.581	496.0
2481	0.875	0.707	2.568	496.2
2482	0.871	0.708	2.565	496.4
2483	0.874	0.712	2.565	496.6
2484	0.875	0.712	2.571	496.8
2485	0.875	0.708	2.558	497.0
2486	0.877	0.708	2.581	497.2
2487	0.875	0.710	2.565	497.4
2488	0.873	0.711	2.566	497.6
2489	0.875	0.709	2.569	497.8
2490	0.873	0.706	2.574	498.0
2491	0.876	0.708	2.565	498.2
2492	0.875	0.711	2.575	498.4
2493	0.873	0.708	2.559	498.6
2494	0.875	0.709	2.569	498.8
2495	0.872	0.705	2.573	499.0
2496	0.875	0.706	2.576	499.2
2497	0.875	0.707	2.564	499.4
2498	0.874	0.708	2.558	499.6
2499	0.875	0.707	2.568	499.8
2500	0.871	0.705	2.563	500.0
2501	0.874	0.705	2.569	500.2
2502	0.875	0.709	2.569	500.4
2503	0.874	0.707	2.571	500.6
2504	0.872	0.705	2.579	500.8
2505	0.872	0.704	2.562	501.0
2506	0.874	0.707	2.560	501.2
2507	0.874	0.707	2.582	501.4
2508	0.872	0.708	2.571	501.6
2509	0.871	0.706	2.550	501.8
2510	0.871	0.705	2.585	502.0
2511	0.869	0.707	2.575	502.2
2512	0.868	0.707	2.575	502.4
2513	0.868	0.707	2.573	502.6
2514	0.870	0.704	2.574	502.8
2515	0.868	0.704	2.576	503.0
2516	0.866	0.707	2.569	503.2
2517	0.865	0.707	2.556	503.4
2518	0.865	0.708	2.567	503.6
2519	0.739	0.601	2.174	503.8
2520	0.376	0.299	1.452	504.0
2521	0.058	0.036	0.778	504.2
2522	-0.018	-0.018	0.763	504.4
2523	-0.018	-0.021	0.758	504.6
2524	-0.019	-0.022	0.764	504.8
2525	-0.021	-0.021	0.770	505.0
2526	-0.018	-0.017	0.758	505.2
2527	-0.021	-0.018	0.772	505.4
2528	-0.020	-0.021	0.776	505.6
2529	-0.018	-0.022	0.763	505.8
2530	-0.021	-0.022	0.759	506.0
2531	-0.019	-0.021	0.766	506.2
2532	-0.018	-0.022	0.767	506.4
2533	-0.018	-0.022	0.778	506.6
2534	-0.020	-0.019	0.767	506.8
2535	-0.016	-0.017	0.775	507.0
2536	-0.017	-0.018	0.769	507.2
2537	-0.015	-0.020	0.769	507.4
2538	-0.015	-0.022	0.757	507.6
2539	-0.019	-0.019	0.774	507.8
2540	-0.016	-0.020	0.769	508.0
2541	-0.015	-0.017	0.763	508.2
2542	-0.015	-0.019	0.773	508.4
2543	-0.015	-0.020	0.770	508.6
2544	-0.013	-0.018	0.764	508.8
2545	-0.014	-0.019	0.767	509.0
2546	-0.014	-0.020	0.763	509.2
2547	-0.013	-0.022	0.774	509.4
2548	-0.013	-0.022	0.766	509.6
2549	-0.012	-0.018	0.759	509.8
2550	-0.011	-0.018	0.761	510.0
2551	-0.012	-0.018	0.762	510.2
2552	-0.012	-0.018	0.767	510.4
2553	-0.011	-0.020	0.766	510.6
2554	-0.011	-0.018	0.765	510.8
2555	-0.011	-0.018	0.766	511.0
2556	-0.012	-0.018	0.769	511.2
2557	-0.012	-0.018	0.765	511.4
2558	-0.010	-0.019	0.761	511.6
2559	-0.009	-0.015	0.763	511.8
2560	-0.009	-0.015	0.771	512.0
2561	-0.011	-0.018	0.761	512.2
2562	-0.011	-0.020	0.759	512.4
2563	-0.009	-0.018	0.756	512.6
2564	-0.011	-0.018	0.766	512.8
2565	-0.010	-0.017	0.774	513.0
2566	-0.009	-0.018	0.761	513.2
2567	-0.010	-0.015	0.769	513.4
2568	-0.012	-0.019	0.768	513.6
2569	-0.009	-0.017	0.770	513.8
2570	-0.011	-0.017	0.770	514.0
2571	-0.013	-0.021	0.764	514.2
2572	-0.011	-0.019	0.762	514.4
2573	-0.009	-0.018	0.758	514.6
2574	-0.009	-0.013	0.766	514.8
2575	-0.010	-0.018	0.758	515.0
2576	-0.009	-0.019	0.761	515.2
2577	-0.011	-0.020	0.766	515.4
2578	-0.011	-0.019	0.764	515.6
2579	-0.013	-0.015	0.760	515.8
2580	-0.009	-0.018	0.768	516.0
2581	-0.010	-0.018	0.769	516.2
2582	-0.011	-0.018	0.777	516.4
2583	-0.012	-0.015	0.762	516.6
2584	-0.011	-0.018	0.768	516.8
2585	-0.014	-0.018	0.766	517.0
2586	-0.011	-0.018	0.765	517.2
2587	-0.011	-0.019	0.761	517.4
2588	-0.013	-0.015	0.763	517.6
2589	-0.013	-0.014	0.766	517.8
2590	-0.014	-0.014	0.768	518.0
2591	-0.013	-0.015	0.765	518.2
2592	-0.015	-0.013	0.770	518.4
2593	-0.013	-0.017	0.775	518.6
2594	-0.014	-0.016	0.765	518.8
2595	-0.014	-0.018	0.762	519.0
2596	-0.015	-0.015	0.758	519.2
2597	-0.013	-0.016	0.765	519.4
2598	-0.011	-0.014	0.774	519.6
2599	-0.015	-0.014	0.767	519.8
2600	-0.014	-0.018	0.763	520.0
2601	-0.013	-0.014	0.763	520.2
2602	-0.012	-0.015	0.763	520.4
2603	-0.013	-0.015	0.774	520.6
2604	-0.014	-0.015	0.767	520.8
2605	-0.012	-0.015	0.774	521.0
2606	-0.012	-0.014	0.768	521.2
2607	-0.014	-0.014	0.760	521.4
2608	-0.013	-0.013	0.765	521.6
2609	-0.014	-0.017	0.762	521.8
2610	-0.015	-0.018	0.763	522.0
2611	-0.015	-0.014	0.767	522.2
2612	-0.012	-0.013	0.772	522.4
2613	-0.014	-0.014	0.770	522.6
2614	-0.016	-0.016	0.775	522.8
2615	-0.013	-0.017	0.768	523.0
2616	-0.013	-0.013	0.764	523.2
2617	-0.013	-0.013	0.764	523.4
2618	-0.012	-0.014	0.766	523.6
2619	-0.011	-0.017	0.762	523.8
2620	-0.013	-0.015	0.772	524.0
2621	-0.012	-0.016	0.766	524.2
2622	-0.013	-0.015	0.759	524.4
2623	-0.013	-0.013	0.776	524.6
2624	-0.013	-0.015	0.770	524.8
2625	-0.010	-0.016	0.771	525.0
2626	-0.013	-0.015	0.768	525.2
2627	-0.012	-0.014	0.771	525.4
2628	-0.015	-0.017	0.766	525.6
2629	-0.013	-0.017	0.766	525.8
2630	-0.012	-0.015	0.768	526.0
2631	-0.011	-0.013	0.765	526.2
2632	-0.011	-0.012	0.759	526.4
2633	-0.012	-0.014	0.760	526.6
2634	-0.013	-0.015	0.765	526.8
2635	-0.013	-0.015	0.775	527.0
2636	-0.012	-0.015	0.770	527.2
2637	-0.013	-0.013	0.755	527.4
2638	-0.012	-0.018	0.771	527.6
2639	-0.011	-0.016	0.771	527.8
2640	-0.013	-0.013	0.773	528.0
2641	-0.012	-0.013	0.768	528.2
2642	-0.011	-0.013	0.761	528.4
2643	-0.014	-0.017	0.771	528.6
2644	-0.012	-0.019	0.768	528.8
2645	-0.012	-0.015	0.778	529.0
2646	-0.013	-0.012	0.773	529.2
2647	-0.016	-0.011	0.762	529.4
2648	-0.016	-0.011	0.772	529.6
2649	-0.016	-0.011	0.766	529.8
2650	-0.017	-0.012	0.773	530.0
2651	-0.018	-0.014	0.767	530.2
2652	-0.015	-0.015	0.761	530.4
2653	-0.017	-0.015	0.774	530.6
2654	-0.016	-0.015	0.767	530.8
2655	-0.016	-0.011	0.760	531.0
2656	-0.016	-0.012	0.771	531.2
2657	-0.016	-0.014	0.765	531.4
2658	-0.017	-0.017	0.761	531.6
2659	-0.017	-0.017	0.763	531.8
2660	-0.016	-0.011	0.768	532.0
2661	-0.018	-0.015	0.772	532.2
2662	-0.017	-0.014	0.769	532.4
2663	-0.016	-0.013	0.773	532.6
2664	-0.018	-0.013	0.770	532.8
2665	-0.016	-0.013	0.763	533.0
2666	-0.018	-0.013	0.772	533.2
2667	-0.019	-0.015	0.769	533.4
2668	-0.019	-0.016	0.773	533.6
2669	-0.018	-0.014	0.768	533.8
2670	-0.018	-0.010	0.760	534.0
2671	-0.018	-0.010	0.773	534.2
2672	-0.017	-0.013	0.763	534.4
2673	-0.017	-0.016	0.769	534.6
2674	-0.018	-0.015	0.760	534.8
2675	-0.018	-0.011	0.765	535.0
2676	-0.019	-0.012	0.765	535.2
2677	-0.020	-0.012	0.765	535.4
2678	-0.020	-0.010	0.771	535.6
2679	-0.019	-0.008	0.763	535.8
2680	-0.019	-0.011	0.762	536.0
2681	-0.019	-0.013	0.774	536.2
2682	-0.017	-0.012	0.771	536.4
2683	-0.017	-0.014	0.776	536.6
2684	-0.019	-0.013	0.769	536.8
2685	-0.018	-0.012	0.754	537.0
2686	-0.020	-0.013	0.760	537.2
2687	-0.018	-0.012	0.765	537.4
2688	-0.016	-0.014	0.768	537.6
2689	-0.017	-0.013	0.770	537.8
2690	-0.019	-0.013	0.774	538.0
2691	-0.017	-0.013	0.768	538.2
2692	-0.015	-0.016	0.768	538.4
2693	-0.013	-0.011	0.771	538.6
2694	-0.016	-0.009	0.778	538.8
2695	-0.017	-0.013	0.766	539.0
2696	-0.017	-0.013	0.773	539.2
2697	-0.015	-0.015	0.760	539.4
2698	-0.015	-0.018	0.760	539.6
2699	-0.016	-0.015	0.763	539.8
2700	-0.018	-0.015	0.764	540.0
2701	-0.016	-0.015	0.776	540.2
2702	-0.017	-0.013	0.761	540.4
2703	-0.018	-0.011	0.759	540.6
2704	-0.018	-0.009	0.763	540.8
2705	-0.017	-0.012	0.763	541.0
2706	-0.018	-0.015	0.770	541.2
2707	-0.015	-0.017	0.773	541.4
2708	-0.015	-0.015	0.766	541.6
2709	-0.014	-0.013	0.766	541.8
2710	-0.013	-0.014	0.760	542.0
2711	-0.016	-0.016	0.770	542.2
2712	-0.013	-0.017	0.770	542.4
2713	-0.014	-0.013	0.768	542.6
2714	-0.018	-0.018	0.774	542.8
2715	-0.014	-0.017	0.771	543.0
2716	-0.016	-0.014	0.770	543.2
2717	-0.017	-0.013	0.778	543.4
2718	-0.017	-0.014	0.762	543.6
2719	-0.015	-0.013	0.767	543.8
2720	-0.016	-0.014	0.764	544.0
2721	-0.017	-0.014	0.760	544.2
2722	-0.016	-0.015	0.764	544.4
2723	-0.019	-0.012	0.765	544.6
2724	-0.016	-0.014	0.765	544.8
2725	-0.017	-0.013	0.767	545.0
2726	-0.017	-0.015	0.761	545.2
2727	-0.015	-0.010	0.763	545.4
2728	-0.016	-0.010	0.768	545.6
2729	-0.015	-0.012	0.759	545.8
2730	-0.015	-0.012	0.769	546.0
2731	-0.014	-0.015	0.763	546.2
2732	-0.015	-0.013	0.774	546.4
2733	-0.014	-0.012	0.762	546.6
2734	-0.016	-0.013	0.770	546.8
2735	-0.013	-0.014	0.758	547.0
2736	-0.015	-0.013	0.769	547.2
2737	-0.014	-0.011	0.772	547.4
2738	-0.013	-0.013	0.770	547.6
2739	-0.013	-0.014	0.764	547.8
2740	-0.013	-0.012	0.771	548.0
2741	-0.013	-0.014	0.766	548.2
2742	-0.012	-0.013	0.763	548.4
2743	-0.013	-0.011	0.760	548.6
2744	-0.014	-0.013	0.771	548.8
2745	-0.012	-0.013	0.772	549.0
2746	-0.011	-0.011	0.765	549.2
2747	-0.010	-0.007	0.767	549.4
2748	-0.011	-0.010	0.775	549.6
2749	-0.009	-0.012	0.771	549.8
2750	-0.010	-0.014	0.761	550.0
2751	-0.012	-0.011	0.778	550.2
2752	-0.011	-0.010	0.773	550.4
2753	-0.013	-0.013	0.766	550.6
2754	-0.013	-0.014	0.767	550.8
2755	-0.011	-0.013	0.768	551.0
2756	-0.015	-0.011	0.774	551.2
2757	-0.015	-0.013	0.764	551.4
2758	-0.011	-0.013	0.768	551.6
2759	-0.011	-0.014	0.769	551.8
2760	-0.014	-0.012	0.765	552.0
2761	-0.011	-0.011	0.765	552.2
2762	-0.009	-0.010	0.774	552.4
2763	-0.013	-0.011	0.764	552.6
2764	-0.012	-0.012	0.767	552.8
2765	-0.013	-0.011	0.763	553.0
2766	-0.013	-0.012	0.769	553.2
2767	-0.011	-0.013	0.758	553.4
2768	-0.010	-0.013	0.771	553.6
2769	-0.011	-0.012	0.764	553.8
2770	-0.011	-0.009	0.765	554.0
2771	-0.012	-0.011	0.761	554.2
2772	-0.013	-0.009	0.768	554.4
2773	-0.010	-0.013	0.770	554.6
2774	-0.013	-0.015	0.763	554.8
2775	-0.009	-0.012	0.770	555.0
2776	-0.011	-0.011	0.765	555.2
2777	-0.011	-0.011	0.767	555.4
2778	-0.011	-0.011	0.770	555.6
2779	-0.009	-0.015	0.774	555.8
2780	-0.010	-0.013	0.768	556.0
2781	-0.011	-0.012	0.766	556.2
2782	-0.009	-0.014	0.763	556.4
2783	-0.010	-0.015	0.776	556.6
2784	-0.009	-0.010	0.768	556.8
2785	-0.010	-0.012	0.764	557.0
2786	-0.009	-0.009	0.768	557.2
2787	-0.010	-0.009	0.770	557.4
2788	-0.007	-0.014	0.773	557.6
2789	-0.007	-0.014	0.756	557.8
2790	-0.009	-0.012	0.771	558.0
2791	-0.011	-0.014	0.768	558.2
2792	-0.008	-0.011	0.761	558.4
2793	-0.011	-0.011	0.774	558.6
2794	-0.008	-0.011	0.771	558.8
2795	-0.008	-0.009	0.765	559.0
2796	-0.008	-0.012	0.767	559.2
2797	-0.009	-0.013	0.772	559.4
2798	-0.010	-0.013	0.763	559.6
2799	-0.009	-0.010	0.763	559.8
2800	-0.010	-0.010	0.778	560.0
2801	-0.009	-0.011	0.757	560.2
2802	-0.007	-0.013	0.772	560.4
2803	-0.009	-0.014	0.768	560.6
2804	-0.010	-0.011	0.768	560.8
2805	-0.011	-0.012	0.771	561.0
2806	-0.012	-0.012	0.763	561.2
2807	-0.009	-0.013	0.772	561.4
2808	-0.009	-0.013	0.771	561.6
2809	-0.011	-0.012	0.768	561.8
2810	-0.012	-0.012	0.769	562.0
2811	-0.011	-0.015	0.767	562.2
2812	-0.011	-0.013	0.769	562.4
2813	-0.012	-0.013	0.774	562.6
2814	-0.010	-0.012	0.764	562.8
2815	-0.010	-0.009	0.763	563.0
2816	-0.007	-0.011	0.771	563.2
2817	-0.011	-0.013	0.762	563.4
2818	-0.009	-0.012	0.767	563.6
2819	-0.010	-0.011	0.771	563.8
2820	-0.010	-0.011	0.774	564.0
2821	-0.006	-0.010	0.771	564.2
2822	-0.011	-0.010	0.763	564.4
2823	-0.011	-0.011	0.773	564.6
2824	-0.011	-0.010	0.770	564.8
2825	-0.009	-0.011	0.766	565.0
2826	-0.009	-0.015	0.771	565.2
2827	-0.012	-0.015	0.763	565.4
2828	-0.011	-0.013	0.766	565.6
2829	-0.012	-0.010	0.762	565.8
2830	-0.012	-0.011	0.772	566.0
2831	-0.012	-0.011	0.770	566.2
2832	-0.010	-0.011	0.765	566.4
2833	-0.011	-0.009	0.775	566.6
2834	-0.012	-0.009	0.771	566.8
2835	-0.013	-0.010	0.761	567.0
2836	-0.009	-0.012	0.761	567.2
2837	-0.010	-0.011	0.770	567.4
2838	-0.010	-0.011	0.772	567.6
2839	-0.010	-0.010	0.765	567.8
2840	-0.009	-0.011	0.768	568.0
2841	-0.012	-0.013	0.767	568.2
2842	-0.009	-0.013	0.761	568.4
2843	-0.009	-0.011	0.772	568.6
2844	-0.011	-0.013	0.778	568.8
2845	-0.010	-0.009	0.768	569.0
2846	-0.009	-0.010	0.774	569.2
2847	-0.011	-0.010	0.766	569.4
2848	-0.010	-0.010	0.770	569.6
2849	-0.007	-0.010	0.774	569.8
2850	-0.011	-0.013	0.764	570.0
2851	-0.011	-0.015	0.776	570.2
2852	-0.008	-0.011	0.771	570.4
2853	-0.011	-0.009	0.761	570.6
2854	-0.007	-0.011	0.766	570.8
2855	-0.011	-0.011	0.771	571.0
2856	-0.010	-0.011	0.768	571.2
2857	-0.010	-0.011	0.766	571.4
2858	-0.011	-0.010	0.767	571.6
2859	-0.008	-0.012	0.762	571.8
2860	-0.011	-0.014	0.762	572.0
2861	-0.009	-0.011	0.766	572.2
2862	-0.011	-0.011	0.768	572.4
2863	-0.012	-0.009	0.763	572.6
2864	-0.010	-0.015	0.765	572.8
2865	-0.010	-0.011	0.766	573.0
2866	-0.011	-0.010	0.761	573.2
2867	-0.010	-0.010	0.773	573.4
2868	-0.010	-0.010	0.765	573.6
2869	-0.009	-0.013	0.774	573.8
2870	-0.010	-0.012	0.770	574.0
2871	-0.011	-0.011	0.763	574.2
2872	-0.010	-0.008	0.767	574.4
2873	-0.010	-0.010	0.761	574.6
2874	-0.010	-0.010	0.761	574.8
2875	-0.008	-0.011	0.771	575.0
2876	-0.011	-0.008	0.767	575.2
2877	-0.009	-0.010	0.763	575.4
2878	-0.008	-0.010	0.759	575.6
2879	-0.008	-0.012	0.767	575.8
2880	-0.009	-0.011	0.772	576.0
2881	-0.008	-0.009	0.775	576.2
2882	-0.010	-0.009	0.769	576.4
2883	-0.010	-0.010	0.764	576.6
2884	-0.009	-0.011	0.766	576.8
2885	-0.008	-0.013	0.769	577.0
2886	-0.008	-0.010	0.767	577.2
2887	-0.009	-0.011	0.768	577.4
2888	-0.010	-0.010	0.758	577.6
2889	-0.007	-0.011	0.760	577.8
2890	-0.008	-0.008	0.771	578.0
2891	-0.009	-0.009	0.771	578.2
2892	-0.008	-0.011	0.765	578.4
2893	-0.007	-0.009	0.768	578.6
2894	-0.009	-0.011	0.768	578.8
2895	-0.008	-0.010	0.766	579.0
2896	-0.007	-0.012	0.759	579.2
2897	-0.009	-0.009	0.760	579.4
2898	-0.004	-0.010	0.764	579.6
2899	-0.008	-0.009	0.768	579.8
2900	-0.007	-0.007	0.763	580.0
2901	-0.009	-0.009	0.760	580.2
2902	-0.009	-0.010	0.765	580.4
2903	-0.008	-0.015	0.763	580.6
2904	-0.008	-0.012	0.765	580.8
2905	-0.008	-0.011	0.762	581.0
2906	-0.009	-0.011	0.767	581.2
2907	-0.008	-0.010	0.768	581.4
2908	-0.007	-0.011	0.773	581.6
2909	-0.009	-0.010	0.761	581.8
2910	-0.011	-0.011	0.772	582.0
2911	-0.009	-0.009	0.765	582.2
2912	-0.009	-0.011	0.761	582.4
2913	-0.010	-0.012	0.775	582.6
2914	-0.011	-0.013	0.761	582.8
2915	-0.010	-0.009	0.767	583.0
2916	-0.011	-0.010	0.772	583.2
2917	-0.011	-0.010	0.760	583.4
2918	-0.009	-0.012	0.771	583.6
2919	-0.010	-0.009	0.766	583.8
2920	-0.010	-0.012	0.773	584.0
2921	-0.010	-0.014	0.772	584.2
2922	-0.009	-0.013	0.757	584.4
2923	-0.009	-0.013	0.768	584.6
2924	-0.007	-0.011	0.757	584.8
2925	-0.009	-0.011	0.774	585.0
2926	-0.010	-0.013	0.773	585.2
2927	-0.010	-0.017	0.768	585.4
2928	-0.009	-0.013	0.770	585.6
2929	-0.009	-0.011	0.766	585.8
2930	-0.009	-0.011	0.760	586.0
2931	-0.008	-0.010	0.763	586.2
2932	-0.008	-0.013	0.760	586.4
2933	-0.009	-0.015	0.762	586.6
2934	-0.010	-0.016	0.760	586.8
2935	-0.009	-0.017	0.765	587.0
2936	-0.011	-0.014	0.772	587.2
2937	-0.007	-0.014	0.768	587.4
2938	-0.010	-0.011	0.764	587.6
2939	-0.009	-0.011	0.771	587.8
2940	-0.010	-0.011	0.766	588.0
2941	-0.009	-0.014	0.782	588.2
2942	-0.010	-0.015	0.767	588.4
2943	-0.010	-0.016	0.770	588.6
2944	-0.010	-0.011	0.765	588.8
2945	-0.008	-0.013	0.763	589.0
2946	-0.009	-0.012	0.772	589.2
2947	-0.009	-0.015	0.768	589.4
2948	-0.010	-0.013	0.776	589.6
2949	-0.011	-0.014	0.767	589.8
2950	-0.012	-0.015	0.762	590.0
2951	-0.011	-0.018	0.770	590.2
2952	-0.009	-0.016	0.774	590.4
2953	-0.009	-0.013	0.768	590.6
2954	-0.009	-0.011	0.774	590.8
2955	-0.010	-0.010	0.767	591.0
2956	-0.010	-0.015	0.759	591.2
2957	-0.009	-0.015	0.768	591.4
2958	-0.011	-0.016	0.772	591.6
2959	-0.009	-0.015	0.772	591.8
2960	-0.009	-0.013	0.763	592.0
2961	-0.011	-0.014	0.764	592.2
2962	-0.009	-0.011	0.764	592.4
2963	-0.007	-0.011	0.772	592.6
2964	-0.009	-0.013	0.778	592.8
2965	-0.010	-0.015	0.762	593.0
2966	-0.009	-0.017	0.763	593.2
2967	-0.009	-0.017	0.773	593.4
2968	-0.010	-0.015	0.768	593.6
2969	-0.009	-0.013	0.758	593.8
2970	-0.011	-0.008	0.764	594.0
2971	-0.008	-0.009	0.776	594.2
2972	-0.010	-0.011	0.770	594.4
2973	-0.011	-0.010	0.757	594.6
2974	-0.012	-0.011	0.759	594.8
2975	-0.009	-0.013	0.767	595.0
2976	-0.011	-0.017	0.770	595.2
2977	-0.010	-0.014	0.767	595.4
2978	-0.009	-0.013	0.759	595.6
2979	-0.009	-0.011	0.768	595.8
2980	-0.008	-0.010	0.774	596.0
2981	-0.007	-0.012	0.759	596.2
2982	-0.006	-0.011	0.770	596.4
2983	-0.009	-0.010	0.765	596.6
2984	-0.009	-0.010	0.766	596.8
2985	-0.010	-0.011	0.770	597.0
2986	-0.010	-0.012	0.768	597.2
2987	-0.012	-0.013	0.777	597.4
2988	-0.011	-0.016	0.771	597.6
2989	-0.011	-0.013	0.766	597.8
2990	-0.010	-0.010	0.774	598.0
2991	-0.010	-0.007	0.769	598.2
2992	-0.010	-0.008	0.767	598.4
2993	-0.011	-0.009	0.760	598.6
2994	-0.009	-0.012	0.761	598.8
2995	-0.011	-0.016	0.770	599.0
2996	-0.010	-0.014	0.763	599.2
2997	-0.008	-0.013	0.760	599.4
2998	-0.009	-0.007	0.772	599.6
2999	-0.009	-0.008	0.768	599.8
3000	-0.009	-0.011	0.770	600.0
3001	-0.011	-0.010	0.773	600.2
3002	-0.010	-0.011	0.766	600.4
3003	-0.009	-0.015	0.765	600.6
3004	-0.009	-0.015	0.767	600.8
3005	-0.009	-0.014	0.763	601.0
3006	-0.007	-0.010	0.766	601.2
3007	-0.009	-0.006	0.768	601.4
3008	-0.009	-0.009	0.772	601.6
3009	-0.010	-0.013	0.772	601.8
3010	-0.009	-0.015	0.768	602.0
3011	-0.009	-0.017	0.757	602.2
3012	-0.009	-0.015	0.755	602.4
