0	-0.006	-0.002	0.765	0.0
1	-0.003	-0.006	0.772	0.2
2	-0.005	-0.008	0.762	0.4
3	-0.005	-0.009	0.762	0.6
4	-0.005	-0.006	0.777	0.8
5	-0.007	-0.009	0.779	1.0
6	-0.006	-0.007	0.768	1.2
7	-0.002	-0.002	0.763	1.4
8	-0.004	-0.001	0.773	1.6
9	-0.004	-0.004	0.770	1.8
10	-0.005	-0.005	0.775	2.0
11	-0.005	-0.009	0.774	2.2
12	-0.004	-0.007	0.767	2.4
13	-0.005	-0.007	0.770	2.6
14	-0.005	-0.005	0.771	2.8
15	-0.004	-0.005	0.769	3.0
16	-0.002	-0.002	0.768	3.2
17	-0.004	-0.004	0.771	3.4
18	-0.006	-0.005	0.769	3.6
19	-0.004	-0.011	0.756	3.8
20	-0.005	-0.011	0.773	4.0
21	0.002	-0.010	0.774	4.2
22	-0.004	-0.004	0.773	4.4
23	-0.005	-0.004	0.768	4.6
24	-0.004	-0.004	0.765	4.8
25	-0.003	-0.007	0.768	5.0
26	-0.004	-0.009	0.768	5.2
27	-0.004	-0.008	0.768	5.4
28	-0.003	-0.008	0.766	5.6
29	-0.004	-0.007	0.774	5.8
30	-0.005	-0.009	0.772	6.0
31	-0.003	-0.006	0.768	6.2
32	-0.001	-0.006	0.772	6.4
33	-0.002	-0.007	0.774	6.6
34	-0.005	-0.007	0.767	6.8
35	-0.003	-0.009	0.771	7.0
36	-0.004	-0.009	0.770	7.2
37	-0.002	-0.006	0.773	7.4
38	-0.004	-0.005	0.767	7.6
39	-0.002	-0.005	0.765	7.8
40	-0.002	-0.005	0.773	8.0
41	-0.003	-0.005	0.778	8.2
42	-0.002	-0.011	0.768	8.4
43	-0.002	-0.006	0.768	8.6
44	-0.003	-0.009	0.770	8.8
45	-0.001	-0.007	0.769	9.0
46	-0.002	-0.005	0.765	9.2
47	-0.003	-0.006	0.775	9.4
48	-0.002	-0.003	0.773	9.6
49	0.001	-0.006	0.761	9.8
50	-0.001	-0.005	0.777	10.0
51	-0.001	-0.005	0.770	10.2
52	0.001	-0.007	0.762	10.4
53	-0.001	-0.007	0.767	10.6
54	-0.003	-0.006	0.771	10.8
55	-0.003	-0.002	0.763	11.0
56	-0.002	0.000	0.772	11.2
57	-0.001	-0.006	0.764	11.4
58	-0.001	-0.009	0.763	11.6
59	-0.002	-0.007	0.765	11.8
60	-0.003	-0.006	0.776	12.0
61	-0.005	-0.005	0.767	12.2
62	-0.005	-0.004	0.765	12.4
63	-0.003	-0.007	0.769	12.6
64	-0.003	-0.002	0.774	12.8
65	-0.004	-0.005	0.776	13.0
66	-0.003	-0.005	0.768	13.2
67	-0.002	-0.009	0.763	13.4
68	-0.003	-0.007	0.779	13.6
69	-0.004	-0.007	0.770	13.8
70	-0.002	-0.004	0.765	14.0
71	-0.001	-0.006	0.760	14.2
72	-0.003	-0.006	0.772	14.4
73	0.000	-0.007	0.766	14.6
74	-0.002	-0.006	0.764	14.8
75	0.000	-0.004	0.760	15.0
76	-0.002	-0.007	0.769	15.2
77	-0.003	-0.009	0.772	15.4
78	-0.001	-0.005	0.772	15.6
79	-0.002	-0.005	0.783	15.8
80	-0.001	-0.006	0.774	16.0
81	0.001	-0.006	0.763	16.2
82	0.000	-0.005	0.763	16.4
83	-0.001	-0.005	0.779	16.6
84	-0.005	-0.005	0.767	16.8
85	-0.002	-0.004	0.772	17.0
86	-0.001	-0.005	0.759	17.2
87	0.000	-0.003	0.771	17.4
88	0.001	-0.007	0.771	17.6
89	-0.002	-0.007	0.773	17.8
90	0.001	-0.009	0.770	18.0
91	-0.001	-0.009	0.766	18.2
92	-0.003	-0.004	0.764	18.4
93	-0.002	-0.002	0.783	18.6
94	-0.004	-0.003	0.770	18.8
95	-0.003	-0.004	0.776	19.0
96	-0.002	-0.006	0.770	19.2
97	-0.002	-0.006	0.766	19.4
98	-0.003	-0.008	0.770	19.6
99	-0.003	-0.011	0.768	19.8
100	-0.003	-0.006	0.771	20.0
101	-0.002	-0.005	0.770	20.2
102	-0.003	0.001	0.771	20.4
103	-0.004	-0.004	0.765	20.6
104	-0.003	-0.005	0.772	20.8
105	-0.003	-0.010	0.771	21.0
106	-0.001	-0.008	0.771	21.2
107	-0.004	-0.006	0.761	21.4
108	-0.003	-0.003	0.774	21.6
109	-0.003	-0.006	0.772	21.8
110	-0.001	-0.006	0.775	22.0
111	-0.002	-0.007	0.766	22.2
112	-0.001	-0.005	0.766	22.4
113	-0.002	-0.008	0.766	22.6
114	-0.003	-0.008	0.773	22.8
115	-0.004	-0.007	0.776	23.0
116	-0.002	-0.005	0.777	23.2
117	-0.002	-0.005	0.768	23.4
118	0.001	-0.005	0.764	23.6
119	-0.003	-0.008	0.765	23.8
120	-0.002	-0.004	0.775	24.0
121	-0.003	-0.006	0.770	24.2
122	-0.005	-0.005	0.760	24.4
123	-0.002	-0.008	0.770	24.6
124	-0.002	-0.009	0.766	24.8
125	-0.003	-0.002	0.775	25.0
126	-0.002	-0.002	0.776	25.2
127	-0.004	-0.007	0.772	25.4
128	-0.004	-0.007	0.760	25.6
129	-0.003	-0.010	0.776	25.8
130	-0.003	-0.004	0.772	26.0
131	-0.003	-0.004	0.771	26.2
132	-0.004	-0.005	0.768	26.4
133	-0.003	-0.007	0.764	26.6
134	-0.001	-0.009	0.765	26.8
135	-0.001	-0.006	0.769	27.0
136	-0.003	-0.003	0.768	27.2
137	-0.005	-0.004	0.774	27.4
138	-0.001	-0.006	0.766	27.6
139	-0.002	-0.004	0.774	27.8
140	0.000	-0.003	0.777	28.0
141	-0.003	-0.006	0.775	28.2
142	-0.002	-0.007	0.772	28.4
143	-0.001	-0.006	0.773	28.6
144	-0.003	-0.005	0.773	28.8
145	-0.003	-0.004	0.766	29.0
146	-0.006	-0.005	0.776	29.2
147	-0.004	-0.009	0.776	29.4
148	-0.002	-0.007	0.765	29.6
149	-0.003	-0.003	0.758	29.8
150	-0.001	-0.002	0.774	30.0
151	-0.001	-0.005	0.758	30.2
152	-0.003	-0.004	0.775	30.4
153	-0.001	-0.006	0.764	30.6
154	-0.005	-0.006	0.771	30.8
155	-0.003	-0.006	0.773	31.0
156	-0.005	-0.008	0.776	31.2
157	-0.002	-0.010	0.777	31.4
158	-0.004	-0.006	0.774	31.6
159	-0.007	-0.004	0.766	31.8
160	-0.004	-0.002	0.768	32.0
161	-0.004	-0.006	0.766	32.2
162	-0.003	-0.006	0.774	32.4
163	-0.004	-0.008	0.767	32.6
164	-0.005	-0.005	0.770	32.8
165	-0.006	-0.007	0.775	33.0
166	-0.006	-0.004	0.768	33.2
167	-0.007	-0.005	0.770	33.4
168	-0.007	-0.004	0.765	33.6
169	-0.005	-0.007	0.770	33.8
170	-0.006	-0.007	0.767	34.0
171	-0.004	-0.007	0.766	34.2
172	-0.005	-0.006	0.775	34.4
173	-0.005	-0.005	0.771	34.6
174	-0.009	-0.003	0.774	34.8
175	-0.007	-0.004	0.780	35.0
176	-0.005	-0.006	0.768	35.2
177	-0.004	-0.005	0.766	35.4
178	-0.005	-0.005	0.762	35.6
179	-0.005	-0.005	0.763	35.8
180	-0.003	-0.006	0.764	36.0
181	-0.004	-0.006	0.765	36.2
182	-0.004	-0.004	0.772	36.4
183	-0.003	-0.003	0.773	36.6
184	-0.004	-0.004	0.768	36.8
185	-0.001	-0.007	0.763	37.0
186	-0.006	-0.006	0.771	37.2
187	-0.007	-0.005	0.775	37.4
188	-0.006	-0.008	0.770	37.6
189	-0.007	-0.006	0.768	37.8
190	-0.005	-0.006	0.767	38.0
191	-0.007	-0.001	0.768	38.2
192	-0.007	-0.004	0.774	38.4
193	-0.006	-0.005	0.770	38.6
194	-0.008	-0.009	0.770	38.8
195	-0.008	-0.007	0.772	39.0
196	-0.008	-0.007	0.777	39.2
197	-0.007	-0.005	0.771	39.4
198	-0.009	-0.005	0.765	39.6
199	-0.007	-0.005	0.762	39.8
200	-0.007	-0.006	0.770	40.0
201	-0.007	-0.006	0.770	40.2
202	-0.005	-0.006	0.768	40.4
203	-0.005	-0.006	0.765	40.6
204	-0.007	-0.007	0.763	40.8
205	-0.006	-0.005	0.771	41.0
206	-0.008	-0.005	0.766	41.2
207	-0.004	-0.004	0.767	41.4
208	-0.007	-0.007	0.768	41.6
209	-0.007	-0.007	0.769	41.8
210	-0.008	-0.007	0.766	42.0
211	-0.006	-0.009	0.774	42.2
212	-0.005	-0.009	0.773	42.4
213	-0.007	-0.005	0.773	42.6
214	-0.005	-0.004	0.768	42.8
215	-0.005	-0.002	0.763	43.0
216	-0.005	-0.003	0.769	43.2
217	-0.005	-0.004	0.775	43.4
218	-0.004	-0.005	0.775	43.6
219	-0.005	-0.005	0.763	43.8
220	-0.006	-0.005	0.772	44.0
221	-0.005	-0.006	0.776	44.2
222	-0.006	-0.006	0.769	44.4
223	-0.005	-0.007	0.769	44.6
224	-0.007	0.000	0.773	44.8
225	-0.006	-0.002	0.762	45.0
226	-0.007	-0.005	0.778	45.2
227	-0.007	-0.007	0.770	45.4
228	-0.008	-0.010	0.773	45.6
229	-0.008	-0.006	0.773	45.8
230	-0.010	-0.003	0.765	46.0
231	-0.007	-0.005	0.770	46.2
232	-0.009	-0.005	0.767	46.4
233	-0.007	-0.005	0.770	46.6
234	-0.010	-0.005	0.771	46.8
235	-0.008	-0.005	0.770	47.0
236	-0.009	-0.009	0.770	47.2
237	-0.007	-0.009	0.771	47.4
238	-0.007	-0.005	0.782	47.6
239	-0.008	-0.003	0.772	47.8
240	-0.007	-0.004	0.768	48.0
241	-0.007	-0.007	0.768	48.2
242	-0.007	-0.010	0.766	48.4
243	-0.009	-0.009	0.768	48.6
244	-0.009	-0.006	0.767	48.8
245	-0.007	-0.008	0.770	49.0
246	-0.007	-0.005	0.762	49.2
247	-0.009	-0.003	0.772	49.4
248	-0.009	-0.003	0.777	49.6
249	-0.009	-0.007	0.772	49.8
250	-0.008	-0.011	0.768	50.0
251	-0.008	-0.009	0.776	50.2
252	-0.011	-0.007	0.772	50.4
253	-0.007	-0.004	0.766	50.6
254	-0.010	-0.002	0.777	50.8
255	-0.009	-0.002	0.762	51.0
256	-0.010	-0.007	0.769	51.2
257	-0.009	-0.010	0.765	51.4
258	-0.007	-0.010	0.780	51.6
259	-0.011	-0.010	0.770	51.8
260	-0.009	-0.008	0.768	52.0
261	-0.007	-0.003	0.766	52.2
262	-0.007	-0.003	0.763	52.4
263	-0.009	-0.004	0.770	52.6
264	-0.006	-0.007	0.770	52.8
265	-0.008	-0.008	0.763	53.0
266	-0.010	-0.010	0.767	53.2
267	-0.008	-0.012	0.758	53.4
268	-0.011	-0.011	0.775	53.6
269	-0.010	-0.008	0.775	53.8
270	-0.007	-0.008	0.762	54.0
271	-0.007	-0.003	0.768	54.2
272	-0.009	-0.004	0.773	54.4
273	-0.007	-0.007	0.767	54.6
274	-0.009	-0.011	0.777	54.8
275	-0.007	-0.009	0.765	55.0
276	-0.010	-0.010	0.767	55.2
277	-0.009	-0.008	0.776	55.4
278	-0.009	-0.009	0.769	55.6
279	-0.008	-0.006	0.780	55.8
280	-0.008	-0.005	0.772	56.0
281	-0.007	-0.004	0.766	56.2
282	-0.008	-0.007	0.765	56.4
283	-0.008	-0.010	0.770	56.6
284	-0.007	-0.011	0.767	56.8
285	-0.007	-0.007	0.773	57.0
286	-0.006	-0.006	0.777	57.2
287	-0.007	-0.007	0.766	57.4
288	-0.007	-0.005	0.765	57.6
289	-0.006	-0.009	0.779	57.8
290	-0.007	-0.008	0.769	58.0
291	-0.009	-0.009	0.767	58.2
292	-0.007	-0.006	0.780	58.4
293	-0.005	-0.005	0.776	58.6
294	-0.006	-0.003	0.772	58.8
295	-0.009	-0.005	0.768	59.0
296	-0.008	-0.006	0.763	59.2
297	-0.007	-0.010	0.764	59.4
298	-0.008	-0.011	0.779	59.6
299	-0.006	-0.004	0.771	59.8
300	-0.006	-0.002	0.780	60.0
301	-0.007	-0.003	0.760	60.2
302	-0.008	-0.009	0.773	60.4
303	-0.008	-0.010	0.778	60.6
304	-0.006	-0.008	0.764	60.8
305	-0.004	-0.005	0.765	61.0
306	-0.006	-0.005	0.761	61.2
307	-0.005	-0.006	0.762	61.4
308	-0.004	-0.007	0.770	61.6
309	-0.006	-0.008	0.768	61.8
310	-0.005	-0.006	0.761	62.0
311	-0.005	-0.005	0.768	62.2
312	-0.005	-0.009	0.767	62.4
313	-0.007	-0.005	0.772	62.6
314	-0.006	-0.004	0.771	62.8
315	-0.007	-0.007	0.781	63.0
316	-0.007	-0.009	0.766	63.2
317	-0.003	-0.005	0.769	63.4
318	-0.008	-0.002	0.772	63.6
319	-0.009	-0.002	0.768	63.8
320	-0.007	-0.006	0.768	64.0
321	-0.007	-0.010	0.768	64.2
322	-0.006	-0.009	0.770	64.4
323	-0.009	-0.006	0.774	64.6
324	-0.007	-0.003	0.767	64.8
325	-0.006	-0.005	0.764	65.0
326	-0.005	-0.008	0.765	65.2
327	-0.008	-0.007	0.768	65.4
328	-0.008	-0.005	0.769	65.6
329	-0.007	-0.005	0.763	65.8
330	-0.007	-0.008	0.774	66.0
331	-0.006	-0.007	0.763	66.2
332	-0.007	-0.007	0.769	66.4
333	-0.009	-0.007	0.773	66.6
334	-0.008	-0.008	0.776	66.8
335	-0.007	-0.007	0.769	67.0
336	-0.006	-0.008	0.760	67.2
337	-0.009	-0.005	0.772	67.4
338	-0.007	-0.002	0.769	67.6
339	-0.005	-0.008	0.767	67.8
340	-0.005	-0.008	0.769	68.0
341	-0.009	-0.007	0.775	68.2
342	-0.008	-0.005	0.766	68.4
343	-0.006	-0.009	0.773	68.6
344	-0.007	-0.008	0.770	68.8
345	-0.004	-0.007	0.772	69.0
346	-0.007	-0.007	0.774	69.2
347	-0.007	-0.005	0.782	69.4
348	-0.005	-0.006	0.772	69.6
349	-0.005	-0.013	0.781	69.8
350	-0.005	-0.008	0.768	70.0
351	-0.005	-0.006	0.773	70.2
352	-0.004	-0.005	0.765	70.4
353	-0.006	-0.004	0.768	70.6
354	-0.007	-0.006	0.776	70.8
355	-0.004	-0.008	0.775	71.0
356	-0.006	-0.007	0.770	71.2
357	-0.004	-0.007	0.770	71.4
358	-0.006	-0.010	0.769	71.6
359	-0.006	-0.005	0.766	71.8
360	-0.007	-0.008	0.770	72.0
361	-0.006	-0.007	0.766	72.2
362	-0.005	-0.006	0.760	72.4
363	-0.007	-0.007	0.761	72.6
364	-0.007	-0.009	0.781	72.8
365	-0.005	-0.005	0.779	73.0
366	-0.005	-0.006	0.771	73.2
367	-0.009	-0.005	0.766	73.4
368	-0.007	-0.009	0.773	73.6
369	-0.006	-0.007	0.767	73.8
370	-0.009	-0.007	0.774	74.0
371	-0.007	-0.007	0.773	74.2
372	-0.006	-0.007	0.772	74.4
373	-0.005	-0.010	0.768	74.6
374	-0.007	-0.007	0.770	74.8
375	-0.005	-0.009	0.770	75.0
376	-0.005	-0.007	0.768	75.2
377	-0.007	-0.006	0.769	75.4
378	-0.006	-0.007	0.776	75.6
379	-0.007	-0.004	0.767	75.8
380	-0.010	-0.009	0.763	76.0
381	-0.006	-0.007	0.773	76.2
382	-0.007	-0.009	0.760	76.4
383	-0.007	-0.008	0.774	76.6
384	-0.007	-0.007	0.760	76.8
385	-0.006	-0.007	0.766	77.0
386	-0.008	-0.009	0.761	77.2
387	-0.007	-0.007	0.775	77.4
388	-0.006	-0.008	0.759	77.6
389	-0.006	-0.007	0.765	77.8
390	-0.009	-0.006	0.772	78.0
391	-0.006	-0.010	0.763	78.2
392	-0.009	-0.008	0.768	78.4
393	-0.006	-0.009	0.761	78.6
394	-0.007	-0.007	0.777	78.8
395	-0.007	-0.003	0.761	79.0
396	-0.006	-0.007	0.766	79.2
397	-0.007	-0.007	0.773	79.4
398	-0.008	-0.010	0.764	79.6
399	-0.006	-0.009	0.765	79.8
400	-0.007	-0.007	0.770	80.0
401	-0.007	-0.008	0.773	80.2
402	-0.007	-0.006	0.771	80.4
403	-0.008	-0.005	0.759	80.6
404	-0.007	-0.007	0.773	80.8
405	-0.008	-0.009	0.772	81.0
406	-0.008	-0.009	0.773	81.2
407	-0.007	-0.005	0.772	81.4
408	-0.006	-0.004	0.770	81.6
409	-0.008	-0.006	0.774	81.8
410	-0.006	-0.010	0.765	82.0
411	-0.006	-0.008	0.767	82.2
412	-0.008	-0.005	0.769	82.4
413	-0.009	-0.005	0.770	82.6
414	-0.009	-0.004	0.756	82.8
415	-0.008	-0.011	0.771	83.0
416	-0.011	-0.008	0.776	83.2
417	-0.008	-0.009	0.772	83.4
418	-0.009	-0.005	0.766	83.6
419	-0.010	-0.006	0.775	83.8
420	-0.010	-0.007	0.777	84.0
421	-0.009	-0.005	0.769	84.2
422	-0.007	-0.005	0.775	84.4
423	-0.007	-0.006	0.767	84.6
424	-0.010	-0.006	0.771	84.8
425	-0.009	-0.007	0.760	85.0
426	-0.011	-0.008	0.778	85.2
427	-0.006	-0.007	0.765	85.4
428	-0.006	-0.009	0.765	85.6
429	-0.008	-0.006	0.768	85.8
430	-0.008	-0.006	0.776	86.0
431	-0.007	-0.001	0.768	86.2
432	-0.011	-0.008	0.773	86.4
433	-0.008	-0.009	0.765	86.6
434	-0.009	-0.013	0.777	86.8
435	-0.009	-0.009	0.773	87.0
436	-0.007	-0.006	0.761	87.2
437	-0.011	0.000	0.776	87.4
438	-0.008	-0.004	0.768	87.6
439	-0.010	-0.009	0.766	87.8
440	-0.007	-0.010	0.765	88.0
441	-0.009	-0.009	0.767	88.2
442	-0.009	-0.008	0.765	88.4
443	-0.007	-0.006	0.769	88.6
444	-0.007	-0.004	0.767	88.8
445	-0.007	-0.006	0.776	89.0
446	-0.009	-0.005	0.766	89.2
447	-0.007	-0.009	0.771	89.4
448	-0.008	-0.009	0.768	89.6
449	-0.005	-0.008	0.767	89.8
450	-0.006	-0.006	0.766	90.0
451	-0.009	-0.003	0.776	90.2
452	-0.008	-0.007	0.768	90.4
453	-0.010	-0.008	0.770	90.6
454	-0.009	-0.008	0.775	90.8
455	-0.009	-0.005	0.771	91.0
456	-0.009	-0.007	0.773	91.2
457	-0.009	-0.007	0.771	91.4
458	-0.007	-0.009	0.772	91.6
459	-0.009	-0.006	0.773	91.8
460	-0.007	-0.004	0.774	92.0
461	-0.011	-0.003	0.774	92.2
462	-0.009	-0.007	0.771	92.4
463	-0.008	-0.008	0.763	92.6
464	-0.007	-0.007	0.767	92.8
465	-0.007	-0.006	0.767	93.0
466	-0.006	-0.004	0.773	93.2
467	-0.006	-0.004	0.771	93.4
468	-0.004	-0.003	0.768	93.6
469	-0.006	-0.007	0.777	93.8
470	-0.005	-0.004	0.779	94.0
471	-0.006	-0.010	0.771	94.2
472	-0.004	-0.006	0.765	94.4
473	-0.005	-0.006	0.765	94.6
474	-0.005	-0.002	0.765	94.8
475	-0.006	-0.005	0.770	95.0
476	-0.006	-0.009	0.760	95.2
477	-0.005	-0.009	0.773	95.4
478	-0.005	-0.007	0.772	95.6
479	-0.007	-0.004	0.774	95.8
480	-0.007	-0.005	0.764	96.0
481	-0.007	-0.007	0.768	96.2
482	-0.007	-0.005	0.775	96.4
483	-0.007	-0.006	0.765	96.6
484	-0.008	-0.004	0.767	96.8
485	-0.010	-0.006	0.766	97.0
486	-0.009	-0.010	0.773	97.2
487	-0.009	-0.008	0.766	97.4
488	-0.007	-0.010	0.777	97.6
489	-0.007	-0.004	0.771	97.8
490	-0.009	-0.004	0.776	98.0
491	-0.006	-0.006	0.773	98.2
492	-0.006	-0.005	0.780	98.4
493	-0.007	-0.009	0.772	98.6
494	-0.008	-0.011	0.772	98.8
495	-0.005	-0.009	0.776	99.0
496	-0.004	-0.007	0.783	99.2
497	-0.006	-0.003	0.777	99.4
498	-0.006	-0.005	0.773	99.6
499	-0.008	-0.005	0.770	99.8
500	-0.006	-0.010	0.774	100.0
501	-0.008	-0.011	0.769	100.2
502	-0.009	-0.005	0.772	100.4
503	-0.007	-0.007	0.757	100.6
504	-0.009	-0.007	0.764	100.8
505	-0.009	-0.009	0.777	101.0
506	-0.009	-0.009	0.767	101.2
507	-0.011	-0.005	0.773	101.4
508	-0.008	-0.009	0.769	101.6
509	-0.010	-0.007	0.771	101.8
510	-0.009	-0.009	0.770	102.0
511	-0.009	-0.007	0.773	102.2
512	-0.009	-0.007	0.779	102.4
513	-0.010	-0.008	0.770	102.6
514	-0.010	-0.007	0.761	102.8
515	-0.009	-0.007	0.759	103.0
516	-0.009	-0.007	0.772	103.2
517	-0.007	-0.010	0.868	103.4
518	-0.077	0.159	1.062	103.6
519	-0.079	0.162	1.041	103.8
520	-0.076	0.157	1.046	104.0
521	-0.073	0.157	1.048	104.2
522	-0.076	0.155	1.032	104.4
523	-0.074	0.151	1.055	104.6
524	-0.073	0.151	1.044	104.8
525	-0.073	0.152	1.052	105.0
526	-0.075	0.150	1.048	105.2
527	-0.072	0.148	1.044	105.4
528	-0.074	0.150	1.030	105.6
529	-0.072	0.148	1.042	105.8
530	-0.071	0.148	1.030	106.0
531	-0.074	0.149	1.039	106.2
532	-0.072	0.148	1.036	106.4
533	-0.071	0.149	1.034	106.6
534	-0.073	0.144	1.029	106.8
535	-0.073	0.148	1.032	107.0
536	-0.072	0.148	1.041	107.2
537	-0.074	0.144	1.032	107.4
538	-0.071	0.145	1.028	107.6
539	-0.071	0.147	1.024	107.8
540	-0.072	0.145	1.035	108.0
541	-0.072	0.146	1.041	108.2
542	-0.071	0.144	1.022	108.4
543	-0.071	0.144	1.028	108.6
544	-0.069	0.145	1.034	108.8
545	-0.069	0.144	1.028	109.0
546	-0.072	0.144	1.022	109.2
547	-0.072	0.143	1.025	109.4
548	-0.070	0.144	1.030	109.6
549	-0.070	0.145	1.026	109.8
550	-0.072	0.142	1.015	110.0
551	-0.071	0.144	1.028	110.2
552	-0.069	0.144	1.031	110.4
553	-0.070	0.142	1.020	110.6
554	-0.072	0.144	1.014	110.8
555	-0.072	0.144	1.037	111.0
556	-0.071	0.142	1.029	111.2
557	-0.070	0.141	1.018	111.4
558	-0.068	0.145	1.022	111.6
559	-0.071	0.144	1.025	111.8
560	-0.071	0.144	1.036	112.0
561	-0.070	0.144	1.016	112.2
562	-0.070	0.143	1.018	112.4
563	-0.068	0.144	1.022	112.6
564	-0.071	0.142	1.019	112.8
565	-0.070	0.143	1.023	113.0
566	-0.071	0.140	1.032	113.2
567	-0.070	0.143	1.028	113.4
568	-0.071	0.140	1.025	113.6
569	-0.072	0.142	1.018	113.8
570	-0.071	0.141	1.028	114.0
571	-0.070	0.140	1.034	114.2
572	-0.070	0.139	1.017	114.4
573	-0.072	0.142	1.011	114.6
574	-0.070	0.139	1.028	114.8
575	-0.070	0.141	1.030	115.0
576	-0.072	0.138	1.024	115.2
577	-0.072	0.141	1.031	115.4
578	-0.071	0.141	1.019	115.6
579	-0.071	0.139	1.024	115.8
580	-0.071	0.138	1.025	116.0
581	-0.069	0.140	1.021	116.2
582	-0.070	0.141	1.031	116.4
583	-0.071	0.138	1.028	116.6
584	-0.070	0.141	1.013	116.8
585	-0.071	0.138	1.016	117.0
586	-0.069	0.140	1.027	117.2
587	-0.069	0.140	1.026	117.4
588	-0.070	0.142	1.013	117.6
589	-0.069	0.138	1.034	117.8
590	-0.069	0.138	1.028	118.0
591	-0.072	0.138	1.012	118.2
592	-0.070	0.141	1.019	118.4
593	-0.067	0.139	1.016	118.6
594	-0.071	0.139	1.029	118.8
595	-0.069	0.137	1.019	119.0
596	-0.070	0.141	1.009	119.2
597	-0.069	0.138	1.033	119.4
598	-0.067	0.139	1.021	119.6
599	-0.069	0.134	1.026	119.8
600	-0.070	0.140	1.020	120.0
601	-0.067	0.140	1.017	120.2
602	-0.068	0.138	1.011	120.4
603	-0.067	0.137	1.034	120.6
604	-0.066	0.140	1.017	120.8
605	-0.068	0.139	1.016	121.0
606	-0.069	0.139	1.028	121.2
607	-0.066	0.140	1.011	121.4
608	-0.067	0.137	1.021	121.6
609	-0.066	0.137	1.017	121.8
610	-0.067	0.139	1.020	122.0
611	-0.069	0.141	1.013	122.2
612	-0.068	0.136	1.012	122.4
613	-0.065	0.138	1.020	122.6
614	-0.066	0.136	1.013	122.8
615	-0.067	0.141	1.018	123.0
616	-0.067	0.136	1.019	123.2
617	-0.069	0.138	1.016	123.4
618	-0.067	0.136	1.011	123.6
619	-0.066	0.137	1.018	123.8
620	-0.067	0.137	1.011	124.0
621	-0.069	0.140	1.025	124.2
622	-0.067	0.134	1.010	124.4
623	-0.067	0.138	1.016	124.6
624	-0.066	0.135	1.020	124.8
625	-0.065	0.139	1.021	125.0
626	-0.064	0.136	1.018	125.2
627	-0.065	0.134	1.009	125.4
628	-0.066	0.137	1.012	125.6
629	-0.067	0.139	1.015	125.8
630	-0.068	0.136	1.022	126.0
631	-0.065	0.137	1.017	126.2
632	-0.067	0.136	1.021	126.4
633	-0.067	0.138	1.009	126.6
634	-0.068	0.138	1.019	126.8
635	-0.067	0.138	1.003	127.0
636	-0.067	0.131	1.018	127.2
637	-0.066	0.136	1.017	127.4
638	-0.066	0.140	1.008	127.6
639	-0.068	0.136	1.021	127.8
640	-0.068	0.137	1.015	128.0
641	-0.066	0.137	1.006	128.2
642	-0.068	0.137	1.021	128.4
643	-0.067	0.135	1.014	128.6
644	-0.065	0.137	1.023	128.8
645	-0.067	0.137	1.011	129.0
646	-0.068	0.135	1.006	129.2
647	-0.068	0.139	1.015	129.4
648	-0.068	0.136	1.016	129.6
649	-0.066	0.138	1.024	129.8
650	-0.068	0.135	1.011	130.0
651	-0.068	0.134	1.007	130.2
652	-0.067	0.138	1.014	130.4
653	-0.067	0.136	1.017	130.6
654	-0.068	0.136	1.014	130.8
655	-0.065	0.133	1.025	131.0
656	-0.067	0.136	1.011	131.2
657	-0.068	0.136	1.008	131.4
658	-0.067	0.133	1.020	131.6
659	-0.067	0.136	1.010	131.8
660	-0.066	0.133	1.007	132.0
661	-0.066	0.137	1.014	132.2
662	-0.068	0.136	1.010	132.4
663	-0.066	0.135	1.008	132.6
664	-0.067	0.134	1.024	132.8
665	-0.065	0.134	1.004	133.0
666	-0.067	0.137	1.017	133.2
667	-0.066	0.134	1.023	133.4
668	-0.068	0.135	1.013	133.6
669	-0.068	0.133	1.010	133.8
670	-0.066	0.136	1.015	134.0
671	-0.068	0.137	1.007	134.2
672	-0.069	0.136	1.012	134.4
673	-0.066	0.134	1.015	134.6
674	-0.067	0.135	1.011	134.8
675	-0.068	0.134	1.011	135.0
676	-0.069	0.135	1.013	135.2
677	-0.068	0.136	1.008	135.4
678	-0.067	0.132	1.015	135.6
679	-0.066	0.137	1.010	135.8
680	-0.069	0.134	1.013	136.0
681	-0.067	0.137	1.015	136.2
682	-0.067	0.136	1.009	136.4
683	-0.066	0.133	1.014	136.6
684	-0.068	0.131	1.010	136.8
685	-0.066	0.135	1.017	137.0
686	-0.066	0.133	1.008	137.2
687	-0.068	0.133	1.000	137.4
688	-0.067	0.134	1.024	137.6
689	-0.066	0.135	0.999	137.8
690	-0.067	0.135	1.011	138.0
691	-0.064	0.134	1.008	138.2
692	-0.066	0.130	1.001	138.4
693	-0.066	0.133	1.009	138.6
694	-0.066	0.137	1.010	138.8
695	-0.067	0.134	1.012	139.0
696	-0.068	0.133	1.003	139.2
697	-0.066	0.135	1.024	139.4
698	-0.065	0.133	1.003	139.6
699	-0.067	0.134	1.012	139.8
700	-0.068	0.136	1.008	140.0
701	-0.066	0.135	1.010	140.2
702	-0.065	0.132	1.006	140.4
703	-0.066	0.134	1.015	140.6
704	-0.065	0.135	1.002	140.8
705	-0.066	0.134	1.006	141.0
706	-0.066	0.134	1.014	141.2
707	-0.065	0.133	1.009	141.4
708	-0.068	0.133	1.007	141.6
709	-0.066	0.134	1.007	141.8
710	-0.066	0.134	1.018	142.0
711	-0.065	0.132	1.006	142.2
712	-0.067	0.133	1.000	142.4
713	-0.067	0.134	1.004	142.6
714	-0.068	0.134	1.020	142.8
715	-0.066	0.130	1.005	143.0
716	-0.067	0.132	1.008	143.2
717	-0.064	0.132	1.008	143.4
718	-0.068	0.132	1.009	143.6
719	-0.066	0.134	1.011	143.8
720	-0.066	0.134	1.003	144.0
721	-0.066	0.130	1.011	144.2
722	-0.065	0.133	1.003	144.4
723	-0.065	0.133	1.003	144.6
724	-0.067	0.134	1.015	144.8
725	-0.064	0.131	1.019	145.0
726	-0.066	0.132	1.002	145.2
727	-0.066	0.134	1.006	145.4
728	-0.066	0.134	0.994	145.6
729	-0.067	0.130	1.013	145.8
730	-0.065	0.132	1.011	146.0
731	-0.064	0.133	1.001	146.2
732	-0.068	0.132	1.012	146.4
733	-0.066	0.130	1.020	146.6
734	-0.065	0.131	1.002	146.8
735	-0.065	0.131	1.002	147.0
736	-0.067	0.130	1.004	147.2
737	-0.067	0.134	0.995	147.4
738	-0.068	0.132	1.004	147.6
739	-0.065	0.131	1.016	147.8
740	-0.067	0.129	1.007	148.0
741	-0.068	0.132	1.000	148.2
742	-0.068	0.131	1.005	148.4
743	-0.067	0.131	1.004	148.6
744	-0.067	0.131	1.019	148.8
745	-0.066	0.133	1.011	149.0
746	-0.068	0.133	0.993	149.2
747	-0.069	0.132	1.019	149.4
748	-0.068	0.133	1.007	149.6
749	-0.067	0.131	1.004	149.8
750	-0.068	0.132	1.017	150.0
751	-0.067	0.132	1.003	150.2
752	-0.068	0.131	1.002	150.4
753	-0.068	0.134	1.002	150.6
754	-0.067	0.131	0.993	150.8
755	-0.067	0.131	1.010	151.0
756	-0.068	0.132	1.012	151.2
757	-0.066	0.133	0.999	151.4
758	-0.068	0.130	0.995	151.6
759	-0.067	0.130	1.004	151.8
760	-0.067	0.131	1.011	152.0
761	-0.066	0.134	0.999	152.2
762	-0.067	0.131	1.002	152.4
763	-0.065	0.130	1.009	152.6
764	-0.065	0.129	1.006	152.8
765	-0.067	0.134	0.995	153.0
766	-0.067	0.131	0.999	153.2
767	-0.065	0.131	1.002	153.4
768	-0.065	0.129	1.011	153.6
769	-0.064	0.132	1.008	153.8
770	-0.068	0.133	0.993	154.0
771	-0.068	0.132	1.016	154.2
772	-0.065	0.131	1.017	154.4
773	-0.067	0.132	0.995	154.6
774	-0.065	0.133	1.007	154.8
775	-0.067	0.134	1.012	155.0
776	-0.064	0.132	1.007	155.2
777	-0.065	0.133	1.011	155.4
778	-0.066	0.131	1.001	155.6
779	-0.066	0.131	1.010	155.8
780	-0.066	0.133	1.014	156.0
781	-0.065	0.133	0.996	156.2
782	-0.067	0.134	1.000	156.4
783	-0.066	0.134	1.012	156.6
784	-0.063	0.132	0.999	156.8
785	-0.066	0.135	0.992	157.0
786	-0.065	0.134	0.997	157.2
787	-0.065	0.132	1.004	157.4
788	-0.068	0.133	1.010	157.6
789	-0.068	0.133	0.998	157.8
790	-0.067	0.134	1.014	158.0
791	-0.064	0.128	1.003	158.2
792	-0.067	0.132	1.009	158.4
793	-0.067	0.133	1.001	158.6
794	-0.065	0.131	1.008	158.8
795	-0.067	0.131	1.018	159.0
796	-0.066	0.131	0.991	159.2
797	-0.067	0.130	1.002	159.4
798	-0.067	0.132	1.006	159.6
799	-0.067	0.133	1.004	159.8
800	-0.066	0.130	0.993	160.0
801	-0.065	0.129	0.997	160.2
802	-0.068	0.130	0.997	160.4
803	-0.066	0.131	0.994	160.6
804	-0.067	0.130	1.007	160.8
805	-0.067	0.129	1.002	161.0
806	-0.067	0.129	1.004	161.2
807	-0.069	0.131	1.004	161.4
808	-0.067	0.130	1.008	161.6
809	-0.068	0.130	0.993	161.8
810	-0.068	0.129	1.006	162.0
811	-0.065	0.129	0.997	162.2
812	-0.067	0.129	0.993	162.4
813	-0.067	0.129	0.998	162.6
814	-0.068	0.129	1.011	162.8
815	-0.067	0.131	1.004	163.0
816	-0.065	0.131	1.002	163.2
817	-0.065	0.129	0.997	163.4
818	-0.066	0.129	1.003	163.6
819	-0.065	0.129	1.003	163.8
820	-0.067	0.129	1.000	164.0
821	-0.066	0.128	1.002	164.2
822	-0.066	0.129	1.009	164.4
823	-0.066	0.128	1.007	164.6
824	-0.069	0.127	0.997	164.8
825	-0.069	0.128	1.001	165.0
826	-0.068	0.129	0.993	165.2
827	-0.066	0.127	1.002	165.4
828	-0.068	0.127	1.016	165.6
829	-0.067	0.130	0.997	165.8
830	-0.067	0.130	1.005	166.0
831	-0.068	0.130	1.006	166.2
832	-0.067	0.127	1.009	166.4
833	-0.068	0.127	0.998	166.6
834	-0.067	0.126	1.012	166.8
835	-0.066	0.128	1.005	167.0
836	-0.068	0.127	1.006	167.2
837	-0.069	0.127	1.008	167.4
838	-0.068	0.127	1.013	167.6
839	-0.068	0.126	1.011	167.8
840	-0.069	0.128	0.998	168.0
841	-0.069	0.130	0.995	168.2
842	-0.066	0.127	1.001	168.4
843	-0.066	0.126	1.007	168.6
844	-0.066	0.127	0.994	168.8
845	-0.065	0.129	1.001	169.0
846	-0.068	0.128	0.999	169.2
847	-0.065	0.128	0.999	169.4
848	-0.068	0.125	0.991	169.6
849	-0.067	0.128	1.008	169.8
850	-0.067	0.130	1.012	170.0
851	-0.068	0.130	0.994	170.2
852	-0.067	0.128	1.010	170.4
853	-0.068	0.128	1.004	170.6
854	-0.067	0.129	1.003	170.8
855	-0.068	0.128	0.999	171.0
856	-0.067	0.129	1.010	171.2
857	-0.067	0.128	0.989	171.4
858	-0.066	0.127	1.011	171.6
859	-0.066	0.129	1.005	171.8
860	-0.069	0.128	1.008	172.0
861	-0.067	0.128	1.003	172.2
862	-0.064	0.128	1.006	172.4
863	-0.068	0.128	1.006	172.6
864	-0.068	0.129	0.998	172.8
865	-0.068	0.130	1.000	173.0
866	-0.066	0.128	1.005	173.2
867	-0.067	0.128	1.006	173.4
868	-0.066	0.130	0.998	173.6
869	-0.066	0.128	1.013	173.8
870	-0.065	0.129	1.008	174.0
871	-0.066	0.126	1.000	174.2
872	-0.067	0.129	0.998	174.4
873	-0.066	0.130	1.000	174.6
874	-0.067	0.128	1.002	174.8
875	-0.071	0.127	0.998	175.0
876	-0.067	0.128	1.009	175.2
877	-0.068	0.127	1.000	175.4
878	-0.069	0.128	0.997	175.6
879	-0.064	0.128	1.004	175.8
880	-0.065	0.128	1.002	176.0
881	-0.067	0.126	0.990	176.2
882	-0.065	0.129	1.007	176.4
883	-0.067	0.130	1.000	176.6
884	-0.068	0.130	0.998	176.8
885	-0.064	0.128	0.996	177.0
886	-0.067	0.129	0.989	177.2
887	-0.067	0.128	1.003	177.4
888	-0.068	0.130	0.998	177.6
889	-0.067	0.130	1.006	177.8
890	-0.068	0.127	1.000	178.0
891	-0.065	0.128	0.998	178.2
892	-0.067	0.129	1.005	178.4
893	-0.067	0.131	1.006	178.6
894	-0.067	0.128	1.010	178.8
895	-0.066	0.128	1.007	179.0
896	-0.067	0.131	0.992	179.2
897	-0.068	0.130	1.013	179.4
898	-0.068	0.129	1.008	179.6
899	-0.067	0.128	1.000	179.8
900	-0.067	0.128	1.000	180.0
901	-0.069	0.130	1.001	180.2
902	-0.067	0.129	1.000	180.4
903	-0.067	0.130	1.009	180.6
904	-0.067	0.128	0.987	180.8
905	-0.068	0.129	1.008	181.0
906	-0.068	0.132	1.012	181.2
907	-0.068	0.131	0.994	181.4
908	-0.069	0.129	0.991	181.6
909	-0.066	0.128	0.996	181.8
910	-0.069	0.128	1.000	182.0
911	-0.068	0.129	1.010	182.2
912	-0.066	0.131	0.998	182.4
913	-0.070	0.128	0.999	182.6
914	-0.069	0.129	1.008	182.8
915	-0.067	0.129	1.000	183.0
916	-0.068	0.127	1.003	183.2
917	-0.068	0.132	1.011	183.4
918	-0.067	0.130	0.988	183.6
919	-0.069	0.130	0.997	183.8
920	-0.068	0.131	1.010	184.0
921	-0.067	0.132	1.003	184.2
922	-0.067	0.131	0.988	184.4
923	-0.067	0.129	1.004	184.6
924	-0.068	0.128	1.009	184.8
925	-0.068	0.128	0.995	185.0
926	-0.068	0.131	1.010	185.2
927	-0.068	0.129	0.991	185.4
928	-0.069	0.129	0.996	185.6
929	-0.069	0.128	1.006	185.8
930	-0.067	0.128	1.001	186.0
931	-0.066	0.129	0.999	186.2
932	-0.069	0.126	0.999	186.4
933	-0.069	0.130	1.008	186.6
934	-0.068	0.126	0.993	186.8
935	-0.067	0.130	0.995	187.0
936	-0.069	0.130	1.010	187.2
937	-0.068	0.128	0.994	187.4
938	-0.069	0.128	0.998	187.6
939	-0.068	0.128	1.005	187.8
940	-0.072	0.129	0.991	188.0
941	-0.070	0.126	1.002	188.2
942	-0.068	0.126	1.006	188.4
943	-0.069	0.129	0.995	188.6
944	-0.069	0.128	1.008	188.8
945	-0.069	0.126	0.996	189.0
946	-0.068	0.127	0.995	189.2
947	-0.069	0.125	0.997	189.4
948	-0.069	0.130	1.012	189.6
949	-0.069	0.129	0.987	189.8
950	-0.071	0.127	1.008	190.0
951	-0.065	0.126	0.995	190.2
952	-0.069	0.125	0.995	190.4
953	-0.071	0.128	1.000	190.6
954	-0.068	0.128	1.002	190.8
955	-0.072	0.126	0.986	191.0
956	-0.069	0.125	1.004	191.2
957	-0.068	0.127	0.998	191.4
958	-0.070	0.127	1.000	191.6
959	-0.071	0.123	0.998	191.8
960	-0.068	0.123	0.995	192.0
961	-0.068	0.125	0.993	192.2
962	-0.069	0.126	0.994	192.4
963	-0.070	0.126	0.989	192.6
964	-0.071	0.124	0.994	192.8
965	-0.067	0.124	1.002	193.0
966	-0.071	0.123	1.002	193.2
967	-0.071	0.124	1.002	193.4
968	-0.070	0.124	0.995	193.6
969	-0.068	0.123	1.005	193.8
970	-0.068	0.125	1.008	194.0
971	-0.069	0.122	0.996	194.2
972	-0.068	0.123	1.001	194.4
973	-0.068	0.124	0.999	194.6
974	-0.067	0.126	0.992	194.8
975	-0.067	0.125	1.000	195.0
976	-0.068	0.127	1.002	195.2
977	-0.070	0.127	0.994	195.4
978	-0.068	0.128	1.002	195.6
979	-0.067	0.126	0.997	195.8
980	-0.067	0.126	0.999	196.0
981	-0.070	0.126	1.014	196.2
982	-0.069	0.128	0.991	196.4
983	-0.069	0.126	0.990	196.6
984	-0.067	0.125	1.006	196.8
985	-0.068	0.124	0.998	197.0
986	-0.068	0.126	0.994	197.2
987	-0.068	0.126	0.999	197.4
988	-0.067	0.125	0.988	197.6
989	-0.068	0.125	0.998	197.8
990	-0.066	0.128	1.006	198.0
991	-0.069	0.128	1.000	198.2
992	-0.067	0.126	0.999	198.4
993	-0.066	0.127	0.994	198.6
994	-0.067	0.128	0.993	198.8
995	-0.067	0.124	1.008	199.0
996	-0.066	0.129	1.008	199.2
997	-0.068	0.126	0.983	199.4
998	-0.066	0.126	0.997	199.6
999	-0.065	0.126	1.005	199.8
1000	-0.068	0.124	0.995	200.0
1001	-0.067	0.124	0.997	200.2
1002	-0.067	0.127	0.995	200.4
1003	-0.067	0.122	0.992	200.6
1004	-0.066	0.127	1.000	200.8
1005	-0.067	0.125	0.997	201.0
1006	-0.065	0.125	0.994	201.2
1007	-0.067	0.124	1.004	201.4
1008	-0.065	0.124	0.982	201.6
1009	-0.067	0.126	1.002	201.8
1010	-0.066	0.125	1.004	202.0
1011	-0.069	0.124	0.989	202.2
1012	-0.064	0.123	1.002	202.4
1013	-0.067	0.123	0.988	202.6
1014	-0.066	0.124	1.008	202.8
1015	-0.067	0.125	0.985	203.0
1016	-0.066	0.123	0.998	203.2
1017	-0.068	0.123	1.002	203.4
1018	-0.088	0.180	1.238	203.6
1019	-0.131	0.298	1.289	203.8
1020	-0.125	0.288	1.267	204.0
1021	-0.120	0.281	1.251	204.2
1022	-0.120	0.279	1.257	204.4
1023	-0.119	0.278	1.255	204.6
1024	-0.120	0.278	1.248	204.8
1025	-0.119	0.276	1.250	205.0
1026	-0.119	0.275	1.240	205.2
1027	-0.119	0.274	1.248	205.4
1028	-0.120	0.274	1.244	205.6
1029	-0.115	0.273	1.242	205.8
1030	-0.118	0.277	1.240	206.0
1031	-0.117	0.270	1.236	206.2
1032	-0.117	0.270	1.240	206.4
1033	-0.116	0.273	1.242	206.6
1034	-0.119	0.271	1.232	206.8
1035	-0.113	0.271	1.242	207.0
1036	-0.115	0.272	1.232	207.2
1037	-0.117	0.270	1.228	207.4
1038	-0.117	0.271	1.242	207.6
1039	-0.114	0.271	1.230	207.8
1040	-0.117	0.268	1.233	208.0
1041	-0.115	0.271	1.243	208.2
1042	-0.117	0.268	1.234	208.4
1043	-0.116	0.270	1.232	208.6
1044	-0.113	0.270	1.243	208.8
1045	-0.115	0.267	1.233	209.0
1046	-0.115	0.265	1.233	209.2
1047	-0.113	0.267	1.235	209.4
1048	-0.118	0.268	1.229	209.6
1049	-0.117	0.269	1.230	209.8
1050	-0.115	0.268	1.221	210.0
1051	-0.116	0.264	1.233	210.2
1052	-0.114	0.267	1.219	210.4
1053	-0.116	0.267	1.218	210.6
1054	-0.116	0.262	1.231	210.8
1055	-0.114	0.265	1.238	211.0
1056	-0.117	0.266	1.231	211.2
1057	-0.115	0.266	1.227	211.4
1058	-0.113	0.269	1.237	211.6
1059	-0.114	0.262	1.235	211.8
1060	-0.113	0.263	1.232	212.0
1061	-0.113	0.266	1.223	212.2
1062	-0.115	0.267	1.221	212.4
1063	-0.113	0.264	1.218	212.6
1064	-0.112	0.265	1.224	212.8
1065	-0.113	0.264	1.230	213.0
1066	-0.114	0.263	1.213	213.2
1067	-0.114	0.265	1.224	213.4
1068	-0.114	0.264	1.225	213.6
1069	-0.113	0.261	1.223	213.8
1070	-0.115	0.262	1.234	214.0
1071	-0.113	0.265	1.228	214.2
1072	-0.116	0.263	1.222	214.4
1073	-0.112	0.264	1.232	214.6
1074	-0.113	0.263	1.223	214.8
1075	-0.113	0.264	1.222	215.0
1076	-0.114	0.264	1.226	215.2
1077	-0.117	0.262	1.221	215.4
1078	-0.112	0.264	1.220	215.6
1079	-0.112	0.262	1.222	215.8
1080	-0.113	0.264	1.220	216.0
1081	-0.113	0.264	1.225	216.2
1082	-0.115	0.262	1.228	216.4
1083	-0.112	0.261	1.211	216.6
1084	-0.112	0.260	1.228	216.8
1085	-0.116	0.264	1.220	217.0
1086	-0.114	0.262	1.214	217.2
1087	-0.111	0.260	1.220	217.4
1088	-0.112	0.259	1.224	217.6
1089	-0.112	0.262	1.225	217.8
1090	-0.113	0.263	1.213	218.0
1091	-0.114	0.260	1.224	218.2
1092	-0.111	0.261	1.218	218.4
1093	-0.111	0.260	1.229	218.6
1094	-0.113	0.258	1.226	218.8
1095	-0.113	0.260	1.224	219.0
1096	-0.113	0.260	1.214	219.2
1097	-0.113	0.258	1.215	219.4
1098	-0.112	0.258	1.228	219.6
1099	-0.115	0.258	1.227	219.8
1100	-0.113	0.262	1.219	220.0
1101	-0.115	0.256	1.216	220.2
1102	-0.111	0.257	1.227	220.4
1103	-0.111	0.257	1.215	220.6
1104	-0.112	0.258	1.222	220.8
1105	-0.113	0.260	1.217	221.0
1106	-0.111	0.256	1.220	221.2
1107	-0.111	0.256	1.220	221.4
1108	-0.112	0.260	1.225	221.6
1109	-0.112	0.258	1.215	221.8
1110	-0.112	0.256	1.205	222.0
1111	-0.111	0.253	1.224	222.2
1112	-0.110	0.259	1.220	222.4
1113	-0.110	0.259	1.224	222.6
1114	-0.113	0.257	1.225	222.8
1115	-0.111	0.256	1.207	223.0
1116	-0.110	0.254	1.215	223.2
1117	-0.112	0.256	1.216	223.4
1118	-0.112	0.255	1.218	223.6
1119	-0.110	0.253	1.216	223.8
1120	-0.111	0.254	1.220	224.0
1121	-0.112	0.253	1.224	224.2
1122	-0.110	0.254	1.212	224.4
1123	-0.111	0.255	1.222	224.6
1124	-0.110	0.253	1.221	224.8
1125	-0.111	0.254	1.206	225.0
1126	-0.111	0.255	1.207	225.2
1127	-0.111	0.256	1.229	225.4
1128	-0.112	0.255	1.225	225.6
1129	-0.111	0.254	1.215	225.8
1130	-0.110	0.255	1.207	226.0
1131	-0.111	0.255	1.219	226.2
1132	-0.109	0.255	1.218	226.4
1133	-0.111	0.252	1.225	226.6
1134	-0.108	0.253	1.213	226.8
1135	-0.109	0.253	1.215	227.0
1136	-0.110	0.257	1.212	227.2
1137	-0.109	0.256	1.226	227.4
1138	-0.111	0.252	1.210	227.6
1139	-0.109	0.254	1.217	227.8
1140	-0.110	0.252	1.216	228.0
1141	-0.110	0.255	1.216	228.2
1142	-0.110	0.257	1.215	228.4
1143	-0.109	0.255	1.220	228.6
1144	-0.110	0.252	1.214	228.8
1145	-0.110	0.251	1.211	229.0
1146	-0.109	0.252	1.222	229.2
1147	-0.109	0.254	1.220	229.4
1148	-0.110	0.254	1.220	229.6
1149	-0.109	0.249	1.203	229.8
1150	-0.111	0.250	1.216	230.0
1151	-0.110	0.251	1.217	230.2
1152	-0.109	0.250	1.221	230.4
1153	-0.111	0.251	1.213	230.6
1154	-0.111	0.248	1.222	230.8
1155	-0.110	0.249	1.214	231.0
1156	-0.110	0.248	1.210	231.2
1157	-0.111	0.250	1.220	231.4
1158	-0.110	0.247	1.213	231.6
1159	-0.110	0.245	1.220	231.8
1160	-0.111	0.245	1.202	232.0
1161	-0.109	0.248	1.218	232.2
1162	-0.110	0.247	1.211	232.4
1163	-0.110	0.245	1.222	232.6
1164	-0.112	0.247	1.207	232.8
1165	-0.112	0.248	1.198	233.0
1166	-0.111	0.248	1.225	233.2
1167	-0.110	0.248	1.206	233.4
1168	-0.111	0.248	1.212	233.6
1169	-0.111	0.248	1.213	233.8
1170	-0.112	0.249	1.221	234.0
1171	-0.112	0.249	1.211	234.2
1172	-0.112	0.245	1.207	234.4
1173	-0.112	0.246	1.216	234.6
1174	-0.112	0.246	1.209	234.8
1175	-0.114	0.249	1.215	235.0
1176	-0.115	0.251	1.211	235.2
1177	-0.113	0.250	1.208	235.4
1178	-0.114	0.249	1.208	235.6
1179	-0.112	0.251	1.216	235.8
1180	-0.112	0.250	1.214	236.0
1181	-0.112	0.248	1.206	236.2
1182	-0.113	0.245	1.212	236.4
1183	-0.113	0.247	1.214	236.6
1184	-0.111	0.247	1.200	236.8
1185	-0.112	0.249	1.213	237.0
1186	-0.114	0.247	1.218	237.2
1187	-0.112	0.246	1.218	237.4
1188	-0.111	0.247	1.206	237.6
1189	-0.112	0.249	1.216	237.8
1190	-0.113	0.251	1.218	238.0
1191	-0.111	0.249	1.207	238.2
1192	-0.112	0.250	1.206	238.4
1193	-0.111	0.249	1.209	238.6
1194	-0.111	0.251	1.217	238.8
1195	-0.111	0.249	1.214	239.0
1196	-0.111	0.246	1.207	239.2
1197	-0.111	0.246	1.205	239.4
1198	-0.109	0.249	1.200	239.6
1199	-0.111	0.248	1.210	239.8
1200	-0.110	0.249	1.207	240.0
1201	-0.112	0.247	1.207	240.2
1202	-0.110	0.249	1.213	240.4
1203	-0.111	0.248	1.203	240.6
1204	-0.112	0.249	1.204	240.8
1205	-0.110	0.249	1.203	241.0
1206	-0.112	0.248	1.213	241.2
1207	-0.112	0.247	1.206	241.4
1208	-0.112	0.250	1.215	241.6
1209	-0.114	0.248	1.201	241.8
1210	-0.111	0.247	1.211	242.0
1211	-0.110	0.245	1.201	242.2
1212	-0.112	0.246	1.212	242.4
1213	-0.110	0.247	1.206	242.6
1214	-0.113	0.246	1.216	242.8
1215	-0.112	0.245	1.212	243.0
1216	-0.110	0.247	1.215	243.2
1217	-0.110	0.248	1.197	243.4
1218	-0.111	0.249	1.201	243.6
1219	-0.111	0.246	1.217	243.8
1220	-0.112	0.248	1.204	244.0
1221	-0.112	0.248	1.212	244.2
1222	-0.111	0.250	1.207	244.4
1223	-0.111	0.249	1.216	244.6
1224	-0.111	0.248	1.201	244.8
1225	-0.108	0.243	1.213	245.0
1226	-0.111	0.246	1.195	245.2
1227	-0.111	0.247	1.207	245.4
1228	-0.111	0.246	1.207	245.6
1229	-0.112	0.247	1.207	245.8
1230	-0.111	0.245	1.207	246.0
1231	-0.112	0.244	1.209	246.2
1232	-0.109	0.248	1.207	246.4
1233	-0.109	0.247	1.196	246.6
1234	-0.111	0.246	1.211	246.8
1235	-0.112	0.245	1.210	247.0
1236	-0.111	0.247	1.203	247.2
1237	-0.112	0.248	1.209	247.4
1238	-0.112	0.246	1.197	247.6
1239	-0.112	0.243	1.210	247.8
1240	-0.111	0.246	1.202	248.0
1241	-0.112	0.246	1.201	248.2
1242	-0.113	0.245	1.198	248.4
1243	-0.112	0.244	1.202	248.6
1244	-0.113	0.247	1.198	248.8
1245	-0.112	0.246	1.210	249.0
1246	-0.111	0.247	1.203	249.2
1247	-0.114	0.245	1.202	249.4
1248	-0.111	0.247	1.199	249.6
1249	-0.112	0.244	1.205	249.8
1250	-0.112	0.246	1.214	250.0
1251	-0.111	0.246	1.214	250.2
1252	-0.114	0.244	1.203	250.4
1253	-0.112	0.245	1.200	250.6
1254	-0.111	0.242	1.217	250.8
1255	-0.112	0.244	1.211	251.0
1256	-0.111	0.245	1.204	251.2
1257	-0.111	0.244	1.199	251.4
1258	-0.112	0.245	1.206	251.6
1259	-0.111	0.245	1.206	251.8
1260	-0.112	0.245	1.200	252.0
1261	-0.113	0.244	1.206	252.2
1262	-0.112	0.244	1.206	252.4
1263	-0.111	0.245	1.199	252.6
1264	-0.111	0.243	1.205	252.8
1265	-0.109	0.247	1.200	253.0
1266	-0.109	0.243	1.200	253.2
1267	-0.110	0.243	1.212	253.4
1268	-0.110	0.243	1.194	253.6
1269	-0.108	0.243	1.201	253.8
1270	-0.110	0.245	1.198	254.0
1271	-0.111	0.248	1.203	254.2
1272	-0.109	0.245	1.196	254.4
1273	-0.109	0.246	1.206	254.6
1274	-0.108	0.247	1.200	254.8
1275	-0.107	0.246	1.200	255.0
1276	-0.108	0.245	1.203	255.2
1277	-0.108	0.245	1.204	255.4
1278	-0.108	0.244	1.209	255.6
1279	-0.107	0.246	1.196	255.8
1280	-0.110	0.246	1.216	256.0
1281	-0.108	0.244	1.203	256.2
1282	-0.106	0.245	1.196	256.4
1283	-0.107	0.246	1.197	256.6
1284	-0.108	0.246	1.212	256.8
1285	-0.108	0.245	1.199	257.0
1286	-0.107	0.245	1.200	257.2
1287	-0.108	0.246	1.201	257.4
1288	-0.107	0.246	1.195	257.6
1289	-0.109	0.247	1.199	257.8
1290	-0.109	0.246	1.203	258.0
1291	-0.109	0.243	1.213	258.2
1292	-0.107	0.243	1.199	258.4
1293	-0.108	0.246	1.196	258.6
1294	-0.109	0.245	1.200	258.8
1295	-0.109	0.245	1.205	259.0
1296	-0.106	0.245	1.185	259.2
1297	-0.107	0.244	1.193	259.4
1298	-0.108	0.244	1.210	259.6
1299	-0.108	0.244	1.199	259.8
1300	-0.107	0.244	1.194	260.0
1301	-0.109	0.242	1.199	260.2
1302	-0.108	0.245	1.202	260.4
1303	-0.109	0.244	1.193	260.6
1304	-0.109	0.244	1.192	260.8
1305	-0.109	0.244	1.210	261.0
1306	-0.109	0.245	1.203	261.2
1307	-0.110	0.245	1.196	261.4
1308	-0.110	0.245	1.201	261.6
1309	-0.111	0.245	1.207	261.8
1310	-0.110	0.241	1.198	262.0
1311	-0.109	0.243	1.192	262.2
1312	-0.111	0.246	1.187	262.4
1313	-0.111	0.246	1.201	262.6
1314	-0.111	0.242	1.201	262.8
1315	-0.110	0.242	1.202	263.0
1316	-0.111	0.244	1.199	263.2
1317	-0.112	0.243	1.205	263.4
1318	-0.110	0.242	1.211	263.6
1319	-0.112	0.242	1.196	263.8
1320	-0.112	0.240	1.202	264.0
1321	-0.111	0.244	1.196	264.2
1322	-0.112	0.244	1.204	264.4
1323	-0.111	0.243	1.205	264.6
1324	-0.112	0.240	1.206	264.8
1325	-0.111	0.243	1.189	265.0
1326	-0.113	0.245	1.192	265.2
1327	-0.113	0.244	1.193	265.4
1328	-0.112	0.242	1.191	265.6
1329	-0.113	0.243	1.193	265.8
1330	-0.111	0.245	1.195	266.0
1331	-0.112	0.245	1.199	266.2
1332	-0.112	0.243	1.192	266.4
1333	-0.112	0.243	1.205	266.6
1334	-0.111	0.243	1.194	266.8
1335	-0.114	0.242	1.189	267.0
1336	-0.114	0.244	1.181	267.2
1337	-0.112	0.241	1.195	267.4
1338	-0.112	0.241	1.194	267.6
1339	-0.112	0.243	1.192	267.8
1340	-0.113	0.246	1.191	268.0
1341	-0.110	0.244	1.195	268.2
1342	-0.112	0.243	1.202	268.4
1343	-0.111	0.245	1.196	268.6
1344	-0.110	0.244	1.199	268.8
1345	-0.111	0.242	1.196	269.0
1346	-0.112	0.243	1.191	269.2
1347	-0.111	0.242	1.187	269.4
1348	-0.111	0.242	1.205	269.6
1349	-0.107	0.244	1.199	269.8
1350	-0.110	0.246	1.190	270.0
1351	-0.112	0.242	1.189	270.2
1352	-0.107	0.241	1.198	270.4
1353	-0.106	0.244	1.200	270.6
1354	-0.108	0.245	1.196	270.8
1355	-0.108	0.242	1.185	271.0
1356	-0.108	0.242	1.183	271.2
1357	-0.108	0.243	1.203	271.4
1358	-0.107	0.243	1.198	271.6
1359	-0.107	0.246	1.198	271.8
1360	-0.106	0.242	1.204	272.0
1361	-0.108	0.241	1.194	272.2
1362	-0.108	0.244	1.193	272.4
1363	-0.108	0.243	1.198	272.6
1364	-0.110	0.245	1.209	272.8
1365	-0.107	0.245	1.196	273.0
1366	-0.107	0.242	1.193	273.2
1367	-0.107	0.244	1.194	273.4
1368	-0.105	0.244	1.196	273.6
1369	-0.107	0.245	1.189	273.8
1370	-0.107	0.243	1.191	274.0
1371	-0.108	0.242	1.196	274.2
1372	-0.106	0.242	1.194	274.4
1373	-0.107	0.243	1.184	274.6
1374	-0.106	0.244	1.195	274.8
1375	-0.104	0.242	1.206	275.0
1376	-0.106	0.243	1.192	275.2
1377	-0.107	0.245	1.190	275.4
1378	-0.106	0.246	1.198	275.6
1379	-0.107	0.244	1.199	275.8
1380	-0.108	0.240	1.187	276.0
1381	-0.107	0.241	1.198	276.2
1382	-0.106	0.242	1.197	276.4
1383	-0.106	0.242	1.202	276.6
1384	-0.106	0.242	1.197	276.8
1385	-0.104	0.239	1.192	277.0
1386	-0.107	0.239	1.198	277.2
1387	-0.107	0.237	1.209	277.4
1388	-0.106	0.238	1.200	277.6
1389	-0.106	0.236	1.189	277.8
1390	-0.106	0.233	1.198	278.0
1391	-0.107	0.236	1.202	278.2
1392	-0.107	0.238	1.196	278.4
1393	-0.108	0.237	1.184	278.6
1394	-0.105	0.233	1.195	278.8
1395	-0.110	0.234	1.195	279.0
1396	-0.106	0.235	1.198	279.2
1397	-0.111	0.239	1.194	279.4
1398	-0.110	0.234	1.198	279.6
1399	-0.110	0.235	1.202	279.8
1400	-0.108	0.233	1.189	280.0
1401	-0.108	0.233	1.207	280.2
1402	-0.107	0.234	1.196	280.4
1403	-0.108	0.233	1.197	280.6
1404	-0.107	0.232	1.196	280.8
1405	-0.108	0.235	1.196	281.0
1406	-0.108	0.235	1.194	281.2
1407	-0.109	0.232	1.197	281.4
1408	-0.107	0.233	1.191	281.6
1409	-0.107	0.234	1.183	281.8
1410	-0.111	0.233	1.191	282.0
1411	-0.110	0.230	1.197	282.2
1412	-0.109	0.231	1.207	282.4
1413	-0.111	0.232	1.186	282.6
1414	-0.112	0.231	1.183	282.8
1415	-0.112	0.233	1.201	283.0
1416	-0.111	0.231	1.210	283.2
1417	-0.109	0.233	1.192	283.4
1418	-0.110	0.232	1.205	283.6
1419	-0.108	0.234	1.207	283.8
1420	-0.108	0.234	1.187	284.0
1421	-0.108	0.232	1.197	284.2
1422	-0.109	0.231	1.206	284.4
1423	-0.107	0.233	1.204	284.6
1424	-0.108	0.234	1.182	284.8
1425	-0.108	0.235	1.198	285.0
1426	-0.107	0.233	1.198	285.2
1427	-0.109	0.230	1.189	285.4
1428	-0.110	0.234	1.182	285.6
1429	-0.109	0.233	1.198	285.8
1430	-0.107	0.234	1.202	286.0
1431	-0.105	0.236	1.196	286.2
1432	-0.108	0.237	1.185	286.4
1433	-0.108	0.233	1.192	286.6
1434	-0.106	0.235	1.211	286.8
1435	-0.107	0.234	1.184	287.0
1436	-0.108	0.234	1.193	287.2
1437	-0.107	0.236	1.197	287.4
1438	-0.104	0.236	1.204	287.6
1439	-0.106	0.238	1.189	287.8
1440	-0.107	0.236	1.183	288.0
1441	-0.105	0.236	1.198	288.2
1442	-0.107	0.235	1.203	288.4
1443	-0.104	0.241	1.198	288.6
1444	-0.108	0.241	1.187	288.8
1445	-0.106	0.238	1.207	289.0
1446	-0.103	0.238	1.204	289.2
1447	-0.105	0.238	1.183	289.4
1448	-0.106	0.242	1.187	289.6
1449	-0.104	0.241	1.195	289.8
1450	-0.104	0.240	1.200	290.0
1451	-0.105	0.240	1.201	290.2
1452	-0.105	0.239	1.177	290.4
1453	-0.105	0.240	1.195	290.6
1454	-0.104	0.240	1.197	290.8
1455	-0.107	0.240	1.187	291.0
1456	-0.104	0.238	1.191	291.2
1457	-0.104	0.237	1.198	291.4
1458	-0.105	0.240	1.197	291.6
1459	-0.105	0.238	1.175	291.8
1460	-0.105	0.237	1.194	292.0
1461	-0.105	0.237	1.215	292.2
1462	-0.106	0.239	1.194	292.4
1463	-0.107	0.238	1.179	292.6
1464	-0.105	0.236	1.200	292.8
1465	-0.105	0.238	1.201	293.0
1466	-0.108	0.240	1.183	293.2
1467	-0.105	0.240	1.178	293.4
1468	-0.106	0.235	1.201	293.6
1469	-0.105	0.236	1.191	293.8
1470	-0.107	0.237	1.188	294.0
1471	-0.104	0.239	1.194	294.2
1472	-0.107	0.236	1.203	294.4
1473	-0.108	0.236	1.201	294.6
1474	-0.108	0.235	1.189	294.8
1475	-0.107	0.235	1.181	295.0
1476	-0.107	0.237	1.197	295.2
1477	-0.105	0.238	1.196	295.4
1478	-0.108	0.234	1.178	295.6
1479	-0.107	0.236	1.189	295.8
1480	-0.106	0.236	1.195	296.0
1481	-0.108	0.237	1.189	296.2
1482	-0.109	0.238	1.192	296.4
1483	-0.105	0.236	1.186	296.6
1484	-0.109	0.237	1.189	296.8
1485	-0.109	0.238	1.196	297.0
1486	-0.111	0.236	1.192	297.2
1487	-0.110	0.237	1.196	297.4
1488	-0.108	0.237	1.190	297.6
1489	-0.112	0.237	1.190	297.8
1490	-0.111	0.238	1.197	298.0
1491	-0.110	0.237	1.183	298.2
1492	-0.110	0.237	1.197	298.4
1493	-0.109	0.238	1.198	298.6
1494	-0.110	0.236	1.191	298.8
1495	-0.113	0.237	1.192	299.0
1496	-0.110	0.238	1.195	299.2
1497	-0.112	0.237	1.183	299.4
1498	-0.111	0.234	1.185	299.6
1499	-0.110	0.236	1.207	299.8
1500	-0.113	0.238	1.187	300.0
1501	-0.110	0.234	1.191	300.2
1502	-0.110	0.235	1.190	300.4
1503	-0.109	0.236	1.190	300.6
1504	-0.111	0.236	1.192	300.8
1505	-0.109	0.240	1.189	301.0
1506	-0.109	0.234	1.199	301.2
1507	-0.108	0.234	1.189	301.4
1508	-0.110	0.238	1.191	301.6
1509	-0.110	0.238	1.190	301.8
1510	-0.111	0.240	1.186	302.0
1511	-0.109	0.237	1.196	302.2
1512	-0.108	0.235	1.182	302.4
1513	-0.108	0.237	1.186	302.6
1514	-0.109	0.238	1.184	302.8
1515	-0.107	0.239	1.195	303.0
1516	-0.106	0.236	1.187	303.2
1517	-0.107	0.237	1.188	303.4
1518	-0.110	0.238	1.190	303.6
1519	-0.161	0.381	1.488	303.8
1520	-0.162	0.443	1.492	304.0
1521	-0.157	0.434	1.493	304.2
1522	-0.152	0.430	1.498	304.4
1523	-0.151	0.429	1.500	304.6
1524	-0.152	0.430	1.483	304.8
1525	-0.151	0.427	1.480	305.0
1526	-0.151	0.426	1.492	305.2
1527	-0.149	0.424	1.485	305.4
1528	-0.151	0.425	1.478	305.6
1529	-0.150	0.425	1.487	305.8
1530	-0.149	0.422	1.486	306.0
1531	-0.149	0.418	1.474	306.2
1532	-0.149	0.424	1.489	306.4
1533	-0.149	0.424	1.466	306.6
1534	-0.149	0.420	1.496	306.8
1535	-0.147	0.420	1.472	307.0
1536	-0.150	0.419	1.466	307.2
1537	-0.148	0.421	1.481	307.4
1538	-0.148	0.420	1.482	307.6
1539	-0.148	0.418	1.463	307.8
1540	-0.149	0.418	1.471	308.0
1541	-0.151	0.416	1.485	308.2
1542	-0.150	0.417	1.480	308.4
1543	-0.153	0.416	1.468	308.6
1544	-0.150	0.413	1.458	308.8
1545	-0.151	0.411	1.469	309.0
1546	-0.150	0.412	1.465	309.2
1547	-0.150	0.416	1.475	309.4
1548	-0.151	0.413	1.466	309.6
1549	-0.150	0.408	1.478	309.8
1550	-0.150	0.411	1.466	310.0
1551	-0.149	0.415	1.461	310.2
1552	-0.151	0.414	1.464	310.4
1553	-0.149	0.414	1.473	310.6
1554	-0.150	0.410	1.476	310.8
1555	-0.149	0.411	1.467	311.0
1556	-0.147	0.412	1.467	311.2
1557	-0.150	0.413	1.474	311.4
1558	-0.148	0.413	1.478	311.6
1559	-0.147	0.413	1.456	311.8
1560	-0.150	0.412	1.464	312.0
1561	-0.147	0.413	1.472	312.2
1562	-0.149	0.411	1.466	312.4
1563	-0.147	0.413	1.454	312.6
1564	-0.148	0.411	1.471	312.8
1565	-0.146	0.411	1.461	313.0
1566	-0.148	0.411	1.465	313.2
1567	-0.145	0.410	1.455	313.4
1568	-0.145	0.410	1.458	313.6
1569	-0.146	0.409	1.472	313.8
1570	-0.142	0.412	1.467	314.0
1571	-0.144	0.410	1.454	314.2
1572	-0.144	0.408	1.457	314.4
1573	-0.144	0.408	1.466	314.6
1574	-0.146	0.409	1.466	314.8
1575	-0.144	0.409	1.470	315.0
1576	-0.144	0.407	1.454	315.2
1577	-0.144	0.406	1.468	315.4
1578	-0.143	0.406	1.463	315.6
1579	-0.142	0.408	1.449	315.8
1580	-0.144	0.411	1.466	316.0
1581	-0.144	0.407	1.460	316.2
1582	-0.144	0.406	1.454	316.4
1583	-0.142	0.405	1.453	316.6
1584	-0.144	0.407	1.455	316.8
1585	-0.144	0.406	1.462	317.0
1586	-0.144	0.405	1.455	317.2
1587	-0.143	0.403	1.457	317.4
1588	-0.144	0.405	1.448	317.6
1589	-0.143	0.403	1.462	317.8
1590	-0.143	0.405	1.451	318.0
1591	-0.144	0.406	1.460	318.2
1592	-0.144	0.402	1.457	318.4
1593	-0.143	0.403	1.460	318.6
1594	-0.143	0.403	1.457	318.8
1595	-0.145	0.403	1.460	319.0
1596	-0.140	0.404	1.445	319.2
1597	-0.141	0.404	1.464	319.4
1598	-0.141	0.403	1.454	319.6
1599	-0.144	0.406	1.447	319.8
1600	-0.142	0.403	1.452	320.0
1601	-0.143	0.400	1.457	320.2
1602	-0.139	0.402	1.455	320.4
1603	-0.140	0.404	1.452	320.6
1604	-0.142	0.404	1.457	320.8
1605	-0.141	0.404	1.453	321.0
1606	-0.139	0.402	1.458	321.2
1607	-0.139	0.403	1.454	321.4
1608	-0.139	0.403	1.459	321.6
1609	-0.140	0.402	1.454	321.8
1610	-0.138	0.405	1.457	322.0
1611	-0.141	0.404	1.444	322.2
1612	-0.139	0.403	1.456	322.4
1613	-0.138	0.405	1.448	322.6
1614	-0.139	0.404	1.448	322.8
1615	-0.140	0.403	1.452	323.0
1616	-0.138	0.405	1.452	323.2
1617	-0.138	0.407	1.452	323.4
1618	-0.141	0.404	1.446	323.6
1619	-0.140	0.401	1.449	323.8
1620	-0.139	0.400	1.457	324.0
1621	-0.139	0.404	1.451	324.2
1622	-0.139	0.404	1.448	324.4
1623	-0.138	0.406	1.452	324.6
1624	-0.139	0.403	1.455	324.8
1625	-0.140	0.400	1.464	325.0
1626	-0.139	0.405	1.441	325.2
1627	-0.138	0.405	1.444	325.4
1628	-0.139	0.402	1.456	325.6
1629	-0.140	0.402	1.450	325.8
1630	-0.140	0.406	1.446	326.0
1631	-0.139	0.404	1.444	326.2
1632	-0.138	0.409	1.443	326.4
1633	-0.138	0.403	1.451	326.6
1634	-0.139	0.404	1.455	326.8
1635	-0.141	0.403	1.442	327.0
1636	-0.140	0.405	1.451	327.2
1637	-0.138	0.406	1.453	327.4
1638	-0.139	0.403	1.454	327.6
1639	-0.138	0.403	1.444	327.8
1640	-0.140	0.402	1.448	328.0
1641	-0.139	0.405	1.443	328.2
1642	-0.136	0.402	1.447	328.4
1643	-0.139	0.402	1.450	328.6
1644	-0.139	0.402	1.448	328.8
1645	-0.141	0.404	1.446	329.0
1646	-0.140	0.405	1.443	329.2
1647	-0.139	0.404	1.452	329.4
1648	-0.138	0.402	1.458	329.6
1649	-0.138	0.402	1.447	329.8
1650	-0.139	0.403	1.445	330.0
1651	-0.136	0.401	1.460	330.2
1652	-0.139	0.402	1.447	330.4
1653	-0.138	0.402	1.446	330.6
1654	-0.136	0.402	1.447	330.8
1655	-0.138	0.403	1.453	331.0
1656	-0.140	0.404	1.454	331.2
1657	-0.139	0.401	1.440	331.4
1658	-0.140	0.401	1.451	331.6
1659	-0.139	0.401	1.459	331.8
1660	-0.138	0.405	1.447	332.0
1661	-0.137	0.404	1.451	332.2
1662	-0.136	0.402	1.458	332.4
1663	-0.139	0.401	1.449	332.6
1664	-0.140	0.404	1.444	332.8
1665	-0.138	0.404	1.449	333.0
1666	-0.137	0.399	1.455	333.2
1667	-0.137	0.403	1.438	333.4
1668	-0.139	0.402	1.437	333.6
1669	-0.137	0.400	1.456	333.8
1670	-0.137	0.399	1.464	334.0
1671	-0.142	0.401	1.431	334.2
1672	-0.139	0.402	1.446	334.4
1673	-0.139	0.400	1.464	334.6
1674	-0.139	0.402	1.450	334.8
1675	-0.141	0.404	1.448	335.0
1676	-0.141	0.403	1.434	335.2
1677	-0.139	0.399	1.452	335.4
1678	-0.138	0.400	1.453	335.6
1679	-0.141	0.402	1.430	335.8
1680	-0.138	0.403	1.447	336.0
1681	-0.137	0.399	1.457	336.2
1682	-0.138	0.400	1.435	336.4
1683	-0.143	0.404	1.438	336.6
1684	-0.139	0.404	1.459	336.8
1685	-0.139	0.401	1.460	337.0
1686	-0.141	0.403	1.438	337.2
1687	-0.141	0.404	1.441	337.4
1688	-0.139	0.402	1.468	337.6
1689	-0.138	0.402	1.459	337.8
1690	-0.138	0.403	1.444	338.0
1691	-0.143	0.401	1.438	338.2
1692	-0.139	0.404	1.457	338.4
1693	-0.137	0.405	1.441	338.6
1694	-0.141	0.406	1.437	338.8
1695	-0.139	0.403	1.441	339.0
1696	-0.137	0.403	1.444	339.2
1697	-0.139	0.404	1.437	339.4
1698	-0.142	0.404	1.433	339.6
1699	-0.142	0.405	1.447	339.8
1700	-0.140	0.402	1.450	340.0
1701	-0.140	0.403	1.439	340.2
1702	-0.140	0.408	1.429	340.4
1703	-0.141	0.406	1.441	340.6
1704	-0.141	0.403	1.450	340.8
1705	-0.143	0.401	1.442	341.0
1706	-0.142	0.402	1.434	341.2
1707	-0.141	0.404	1.456	341.4
1708	-0.142	0.405	1.452	341.6
1709	-0.145	0.403	1.431	341.8
1710	-0.143	0.401	1.439	342.0
1711	-0.142	0.404	1.447	342.2
1712	-0.145	0.401	1.439	342.4
1713	-0.143	0.401	1.433	342.6
1714	-0.144	0.402	1.441	342.8
1715	-0.144	0.401	1.439	343.0
1716	-0.144	0.403	1.451	343.2
1717	-0.145	0.403	1.444	343.4
1718	-0.146	0.400	1.433	343.6
1719	-0.143	0.402	1.443	343.8
1720	-0.143	0.399	1.446	344.0
1721	-0.144	0.401	1.435	344.2
1722	-0.144	0.402	1.448	344.4
1723	-0.143	0.400	1.441	344.6
1724	-0.142	0.398	1.439	344.8
1725	-0.144	0.400	1.438	345.0
1726	-0.141	0.399	1.451	345.2
1727	-0.143	0.400	1.448	345.4
1728	-0.143	0.400	1.438	345.6
1729	-0.143	0.400	1.445	345.8
1730	-0.143	0.400	1.444	346.0
1731	-0.143	0.402	1.452	346.2
1732	-0.143	0.401	1.432	346.4
1733	-0.142	0.396	1.432	346.6
1734	-0.141	0.396	1.449	346.8
1735	-0.143	0.399	1.450	347.0
1736	-0.143	0.402	1.439	347.2
1737	-0.141	0.397	1.439	347.4
1738	-0.143	0.396	1.434	347.6
1739	-0.142	0.398	1.435	347.8
1740	-0.143	0.401	1.441	348.0
1741	-0.143	0.399	1.445	348.2
1742	-0.141	0.398	1.439	348.4
1743	-0.142	0.397	1.436	348.6
1744	-0.141	0.399	1.439	348.8
1745	-0.143	0.397	1.431	349.0
1746	-0.142	0.395	1.442	349.2
1747	-0.143	0.393	1.442	349.4
1748	-0.141	0.396	1.442	349.6
1749	-0.140	0.397	1.437	349.8
1750	-0.140	0.397	1.441	350.0
1751	-0.142	0.397	1.435	350.2
1752	-0.142	0.398	1.441	350.4
1753	-0.139	0.396	1.443	350.6
1754	-0.139	0.397	1.441	350.8
1755	-0.144	0.395	1.441	351.0
1756	-0.140	0.396	1.434	351.2
1757	-0.141	0.392	1.435	351.4
1758	-0.142	0.394	1.437	351.6
1759	-0.143	0.397	1.438	351.8
1760	-0.141	0.398	1.426	352.0
1761	-0.140	0.394	1.442	352.2
1762	-0.139	0.398	1.437	352.4
1763	-0.142	0.396	1.444	352.6
1764	-0.141	0.396	1.432	352.8
1765	-0.142	0.398	1.435	353.0
1766	-0.143	0.395	1.433	353.2
1767	-0.139	0.397	1.447	353.4
1768	-0.139	0.396	1.434	353.6
1769	-0.141	0.397	1.432	353.8
1770	-0.143	0.397	1.447	354.0
1771	-0.141	0.396	1.433	354.2
1772	-0.141	0.395	1.426	354.4
1773	-0.141	0.397	1.445	354.6
1774	-0.142	0.398	1.433	354.8
1775	-0.143	0.395	1.427	355.0
1776	-0.141	0.394	1.434	355.2
1777	-0.141	0.396	1.435	355.4
1778	-0.144	0.398	1.430	355.6
1779	-0.143	0.394	1.444	355.8
1780	-0.144	0.394	1.435	356.0
1781	-0.142	0.396	1.444	356.2
1782	-0.143	0.396	1.421	356.4
1783	-0.142	0.397	1.441	356.6
1784	-0.144	0.397	1.440	356.8
1785	-0.141	0.396	1.439	357.0
1786	-0.144	0.396	1.431	357.2
1787	-0.143	0.394	1.436	357.4
1788	-0.143	0.397	1.417	357.6
1789	-0.144	0.395	1.440	357.8
1790	-0.142	0.396	1.430	358.0
1791	-0.143	0.395	1.435	358.2
1792	-0.144	0.396	1.425	358.4
1793	-0.143	0.398	1.442	358.6
1794	-0.144	0.394	1.438	358.8
1795	-0.144	0.393	1.443	359.0
1796	-0.142	0.396	1.434	359.2
1797	-0.144	0.395	1.435	359.4
1798	-0.144	0.395	1.435	359.6
1799	-0.145	0.392	1.421	359.8
1800	-0.146	0.389	1.441	360.0
1801	-0.144	0.394	1.436	360.2
1802	-0.143	0.395	1.413	360.4
1803	-0.145	0.395	1.424	360.6
1804	-0.143	0.394	1.435	360.8
1805	-0.143	0.392	1.434	361.0
1806	-0.145	0.396	1.430	361.2
1807	-0.147	0.394	1.419	361.4
1808	-0.143	0.396	1.438	361.6
1809	-0.142	0.392	1.435	361.8
1810	-0.145	0.394	1.431	362.0
1811	-0.143	0.395	1.439	362.2
1812	-0.142	0.394	1.429	362.4
1813	-0.143	0.393	1.436	362.6
1814	-0.142	0.393	1.430	362.8
1815	-0.140	0.392	1.435	363.0
1816	-0.142	0.395	1.429	363.2
1817	-0.141	0.397	1.448	363.4
1818	-0.142	0.394	1.435	363.6
1819	-0.142	0.392	1.426	363.8
1820	-0.143	0.397	1.428	364.0
1821	-0.139	0.396	1.438	364.2
1822	-0.142	0.394	1.427	364.4
1823	-0.140	0.392	1.420	364.6
1824	-0.140	0.393	1.437	364.8
1825	-0.141	0.394	1.435	365.0
1826	-0.139	0.396	1.435	365.2
1827	-0.139	0.394	1.434	365.4
1828	-0.143	0.393	1.442	365.6
1829	-0.138	0.394	1.433	365.8
1830	-0.141	0.398	1.435	366.0
1831	-0.139	0.396	1.425	366.2
1832	-0.140	0.393	1.426	366.4
1833	-0.140	0.393	1.433	366.6
1834	-0.142	0.394	1.427	366.8
1835	-0.141	0.396	1.428	367.0
1836	-0.140	0.395	1.436	367.2
1837	-0.139	0.392	1.419	367.4
1838	-0.144	0.394	1.431	367.6
1839	-0.138	0.394	1.442	367.8
1840	-0.140	0.393	1.433	368.0
1841	-0.141	0.392	1.433	368.2
1842	-0.142	0.394	1.421	368.4
1843	-0.142	0.394	1.424	368.6
1844	-0.141	0.394	1.431	368.8
1845	-0.141	0.395	1.442	369.0
1846	-0.141	0.394	1.421	369.2
1847	-0.141	0.394	1.430	369.4
1848	-0.141	0.395	1.429	369.6
1849	-0.141	0.396	1.432	369.8
1850	-0.142	0.392	1.441	370.0
1851	-0.140	0.392	1.435	370.2
1852	-0.141	0.394	1.435	370.4
1853	-0.143	0.396	1.429	370.6
1854	-0.142	0.394	1.426	370.8
1855	-0.141	0.393	1.432	371.0
1856	-0.139	0.393	1.430	371.2
1857	-0.142	0.393	1.429	371.4
1858	-0.141	0.395	1.432	371.6
1859	-0.140	0.395	1.431	371.8
1860	-0.143	0.392	1.439	372.0
1861	-0.139	0.391	1.426	372.2
1862	-0.142	0.393	1.435	372.4
1863	-0.140	0.393	1.423	372.6
1864	-0.141	0.391	1.429	372.8
1865	-0.138	0.393	1.420	373.0
1866	-0.140	0.391	1.423	373.2
1867	-0.140	0.395	1.427	373.4
1868	-0.138	0.396	1.419	373.6
1869	-0.140	0.394	1.418	373.8
1870	-0.138	0.392	1.418	374.0
1871	-0.140	0.393	1.417	374.2
1872	-0.142	0.394	1.426	374.4
1873	-0.139	0.396	1.425	374.6
1874	-0.140	0.392	1.419	374.8
1875	-0.142	0.392	1.431	375.0
1876	-0.141	0.393	1.419	375.2
1877	-0.140	0.395	1.417	375.4
1878	-0.140	0.392	1.425	375.6
1879	-0.138	0.392	1.423	375.8
1880	-0.137	0.393	1.423	376.0
1881	-0.141	0.394	1.429	376.2
1882	-0.138	0.394	1.423	376.4
1883	-0.139	0.389	1.423	376.6
1884	-0.139	0.389	1.427	376.8
1885	-0.139	0.394	1.431	377.0
1886	-0.138	0.393	1.428	377.2
1887	-0.138	0.393	1.428	377.4
1888	-0.138	0.394	1.419	377.6
1889	-0.141	0.395	1.424	377.8
1890	-0.139	0.391	1.427	378.0
1891	-0.138	0.392	1.425	378.2
1892	-0.140	0.395	1.423	378.4
1893	-0.139	0.392	1.427	378.6
1894	-0.137	0.391	1.439	378.8
1895	-0.139	0.393	1.431	379.0
1896	-0.139	0.392	1.426	379.2
1897	-0.139	0.392	1.424	379.4
1898	-0.138	0.391	1.433	379.6
1899	-0.137	0.392	1.419	379.8
1900	-0.138	0.392	1.419	380.0
1901	-0.139	0.394	1.417	380.2
1902	-0.140	0.389	1.423	380.4
1903	-0.138	0.393	1.423	380.6
1904	-0.138	0.393	1.417	380.8
1905	-0.139	0.392	1.430	381.0
1906	-0.139	0.394	1.424	381.2
1907	-0.136	0.392	1.416	381.4
1908	-0.140	0.392	1.431	381.6
1909	-0.139	0.392	1.435	381.8
1910	-0.136	0.391	1.425	382.0
1911	-0.140	0.394	1.436	382.2
1912	-0.139	0.392	1.426	382.4
1913	-0.138	0.393	1.423	382.6
1914	-0.138	0.391	1.427	382.8
1915	-0.139	0.391	1.419	383.0
1916	-0.138	0.390	1.426	383.2
1917	-0.138	0.393	1.435	383.4
1918	-0.137	0.391	1.408	383.6
1919	-0.140	0.393	1.426	383.8
1920	-0.139	0.391	1.429	384.0
1921	-0.138	0.389	1.414	384.2
1922	-0.138	0.388	1.427	384.4
1923	-0.136	0.391	1.427	384.6
1924	-0.141	0.393	1.418	384.8
1925	-0.138	0.391	1.431	385.0
1926	-0.135	0.389	1.427	385.2
1927	-0.137	0.392	1.419	385.4
1928	-0.138	0.393	1.425	385.6
1929	-0.139	0.391	1.419	385.8
1930	-0.136	0.391	1.439	386.0
1931	-0.138	0.392	1.423	386.2
1932	-0.137	0.392	1.427	386.4
1933	-0.138	0.392	1.429	386.6
1934	-0.136	0.390	1.424	386.8
1935	-0.139	0.389	1.423	387.0
1936	-0.138	0.386	1.416	387.2
1937	-0.136	0.392	1.426	387.4
1938	-0.137	0.393	1.424	387.6
1939	-0.137	0.392	1.425	387.8
1940	-0.137	0.391	1.429	388.0
1941	-0.139	0.391	1.425	388.2
1942	-0.136	0.390	1.426	388.4
1943	-0.137	0.392	1.427	388.6
1944	-0.138	0.389	1.421	388.8
1945	-0.138	0.389	1.425	389.0
1946	-0.136	0.391	1.412	389.2
1947	-0.137	0.391	1.422	389.4
1948	-0.135	0.391	1.423	389.6
1949	-0.136	0.389	1.423	389.8
1950	-0.137	0.391	1.423	390.0
1951	-0.137	0.391	1.429	390.2
1952	-0.138	0.392	1.429	390.4
1953	-0.137	0.393	1.427	390.6
1954	-0.137	0.390	1.428	390.8
1955	-0.137	0.389	1.423	391.0
1956	-0.136	0.392	1.432	391.2
1957	-0.136	0.390	1.432	391.4
1958	-0.136	0.391	1.427	391.6
1959	-0.136	0.389	1.426	391.8
1960	-0.135	0.389	1.429	392.0
1961	-0.137	0.392	1.430	392.2
1962	-0.137	0.392	1.438	392.4
1963	-0.136	0.389	1.432	392.6
1964	-0.134	0.392	1.438	392.8
1965	-0.134	0.392	1.426	393.0
1966	-0.135	0.393	1.433	393.2
1967	-0.136	0.391	1.433	393.4
1968	-0.134	0.389	1.433	393.6
1969	-0.135	0.391	1.421	393.8
1970	-0.134	0.389	1.429	394.0
1971	-0.136	0.389	1.441	394.2
1972	-0.134	0.392	1.435	394.4
1973	-0.136	0.392	1.434	394.6
1974	-0.135	0.391	1.424	394.8
1975	-0.137	0.392	1.431	395.0
1976	-0.136	0.392	1.425	395.2
1977	-0.136	0.388	1.433	395.4
1978	-0.136	0.389	1.426	395.6
1979	-0.136	0.391	1.431	395.8
1980	-0.136	0.391	1.423	396.0
1981	-0.137	0.391	1.436	396.2
1982	-0.136	0.390	1.431	396.4
1983	-0.136	0.387	1.429	396.6
1984	-0.135	0.392	1.431	396.8
1985	-0.137	0.391	1.434	397.0
1986	-0.135	0.390	1.431	397.2
1987	-0.136	0.387	1.429	397.4
1988	-0.134	0.391	1.423	397.6
1989	-0.134	0.393	1.439	397.8
1990	-0.136	0.391	1.433	398.0
1991	-0.135	0.392	1.418	398.2
1992	-0.137	0.390	1.429	398.4
1993	-0.133	0.387	1.425	398.6
1994	-0.138	0.392	1.420	398.8
1995	-0.135	0.392	1.414	399.0
1996	-0.137	0.389	1.428	399.2
1997	-0.135	0.388	1.426	399.4
1998	-0.135	0.389	1.435	399.6
1999	-0.137	0.391	1.423	399.8
2000	-0.136	0.391	1.435	400.0
2001	-0.135	0.388	1.436	400.2
2002	-0.133	0.391	1.424	400.4
2003	-0.136	0.393	1.426	400.6
2004	-0.135	0.390	1.444	400.8
2005	-0.135	0.391	1.419	401.0
2006	-0.136	0.389	1.421	401.2
2007	-0.136	0.390	1.427	401.4
2008	-0.134	0.391	1.415	401.6
2009	-0.135	0.391	1.420	401.8
2010	-0.133	0.392	1.419	402.0
2011	-0.136	0.389	1.426	402.2
2012	-0.134	0.389	1.430	402.4
2013	-0.136	0.389	1.424	402.6
2014	-0.135	0.390	1.427	402.8
2015	-0.136	0.389	1.431	403.0
2016	-0.134	0.390	1.423	403.2
2017	-0.136	0.388	1.432	403.4
2018	-0.134	0.388	1.425	403.6
2019	-0.137	0.388	1.429	403.8
2020	-0.250	0.660	1.952	404.0
2021	-0.253	0.689	1.943	404.2
2022	-0.251	0.686	1.932	404.4
2023	-0.251	0.687	1.930	404.6
2024	-0.249	0.685	1.915	404.8
2025	-0.247	0.681	1.931	405.0
2026	-0.247	0.682	1.922	405.2
2027	-0.246	0.683	1.913	405.4
2028	-0.246	0.683	1.921	405.6
2029	-0.243	0.676	1.915	405.8
2030	-0.244	0.677	1.916	406.0
2031	-0.245	0.680	1.910	406.2
2032	-0.240	0.679	1.907	406.4
2033	-0.243	0.676	1.915	406.6
2034	-0.243	0.675	1.903	406.8
2035	-0.242	0.675	1.897	407.0
2036	-0.241	0.675	1.908	407.2
2037	-0.242	0.675	1.899	407.4
2038	-0.240	0.676	1.908	407.6
2039	-0.241	0.675	1.906	407.8
2040	-0.238	0.677	1.908	408.0
2041	-0.239	0.677	1.891	408.2
2042	-0.240	0.676	1.913	408.4
2043	-0.240	0.675	1.907	408.6
2044	-0.237	0.673	1.890	408.8
2045	-0.239	0.675	1.893	409.0
2046	-0.237	0.674	1.916	409.2
2047	-0.238	0.673	1.892	409.4
2048	-0.237	0.670	1.892	409.6
2049	-0.238	0.672	1.901	409.8
2050	-0.238	0.673	1.901	410.0
2051	-0.236	0.673	1.889	410.2
2052	-0.239	0.670	1.891	410.4
2053	-0.238	0.670	1.911	410.6
2054	-0.235	0.668	1.889	410.8
2055	-0.238	0.669	1.892	411.0
2056	-0.234	0.671	1.891	411.2
2057	-0.237	0.669	1.904	411.4
2058	-0.235	0.668	1.887	411.6
2059	-0.236	0.670	1.895	411.8
2060	-0.234	0.671	1.897	412.0
2061	-0.235	0.669	1.889	412.2
2062	-0.237	0.667	1.884	412.4
2063	-0.234	0.667	1.895	412.6
2064	-0.235	0.665	1.891	412.8
2065	-0.232	0.669	1.883	413.0
2066	-0.234	0.667	1.890	413.2
2067	-0.233	0.667	1.887	413.4
2068	-0.235	0.669	1.889	413.6
2069	-0.235	0.668	1.884	413.8
2070	-0.235	0.666	1.894	414.0
2071	-0.233	0.666	1.891	414.2
2072	-0.234	0.665	1.882	414.4
2073	-0.233	0.666	1.887	414.6
2074	-0.234	0.669	1.892	414.8
2075	-0.232	0.669	1.884	415.0
2076	-0.233	0.665	1.887	415.2
2077	-0.232	0.667	1.887	415.4
2078	-0.232	0.666	1.891	415.6
2079	-0.233	0.666	1.873	415.8
2080	-0.233	0.665	1.879	416.0
2081	-0.233	0.662	1.881	416.2
2082	-0.230	0.666	1.890	416.4
2083	-0.231	0.667	1.882	416.6
2084	-0.230	0.664	1.875	416.8
2085	-0.231	0.664	1.887	417.0
2086	-0.230	0.665	1.885	417.2
2087	-0.228	0.664	1.880	417.4
2088	-0.230	0.665	1.887	417.6
2089	-0.230	0.665	1.885	417.8
2090	-0.231	0.662	1.886	418.0
2091	-0.231	0.664	1.884	418.2
2092	-0.229	0.665	1.882	418.4
2093	-0.231	0.662	1.884	418.6
2094	-0.231	0.665	1.877	418.8
2095	-0.230	0.663	1.877	419.0
2096	-0.229	0.664	1.873	419.2
2097	-0.230	0.663	1.879	419.4
2098	-0.229	0.665	1.884	419.6
2099	-0.229	0.661	1.877	419.8
2100	-0.229	0.659	1.872	420.0
2101	-0.229	0.662	1.871	420.2
2102	-0.231	0.663	1.863	420.4
2103	-0.230	0.663	1.873	420.6
2104	-0.231	0.661	1.869	420.8
2105	-0.228	0.660	1.873	421.0
2106	-0.229	0.660	1.877	421.2
2107	-0.229	0.662	1.863	421.4
2108	-0.229	0.662	1.873	421.6
2109	-0.225	0.660	1.891	421.8
2110	-0.228	0.661	1.875	422.0
2111	-0.231	0.662	1.867	422.2
2112	-0.230	0.660	1.871	422.4
2113	-0.227	0.657	1.873	422.6
2114	-0.227	0.659	1.875	422.8
2115	-0.229	0.659	1.863	423.0
2116	-0.229	0.662	1.870	423.2
2117	-0.228	0.662	1.868	423.4
2118	-0.228	0.660	1.873	423.6
2119	-0.229	0.659	1.876	423.8
2120	-0.228	0.660	1.882	424.0
2121	-0.228	0.659	1.875	424.2
2122	-0.225	0.660	1.878	424.4
2123	-0.228	0.660	1.862	424.6
2124	-0.227	0.656	1.878	424.8
2125	-0.226	0.660	1.878	425.0
2126	-0.225	0.657	1.877	425.2
2127	-0.229	0.658	1.863	425.4
2128	-0.225	0.657	1.877	425.6
2129	-0.225	0.658	1.872	425.8
2130	-0.225	0.660	1.865	426.0
2131	-0.226	0.658	1.863	426.2
2132	-0.227	0.657	1.873	426.4
2133	-0.225	0.657	1.866	426.6
2134	-0.227	0.660	1.868	426.8
2135	-0.227	0.657	1.870	427.0
2136	-0.225	0.658	1.873	427.2
2137	-0.225	0.657	1.878	427.4
2138	-0.226	0.657	1.867	427.6
2139	-0.225	0.658	1.880	427.8
2140	-0.224	0.658	1.861	428.0
2141	-0.224	0.659	1.868	428.2
2142	-0.224	0.658	1.857	428.4
2143	-0.225	0.656	1.877	428.6
2144	-0.226	0.658	1.864	428.8
2145	-0.226	0.660	1.875	429.0
2146	-0.225	0.657	1.865	429.2
2147	-0.224	0.656	1.877	429.4
2148	-0.222	0.657	1.861	429.6
2149	-0.226	0.659	1.867	429.8
2150	-0.226	0.659	1.868	430.0
2151	-0.223	0.655	1.871	430.2
2152	-0.224	0.658	1.863	430.4
2153	-0.223	0.660	1.873	430.6
2154	-0.221	0.660	1.861	430.8
2155	-0.224	0.658	1.873	431.0
2156	-0.222	0.656	1.859	431.2
2157	-0.225	0.656	1.858	431.4
2158	-0.223	0.657	1.870	431.6
2159	-0.222	0.660	1.868	431.8
2160	-0.224	0.657	1.867	432.0
2161	-0.222	0.656	1.863	432.2
2162	-0.222	0.656	1.865	432.4
2163	-0.222	0.658	1.867	432.6
2164	-0.224	0.657	1.860	432.8
2165	-0.222	0.654	1.866	433.0
2166	-0.218	0.656	1.875	433.2
2167	-0.224	0.657	1.854	433.4
2168	-0.220	0.658	1.859	433.6
2169	-0.221	0.654	1.867	433.8
2170	-0.222	0.656	1.875	434.0
2171	-0.220	0.656	1.861	434.2
2172	-0.222	0.659	1.865	434.4
2173	-0.220	0.657	1.865	434.6
2174	-0.220	0.654	1.867	434.8
2175	-0.222	0.653	1.863	435.0
2176	-0.221	0.656	1.863	435.2
2177	-0.222	0.657	1.859	435.4
2178	-0.222	0.656	1.872	435.6
2179	-0.222	0.655	1.863	435.8
2180	-0.221	0.655	1.870	436.0
2181	-0.221	0.655	1.869	436.2
2182	-0.222	0.657	1.862	436.4
2183	-0.222	0.658	1.873	436.6
2184	-0.221	0.655	1.870	436.8
2185	-0.221	0.654	1.876	437.0
2186	-0.220	0.655	1.863	437.2
2187	-0.221	0.656	1.870	437.4
2188	-0.221	0.656	1.862	437.6
2189	-0.221	0.654	1.866	437.8
2190	-0.222	0.655	1.857	438.0
2191	-0.220	0.656	1.865	438.2
2192	-0.221	0.659	1.858	438.4
2193	-0.222	0.655	1.855	438.6
2194	-0.220	0.652	1.867	438.8
2195	-0.221	0.654	1.863	439.0
2196	-0.219	0.655	1.871	439.2
2197	-0.219	0.654	1.869	439.4
2198	-0.221	0.653	1.860	439.6
2199	-0.218	0.655	1.874	439.8
2200	-0.222	0.654	1.861	440.0
2201	-0.222	0.656	1.853	440.2
2202	-0.220	0.655	1.852	440.4
2203	-0.222	0.652	1.860	440.6
2204	-0.219	0.653	1.857	440.8
2205	-0.221	0.654	1.855	441.0
2206	-0.220	0.655	1.862	441.2
2207	-0.221	0.653	1.870	441.4
2208	-0.222	0.651	1.862	441.6
2209	-0.221	0.654	1.856	441.8
2210	-0.220	0.655	1.859	442.0
2211	-0.220	0.652	1.857	442.2
2212	-0.221	0.650	1.863	442.4
2213	-0.220	0.653	1.857	442.6
2214	-0.221	0.655	1.855	442.8
2215	-0.221	0.652	1.844	443.0
2216	-0.222	0.651	1.861	443.2
2217	-0.218	0.652	1.860	443.4
2218	-0.218	0.651	1.850	443.6
2219	-0.221	0.652	1.846	443.8
2220	-0.219	0.650	1.863	444.0
2221	-0.221	0.654	1.851	444.2
2222	-0.219	0.652	1.859	444.4
2223	-0.219	0.653	1.869	444.6
2224	-0.221	0.652	1.865	444.8
2225	-0.218	0.654	1.854	445.0
2226	-0.221	0.652	1.865	445.2
2227	-0.220	0.651	1.865	445.4
2228	-0.219	0.652	1.862	445.6
2229	-0.220	0.655	1.864	445.8
2230	-0.220	0.652	1.857	446.0
2231	-0.218	0.650	1.854	446.2
2232	-0.221	0.654	1.862	446.4
2233	-0.219	0.654	1.857	446.6
2234	-0.220	0.652	1.856	446.8
2235	-0.220	0.650	1.871	447.0
2236	-0.217	0.651	1.859	447.2
2237	-0.221	0.652	1.854	447.4
2238	-0.222	0.652	1.851	447.6
2239	-0.218	0.651	1.863	447.8
2240	-0.221	0.650	1.853	448.0
2241	-0.219	0.653	1.846	448.2
2242	-0.220	0.651	1.858	448.4
2243	-0.219	0.654	1.861	448.6
2244	-0.221	0.650	1.852	448.8
2245	-0.221	0.651	1.851	449.0
2246	-0.219	0.648	1.856	449.2
2247	-0.219	0.652	1.855	449.4
2248	-0.220	0.655	1.858	449.6
2249	-0.219	0.651	1.844	449.8
2250	-0.218	0.650	1.849	450.0
2251	-0.220	0.650	1.866	450.2
2252	-0.218	0.653	1.852	450.4
2253	-0.220	0.651	1.863	450.6
2254	-0.219	0.649	1.849	450.8
2255	-0.218	0.649	1.850	451.0
2256	-0.217	0.653	1.860	451.2
2257	-0.218	0.651	1.852	451.4
2258	-0.220	0.649	1.845	451.6
2259	-0.220	0.649	1.850	451.8
2260	-0.217	0.652	1.864	452.0
2261	-0.218	0.652	1.844	452.2
2262	-0.219	0.651	1.852	452.4
2263	-0.217	0.652	1.854	452.6
2264	-0.216	0.651	1.849	452.8
2265	-0.218	0.650	1.852	453.0
2266	-0.218	0.650	1.860	453.2
2267	-0.220	0.652	1.844	453.4
2268	-0.218	0.648	1.860	453.6
2269	-0.217	0.648	1.860	453.8
2270	-0.217	0.652	1.851	454.0
2271	-0.218	0.653	1.863	454.2
2272	-0.217	0.651	1.848	454.4
2273	-0.218	0.651	1.854	454.6
2274	-0.217	0.649	1.857	454.8
2275	-0.218	0.649	1.860	455.0
2276	-0.216	0.650	1.842	455.2
2277	-0.218	0.651	1.852	455.4
2278	-0.216	0.651	1.857	455.6
2279	-0.216	0.649	1.857	455.8
2280	-0.218	0.652	1.852	456.0
2281	-0.218	0.652	1.854	456.2
2282	-0.219	0.648	1.853	456.4
2283	-0.217	0.648	1.848	456.6
2284	-0.216	0.651	1.850	456.8
2285	-0.217	0.650	1.853	457.0
2286	-0.217	0.649	1.841	457.2
2287	-0.216	0.650	1.853	457.4
2288	-0.214	0.648	1.849	457.6
2289	-0.218	0.650	1.857	457.8
2290	-0.216	0.652	1.859	458.0
2291	-0.217	0.651	1.850	458.2
2292	-0.216	0.648	1.854	458.4
2293	-0.215	0.648	1.841	458.6
2294	-0.218	0.650	1.835	458.8
2295	-0.218	0.650	1.855	459.0
2296	-0.216	0.650	1.844	459.2
2297	-0.217	0.646	1.852	459.4
2298	-0.217	0.652	1.853	459.6
2299	-0.216	0.650	1.848	459.8
2300	-0.218	0.648	1.859	460.0
2301	-0.215	0.646	1.853	460.2
2302	-0.215	0.648	1.836	460.4
2303	-0.217	0.649	1.853	460.6
2304	-0.216	0.648	1.862	460.8
2305	-0.217	0.647	1.849	461.0
2306	-0.217	0.649	1.859	461.2
2307	-0.214	0.646	1.849	461.4
2308	-0.216	0.650	1.850	461.6
2309	-0.214	0.650	1.852	461.8
2310	-0.216	0.650	1.849	462.0
2311	-0.216	0.647	1.851	462.2
2312	-0.217	0.648	1.860	462.4
2313	-0.217	0.652	1.849	462.6
2314	-0.216	0.649	1.858	462.8
2315	-0.217	0.647	1.848	463.0
2316	-0.216	0.647	1.848	463.2
2317	-0.217	0.650	1.847	463.4
2318	-0.215	0.648	1.845	463.6
2319	-0.218	0.649	1.843	463.8
2320	-0.214	0.648	1.847	464.0
2321	-0.215	0.647	1.844	464.2
2322	-0.217	0.650	1.849	464.4
2323	-0.216	0.649	1.840	464.6
2324	-0.216	0.646	1.842	464.8
2325	-0.217	0.646	1.853	465.0
2326	-0.214	0.650	1.848	465.2
2327	-0.216	0.648	1.849	465.4
2328	-0.216	0.648	1.849	465.6
2329	-0.217	0.648	1.852	465.8
2330	-0.214	0.647	1.848	466.0
2331	-0.216	0.646	1.848	466.2
2332	-0.215	0.649	1.852	466.4
2333	-0.215	0.650	1.843	466.6
2334	-0.214	0.648	1.841	466.8
2335	-0.216	0.647	1.852	467.0
2336	-0.216	0.648	1.856	467.2
2337	-0.214	0.648	1.844	467.4
2338	-0.217	0.648	1.847	467.6
2339	-0.216	0.646	1.848	467.8
2340	-0.216	0.649	1.840	468.0
2341	-0.216	0.650	1.857	468.2
2342	-0.215	0.648	1.857	468.4
2343	-0.216	0.647	1.842	468.6
2344	-0.216	0.649	1.843	468.8
2345	-0.215	0.649	1.852	469.0
2346	-0.214	0.650	1.844	469.2
2347	-0.216	0.648	1.850	469.4
2348	-0.214	0.648	1.839	469.6
2349	-0.214	0.646	1.852	469.8
2350	-0.215	0.648	1.859	470.0
2351	-0.217	0.649	1.840	470.2
2352	-0.216	0.647	1.842	470.4
2353	-0.216	0.648	1.859	470.6
2354	-0.217	0.648	1.843	470.8
2355	-0.213	0.648	1.847	471.0
2356	-0.214	0.650	1.847	471.2
2357	-0.217	0.648	1.843	471.4
2358	-0.214	0.647	1.859	471.6
2359	-0.215	0.647	1.838	471.8
2360	-0.216	0.650	1.841	472.0
2361	-0.215	0.648	1.855	472.2
2362	-0.213	0.647	1.845	472.4
2363	-0.214	0.647	1.839	472.6
2364	-0.214	0.649	1.857	472.8
2365	-0.216	0.648	1.840	473.0
2366	-0.215	0.647	1.840	473.2
2367	-0.214	0.647	1.849	473.4
2368	-0.214	0.645	1.848	473.6
2369	-0.216	0.648	1.849	473.8
2370	-0.215	0.649	1.850	474.0
2371	-0.215	0.647	1.837	474.2
2372	-0.215	0.647	1.852	474.4
2373	-0.214	0.649	1.855	474.6
2374	-0.217	0.647	1.843	474.8
2375	-0.215	0.648	1.838	475.0
2376	-0.216	0.647	1.856	475.2
2377	-0.213	0.647	1.842	475.4
2378	-0.213	0.648	1.848	475.6
2379	-0.216	0.648	1.848	475.8
2380	-0.214	0.649	1.842	476.0
2381	-0.214	0.645	1.834	476.2
2382	-0.214	0.645	1.845	476.4
2383	-0.214	0.649	1.844	476.6
2384	-0.215	0.648	1.855	476.8
2385	-0.214	0.647	1.853	477.0
2386	-0.213	0.645	1.839	477.2
2387	-0.213	0.647	1.848	477.4
2388	-0.213	0.651	1.853	477.6
2389	-0.214	0.646	1.842	477.8
2390	-0.215	0.646	1.852	478.0
2391	-0.214	0.648	1.849	478.2
2392	-0.213	0.646	1.837	478.4
2393	-0.213	0.648	1.836	478.6
2394	-0.213	0.646	1.837	478.8
2395	-0.216	0.646	1.849	479.0
2396	-0.213	0.646	1.849	479.2
2397	-0.214	0.649	1.843	479.4
2398	-0.216	0.647	1.848	479.6
2399	-0.212	0.648	1.848	479.8
2400	-0.216	0.646	1.840	480.0
2401	-0.214	0.645	1.846	480.2
2402	-0.215	0.647	1.829	480.4
2403	-0.214	0.650	1.845	480.6
2404	-0.214	0.644	1.861	480.8
2405	-0.214	0.647	1.842	481.0
2406	-0.215	0.644	1.840	481.2
2407	-0.215	0.649	1.843	481.4
2408	-0.214	0.648	1.838	481.6
2409	-0.214	0.648	1.847	481.8
2410	-0.213	0.646	1.850	482.0
2411	-0.216	0.647	1.838	482.2
2412	-0.215	0.646	1.844	482.4
2413	-0.211	0.645	1.854	482.6
2414	-0.213	0.645	1.839	482.8
2415	-0.214	0.646	1.851	483.0
2416	-0.212	0.646	1.840	483.2
2417	-0.215	0.647	1.835	483.4
2418	-0.215	0.646	1.860	483.6
2419	-0.213	0.645	1.837	483.8
2420	-0.215	0.644	1.845	484.0
2421	-0.216	0.648	1.853	484.2
2422	-0.215	0.647	1.838	484.4
2423	-0.216	0.646	1.842	484.6
2424	-0.214	0.645	1.851	484.8
2425	-0.213	0.648	1.842	485.0
2426	-0.215	0.647	1.845	485.2
2427	-0.216	0.646	1.845	485.4
2428	-0.210	0.645	1.839	485.6
2429	-0.215	0.645	1.848	485.8
2430	-0.215	0.648	1.849	486.0
2431	-0.213	0.648	1.834	486.2
2432	-0.215	0.645	1.848	486.4
2433	-0.213	0.643	1.847	486.6
2434	-0.215	0.646	1.838	486.8
2435	-0.215	0.646	1.854	487.0
2436	-0.214	0.647	1.839	487.2
2437	-0.216	0.648	1.839	487.4
2438	-0.215	0.647	1.846	487.6
2439	-0.213	0.648	1.846	487.8
2440	-0.216	0.647	1.846	488.0
2441	-0.215	0.650	1.853	488.2
2442	-0.214	0.646	1.834	488.4
2443	-0.213	0.644	1.847	488.6
2444	-0.214	0.649	1.838	488.8
2445	-0.216	0.647	1.849	489.0
2446	-0.213	0.646	1.841	489.2
2447	-0.213	0.647	1.849	489.4
2448	-0.214	0.645	1.851	489.6
2449	-0.213	0.649	1.842	489.8
2450	-0.214	0.649	1.846	490.0
2451	-0.214	0.644	1.855	490.2
2452	-0.215	0.646	1.834	490.4
2453	-0.214	0.645	1.841	490.6
2454	-0.211	0.646	1.847	490.8
2455	-0.215	0.646	1.842	491.0
2456	-0.212	0.646	1.849	491.2
2457	-0.214	0.645	1.834	491.4
2458	-0.212	0.647	1.857	491.6
2459	-0.212	0.647	1.847	491.8
2460	-0.213	0.647	1.846	492.0
2461	-0.215	0.645	1.841	492.2
2462	-0.214	0.646	1.841	492.4
2463	-0.212	0.648	1.846	492.6
2464	-0.213	0.648	1.850	492.8
2465	-0.214	0.645	1.829	493.0
2466	-0.215	0.645	1.851	493.2
2467	-0.212	0.644	1.846	493.4
2468	-0.212	0.649	1.853	493.6
2469	-0.213	0.648	1.832	493.8
2470	-0.213	0.644	1.849	494.0
2471	-0.213	0.646	1.839	494.2
2472	-0.213	0.647	1.844	494.4
2473	-0.214	0.646	1.856	494.6
2474	-0.213	0.647	1.842	494.8
2475	-0.213	0.644	1.833	495.0
2476	-0.213	0.645	1.861	495.2
2477	-0.213	0.648	1.836	495.4
2478	-0.213	0.646	1.846	495.6
2479	-0.216	0.645	1.846	495.8
2480	-0.214	0.643	1.846	496.0
2481	-0.212	0.646	1.849	496.2
2482	-0.215	0.646	1.848	496.4
2483	-0.213	0.646	1.844	496.6
2484	-0.212	0.646	1.850	496.8
2485	-0.211	0.645	1.845	497.0
2486	-0.213	0.648	1.842	497.2
2487	-0.213	0.647	1.844	497.4
2488	-0.214	0.647	1.847	497.6
2489	-0.212	0.646	1.837	497.8
2490	-0.213	0.645	1.838	498.0
2491	-0.212	0.648	1.848	498.2
2492	-0.213	0.647	1.851	498.4
2493	-0.214	0.645	1.838	498.6
2494	-0.213	0.645	1.848	498.8
2495	-0.213	0.644	1.834	499.0
2496	-0.214	0.648	1.849	499.2
2497	-0.214	0.646	1.847	499.4
2498	-0.213	0.644	1.827	499.6
2499	-0.213	0.644	1.838	499.8
2500	-0.212	0.644	1.857	500.0
2501	-0.213	0.648	1.841	500.2
2502	-0.213	0.645	1.842	500.4
2503	-0.212	0.645	1.844	500.6
2504	-0.213	0.643	1.837	500.8
2505	-0.213	0.643	1.837	501.0
2506	-0.212	0.648	1.837	501.2
2507	-0.212	0.646	1.842	501.4
2508	-0.212	0.644	1.846	501.6
2509	-0.213	0.643	1.838	501.8
2510	-0.214	0.645	1.847	502.0
2511	-0.213	0.647	1.850	502.2
2512	-0.213	0.645	1.847	502.4
2513	-0.213	0.645	1.838	502.6
2514	-0.211	0.643	1.848	502.8
2515	-0.211	0.647	1.838	503.0
2516	-0.212	0.645	1.841	503.2
2517	-0.214	0.643	1.840	503.4
2518	-0.210	0.646	1.849	503.6
2519	-0.213	0.644	1.833	503.8
2520	-0.200	0.619	1.673	504.0
2521	-0.045	0.232	1.018	504.2
2522	-0.021	-0.019	0.783	504.4
2523	-0.024	-0.016	0.786	504.6
2524	-0.022	-0.017	0.763	504.8
2525	-0.021	-0.018	0.773	505.0
2526	-0.022	-0.017	0.769	505.2
2527	-0.020	-0.015	0.761	505.4
2528	-0.020	-0.010	0.774	505.6
2529	-0.022	-0.011	0.768	505.8
2530	-0.021	-0.011	0.763	506.0
2531	-0.022	-0.015	0.777	506.2
2532	-0.021	-0.020	0.763	506.4
2533	-0.023	-0.015	0.769	506.6
2534	-0.022	-0.012	0.775	506.8
2535	-0.021	-0.012	0.767	507.0
2536	-0.021	-0.013	0.773	507.2
2537	-0.022	-0.013	0.789	507.4
2538	-0.021	-0.012	0.766	507.6
2539	-0.021	-0.015	0.757	507.8
2540	-0.021	-0.015	0.777	508.0
2541	-0.021	-0.018	0.767	508.2
2542	-0.022	-0.016	0.765	508.4
2543	-0.023	-0.013	0.778	508.6
2544	-0.025	-0.011	0.776	508.8
2545	-0.023	-0.014	0.766	509.0
2546	-0.020	-0.013	0.765	509.2
2547	-0.023	-0.014	0.772	509.4
2548	-0.024	-0.013	0.771	509.6
2549	-0.023	-0.015	0.767	509.8
2550	-0.022	-0.015	0.768	510.0
2551	-0.018	-0.015	0.774	510.2
2552	-0.022	-0.014	0.766	510.4
2553	-0.020	-0.013	0.766	510.6
2554	-0.022	-0.012	0.766	510.8
2555	-0.020	-0.015	0.770	511.0
2556	-0.019	-0.015	0.758	511.2
2557	-0.019	-0.012	0.771	511.4
2558	-0.022	-0.013	0.771	511.6
2559	-0.020	-0.013	0.766	511.8
2560	-0.020	-0.013	0.765	512.0
2561	-0.020	-0.015	0.771	512.2
2562	-0.019	-0.011	0.763	512.4
2563	-0.022	-0.013	0.761	512.6
2564	-0.022	-0.014	0.768	512.8
2565	-0.021	-0.013	0.774	513.0
2566	-0.020	-0.013	0.766	513.2
2567	-0.022	-0.011	0.768	513.4
2568	-0.022	-0.013	0.772	513.6
2569	-0.021	-0.014	0.777	513.8
2570	-0.021	-0.016	0.780	514.0
2571	-0.022	-0.012	0.765	514.2
2572	-0.022	-0.014	0.761	514.4
2573	-0.021	-0.011	0.766	514.6
2574	-0.020	-0.014	0.775	514.8
2575	-0.021	-0.009	0.776	515.0
2576	-0.021	-0.015	0.771	515.2
2577	-0.024	-0.014	0.758	515.4
2578	-0.021	-0.013	0.760	515.6
2579	-0.023	-0.017	0.772	515.8
2580	-0.019	-0.015	0.779	516.0
2581	-0.021	-0.012	0.769	516.2
2582	-0.024	-0.011	0.765	516.4
2583	-0.021	-0.014	0.763	516.6
2584	-0.022	-0.013	0.771	516.8
2585	-0.022	-0.013	0.770	517.0
2586	-0.021	-0.013	0.769	517.2
2587	-0.022	-0.015	0.771	517.4
2588	-0.021	-0.011	0.772	517.6
2589	-0.023	-0.013	0.763	517.8
2590	-0.021	-0.011	0.763	518.0
2591	-0.023	-0.011	0.774	518.2
2592	-0.022	-0.012	0.775	518.4
2593	-0.022	-0.015	0.768	518.6
2594	-0.020	-0.014	0.772	518.8
2595	-0.024	-0.011	0.772	519.0
2596	-0.024	-0.013	0.765	519.2
2597	-0.023	-0.011	0.764	519.4
2598	-0.022	-0.013	0.770	519.6
2599	-0.022	-0.011	0.765	519.8
2600	-0.021	-0.010	0.767	520.0
2601	-0.022	-0.014	0.781	520.2
2602	-0.020	-0.013	0.771	520.4
2603	-0.021	-0.014	0.766	520.6
2604	-0.022	-0.013	0.768	520.8
2605	-0.022	-0.013	0.764	521.0
2606	-0.021	-0.012	0.768	521.2
2607	-0.020	-0.013	0.769	521.4
2608	-0.020	-0.013	0.771	521.6
2609	-0.021	-0.012	0.772	521.8
2610	-0.020	-0.013	0.766	522.0
2611	-0.022	-0.015	0.772	522.2
2612	-0.019	-0.014	0.778	522.4
2613	-0.020	-0.013	0.771	522.6
2614	-0.022	-0.013	0.766	522.8
2615	-0.022	-0.012	0.765	523.0
2616	-0.022	-0.015	0.769	523.2
2617	-0.020	-0.012	0.764	523.4
2618	-0.022	-0.013	0.768	523.6
2619	-0.021	-0.014	0.762	523.8
2620	-0.019	-0.013	0.774	524.0
2621	-0.022	-0.014	0.777	524.2
2622	-0.022	-0.016	0.775	524.4
2623	-0.020	-0.011	0.767	524.6
2624	-0.020	-0.011	0.769	524.8
2625	-0.020	-0.013	0.771	525.0
2626	-0.021	-0.013	0.758	525.2
2627	-0.021	-0.013	0.776	525.4
2628	-0.022	-0.013	0.775	525.6
2629	-0.021	-0.013	0.773	525.8
2630	-0.020	-0.011	0.770	526.0
2631	-0.019	-0.014	0.764	526.2
2632	-0.023	-0.012	0.767	526.4
2633	-0.022	-0.013	0.772	526.6
2634	-0.022	-0.012	0.768	526.8
2635	-0.020	-0.013	0.774	527.0
2636	-0.018	-0.013	0.765	527.2
2637	-0.022	-0.013	0.762	527.4
2638	-0.019	-0.011	0.781	527.6
2639	-0.022	-0.013	0.768	527.8
2640	-0.020	-0.014	0.782	528.0
2641	-0.020	-0.015	0.769	528.2
2642	-0.024	-0.013	0.766	528.4
2643	-0.022	-0.012	0.779	528.6
2644	-0.022	-0.014	0.776	528.8
2645	-0.023	-0.013	0.758	529.0
2646	-0.021	-0.014	0.767	529.2
2647	-0.020	-0.011	0.767	529.4
2648	-0.021	-0.011	0.764	529.6
2649	-0.021	-0.015	0.765	529.8
2650	-0.021	-0.013	0.769	530.0
2651	-0.021	-0.015	0.776	530.2
2652	-0.023	-0.013	0.778	530.4
2653	-0.022	-0.013	0.773	530.6
2654	-0.019	-0.011	0.772	530.8
2655	-0.023	-0.015	0.767	531.0
2656	-0.021	-0.009	0.772	531.2
2657	-0.023	-0.012	0.772	531.4
2658	-0.023	-0.013	0.772	531.6
2659	-0.022	-0.015	0.770	531.8
2660	-0.021	-0.013	0.767	532.0
2661	-0.022	-0.011	0.775	532.2
2662	-0.022	-0.011	0.769	532.4
2663	-0.021	-0.012	0.768	532.6
2664	-0.021	-0.014	0.773	532.8
2665	-0.021	-0.009	0.762	533.0
2666	-0.020	-0.012	0.760	533.2
2667	-0.021	-0.012	0.768	533.4
2668	-0.020	-0.015	0.769	533.6
2669	-0.019	-0.012	0.775	533.8
2670	-0.021	-0.011	0.770	534.0
2671	-0.019	-0.010	0.773	534.2
2672	-0.021	-0.013	0.766	534.4
2673	-0.020	-0.012	0.767	534.6
2674	-0.022	-0.014	0.772	534.8
2675	-0.022	-0.011	0.775	535.0
2676	-0.023	-0.011	0.774	535.2
2677	-0.023	-0.011	0.771	535.4
2678	-0.022	-0.014	0.774	535.6
2679	-0.023	-0.011	0.780	535.8
2680	-0.024	-0.011	0.773	536.0
2681	-0.023	-0.012	0.768	536.2
2682	-0.022	-0.013	0.773	536.4
2683	-0.024	-0.011	0.767	536.6
2684	-0.025	-0.010	0.770	536.8
2685	-0.024	-0.010	0.775	537.0
2686	-0.022	-0.009	0.767	537.2
2687	-0.021	-0.013	0.767	537.4
2688	-0.021	-0.015	0.768	537.6
2689	-0.022	-0.011	0.766	537.8
2690	-0.019	-0.012	0.776	538.0
2691	-0.022	-0.011	0.765	538.2
2692	-0.022	-0.009	0.769	538.4
2693	-0.019	-0.015	0.768	538.6
2694	-0.019	-0.009	0.767	538.8
2695	-0.019	-0.010	0.761	539.0
2696	-0.020	-0.011	0.771	539.2
2697	-0.024	-0.013	0.762	539.4
2698	-0.021	-0.012	0.766	539.6
2699	-0.022	-0.012	0.761	539.8
2700	-0.021	-0.013	0.768	540.0
2701	-0.021	-0.017	0.764	540.2
2702	-0.019	-0.010	0.772	540.4
2703	-0.022	-0.009	0.763	540.6
2704	-0.021	-0.009	0.771	540.8
2705	-0.022	-0.009	0.772	541.0
2706	-0.022	-0.013	0.772	541.2
2707	-0.020	-0.015	0.765	541.4
2708	-0.021	-0.013	0.767	541.6
2709	-0.020	-0.011	0.766	541.8
2710	-0.020	-0.011	0.774	542.0
2711	-0.022	-0.012	0.764	542.2
2712	-0.019	-0.009	0.774	542.4
2713	-0.021	-0.012	0.772	542.6
2714	-0.022	-0.013	0.774	542.8
2715	-0.021	-0.012	0.773	543.0
2716	-0.023	-0.014	0.773	543.2
2717	-0.022	-0.013	0.765	543.4
2718	-0.023	-0.010	0.766	543.6
2719	-0.022	-0.011	0.764	543.8
2720	-0.022	-0.011	0.763	544.0
2721	-0.023	-0.010	0.769	544.2
2722	-0.024	-0.011	0.771	544.4
2723	-0.024	-0.009	0.771	544.6
2724	-0.026	-0.011	0.762	544.8
2725	-0.024	-0.013	0.767	545.0
2726	-0.023	-0.014	0.768	545.2
2727	-0.024	-0.010	0.769	545.4
2728	-0.026	-0.011	0.762	545.6
2729	-0.023	-0.010	0.768	545.8
2730	-0.024	-0.012	0.760	546.0
2731	-0.024	-0.011	0.771	546.2
2732	-0.026	-0.013	0.761	546.4
2733	-0.026	-0.011	0.765	546.6
2734	-0.025	-0.014	0.769	546.8
2735	-0.021	-0.013	0.770	547.0
2736	-0.021	-0.013	0.763	547.2
2737	-0.022	-0.008	0.765	547.4
2738	-0.020	-0.010	0.764	547.6
2739	-0.022	-0.014	0.765	547.8
2740	-0.021	-0.014	0.762	548.0
2741	-0.022	-0.012	0.764	548.2
2742	-0.023	-0.015	0.765	548.4
2743	-0.021	-0.011	0.762	548.6
2744	-0.021	-0.012	0.771	548.8
2745	-0.019	-0.009	0.766	549.0
2746	-0.022	-0.009	0.770	549.2
2747	-0.022	-0.010	0.780	549.4
2748	-0.021	-0.011	0.776	549.6
2749	-0.022	-0.014	0.770	549.8
2750	-0.023	-0.016	0.771	550.0
2751	-0.022	-0.014	0.765	550.2
2752	-0.023	-0.011	0.769	550.4
2753	-0.024	-0.010	0.764	550.6
2754	-0.022	-0.008	0.768	550.8
2755	-0.025	-0.008	0.772	551.0
2756	-0.022	-0.007	0.773	551.2
2757	-0.024	-0.012	0.772	551.4
2758	-0.022	-0.015	0.770	551.6
2759	-0.022	-0.015	0.770	551.8
2760	-0.022	-0.013	0.766	552.0
2761	-0.022	-0.010	0.770	552.2
2762	-0.024	-0.007	0.768	552.4
2763	-0.019	-0.006	0.761	552.6
2764	-0.019	-0.011	0.774	552.8
2765	-0.023	-0.012	0.766	553.0
2766	-0.022	-0.013	0.769	553.2
2767	-0.022	-0.015	0.773	553.4
2768	-0.021	-0.013	0.765	553.6
2769	-0.024	-0.013	0.769	553.8
2770	-0.022	-0.005	0.766	554.0
2771	-0.021	-0.006	0.767	554.2
2772	-0.018	-0.008	0.771	554.4
2773	-0.021	-0.014	0.771	554.6
2774	-0.022	-0.012	0.757	554.8
2775	-0.023	-0.013	0.768	555.0
2776	-0.023	-0.013	0.762	555.2
2777	-0.022	-0.012	0.770	555.4
2778	-0.023	-0.012	0.770	555.6
2779	-0.020	-0.009	0.769	555.8
2780	-0.022	-0.010	0.759	556.0
2781	-0.021	-0.010	0.770	556.2
2782	-0.022	-0.011	0.760	556.4
2783	-0.023	-0.011	0.773	556.6
2784	-0.022	-0.010	0.766	556.8
2785	-0.021	-0.014	0.771	557.0
2786	-0.022	-0.015	0.767	557.2
2787	-0.019	-0.012	0.771	557.4
2788	-0.019	-0.007	0.763	557.6
2789	-0.021	-0.009	0.762	557.8
2790	-0.022	-0.007	0.765	558.0
2791	-0.022	-0.009	0.773	558.2
2792	-0.021	-0.011	0.776	558.4
2793	-0.020	-0.011	0.768	558.6
2794	-0.021	-0.008	0.761	558.8
2795	-0.022	-0.013	0.758	559.0
2796	-0.022	-0.012	0.766	559.2
2797	-0.022	-0.007	0.771	559.4
2798	-0.018	-0.009	0.774	559.6
2799	-0.021	-0.009	0.759	559.8
2800	-0.021	-0.012	0.762	560.0
2801	-0.021	-0.011	0.769	560.2
2802	-0.019	-0.013	0.775	560.4
2803	-0.019	-0.011	0.770	560.6
2804	-0.019	-0.010	0.768	560.8
2805	-0.021	-0.014	0.774	561.0
2806	-0.020	-0.014	0.777	561.2
2807	-0.019	-0.010	0.777	561.4
2808	-0.024	-0.007	0.779	561.6
2809	-0.020	-0.011	0.772	561.8
2810	-0.021	-0.013	0.777	562.0
2811	-0.022	-0.012	0.767	562.2
2812	-0.023	-0.014	0.766	562.4
2813	-0.024	-0.012	0.763	562.6
2814	-0.024	-0.010	0.777	562.8
2815	-0.022	-0.011	0.764	563.0
2816	-0.019	-0.011	0.763	563.2
2817	-0.022	-0.007	0.766	563.4
2818	-0.023	-0.012	0.767	563.6
2819	-0.021	-0.015	0.775	563.8
2820	-0.022	-0.015	0.778	564.0
2821	-0.021	-0.011	0.773	564.2
2822	-0.022	-0.009	0.762	564.4
2823	-0.021	-0.009	0.764	564.6
2824	-0.024	-0.011	0.767	564.8
2825	-0.022	-0.013	0.765	565.0
2826	-0.021	-0.013	0.760	565.2
2827	-0.020	-0.016	0.774	565.4
2828	-0.021	-0.015	0.763	565.6
2829	-0.022	-0.014	0.763	565.8
2830	-0.019	-0.009	0.772	566.0
2831	-0.022	-0.007	0.778	566.2
2832	-0.022	-0.007	0.773	566.4
2833	-0.022	-0.009	0.763	566.6
2834	-0.022	-0.016	0.762	566.8
2835	-0.022	-0.015	0.774	567.0
2836	-0.022	-0.013	0.762	567.2
2837	-0.022	-0.013	0.767	567.4
2838	-0.019	-0.011	0.768	567.6
2839	-0.021	-0.009	0.781	567.8
2840	-0.021	-0.009	0.768	568.0
2841	-0.018	-0.009	0.780	568.2
2842	-0.020	-0.011	0.776	568.4
2843	-0.018	-0.017	0.765	568.6
2844	-0.020	-0.018	0.772	568.8
2845	-0.018	-0.013	0.770	569.0
2846	-0.019	-0.013	0.768	569.2
2847	-0.019	-0.011	0.775	569.4
2848	-0.016	-0.011	0.773	569.6
2849	-0.018	-0.013	0.775	569.8
2850	-0.019	-0.015	0.772	570.0
2851	-0.020	-0.017	0.780	570.2
2852	-0.020	-0.020	0.765	570.4
2853	-0.018	-0.019	0.758	570.6
2854	-0.021	-0.011	0.764	570.8
2855	-0.019	-0.013	0.772	571.0
2856	-0.022	-0.012	0.770	571.2
2857	-0.022	-0.017	0.769	571.4
2858	-0.020	-0.015	0.772	571.6
2859	-0.022	-0.016	0.761	571.8
2860	-0.019	-0.016	0.773	572.0
2861	-0.020	-0.014	0.764	572.2
2862	-0.020	-0.013	0.771	572.4
2863	-0.019	-0.013	0.776	572.6
2864	-0.019	-0.011	0.764	572.8
2865	-0.020	-0.009	0.770	573.0
2866	-0.020	-0.014	0.768	573.2
2867	-0.021	-0.015	0.765	573.4
2868	-0.022	-0.015	0.775	573.6
2869	-0.020	-0.013	0.768	573.8
2870	-0.020	-0.014	0.769	574.0
2871	-0.019	-0.010	0.764	574.2
2872	-0.018	-0.013	0.771	574.4
2873	-0.019	-0.010	0.774	574.6
2874	-0.019	-0.010	0.770	574.8
2875	-0.020	-0.014	0.762	575.0
2876	-0.021	-0.014	0.775	575.2
2877	-0.020	-0.015	0.771	575.4
2878	-0.019	-0.013	0.763	575.6
2879	-0.022	-0.012	0.770	575.8
2880	-0.022	-0.009	0.758	576.0
2881	-0.020	-0.011	0.780	576.2
2882	-0.022	-0.011	0.773	576.4
2883	-0.025	-0.011	0.775	576.6
2884	-0.025	-0.014	0.770	576.8
2885	-0.022	-0.013	0.771	577.0
2886	-0.022	-0.014	0.765	577.2
2887	-0.025	-0.011	0.768	577.4
2888	-0.025	-0.013	0.775	577.6
2889	-0.023	-0.010	0.765	577.8
2890	-0.023	-0.012	0.762	578.0
2891	-0.021	-0.012	0.771	578.2
2892	-0.023	-0.013	0.778	578.4
2893	-0.023	-0.012	0.768	578.6
2894	-0.022	-0.013	0.768	578.8
2895	-0.022	-0.011	0.772	579.0
2896	-0.023	-0.013	0.768	579.2
2897	-0.023	-0.010	0.768	579.4
2898	-0.023	-0.012	0.772	579.6
2899	-0.021	-0.013	0.770	579.8
2900	-0.023	-0.013	0.764	580.0
2901	-0.020	-0.011	0.776	580.2
2902	-0.024	-0.012	0.769	580.4
2903	-0.023	-0.012	0.772	580.6
2904	-0.021	-0.013	0.772	580.8
2905	-0.020	-0.011	0.769	581.0
2906	-0.019	-0.012	0.771	581.2
2907	-0.020	-0.012	0.767	581.4
2908	-0.021	-0.012	0.769	581.6
2909	-0.019	-0.013	0.766	581.8
2910	-0.020	-0.013	0.771	582.0
2911	-0.020	-0.007	0.774	582.2
2912	-0.019	-0.011	0.768	582.4
2913	-0.019	-0.011	0.769	582.6
2914	-0.020	-0.013	0.771	582.8
2915	-0.021	-0.013	0.771	583.0
2916	-0.023	-0.010	0.780	583.2
2917	-0.021	-0.010	0.765	583.4
2918	-0.022	-0.011	0.772	583.6
2919	-0.021	-0.011	0.763	583.8
2920	-0.021	-0.010	0.770	584.0
2921	-0.020	-0.010	0.765	584.2
2922	-0.021	-0.013	0.774	584.4
2923	-0.021	-0.012	0.774	584.6
2924	-0.021	-0.013	0.775	584.8
2925	-0.022	-0.010	0.758	585.0
2926	-0.020	-0.009	0.766	585.2
2927	-0.021	-0.011	0.779	585.4
2928	-0.021	-0.013	0.770	585.6
2929	-0.023	-0.009	0.767	585.8
2930	-0.021	-0.010	0.764	586.0
2931	-0.021	-0.011	0.771	586.2
2932	-0.021	-0.013	0.766	586.4
2933	-0.019	-0.011	0.766	586.6
2934	-0.019	-0.010	0.767	586.8
2935	-0.022	-0.009	0.773	587.0
2936	-0.024	-0.009	0.774	587.2
2937	-0.022	-0.011	0.766	587.4
2938	-0.021	-0.012	0.765	587.6
2939	-0.023	-0.009	0.768	587.8
2940	-0.022	-0.011	0.773	588.0
2941	-0.022	-0.013	0.773	588.2
2942	-0.021	-0.011	0.766	588.4
2943	-0.019	-0.008	0.774	588.6
2944	-0.020	-0.007	0.763	588.8
2945	-0.022	-0.008	0.771	589.0
2946	-0.020	-0.011	0.776	589.2
2947	-0.020	-0.013	0.775	589.4
2948	-0.022	-0.011	0.769	589.6
2949	-0.021	-0.009	0.770	589.8
2950	-0.022	-0.011	0.764	590.0
2951	-0.021	-0.011	0.771	590.2
2952	-0.021	-0.009	0.766	590.4
2953	-0.022	-0.010	0.779	590.6
2954	-0.022	-0.010	0.762	590.8
2955	-0.022	-0.009	0.768	591.0
2956	-0.020	-0.012	0.758	591.2
2957	-0.022	-0.013	0.768	591.4
2958	-0.021	-0.007	0.773	591.6
2959	-0.017	-0.010	0.771	591.8
2960	-0.019	-0.011	0.779	592.0
2961	-0.021	-0.011	0.765	592.2
2962	-0.022	-0.009	0.780	592.4
2963	-0.022	-0.010	0.762	592.6
2964	-0.022	-0.010	0.774	592.8
2965	-0.021	-0.008	0.764	593.0
2966	-0.020	-0.011	0.774	593.2
2967	-0.022	-0.007	0.767	593.4
2968	-0.021	-0.009	0.767	593.6
2969	-0.023	-0.010	0.767	593.8
2970	-0.020	-0.014	0.767	594.0
2971	-0.022	-0.011	0.764	594.2
2972	-0.020	-0.009	0.768	594.4
2973	-0.021	-0.009	0.757	594.6
2974	-0.020	-0.008	0.771	594.8
2975	-0.022	-0.009	0.764	595.0
2976	-0.021	-0.009	0.773	595.2
2977	-0.019	-0.011	0.767	595.4
2978	-0.022	-0.009	0.763	595.6
2979	-0.022	-0.011	0.766	595.8
2980	-0.021	-0.011	0.761	596.0
2981	-0.021	-0.009	0.768	596.2
2982	-0.023	-0.007	0.761	596.4
2983	-0.022	-0.008	0.764	596.6
2984	-0.021	-0.011	0.762	596.8
2985	-0.021	-0.011	0.774	597.0
2986	-0.021	-0.009	0.770	597.2
2987	-0.021	-0.008	0.780	597.4
2988	-0.020	-0.011	0.767	597.6
2989	-0.023	-0.012	0.768	597.8
2990	-0.022	-0.009	0.765	598.0
2991	-0.020	-0.010	0.765	598.2
2992	-0.019	-0.009	0.774	598.4
2993	-0.022	-0.011	0.760	598.6
2994	-0.020	-0.012	0.772	598.8
2995	-0.019	-0.011	0.775	599.0
2996	-0.021	-0.008	0.772	599.2
2997	-0.021	-0.007	0.771	599.4
2998	-0.020	-0.010	0.767	599.6
2999	-0.021	-0.011	0.772	599.8
3000	-0.021	-0.007	0.757	600.0
3001	-0.021	-0.008	0.772	600.2
3002	-0.021	-0.011	0.769	600.4
3003	-0.020	-0.009	0.774	600.6
3004	-0.022	-0.011	0.754	600.8
3005	-0.025	-0.009	0.768	601.0
3006	-0.022	-0.009	0.772	601.2
3007	-0.022	-0.009	0.781	601.4
3008	-0.023	-0.011	0.763	601.6
3009	-0.023	-0.012	0.765	601.8
3010	-0.023	-0.010	0.776	602.0
3011	-0.025	-0.010	0.770	602.2
3012	-0.024	-0.011	0.781	602.4
