0	-0.066000	-0.057000
1	-0.068000	-0.057000
2	-0.068000	-0.057000
3	-0.066000	-0.057000
4	-0.066000	-0.057000
5	-0.061000	-0.060000
6	-0.061000	-0.053000
7	-0.061000	-0.053000
8	-0.060000	-0.050000
9	-0.040000	-0.067000
10	-0.040000	-0.050000
11	-0.040000	-0.037000
12	-0.040000	-0.037000
13	-0.040000	-0.037000
14	-0.082000	-0.050000
15	-0.082000	-0.037000
16	-0.082000	0.015000
17	-0.082000	-0.037000
18	-0.082000	-0.050000
19	-0.082000	-0.061000
20	-0.082000	-0.061000
21	-0.082000	-0.063000
22	-0.082000	-0.095000
23	-0.082000	-0.095000
24	-0.082000	-0.063000
25	-0.097000	-0.063000
26	-0.040000	-0.095000
27	-0.040000	-0.095000
28	-0.102000	-0.063000
29	-0.023000	-0.095000
30	-0.012000	-0.095000
31	-0.012000	-0.095000
32	-0.012000	0.011000
33	-0.012000	0.023000
34	-0.047000	0.023000
35	-0.047000	0.011000
36	-0.047000	-0.077000
37	-0.080000	-0.077000
38	-0.080000	-0.116000
39	-0.080000	-0.152000
40	-0.107000	-0.157000
41	-0.107000	-0.157000
42	-0.119000	-0.157000
43	-0.119000	-0.206000
44	-0.119000	-0.206000
45	-0.107000	-0.206000
46	-0.080000	-0.206000
47	-0.080000	-0.157000
48	-0.054000	-0.116000
49	-0.071000	-0.154000
50	-0.071000	-0.090000
51	-0.071000	-0.090000
52	-0.071000	-0.090000
53	-0.071000	-0.090000
54	-0.054000	-0.066000
55	-0.054000	-0.066000
56	-0.071000	-0.066000
57	-0.088000	-0.057000
58	-0.071000	-0.066000
59	-0.071000	-0.154000
60	-0.088000	-0.179000
61	-0.088000	-0.186000
62	-0.059000	-0.186000
63	-0.097000	-0.186000
64	-0.097000	-0.213000
65	-0.118000	-0.213000
66	-0.145000	-0.213000
67	-0.097000	-0.201000
68	-0.084000	-0.201000
69	-0.097000	-0.193000
70	-0.099000	-0.193000
71	-0.097000	-0.130000
72	-0.099000	-0.095000
73	-0.152000	-0.095000
74	-0.099000	-0.095000
75	-0.099000	-0.095000
76	-0.099000	-0.095000
77	-0.084000	-0.095000
78	-0.099000	-0.095000
79	-0.116000	-0.136000
80	-0.116000	-0.195000
81	-0.116000	-0.195000
82	-0.169000	-0.196000
83	-0.169000	-0.224000
84	-0.116000	-0.224000
85	-0.151000	-0.224000
86	-0.192000	-0.233000
87	-0.151000	-0.233000
88	-0.192000	-0.233000
89	-0.169000	-0.206000
90	-0.151000	-0.269000
91	-0.095000	-0.281000
92	-0.151000	-0.206000
93	-0.151000	-0.125000
94	-0.151000	-0.070000
95	-0.169000	-0.070000
96	-0.184000	-0.125000
97	-0.169000	-0.125000
98	-0.184000	-0.125000
99	-0.169000	-0.054000
100	-0.184000	-0.256000
101	-0.186000	-0.158000
102	-0.199000	-0.152000
103	-0.199000	-0.152000
104	-0.199000	-0.158000
105	-0.199000	-0.158000
106	-0.186000	-0.158000
107	-0.186000	-0.152000
108	-0.186000	-0.152000
109	-0.180000	-0.151000
110	-0.180000	-0.151000
111	-0.180000	-0.137000
112	-0.152000	-0.126000
113	-0.123000	-0.126000
114	-0.123000	-0.137000
115	-0.123000	-0.126000
116	-0.123000	-0.123000
117	-0.128000	-0.123000
118	-0.138000	-0.041000
119	-0.138000	-0.041000
120	-0.138000	-0.123000
121	-0.138000	-0.126000
122	-0.138000	-0.149000
123	-0.138000	-0.190000
124	-0.152000	-0.190000
125	-0.138000	-0.195000
126	-0.138000	-0.212000
127	-0.138000	-0.212000
128	-0.127000	-0.212000
129	-0.120000	-0.212000
130	-0.120000	-0.211000
131	-0.127000	-0.211000
132	-0.120000	-0.211000
133	-0.120000	-0.211000
134	-0.127000	-0.211000
135	-0.127000	-0.216000
136	-0.131000	-0.219000
137	-0.131000	-0.211000
138	-0.127000	-0.211000
139	-0.131000	-0.211000
140	-0.135000	-0.219000
141	-0.172000	-0.222000
142	-0.131000	-0.219000
143	-0.172000	-0.260000
144	-0.172000	-0.260000
145	-0.131000	-0.235000
146	-0.172000	-0.222000
147	-0.172000	-0.171000
148	-0.172000	-0.163000
149	-0.192000	-0.178000
150	-0.192000	-0.163000
151	-0.172000	-0.163000
152	-0.109000	-0.134000
153	-0.170000	-0.134000
154	-0.164000	-0.130000
155	-0.164000	-0.116000
156	-0.170000	-0.116000
157	-0.170000	-0.116000
158	-0.170000	-0.134000
159	-0.171000	-0.178000
160	-0.170000	-0.068000
161	-0.170000	-0.215000
162	-0.170000	-0.215000
163	-0.171000	-0.215000
164	-0.187000	-0.287000
165	-0.187000	-0.287000
166	-0.187000	-0.287000
167	-0.179000	-0.278000
168	-0.187000	-0.278000
169	-0.187000	-0.253000
170	-0.187000	-0.253000
171	-0.190000	-0.278000
172	-0.187000	-0.253000
173	-0.187000	-0.253000
174	-0.179000	-0.253000
175	-0.072000	-0.253000
176	-0.013000	-0.278000
177	0.503000	-0.550000
178	0.678000	-0.550000
179	0.714000	-0.305000
180	0.714000	-0.550000
181	0.724000	-0.550000
182	0.724000	-0.305000
183	0.871000	-0.550000
184	1.057000	-0.305000
185	1.133000	-0.305000
186	1.133000	-0.305000
187	1.346000	0.296000
188	1.511000	0.296000
189	1.511000	-0.077000
190	1.346000	-0.077000
191	1.346000	-0.077000
192	1.199000	-0.077000
193	1.199000	-0.077000
194	1.133000	-0.077000
195	1.122000	-0.077000
196	1.122000	-0.155000
197	1.122000	-0.077000
198	1.096000	-0.155000
199	1.096000	-0.077000
200	0.892000	0.524000
201	0.892000	0.524000
202	0.892000	0.524000
203	0.900000	0.524000
204	0.900000	0.376000
205	0.900000	0.376000
206	0.900000	0.122000
207	0.892000	0.376000
208	0.900000	0.122000
209	0.900000	0.376000
210	0.900000	0.122000
211	0.946000	-0.255000
212	0.946000	-0.255000
213	0.946000	-0.184000
214	0.946000	-0.184000
215	1.152000	-0.058000
216	1.152000	0.039000
217	1.152000	0.039000
218	1.152000	-0.058000
219	1.123000	-0.058000
220	1.165000	-0.058000
221	1.168000	0.039000
222	1.168000	0.351000
223	1.168000	0.351000
224	1.249000	0.351000
225	1.168000	0.039000
226	1.123000	-0.144000
227	1.123000	-0.273000
228	1.123000	-0.386000
229	1.249000	-0.144000
230	1.305000	0.284000
231	1.249000	0.230000
232	0.863000	0.230000
233	0.782000	0.230000
234	0.782000	0.230000
235	0.757000	0.230000
236	0.757000	0.230000
237	0.757000	0.284000
238	0.718000	0.284000
239	0.750000	0.284000
240	0.750000	0.230000
241	0.750000	0.230000
242	0.750000	0.002000
243	0.750000	-0.265000
244	0.750000	-0.265000
245	0.750000	-0.265000
246	0.750000	0.002000
247	0.879000	0.150000
248	0.901000	0.002000
249	0.910000	0.002000
250	0.941000	0.002000
251	0.987000	0.002000
252	0.987000	0.002000
253	1.120000	-0.265000
254	1.120000	0.004000
255	1.168000	-0.632000
256	1.168000	-0.632000
257	1.168000	-1.021000
258	1.168000	-1.152000
259	1.168000	-1.155000
260	1.168000	-1.060000
261	1.168000	-1.060000
262	1.168000	-1.021000
263	1.168000	-1.060000
264	1.132000	-1.021000
265	1.125000	-1.021000
266	1.068000	-1.060000
267	1.125000	-1.021000
268	1.125000	-1.060000
269	0.972000	-0.417000
270	1.125000	-0.417000
271	0.972000	-0.409000
272	0.946000	-0.409000
273	0.896000	-0.417000
274	0.896000	-0.409000
275	0.896000	-0.417000
276	0.874000	-0.795000
277	0.874000	-0.795000
278	0.810000	-1.219000
279	0.810000	-0.795000
280	0.810000	-1.219000
281	0.810000	-0.795000
282	0.827000	-1.219000
283	0.827000	-0.795000
284	0.827000	-1.219000
285	0.827000	-1.512000
286	0.874000	-1.512000
287	1.426000	-1.512000
288	1.426000	0.354000
289	1.426000	0.354000
290	1.537000	-0.698000
291	1.537000	-0.698000
292	1.147000	-0.698000
293	1.387000	-0.452000
294	1.387000	-0.452000
295	1.147000	-0.452000
296	1.147000	-0.452000
297	1.098000	-0.200000
298	1.098000	-0.452000
299	1.021000	-0.452000
300	1.021000	-0.254000
301	1.018000	-0.200000
302	1.021000	-0.200000
303	1.021000	-0.200000
304	1.021000	-0.254000
305	1.021000	-0.389000
306	1.098000	-0.254000
307	1.098000	-0.254000
308	1.182000	-0.254000
309	1.021000	-0.254000
310	1.199000	-0.389000
311	1.199000	-0.652000
312	1.199000	-1.465000
313	1.186000	-0.762000
314	1.186000	-0.762000
315	1.119000	-0.652000
316	1.119000	-0.652000
317	0.995000	-0.652000
318	1.119000	-0.652000
319	0.995000	-0.762000
320	0.995000	-0.762000
321	0.995000	-1.215000
322	0.988000	-0.762000
323	0.995000	-0.762000
324	0.925000	-0.563000
325	0.925000	-0.563000
326	0.925000	-1.207000
327	0.684000	-1.207000
328	0.684000	-1.207000
329	0.684000	-0.579000
330	0.706000	-0.563000
331	1.049000	-0.382000
332	0.974000	-0.300000
333	0.974000	-0.382000
334	0.919000	-0.300000
335	0.919000	-0.300000
336	0.919000	-0.300000
337	0.974000	-0.093000
338	0.974000	-0.300000
339	0.974000	-0.093000
340	0.974000	0.207000
341	0.974000	0.207000
342	0.974000	0.207000
343	1.056000	-0.198000
344	1.056000	-0.198000
345	1.152000	-0.198000
346	1.152000	-0.198000
347	1.152000	-0.198000
348	1.152000	-0.198000
349	1.152000	-0.198000
350	1.056000	-0.342000
351	1.056000	-0.342000
352	1.331000	-0.342000
353	1.233000	-0.295000
354	1.233000	-0.295000
355	1.331000	-0.295000
356	1.233000	-0.842000
357	1.233000	-0.842000
358	1.331000	-0.295000
359	1.233000	-0.842000
360	1.233000	-0.403000
361	1.233000	-0.403000
362	1.208000	-0.403000
363	0.956000	-0.403000
364	0.956000	-0.403000
365	0.956000	-0.403000
366	0.956000	0.340000
367	1.208000	0.340000
368	1.208000	0.340000
369	0.956000	-0.056000
370	0.956000	-0.056000
371	0.956000	0.871000
372	0.829000	0.871000
373	1.035000	0.526000
374	1.035000	0.526000
375	0.842000	-0.056000
376	0.847000	-0.056000
377	0.842000	-0.056000
378	0.842000	-0.289000
379	0.842000	-0.310000
380	0.842000	-0.475000
381	0.842000	-0.475000
382	0.797000	-1.125000
383	0.842000	-0.996000
384	0.797000	-1.178000
385	0.789000	-1.387000
386	0.797000	-1.178000
387	0.797000	-0.996000
388	0.882000	-1.178000
389	0.882000	-1.178000
390	0.882000	-1.387000
391	0.882000	-1.178000
392	0.882000	-1.178000
393	0.900000	-0.996000
394	0.882000	-0.661000
395	0.900000	-0.661000
396	1.048000	-0.003000
397	0.900000	-0.530000
398	0.900000	-0.661000
399	0.900000	-0.661000
400	0.850000	-0.530000
401	1.123000	-0.530000
402	1.123000	-0.530000
403	1.290000	-0.530000
404	1.123000	-0.530000
405	1.123000	-0.427000
406	1.044000	0.445000
407	1.044000	-0.427000
408	1.123000	-0.213000
409	1.123000	0.445000
410	1.138000	0.445000
411	1.138000	0.445000
412	1.181000	0.445000
413	1.181000	0.445000
414	1.181000	0.468000
415	1.181000	0.468000
416	1.181000	0.445000
417	1.181000	-0.015000
418	1.181000	-0.015000
419	1.181000	-0.015000
420	1.180000	-0.473000
421	1.180000	-0.296000
422	1.180000	-0.473000
423	1.173000	-0.296000
424	1.173000	-0.015000
425	1.108000	-0.296000
426	1.057000	-0.473000
427	0.961000	-0.615000
428	0.961000	-0.473000
429	0.961000	-0.473000
430	1.057000	-0.296000
431	1.212000	-0.071000
432	1.212000	0.219000
433	1.212000	0.219000
434	1.212000	-0.071000
435	1.057000	-0.088000
436	1.256000	-0.088000
437	1.256000	-0.071000
438	1.256000	-0.071000
439	1.256000	-0.071000
440	1.239000	0.031000
441	0.796000	-0.071000
442	0.796000	0.031000
443	0.796000	-0.088000
444	1.037000	-0.387000
445	1.037000	-0.387000
446	1.239000	0.031000
447	1.239000	0.031000
448	1.239000	-0.178000
449	1.239000	-0.178000
450	1.037000	-0.178000
451	1.037000	-0.387000
452	1.146000	-0.550000
453	1.146000	-0.606000
454	1.146000	-0.606000
455	1.146000	-0.931000
456	1.146000	-0.550000
457	1.146000	-0.550000
458	0.952000	-0.550000
459	1.146000	0.158000
460	1.146000	0.158000
461	1.146000	-0.550000
462	1.146000	-0.550000
463	1.023000	0.235000
464	1.023000	0.235000
465	1.023000	0.235000
466	1.145000	0.235000
467	1.145000	0.188000
468	1.023000	0.047000
469	1.023000	-0.035000
470	0.959000	-0.144000
471	0.941000	-0.144000
472	0.959000	-0.035000
473	0.941000	-0.035000
474	1.145000	-0.144000
475	0.941000	-0.144000
476	0.892000	0.027000
477	0.892000	-0.144000
478	0.941000	-0.144000
479	1.052000	-0.144000
480	1.113000	-0.144000
481	1.113000	0.024000
482	1.175000	0.027000
483	1.113000	0.024000
484	1.175000	0.027000
485	1.113000	0.506000
486	1.113000	0.027000
487	1.113000	0.506000
488	1.151000	0.506000
489	1.113000	0.506000
490	1.010000	0.506000
491	0.989000	0.506000
492	0.989000	0.506000
493	0.989000	0.316000
494	1.003000	0.705000
495	1.003000	0.316000
496	1.003000	0.316000
497	1.010000	0.316000
498	1.046000	0.150000
499	1.046000	0.316000
500	1.137000	0.150000
501	1.203000	0.316000
502	1.203000	0.316000
503	1.203000	0.316000
504	1.401000	-0.866000
505	1.401000	-0.866000
506	1.401000	0.079000
507	1.401000	-0.866000
508	1.273000	0.079000
509	1.200000	0.079000
510	1.137000	-0.652000
511	1.200000	0.079000
512	1.200000	-0.652000
513	1.200000	-0.652000
514	1.200000	-0.652000
515	1.200000	-0.467000
516	1.153000	-0.652000
517	1.153000	-0.652000
518	1.153000	-0.652000
519	1.077000	-0.652000
520	1.153000	-0.652000
521	1.213000	-1.354000
522	1.153000	-1.354000
523	1.153000	-1.354000
524	1.092000	-0.467000
525	1.092000	-0.467000
526	1.077000	-0.151000
527	1.077000	-0.151000
528	1.092000	-0.151000
529	1.092000	-0.151000
530	1.142000	-1.012000
531	1.092000	-1.012000
532	1.092000	-1.012000
533	1.029000	-1.012000
534	1.029000	-1.012000
535	1.142000	-1.012000
536	1.158000	-0.674000
537	1.158000	-0.674000
538	1.158000	-0.379000
539	1.142000	-0.379000
540	1.142000	-0.379000
541	1.158000	-0.302000
542	1.202000	-0.302000
543	1.202000	0.157000
544	1.202000	0.157000
545	1.202000	0.324000
546	1.460000	0.324000
547	1.460000	0.157000
548	1.460000	0.157000
549	1.460000	-1.092000
550	1.460000	-1.282000
551	1.460000	-1.092000
552	1.393000	-1.092000
553	1.294000	-0.770000
554	1.294000	-1.092000
555	1.393000	-0.770000
556	1.294000	-0.783000
557	1.177000	-0.783000
558	1.163000	-0.783000
559	1.163000	-0.770000
560	0.791000	-0.606000
561	0.791000	0.302000
562	0.791000	0.302000
563	0.622000	0.302000
564	0.515000	0.302000
565	-0.005000	0.302000
566	-0.063000	-0.018000
567	-0.083000	0.302000
568	-0.144000	0.302000
569	-0.200000	0.302000
570	-0.200000	0.153000
571	-0.176000	0.100000
572	-0.176000	-0.018000
573	-0.169000	-0.038000
574	-0.169000	-0.038000
575	-0.169000	-0.055000
576	-0.151000	-0.038000
577	-0.151000	0.005000
578	-0.169000	-0.038000
579	-0.169000	-0.055000
580	-0.169000	-0.166000
581	-0.169000	-0.166000
582	-0.169000	-0.166000
583	-0.151000	-0.166000
584	-0.175000	-0.166000
585	-0.175000	-0.184000
586	-0.175000	-0.184000
587	-0.217000	-0.209000
588	-0.175000	-0.209000
589	-0.121000	-0.209000
590	-0.120000	-0.196000
591	-0.120000	-0.196000
592	-0.118000	-0.196000
593	-0.118000	-0.196000
594	-0.118000	-0.196000
595	-0.098000	-0.196000
596	-0.098000	-0.193000
597	-0.118000	-0.193000
598	-0.017000	-0.115000
599	-0.118000	-0.074000
600	-0.161000	-0.074000
601	-0.163000	-0.115000
602	-0.169000	-0.115000
603	-0.180000	-0.193000
604	-0.198000	-0.194000
605	-0.180000	-0.236000
606	-0.189000	-0.222000
607	-0.197000	-0.222000
608	-0.197000	-0.222000
609	-0.198000	-0.224000
610	-0.198000	-0.236000
611	-0.198000	-0.235000
612	-0.198000	-0.235000
613	-0.198000	-0.235000
614	-0.198000	-0.235000
615	-0.201000	-0.226000
616	-0.209000	-0.226000
617	-0.209000	-0.230000
618	-0.209000	-0.231000
619	-0.209000	-0.231000
620	-0.209000	-0.230000
621	-0.203000	-0.230000
622	-0.203000	-0.230000
623	-0.203000	-0.230000
624	-0.209000	-0.230000
625	-0.203000	-0.230000
626	-0.203000	-0.231000
627	-0.203000	-0.232000
628	-0.212000	-0.232000
