0	-0.081000	0.008000
1	-0.095000	-0.014000
2	-0.101000	0.008000
3	-0.104000	0.013000
4	-0.109000	0.016000
5	-0.115000	0.016000
6	-0.119000	0.026000
7	-0.119000	0.026000
8	-0.123000	0.026000
9	-0.123000	0.047000
10	-0.132000	0.055000
11	-0.157000	0.056000
12	-0.166000	0.067000
13	-0.157000	0.067000
14	-0.166000	0.067000
15	-0.166000	0.067000
16	-0.164000	0.067000
17	-0.147000	0.049000
18	-0.147000	0.067000
19	-0.147000	0.067000
20	-0.164000	0.063000
21	-0.164000	0.063000
22	-0.164000	0.054000
23	-0.164000	0.054000
24	-0.164000	0.063000
25	-0.164000	0.069000
26	-0.164000	0.069000
27	-0.218000	0.106000
28	-0.251000	0.120000
29	-0.254000	0.106000
30	-0.267000	0.106000
31	-0.254000	0.106000
32	-0.251000	0.106000
33	-0.251000	0.182000
34	-0.164000	0.106000
35	-0.243000	0.148000
36	-0.243000	0.106000
37	-0.267000	0.106000
38	-0.243000	0.130000
39	-0.243000	0.072000
40	-0.125000	0.072000
41	-0.125000	0.054000
42	-0.203000	0.054000
43	-0.212000	0.012000
44	-0.212000	0.011000
45	-0.212000	0.012000
46	-0.203000	0.011000
47	-0.203000	0.011000
48	-0.165000	0.012000
49	-0.165000	0.012000
50	-0.165000	0.045000
51	-0.165000	0.045000
52	-0.119000	0.045000
53	-0.119000	0.058000
54	-0.119000	0.058000
55	-0.114000	0.068000
56	-0.119000	0.058000
57	-0.119000	0.068000
58	-0.114000	0.058000
59	-0.119000	0.058000
60	-0.217000	0.054000
61	-0.217000	0.048000
62	-0.217000	0.048000
63	-0.217000	0.048000
64	-0.217000	0.048000
65	-0.136000	0.048000
66	-0.217000	0.043000
67	-0.218000	0.043000
68	-0.136000	0.043000
69	-0.218000	0.043000
70	-0.216000	0.043000
71	-0.136000	0.018000
72	-0.136000	0.018000
73	-0.154000	0.018000
74	-0.216000	0.027000
75	-0.154000	0.027000
76	-0.216000	0.027000
77	-0.154000	0.027000
78	-0.154000	-0.008000
79	-0.199000	-0.008000
80	-0.154000	-0.008000
81	-0.154000	-0.035000
82	-0.199000	-0.025000
83	-0.199000	-0.025000
84	-0.199000	-0.025000
85	-0.140000	-0.035000
86	-0.199000	-0.035000
87	-0.189000	-0.025000
88	-0.199000	-0.025000
89	-0.260000	0.002000
90	-0.189000	0.002000
91	-0.189000	0.002000
92	-0.189000	0.011000
93	-0.110000	0.011000
94	-0.110000	0.026000
95	-0.189000	0.026000
96	-0.230000	0.026000
97	-0.189000	0.026000
98	-0.159000	-0.015000
99	-0.159000	-0.015000
100	-0.159000	-0.017000
101	-0.201000	-0.017000
102	-0.201000	-0.017000
103	-0.200000	-0.017000
104	-0.201000	-0.015000
105	-0.201000	-0.017000
106	-0.201000	-0.015000
107	-0.201000	-0.017000
108	-0.201000	-0.034000
109	-0.201000	-0.034000
110	-0.226000	-0.092000
111	-0.226000	-0.034000
112	-0.200000	-0.034000
113	-0.226000	-0.092000
114	-0.226000	-0.092000
115	-0.198000	-0.093000
116	-0.170000	-0.092000
117	-0.170000	-0.093000
118	-0.170000	-0.148000
119	-0.170000	-0.148000
120	-0.163000	-0.152000
121	-0.163000	-0.152000
122	-0.163000	-0.174000
123	-0.180000	-0.174000
124	-0.180000	-0.174000
125	-0.249000	-0.174000
126	-0.249000	-0.174000
127	-0.249000	-0.174000
128	-0.237000	-0.166000
129	-0.234000	-0.174000
130	-0.212000	-0.174000
131	-0.231000	-0.166000
132	-0.231000	-0.107000
133	-0.231000	-0.107000
134	-0.234000	-0.107000
135	-0.234000	-0.150000
136	-0.234000	-0.166000
137	-0.237000	-0.166000
138	-0.237000	-0.150000
139	-0.285000	-0.172000
140	-0.286000	-0.150000
141	-0.286000	-0.150000
142	-0.304000	-0.172000
143	-0.306000	-0.222000
144	-0.306000	-0.260000
145	-0.304000	-0.222000
146	-0.285000	-0.222000
147	-0.267000	-0.198000
148	-0.231000	-0.189000
149	-0.231000	-0.189000
150	-0.231000	-0.174000
151	-0.203000	-0.189000
152	-0.205000	-0.189000
153	-0.205000	-0.189000
154	-0.204000	-0.174000
155	-0.204000	-0.174000
156	-0.204000	-0.189000
157	-0.204000	-0.189000
158	-0.204000	-0.203000
159	-0.205000	-0.258000
160	-0.205000	-0.258000
161	-0.205000	-0.311000
162	-0.215000	-0.311000
163	-0.267000	-0.276000
164	-0.215000	-0.258000
165	-0.215000	-0.276000
166	-0.215000	-0.276000
167	-0.215000	-0.258000
168	-0.198000	-0.276000
169	-0.215000	-0.243000
170	-0.195000	-0.189000
171	-0.153000	-0.189000
172	-0.116000	-0.189000
173	-0.116000	-0.189000
174	-0.103000	-0.163000
175	-0.078000	-0.189000
176	0.110000	-0.189000
177	0.110000	-0.232000
178	0.118000	-0.232000
179	0.328000	-0.232000
180	0.445000	-0.232000
181	0.459000	-0.341000
182	0.618000	-0.341000
183	0.618000	-0.341000
184	0.636000	-0.442000
185	0.845000	-0.442000
186	0.845000	-0.442000
187	0.925000	-0.228000
188	0.925000	-0.228000
189	0.925000	-0.228000
190	1.047000	0.068000
191	1.047000	0.249000
192	1.018000	0.249000
193	1.018000	0.068000
194	1.162000	0.249000
195	1.162000	0.370000
196	1.018000	0.370000
197	1.018000	0.421000
198	0.856000	0.370000
199	1.012000	0.370000
200	0.856000	0.370000
201	0.856000	0.421000
202	0.856000	0.421000
203	0.920000	0.421000
204	0.920000	0.421000
205	0.840000	0.421000
206	0.920000	0.332000
207	0.920000	0.332000
208	0.920000	-0.003000
209	0.920000	-0.026000
210	0.908000	-0.026000
211	0.908000	-0.026000
212	0.804000	-0.559000
213	0.804000	-0.559000
214	0.804000	-0.195000
215	0.908000	-0.195000
216	0.908000	-0.559000
217	0.908000	-0.559000
218	0.908000	-0.195000
219	0.804000	-0.195000
220	0.923000	-0.195000
221	1.186000	-0.195000
222	1.479000	-0.837000
223	1.479000	-0.837000
224	1.186000	-0.837000
225	1.143000	-0.837000
226	1.143000	-1.043000
227	1.143000	-0.837000
228	1.143000	-0.837000
229	1.143000	-1.043000
230	1.143000	-0.837000
231	1.143000	-1.043000
232	1.046000	-0.304000
233	0.845000	-0.304000
234	0.845000	-0.304000
235	1.046000	-0.138000
236	1.122000	-0.138000
237	1.046000	-0.073000
238	1.046000	-0.073000
239	1.046000	-0.073000
240	1.046000	-0.073000
241	0.809000	-0.630000
242	0.708000	-0.073000
243	0.577000	-0.630000
244	0.577000	-0.558000
245	0.577000	-0.558000
246	0.544000	-0.558000
247	0.461000	-0.630000
248	0.461000	-0.630000
249	0.544000	-0.558000
250	0.577000	0.174000
251	0.577000	0.211000
252	0.577000	0.211000
253	0.793000	0.174000
254	0.856000	0.174000
255	0.856000	0.174000
256	1.139000	0.174000
257	1.139000	0.159000
258	1.139000	0.159000
259	1.139000	0.002000
260	1.139000	-0.037000
261	1.139000	-0.058000
262	1.021000	-0.074000
263	1.021000	-0.058000
264	0.603000	-0.074000
265	0.561000	-0.074000
266	0.603000	-0.074000
267	0.561000	-0.281000
268	0.561000	-0.396000
269	0.561000	-0.281000
270	0.561000	-0.281000
271	0.561000	-0.396000
272	0.501000	-0.483000
273	0.501000	-0.396000
274	0.501000	-0.483000
275	0.933000	-0.585000
276	1.046000	-0.585000
277	0.933000	-0.871000
278	1.046000	-0.447000
279	0.933000	-0.447000
280	1.006000	-0.871000
281	0.933000	-0.871000
282	0.933000	-0.871000
283	0.933000	-0.861000
284	0.933000	-0.861000
285	1.006000	-0.861000
286	1.006000	-0.844000
287	0.847000	-0.844000
288	0.847000	-0.690000
289	0.738000	-0.844000
290	0.847000	-0.690000
291	0.738000	-0.690000
292	0.732000	-0.595000
293	0.730000	-0.538000
294	0.727000	-0.538000
295	0.727000	-0.538000
296	0.727000	-0.538000
297	0.679000	-0.472000
298	0.649000	-0.472000
299	0.649000	-0.472000
300	0.649000	-0.075000
301	0.584000	-0.075000
302	0.584000	0.386000
303	0.593000	0.386000
304	0.593000	0.386000
305	0.593000	-0.075000
306	0.679000	-0.182000
307	0.593000	-0.182000
308	0.593000	-0.276000
309	0.593000	-0.313000
310	0.593000	-0.313000
311	0.593000	-0.313000
312	0.610000	-0.276000
313	0.752000	-0.276000
314	0.752000	-0.276000
315	0.959000	-0.276000
316	0.959000	-0.276000
317	0.752000	-0.313000
318	0.752000	-0.313000
319	0.752000	-0.115000
320	0.959000	-0.115000
321	0.959000	-0.115000
322	0.995000	-0.546000
323	0.995000	-0.883000
324	0.995000	-0.883000
325	0.959000	-0.546000
326	0.799000	-0.883000
327	0.995000	-0.546000
328	0.995000	-0.187000
329	0.995000	-0.187000
330	0.941000	-0.187000
331	0.799000	-0.187000
332	0.941000	-0.183000
333	0.799000	-0.183000
334	0.848000	0.013000
335	0.799000	0.005000
336	0.785000	0.005000
337	0.785000	0.013000
338	0.785000	0.005000
339	0.785000	-0.099000
340	0.785000	-0.099000
341	0.848000	-0.183000
342	0.848000	-0.183000
343	0.652000	-0.099000
344	0.848000	-0.099000
345	0.687000	-0.099000
346	0.687000	-0.665000
347	0.687000	-0.099000
348	0.687000	-0.099000
349	0.687000	-0.099000
350	0.687000	-0.111000
351	0.857000	0.047000
352	0.687000	0.066000
353	0.687000	0.285000
354	0.687000	0.066000
355	0.683000	0.066000
356	0.683000	0.047000
357	0.706000	0.066000
358	0.748000	0.066000
359	0.947000	0.066000
360	1.189000	0.181000
361	0.748000	0.321000
362	0.748000	0.321000
363	0.748000	0.344000
364	0.804000	0.321000
365	0.827000	0.344000
366	0.881000	0.344000
367	0.881000	0.429000
368	0.881000	0.429000
369	0.827000	0.429000
370	0.827000	0.429000
371	0.804000	0.344000
372	0.804000	0.067000
373	0.642000	0.005000
374	0.642000	-0.080000
375	0.642000	-0.523000
376	0.642000	-0.633000
377	0.642000	-0.633000
378	0.709000	-0.633000
379	0.821000	-0.633000
380	0.821000	-0.633000
381	0.727000	-0.633000
382	0.821000	-0.623000
383	0.821000	-0.623000
384	0.821000	-0.623000
385	0.852000	-0.567000
386	0.852000	-0.623000
387	0.852000	-0.623000
388	0.817000	-0.683000
389	0.817000	-0.683000
390	0.817000	-1.039000
391	0.948000	-1.039000
392	0.948000	-1.039000
393	0.948000	-1.039000
394	1.049000	-0.182000
395	1.188000	0.145000
396	1.233000	0.215000
397	1.233000	0.215000
398	1.233000	0.227000
399	1.233000	0.227000
400	1.233000	0.227000
401	1.233000	0.227000
402	1.049000	0.227000
403	1.049000	0.227000
404	0.876000	0.227000
405	0.876000	0.227000
406	0.847000	0.227000
407	0.847000	-0.179000
408	0.876000	0.163000
409	0.977000	0.163000
410	1.000000	0.163000
411	0.977000	0.163000
412	0.977000	0.163000
413	0.977000	-0.179000
414	0.977000	-0.179000
415	0.977000	-0.179000
416	0.977000	0.030000
417	0.977000	-0.403000
418	0.977000	0.030000
419	0.837000	-0.403000
420	0.837000	-0.403000
421	0.837000	-0.175000
422	1.002000	-0.403000
423	1.002000	-0.175000
424	1.002000	-0.175000
425	1.002000	-0.015000
426	1.002000	-0.015000
427	0.885000	-0.175000
428	0.885000	-0.015000
429	0.740000	-0.175000
430	0.740000	-0.015000
431	0.740000	-0.175000
432	0.740000	-0.015000
433	0.734000	-0.015000
434	0.734000	-0.436000
435	0.740000	-0.436000
436	0.740000	-0.440000
437	0.813000	-0.436000
438	0.894000	0.176000
439	1.000000	0.176000
440	1.000000	0.176000
441	1.000000	-0.436000
442	1.000000	-0.436000
443	0.894000	-0.497000
444	1.000000	-0.497000
445	1.000000	-0.497000
446	0.894000	-1.080000
447	0.942000	0.176000
448	0.894000	-0.939000
449	0.942000	-0.939000
450	0.891000	-0.939000
451	0.891000	-0.939000
452	0.869000	-0.516000
453	0.869000	-0.516000
454	0.869000	-0.516000
455	0.822000	-0.516000
456	0.822000	-0.516000
457	0.817000	-0.516000
458	0.817000	-0.516000
459	0.817000	-0.516000
460	0.702000	-0.583000
461	0.671000	-0.583000
462	0.702000	-0.583000
463	0.702000	-0.583000
464	0.714000	-0.583000
465	0.702000	-0.583000
466	0.671000	-0.636000
467	0.622000	-0.636000
468	0.622000	-0.223000
469	0.616000	-0.636000
470	0.622000	-0.636000
471	0.622000	-0.223000
472	0.714000	-0.636000
473	0.847000	0.204000
474	0.878000	0.204000
475	0.878000	0.586000
476	0.878000	0.586000
477	0.878000	0.683000
478	0.878000	0.586000
479	0.847000	0.204000
480	0.878000	0.204000
481	0.891000	0.338000
482	0.891000	0.338000
483	0.878000	0.338000
484	0.855000	-0.135000
485	0.631000	-0.135000
486	0.631000	-0.230000
487	0.855000	-0.135000
488	0.855000	-0.230000
489	0.855000	-0.230000
490	0.855000	-0.175000
491	0.855000	-0.135000
492	0.843000	-0.175000
493	0.855000	-0.135000
494	1.015000	0.075000
495	1.015000	0.075000
496	1.015000	-0.175000
497	0.964000	0.075000
498	0.843000	0.058000
499	0.843000	0.058000
500	0.843000	0.058000
501	0.878000	0.058000
502	0.837000	0.047000
503	0.849000	0.058000
504	0.849000	0.047000
505	0.837000	0.023000
506	0.837000	0.023000
507	0.745000	0.023000
508	0.837000	0.023000
509	0.849000	0.015000
510	0.878000	0.015000
511	0.940000	0.023000
512	1.057000	0.023000
513	1.057000	0.023000
514	1.057000	0.015000
515	1.057000	0.015000
516	1.057000	0.424000
517	1.057000	0.424000
518	1.057000	0.916000
519	0.940000	0.916000
520	0.940000	0.916000
521	0.972000	0.042000
522	0.935000	-0.269000
523	0.696000	-0.269000
524	0.696000	0.042000
525	0.611000	0.042000
526	0.611000	0.042000
527	0.696000	0.042000
528	0.696000	0.042000
529	0.895000	-0.269000
530	0.972000	-0.269000
531	0.965000	-0.269000
532	0.962000	0.115000
533	0.962000	0.115000
534	0.962000	0.220000
535	0.962000	0.220000
536	0.965000	0.678000
537	1.057000	0.220000
538	0.965000	0.115000
539	0.965000	0.115000
540	0.962000	0.115000
541	0.962000	0.220000
542	0.962000	0.220000
543	0.933000	0.101000
544	0.974000	0.220000
545	0.974000	0.101000
546	0.974000	-0.047000
547	0.974000	-0.156000
548	0.974000	-0.047000
549	0.974000	0.101000
550	0.974000	0.101000
551	1.004000	0.527000
552	0.974000	0.544000
553	0.974000	0.638000
554	0.974000	0.893000
555	1.004000	0.893000
556	1.004000	0.893000
557	1.087000	0.893000
558	1.004000	0.922000
559	1.118000	0.893000
560	1.118000	0.922000
561	1.118000	0.922000
562	1.064000	0.922000
563	1.064000	0.922000
564	1.064000	0.922000
565	1.064000	0.271000
566	0.905000	0.271000
567	0.997000	0.271000
568	0.905000	0.265000
569	0.905000	0.044000
570	0.851000	0.044000
571	0.851000	-0.356000
572	0.851000	0.044000
573	0.844000	-0.038000
574	0.618000	0.044000
575	0.593000	0.072000
576	0.453000	0.203000
577	0.414000	0.203000
578	0.271000	0.203000
579	0.038000	0.203000
580	0.010000	0.203000
581	0.007000	0.203000
582	-0.102000	0.251000
583	-0.149000	0.203000
584	-0.151000	0.233000
585	-0.149000	0.233000
586	-0.102000	0.233000
587	-0.102000	0.211000
588	-0.102000	0.167000
589	-0.102000	0.167000
590	-0.102000	0.167000
591	-0.149000	0.206000
592	-0.102000	0.211000
593	-0.073000	0.206000
594	-0.073000	0.211000
595	-0.073000	0.206000
596	-0.105000	0.206000
597	-0.149000	0.211000
598	-0.149000	0.206000
599	-0.138000	0.211000
600	-0.105000	0.211000
601	-0.138000	0.211000
602	-0.105000	0.184000
603	-0.138000	0.169000
604	-0.180000	0.169000
605	-0.164000	0.169000
606	-0.164000	0.169000
607	-0.164000	0.169000
608	-0.164000	0.152000
609	-0.138000	0.169000
610	-0.164000	0.169000
611	-0.174000	0.169000
612	-0.164000	0.157000
613	-0.164000	0.157000
614	-0.164000	0.172000
615	-0.164000	0.172000
616	-0.174000	0.186000
617	-0.177000	0.186000
618	-0.177000	0.187000
619	-0.177000	0.187000
620	-0.256000	0.186000
621	-0.256000	0.162000
622	-0.256000	0.162000
623	-0.267000	0.186000
624	-0.272000	0.187000
625	-0.272000	0.186000
626	-0.272000	0.173000
627	-0.274000	0.168000
628	-0.274000	0.173000
629	-0.267000	0.168000
630	-0.267000	0.173000
631	-0.274000	0.173000
632	-0.296000	0.173000
633	-0.297000	0.173000
634	-0.298000	0.173000
635	-0.298000	0.172000
636	-0.297000	0.173000
637	-0.296000	0.172000
