0	0.006	-0.006	0.770	0.0
1	0.004	-0.008	0.774	0.2
2	0.006	-0.009	0.774	0.4
3	0.005	-0.009	0.772	0.6
4	0.004	-0.008	0.775	0.8
5	0.004	-0.006	0.775	1.0
6	0.004	-0.006	0.768	1.2
7	0.005	-0.006	0.770	1.4
8	0.003	-0.006	0.774	1.6
9	0.005	-0.007	0.770	1.8
10	0.003	-0.007	0.772	2.0
11	0.003	-0.008	0.775	2.2
12	0.003	-0.007	0.768	2.4
13	0.002	-0.006	0.772	2.6
14	0.003	-0.009	0.773	2.8
15	0.003	-0.009	0.769	3.0
16	0.004	-0.008	0.773	3.2
17	0.002	-0.008	0.773	3.4
18	0.002	-0.006	0.770	3.6
19	0.002	-0.011	0.769	3.8
20	0.003	-0.009	0.771	4.0
21	0.002	-0.011	0.768	4.2
22	0.003	-0.011	0.771	4.4
23	0.001	-0.010	0.774	4.6
24	0.003	-0.009	0.769	4.8
25	0.000	-0.010	0.772	5.0
26	0.002	-0.009	0.772	5.2
27	0.003	-0.010	0.767	5.4
28	0.001	-0.009	0.774	5.6
29	0.002	-0.010	0.774	5.8
30	0.001	-0.012	0.768	6.0
31	0.001	-0.011	0.772	6.2
32	0.002	-0.009	0.775	6.4
33	0.000	-0.011	0.771	6.6
34	-0.001	-0.015	0.774	6.8
35	-0.001	-0.011	0.773	7.0
36	0.000	-0.010	0.772	7.2
37	-0.002	-0.011	0.772	7.4
38	0.001	-0.013	0.773	7.6
39	0.002	-0.012	0.768	7.8
40	0.001	-0.011	0.776	8.0
41	0.002	-0.011	0.774	8.2
42	0.000	-0.010	0.769	8.4
43	0.002	-0.011	0.775	8.6
44	0.002	-0.011	0.773	8.8
45	0.001	-0.013	0.770	9.0
46	0.003	-0.012	0.773	9.2
47	0.003	-0.013	0.773	9.4
48	0.002	-0.010	0.770	9.6
49	0.003	-0.008	0.770	9.8
50	0.002	-0.008	0.773	10.0
51	0.001	-0.009	0.767	10.2
52	0.001	-0.011	0.774	10.4
53	0.001	-0.010	0.773	10.6
54	-0.002	-0.014	0.773	10.8
55	0.003	-0.013	0.772	11.0
56	0.001	-0.012	0.771	11.2
57	0.003	-0.010	0.772	11.4
58	0.003	-0.010	0.775	11.6
59	0.003	-0.009	0.771	11.8
60	0.002	-0.009	0.773	12.0
61	0.002	-0.011	0.775	12.2
62	0.002	-0.011	0.770	12.4
63	0.005	-0.011	0.773	12.6
64	0.001	-0.011	0.774	12.8
65	0.003	-0.009	0.772	13.0
66	0.003	-0.007	0.771	13.2
67	0.002	-0.011	0.772	13.4
68	0.002	-0.009	0.770	13.6
69	0.002	-0.011	0.771	13.8
70	0.002	-0.009	0.773	14.0
71	0.001	-0.011	0.773	14.2
72	0.002	-0.010	0.771	14.4
73	-0.001	-0.009	0.775	14.6
74	0.001	-0.008	0.770	14.8
75	0.002	-0.011	0.769	15.0
76	0.002	-0.011	0.774	15.2
77	0.002	-0.013	0.772	15.4
78	0.000	-0.013	0.769	15.6
79	0.003	-0.014	0.778	15.8
80	0.002	-0.014	0.773	16.0
81	0.003	-0.013	0.765	16.2
82	0.003	-0.010	0.775	16.4
83	0.000	-0.008	0.771	16.6
84	0.000	-0.009	0.769	16.8
85	0.003	-0.010	0.772	17.0
86	0.002	-0.014	0.771	17.2
87	0.002	-0.011	0.769	17.4
88	0.005	-0.011	0.773	17.6
89	0.001	-0.008	0.765	17.8
90	0.004	-0.005	0.772	18.0
91	0.004	-0.005	0.775	18.2
92	0.004	-0.009	0.772	18.4
93	0.005	-0.011	0.774	18.6
94	0.006	-0.011	0.778	18.8
95	0.006	-0.011	0.767	19.0
96	0.012	-0.002	0.766	19.2
97	0.006	-0.010	0.772	19.4
98	0.006	-0.010	0.769	19.6
99	0.007	-0.009	0.775	19.8
100	0.008	-0.009	0.775	20.0
101	0.008	-0.011	0.768	20.2
102	0.009	-0.010	0.766	20.4
103	0.009	-0.011	0.776	20.6
104	0.009	-0.011	0.770	20.8
105	0.010	-0.011	0.775	21.0
106	0.009	-0.009	0.774	21.2
107	0.008	-0.008	0.773	21.4
108	0.011	-0.010	0.771	21.6
109	0.010	-0.009	0.773	21.8
110	0.008	-0.009	0.770	22.0
111	0.011	-0.010	0.774	22.2
112	0.007	-0.013	0.772	22.4
113	0.009	-0.010	0.774	22.6
114	0.010	-0.008	0.776	22.8
115	0.009	-0.010	0.773	23.0
116	0.007	-0.006	0.767	23.2
117	0.011	-0.007	0.775	23.4
118	0.008	-0.009	0.773	23.6
119	0.007	-0.009	0.770	23.8
120	0.008	-0.010	0.774	24.0
121	0.007	-0.013	0.771	24.2
122	0.007	-0.009	0.772	24.4
123	0.007	-0.008	0.775	24.6
124	0.006	-0.007	0.774	24.8
125	0.009	-0.009	0.769	25.0
126	0.005	-0.009	0.772	25.2
127	0.005	-0.011	0.772	25.4
128	0.007	-0.011	0.769	25.6
129	0.008	-0.010	0.772	25.8
130	0.004	-0.010	0.769	26.0
131	0.005	-0.007	0.768	26.2
132	0.006	-0.007	0.773	26.4
133	0.005	-0.007	0.769	26.6
134	0.006	-0.011	0.771	26.8
135	0.007	-0.011	0.775	27.0
136	0.005	-0.011	0.773	27.2
137	0.005	-0.010	0.770	27.4
138	0.007	-0.007	0.774	27.6
139	0.006	-0.007	0.770	27.8
140	0.006	-0.005	0.766	28.0
141	0.006	-0.009	0.773	28.2
142	0.006	-0.009	0.774	28.4
143	0.003	-0.010	0.768	28.6
144	0.005	-0.010	0.772	28.8
145	0.006	-0.009	0.771	29.0
146	0.006	-0.009	0.771	29.2
147	0.006	-0.008	0.773	29.4
148	0.006	-0.007	0.771	29.6
149	0.006	-0.010	0.766	29.8
150	0.003	-0.012	0.773	30.0
151	0.005	-0.009	0.770	30.2
152	0.008	-0.012	0.775	30.4
153	0.005	-0.010	0.773	30.6
154	0.005	-0.007	0.770	30.8
155	0.007	-0.009	0.775	31.0
156	0.004	-0.012	0.778	31.2
157	0.007	-0.013	0.771	31.4
158	0.007	-0.012	0.772	31.6
159	0.005	-0.014	0.773	31.8
160	0.007	-0.010	0.772	32.0
161	0.005	-0.007	0.773	32.2
162	0.005	-0.009	0.774	32.4
163	0.006	-0.011	0.770	32.6
164	0.005	-0.014	0.774	32.8
165	0.006	-0.014	0.774	33.0
166	0.005	-0.013	0.771	33.2
167	0.005	-0.013	0.774	33.4
168	0.005	-0.011	0.773	33.6
169	0.006	-0.011	0.769	33.8
170	0.005	-0.007	0.771	34.0
171	0.006	-0.010	0.775	34.2
172	0.006	-0.011	0.772	34.4
173	0.006	-0.010	0.772	34.6
174	0.002	-0.009	0.774	34.8
175	0.004	-0.011	0.770	35.0
176	0.006	-0.009	0.774	35.2
177	0.005	-0.007	0.773	35.4
178	0.004	-0.007	0.770	35.6
179	0.005	-0.009	0.772	35.8
180	0.005	-0.003	0.772	36.0
181	0.003	-0.010	0.772	36.2
182	0.006	-0.009	0.773	36.4
183	0.005	-0.012	0.770	36.6
184	0.005	-0.012	0.769	36.8
185	0.003	-0.011	0.775	37.0
186	0.002	-0.007	0.772	37.2
187	0.005	-0.006	0.771	37.4
188	0.007	-0.006	0.771	37.6
189	0.003	-0.011	0.773	37.8
190	0.002	-0.010	0.770	38.0
191	0.004	-0.011	0.772	38.2
192	0.003	-0.013	0.771	38.4
193	0.003	-0.012	0.765	38.6
194	0.003	-0.012	0.772	38.8
195	0.005	-0.009	0.772	39.0
196	0.003	-0.007	0.771	39.2
197	0.002	-0.008	0.773	39.4
198	0.003	-0.009	0.771	39.6
199	0.004	-0.009	0.771	39.8
200	0.002	-0.012	0.773	40.0
201	0.003	-0.012	0.769	40.2
202	0.002	-0.010	0.768	40.4
203	0.004	-0.010	0.773	40.6
204	0.002	-0.007	0.772	40.8
205	0.002	-0.009	0.770	41.0
206	0.002	-0.010	0.774	41.2
207	0.002	-0.011	0.768	41.4
208	0.002	-0.010	0.772	41.6
209	0.002	-0.011	0.773	41.8
210	0.004	-0.007	0.772	42.0
211	0.003	-0.007	0.775	42.2
212	0.004	-0.007	0.770	42.4
213	0.004	-0.007	0.770	42.6
214	0.004	-0.009	0.772	42.8
215	0.003	-0.011	0.775	43.0
216	0.005	-0.012	0.766	43.2
217	0.007	-0.011	0.774	43.4
218	0.005	-0.009	0.774	43.6
219	0.007	-0.010	0.772	43.8
220	0.007	-0.008	0.772	44.0
221	0.006	-0.008	0.773	44.2
222	0.009	-0.011	0.768	44.4
223	0.008	-0.011	0.772	44.6
224	0.009	-0.012	0.774	44.8
225	0.009	-0.010	0.767	45.0
226	0.008	-0.009	0.772	45.2
227	0.008	-0.010	0.773	45.4
228	0.007	-0.005	0.770	45.6
229	0.007	-0.010	0.775	45.8
230	0.007	-0.011	0.771	46.0
231	0.007	-0.012	0.768	46.2
232	0.007	-0.011	0.774	46.4
233	0.006	-0.011	0.776	46.6
234	0.007	-0.011	0.767	46.8
235	0.006	-0.012	0.772	47.0
236	0.008	-0.013	0.771	47.2
237	0.007	-0.009	0.767	47.4
238	0.007	-0.010	0.773	47.6
239	0.006	-0.009	0.772	47.8
240	0.008	-0.011	0.768	48.0
241	0.007	-0.013	0.776	48.2
242	0.006	-0.011	0.771	48.4
243	0.006	-0.011	0.771	48.6
244	0.007	-0.011	0.774	48.8
245	0.007	-0.010	0.771	49.0
246	0.005	-0.008	0.769	49.2
247	0.007	-0.009	0.773	49.4
248	0.005	-0.012	0.771	49.6
249	0.007	-0.011	0.768	49.8
250	0.005	-0.011	0.776	50.0
251	0.003	-0.013	0.770	50.2
252	0.004	-0.013	0.773	50.4
253	0.005	-0.011	0.773	50.6
254	0.007	-0.013	0.773	50.8
255	0.004	-0.013	0.770	51.0
256	0.007	-0.010	0.773	51.2
257	0.007	-0.010	0.772	51.4
258	0.005	-0.011	0.771	51.6
259	0.008	-0.013	0.774	51.8
260	0.006	-0.015	0.769	52.0
261	0.008	-0.014	0.773	52.2
262	0.007	-0.013	0.775	52.4
263	0.005	-0.013	0.770	52.6
264	0.007	-0.013	0.774	52.8
265	0.006	-0.013	0.773	53.0
266	0.007	-0.015	0.771	53.2
267	0.004	-0.014	0.772	53.4
268	0.007	-0.015	0.771	53.6
269	0.005	-0.015	0.771	53.8
270	0.006	-0.012	0.774	54.0
271	0.007	-0.016	0.774	54.2
272	0.008	-0.015	0.770	54.4
273	0.006	-0.013	0.770	54.6
274	0.005	-0.013	0.773	54.8
275	0.005	-0.013	0.767	55.0
276	0.004	-0.011	0.773	55.2
277	0.007	-0.013	0.772	55.4
278	0.005	-0.011	0.769	55.6
279	0.004	-0.014	0.774	55.8
280	0.005	-0.010	0.772	56.0
281	0.006	-0.014	0.771	56.2
282	0.004	-0.014	0.772	56.4
283	0.005	-0.015	0.768	56.6
284	0.007	-0.015	0.768	56.8
285	0.005	-0.013	0.773	57.0
286	0.006	-0.014	0.771	57.2
287	0.005	-0.016	0.769	57.4
288	0.004	-0.015	0.773	57.6
289	0.005	-0.016	0.770	57.8
290	0.004	-0.017	0.771	58.0
291	0.007	-0.014	0.774	58.2
292	0.005	-0.014	0.768	58.4
293	0.005	-0.016	0.769	58.6
294	0.008	-0.014	0.774	58.8
295	0.007	-0.015	0.770	59.0
296	0.006	-0.018	0.769	59.2
297	0.007	-0.017	0.771	59.4
298	0.005	-0.015	0.769	59.6
299	0.009	-0.015	0.771	59.8
300	0.005	-0.014	0.774	60.0
301	0.007	-0.013	0.771	60.2
302	0.008	-0.015	0.770	60.4
303	0.008	-0.013	0.774	60.6
304	0.007	-0.016	0.769	60.8
305	0.007	-0.016	0.773	61.0
306	0.004	-0.014	0.772	61.2
307	0.007	-0.015	0.774	61.4
308	0.007	-0.015	0.773	61.6
309	0.007	-0.013	0.773	61.8
310	0.007	-0.011	0.770	62.0
311	0.006	-0.015	0.773	62.2
312	0.007	-0.015	0.774	62.4
313	0.008	-0.018	0.772	62.6
314	0.007	-0.014	0.775	62.8
315	0.007	-0.012	0.778	63.0
316	0.007	-0.016	0.767	63.2
317	0.009	-0.011	0.772	63.4
318	0.007	-0.011	0.770	63.6
319	0.007	-0.013	0.769	63.8
320	0.007	-0.013	0.773	64.0
321	0.008	-0.014	0.773	64.2
322	0.006	-0.011	0.770	64.4
323	0.006	-0.015	0.770	64.6
324	0.008	-0.012	0.771	64.8
325	0.008	-0.014	0.770	65.0
326	0.008	-0.015	0.772	65.2
327	0.010	-0.015	0.772	65.4
328	0.007	-0.017	0.772	65.6
329	0.009	-0.017	0.771	65.8
330	0.007	-0.017	0.771	66.0
331	0.006	-0.015	0.771	66.2
332	0.007	-0.013	0.773	66.4
333	0.007	-0.013	0.770	66.6
334	0.008	-0.016	0.777	66.8
335	0.007	-0.017	0.775	67.0
336	0.007	-0.014	0.769	67.2
337	0.005	-0.017	0.774	67.4
338	0.005	-0.017	0.778	67.6
339	0.006	-0.016	0.770	67.8
340	0.004	-0.012	0.773	68.0
341	0.003	-0.013	0.774	68.2
342	0.003	-0.015	0.771	68.4
343	0.003	-0.015	0.772	68.6
344	0.002	-0.013	0.774	68.8
345	0.002	-0.012	0.771	69.0
346	0.002	-0.013	0.774	69.2
347	0.002	-0.012	0.773	69.4
348	0.002	-0.013	0.770	69.6
349	0.002	-0.013	0.771	69.8
350	0.002	-0.017	0.775	70.0
351	0.005	-0.013	0.770	70.2
352	0.002	-0.014	0.773	70.4
353	0.006	-0.015	0.770	70.6
354	0.001	-0.014	0.772	70.8
355	0.005	-0.014	0.773	71.0
356	0.005	-0.011	0.771	71.2
357	0.004	-0.014	0.769	71.4
358	0.007	-0.012	0.775	71.6
359	0.005	-0.013	0.770	71.8
360	0.007	-0.012	0.771	72.0
361	0.008	-0.015	0.774	72.2
362	0.007	-0.013	0.771	72.4
363	0.008	-0.011	0.771	72.6
364	0.008	-0.012	0.773	72.8
365	0.007	-0.011	0.768	73.0
366	0.008	-0.012	0.771	73.2
367	0.011	-0.012	0.777	73.4
368	0.003	-0.015	0.769	73.6
369	0.006	-0.011	0.774	73.8
370	0.005	-0.010	0.771	74.0
371	0.005	-0.011	0.765	74.2
372	0.005	-0.011	0.767	74.4
373	0.006	-0.010	0.774	74.6
374	0.005	-0.010	0.767	74.8
375	0.004	-0.009	0.773	75.0
376	0.003	-0.009	0.770	75.2
377	0.004	-0.009	0.768	75.4
378	0.003	-0.009	0.774	75.6
379	0.002	-0.011	0.772	75.8
380	0.003	-0.010	0.771	76.0
381	0.004	-0.010	0.772	76.2
382	0.002	-0.007	0.771	76.4
383	0.003	-0.009	0.771	76.6
384	0.005	-0.007	0.773	76.8
385	0.004	-0.009	0.771	77.0
386	0.007	-0.011	0.767	77.2
387	0.005	-0.011	0.774	77.4
388	0.004	-0.007	0.772	77.6
389	0.005	-0.005	0.768	77.8
390	0.007	-0.004	0.773	78.0
391	0.005	-0.006	0.772	78.2
392	0.006	-0.010	0.772	78.4
393	0.005	-0.011	0.775	78.6
394	0.005	-0.009	0.769	78.8
395	0.006	-0.010	0.771	79.0
396	0.008	-0.009	0.774	79.2
397	0.007	-0.010	0.770	79.4
398	0.009	-0.008	0.771	79.6
399	0.011	-0.012	0.775	79.8
400	0.010	-0.011	0.769	80.0
401	0.013	-0.011	0.768	80.2
402	0.012	-0.014	0.776	80.4
403	0.015	-0.009	0.772	80.6
404	0.013	-0.011	0.770	80.8
405	0.013	-0.009	0.772	81.0
406	0.013	-0.009	0.768	81.2
407	0.011	-0.010	0.771	81.4
408	0.011	-0.011	0.771	81.6
409	0.015	-0.012	0.771	81.8
410	0.012	-0.012	0.769	82.0
411	0.011	-0.012	0.771	82.2
412	0.012	-0.012	0.772	82.4
413	0.012	-0.009	0.769	82.6
414	0.013	-0.009	0.773	82.8
415	0.011	-0.009	0.771	83.0
416	0.009	-0.011	0.771	83.2
417	0.010	-0.012	0.772	83.4
418	0.010	-0.010	0.768	83.6
419	0.012	-0.012	0.773	83.8
420	0.011	-0.011	0.773	84.0
421	0.010	-0.008	0.769	84.2
422	0.012	-0.008	0.773	84.4
423	0.010	-0.009	0.770	84.6
424	0.009	-0.008	0.769	84.8
425	0.013	-0.010	0.774	85.0
426	0.011	-0.012	0.774	85.2
427	0.011	-0.011	0.771	85.4
428	0.007	-0.008	0.776	85.6
429	0.011	-0.009	0.772	85.8
430	0.010	-0.009	0.771	86.0
431	0.007	-0.011	0.774	86.2
432	0.008	-0.017	0.772	86.4
433	0.006	-0.014	0.771	86.6
434	0.007	-0.014	0.772	86.8
435	0.007	-0.013	0.774	87.0
436	0.007	-0.011	0.767	87.2
437	0.007	-0.008	0.772	87.4
438	0.005	-0.011	0.774	87.6
439	0.008	-0.010	0.772	87.8
440	0.010	-0.011	0.772	88.0
441	0.008	-0.009	0.771	88.2
442	0.006	-0.007	0.771	88.4
443	0.007	-0.007	0.772	88.6
444	0.008	-0.009	0.769	88.8
445	0.007	-0.010	0.774	89.0
446	0.007	-0.012	0.773	89.2
447	0.007	-0.009	0.770	89.4
448	0.009	-0.007	0.771	89.6
449	0.007	-0.007	0.775	89.8
450	0.011	-0.008	0.770	90.0
451	0.010	-0.010	0.768	90.2
452	0.009	-0.009	0.774	90.4
453	0.009	-0.007	0.770	90.6
454	0.011	-0.007	0.771	90.8
455	0.009	-0.007	0.775	91.0
456	0.008	-0.008	0.768	91.2
457	0.007	-0.010	0.771	91.4
458	0.010	-0.009	0.777	91.6
459	0.010	-0.011	0.768	91.8
460	0.010	-0.008	0.773	92.0
461	0.008	-0.007	0.775	92.2
462	0.009	-0.007	0.772	92.4
463	0.009	-0.009	0.772	92.6
464	0.010	-0.009	0.771	92.8
465	0.009	-0.009	0.768	93.0
466	0.009	-0.009	0.771	93.2
467	0.007	-0.009	0.773	93.4
468	0.007	-0.008	0.770	93.6
469	0.009	-0.009	0.773	93.8
470	0.008	-0.008	0.774	94.0
471	0.008	-0.013	0.771	94.2
472	0.007	-0.010	0.773	94.4
473	0.007	-0.010	0.773	94.6
474	0.006	-0.009	0.771	94.8
475	0.006	-0.011	0.776	95.0
476	0.006	-0.009	0.772	95.2
477	0.007	-0.011	0.768	95.4
478	0.007	-0.009	0.774	95.6
479	0.003	-0.008	0.771	95.8
480	0.005	-0.010	0.771	96.0
481	0.007	-0.011	0.778	96.2
482	0.006	-0.013	0.771	96.4
483	0.005	-0.011	0.771	96.6
484	0.007	-0.009	0.773	96.8
485	0.005	-0.009	0.768	97.0
486	0.007	-0.011	0.770	97.2
487	0.007	-0.011	0.772	97.4
488	0.003	-0.014	0.768	97.6
489	0.006	-0.012	0.771	97.8
490	0.005	-0.012	0.773	98.0
491	0.003	-0.011	0.770	98.2
492	0.005	-0.014	0.773	98.4
493	0.005	-0.012	0.771	98.6
494	0.005	-0.013	0.768	98.8
495	0.006	-0.009	0.772	99.0
496	0.005	-0.008	0.774	99.2
497	0.006	-0.009	0.768	99.4
498	0.006	-0.013	0.776	99.6
499	0.007	-0.009	0.772	99.8
500	0.009	-0.009	0.770	100.0
501	0.007	-0.009	0.774	100.2
502	0.008	-0.009	0.770	100.4
503	0.009	-0.012	0.771	100.6
504	0.007	-0.011	0.774	100.8
505	0.009	-0.009	0.774	101.0
506	0.007	-0.009	0.769	101.2
507	0.007	-0.007	0.773	101.4
508	0.009	-0.007	0.772	101.6
509	0.009	-0.008	0.769	101.8
510	0.011	-0.009	0.772	102.0
511	0.013	-0.010	0.768	102.2
512	0.013	-0.007	0.772	102.4
513	0.012	-0.009	0.774	102.6
514	0.011	-0.010	0.767	102.8
515	0.011	-0.009	0.774	103.0
516	0.009	-0.007	0.775	103.2
517	0.012	-0.007	0.769	103.4
518	0.072	-0.148	1.041	103.6
519	0.081	-0.168	1.039	103.8
520	0.077	-0.160	1.036	104.0
521	0.075	-0.157	1.027	104.2
522	0.075	-0.158	1.020	104.4
523	0.078	-0.154	1.018	104.6
524	0.077	-0.152	1.012	104.8
525	0.076	-0.151	1.020	105.0
526	0.074	-0.150	1.009	105.2
527	0.076	-0.149	1.006	105.4
528	0.074	-0.148	1.019	105.6
529	0.076	-0.147	1.012	105.8
530	0.075	-0.147	0.999	106.0
531	0.075	-0.146	1.006	106.2
532	0.074	-0.144	1.007	106.4
533	0.076	-0.144	1.007	106.6
534	0.075	-0.145	1.002	106.8
535	0.077	-0.145	1.000	107.0
536	0.077	-0.141	1.004	107.2
537	0.074	-0.144	1.003	107.4
538	0.076	-0.140	1.002	107.6
539	0.076	-0.140	1.004	107.8
540	0.074	-0.140	1.004	108.0
541	0.075	-0.142	0.999	108.2
542	0.074	-0.140	0.995	108.4
543	0.074	-0.140	1.006	108.6
544	0.072	-0.142	0.998	108.8
545	0.075	-0.139	0.990	109.0
546	0.073	-0.142	1.010	109.2
547	0.073	-0.141	0.994	109.4
548	0.074	-0.137	0.996	109.6
549	0.072	-0.140	1.005	109.8
550	0.072	-0.140	0.991	110.0
551	0.072	-0.137	0.996	110.2
552	0.072	-0.137	1.004	110.4
553	0.072	-0.140	0.990	110.6
554	0.074	-0.139	0.997	110.8
555	0.072	-0.137	0.998	111.0
556	0.073	-0.138	0.992	111.2
557	0.073	-0.137	1.002	111.4
558	0.073	-0.138	0.988	111.6
559	0.076	-0.139	0.995	111.8
560	0.073	-0.137	1.001	112.0
561	0.075	-0.139	0.986	112.2
562	0.075	-0.138	0.997	112.4
563	0.071	-0.136	0.997	112.6
564	0.073	-0.139	0.991	112.8
565	0.075	-0.138	0.994	113.0
566	0.074	-0.137	0.997	113.2
567	0.072	-0.136	0.992	113.4
568	0.073	-0.134	0.988	113.6
569	0.073	-0.134	0.996	113.8
570	0.072	-0.134	0.993	114.0
571	0.073	-0.136	0.989	114.2
572	0.072	-0.135	0.995	114.4
573	0.073	-0.134	0.990	114.6
574	0.073	-0.136	0.990	114.8
575	0.073	-0.133	0.995	115.0
576	0.070	-0.136	0.993	115.2
577	0.073	-0.135	0.986	115.4
578	0.072	-0.134	0.992	115.6
579	0.071	-0.134	0.991	115.8
580	0.072	-0.132	0.986	116.0
581	0.071	-0.134	0.996	116.2
582	0.069	-0.135	0.986	116.4
583	0.074	-0.132	0.990	116.6
584	0.071	-0.133	0.996	116.8
585	0.073	-0.133	0.984	117.0
586	0.069	-0.133	0.989	117.2
587	0.069	-0.134	0.994	117.4
588	0.069	-0.132	0.982	117.6
589	0.070	-0.133	0.993	117.8
590	0.067	-0.133	0.995	118.0
591	0.068	-0.133	0.978	118.2
592	0.067	-0.132	0.993	118.4
593	0.065	-0.134	0.992	118.6
594	0.067	-0.131	0.983	118.8
595	0.067	-0.134	0.989	119.0
596	0.065	-0.133	0.987	119.2
597	0.065	-0.132	0.982	119.4
598	0.064	-0.132	0.990	119.6
599	0.064	-0.130	0.984	119.8
600	0.063	-0.130	0.989	120.0
601	0.065	-0.134	0.990	120.2
602	0.065	-0.132	0.987	120.4
603	0.065	-0.132	0.981	120.6
604	0.065	-0.133	0.987	120.8
605	0.062	-0.130	0.987	121.0
606	0.064	-0.134	0.984	121.2
607	0.067	-0.133	0.982	121.4
608	0.065	-0.130	0.986	121.6
609	0.064	-0.133	0.987	121.8
610	0.066	-0.132	0.987	122.0
611	0.066	-0.132	0.983	122.2
612	0.065	-0.131	0.987	122.4
613	0.066	-0.132	0.986	122.6
614	0.067	-0.131	0.977	122.8
615	0.065	-0.129	0.991	123.0
616	0.065	-0.129	0.991	123.2
617	0.067	-0.128	0.983	123.4
618	0.067	-0.130	0.987	123.6
619	0.068	-0.131	0.988	123.8
620	0.067	-0.130	0.983	124.0
621	0.066	-0.127	0.987	124.2
622	0.069	-0.127	0.987	124.4
623	0.065	-0.129	0.982	124.6
624	0.066	-0.127	0.985	124.8
625	0.068	-0.130	0.986	125.0
626	0.067	-0.131	0.976	125.2
627	0.068	-0.126	0.985	125.4
628	0.068	-0.129	0.991	125.6
629	0.067	-0.126	0.970	125.8
630	0.068	-0.128	0.991	126.0
631	0.066	-0.129	0.985	126.2
632	0.067	-0.126	0.974	126.4
633	0.069	-0.130	0.994	126.6
634	0.066	-0.128	0.978	126.8
635	0.068	-0.125	0.977	127.0
636	0.067	-0.129	0.990	127.2
637	0.067	-0.129	0.972	127.4
638	0.069	-0.125	0.987	127.6
639	0.066	-0.127	0.991	127.8
640	0.069	-0.128	0.976	128.0
641	0.069	-0.128	0.992	128.2
642	0.067	-0.128	0.980	128.4
643	0.071	-0.127	0.975	128.6
644	0.069	-0.126	0.994	128.8
645	0.069	-0.126	0.972	129.0
646	0.070	-0.126	0.983	129.2
647	0.067	-0.125	0.990	129.4
648	0.071	-0.128	0.978	129.6
649	0.070	-0.128	0.990	129.8
650	0.068	-0.127	0.980	130.0
651	0.072	-0.127	0.979	130.2
652	0.070	-0.128	0.987	130.4
653	0.067	-0.128	0.976	130.6
654	0.070	-0.128	0.984	130.8
655	0.068	-0.132	0.982	131.0
656	0.067	-0.126	0.975	131.2
657	0.067	-0.127	0.987	131.4
658	0.066	-0.129	0.978	131.6
659	0.068	-0.125	0.974	131.8
660	0.067	-0.130	0.982	132.0
661	0.067	-0.128	0.976	132.2
662	0.070	-0.126	0.980	132.4
663	0.067	-0.127	0.981	132.6
664	0.067	-0.128	0.973	132.8
665	0.066	-0.125	0.986	133.0
666	0.065	-0.128	0.979	133.2
667	0.067	-0.130	0.977	133.4
668	0.066	-0.127	0.985	133.6
669	0.065	-0.128	0.974	133.8
670	0.067	-0.129	0.974	134.0
671	0.065	-0.126	0.988	134.2
672	0.065	-0.128	0.976	134.4
673	0.063	-0.128	0.974	134.6
674	0.065	-0.129	0.985	134.8
675	0.064	-0.130	0.977	135.0
676	0.064	-0.130	0.974	135.2
677	0.063	-0.128	0.987	135.4
678	0.064	-0.129	0.979	135.6
679	0.065	-0.133	0.981	135.8
680	0.065	-0.130	0.980	136.0
681	0.064	-0.128	0.980	136.2
682	0.065	-0.131	0.981	136.4
683	0.066	-0.130	0.981	136.6
684	0.067	-0.129	0.978	136.8
685	0.067	-0.130	0.986	137.0
686	0.068	-0.130	0.983	137.2
687	0.068	-0.129	0.978	137.4
688	0.068	-0.129	0.980	137.6
689	0.067	-0.126	0.987	137.8
690	0.068	-0.130	0.978	138.0
691	0.068	-0.130	0.985	138.2
692	0.068	-0.130	0.980	138.4
693	0.071	-0.128	0.974	138.6
694	0.070	-0.129	0.990	138.8
695	0.070	-0.129	0.982	139.0
696	0.071	-0.129	0.969	139.2
697	0.071	-0.130	0.985	139.4
698	0.072	-0.128	0.982	139.6
699	0.073	-0.129	0.974	139.8
700	0.074	-0.127	0.983	140.0
701	0.074	-0.127	0.979	140.2
702	0.074	-0.127	0.978	140.4
703	0.073	-0.128	0.979	140.6
704	0.076	-0.125	0.976	140.8
705	0.075	-0.126	0.988	141.0
706	0.074	-0.126	0.980	141.2
707	0.075	-0.124	0.980	141.4
708	0.075	-0.126	0.978	141.6
709	0.075	-0.126	0.982	141.8
710	0.075	-0.124	0.982	142.0
711	0.072	-0.128	0.980	142.2
712	0.074	-0.126	0.975	142.4
713	0.075	-0.123	0.984	142.6
714	0.076	-0.128	0.985	142.8
715	0.074	-0.125	0.973	143.0
716	0.071	-0.127	0.985	143.2
717	0.072	-0.126	0.991	143.4
718	0.074	-0.125	0.973	143.6
719	0.074	-0.126	0.984	143.8
720	0.071	-0.127	0.985	144.0
721	0.074	-0.129	0.972	144.2
722	0.076	-0.124	0.983	144.4
723	0.072	-0.124	0.986	144.6
724	0.078	-0.123	0.974	144.8
725	0.075	-0.127	0.981	145.0
726	0.074	-0.122	0.985	145.2
727	0.078	-0.125	0.983	145.4
728	0.076	-0.125	0.979	145.6
729	0.076	-0.121	0.984	145.8
730	0.077	-0.127	0.986	146.0
731	0.076	-0.123	0.978	146.2
732	0.077	-0.125	0.980	146.4
733	0.076	-0.123	0.983	146.6
734	0.078	-0.124	0.975	146.8
735	0.079	-0.125	0.994	147.0
736	0.077	-0.128	0.981	147.2
737	0.076	-0.124	0.970	147.4
738	0.078	-0.125	0.993	147.6
739	0.076	-0.125	0.985	147.8
740	0.078	-0.128	0.972	148.0
741	0.077	-0.124	0.987	148.2
742	0.076	-0.124	0.982	148.4
743	0.075	-0.128	0.977	148.6
744	0.077	-0.126	0.981	148.8
745	0.077	-0.126	0.977	149.0
746	0.076	-0.125	0.985	149.2
747	0.078	-0.124	0.983	149.4
748	0.075	-0.126	0.977	149.6
749	0.075	-0.126	0.980	149.8
750	0.075	-0.125	0.984	150.0
751	0.076	-0.128	0.983	150.2
752	0.076	-0.127	0.979	150.4
753	0.078	-0.127	0.982	150.6
754	0.079	-0.126	0.988	150.8
755	0.073	-0.126	0.983	151.0
756	0.076	-0.127	0.978	151.2
757	0.079	-0.128	0.979	151.4
758	0.075	-0.128	0.989	151.6
759	0.078	-0.126	0.983	151.8
760	0.074	-0.127	0.979	152.0
761	0.076	-0.126	0.988	152.2
762	0.076	-0.128	0.986	152.4
763	0.076	-0.130	0.978	152.6
764	0.074	-0.128	0.983	152.8
765	0.076	-0.130	0.990	153.0
766	0.074	-0.126	0.982	153.2
767	0.075	-0.128	0.979	153.4
768	0.078	-0.127	0.984	153.6
769	0.076	-0.129	0.990	153.8
770	0.077	-0.128	0.980	154.0
771	0.077	-0.128	0.984	154.2
772	0.074	-0.126	0.983	154.4
773	0.074	-0.126	0.985	154.6
774	0.077	-0.129	0.985	154.8
775	0.075	-0.128	0.981	155.0
776	0.079	-0.130	0.990	155.2
777	0.077	-0.126	0.985	155.4
778	0.072	-0.128	0.975	155.6
779	0.073	-0.128	0.983	155.8
780	0.075	-0.129	0.989	156.0
781	0.073	-0.127	0.979	156.2
782	0.076	-0.127	0.988	156.4
783	0.073	-0.125	0.983	156.6
784	0.075	-0.128	0.982	156.8
785	0.074	-0.126	0.990	157.0
786	0.073	-0.128	0.984	157.2
787	0.074	-0.129	0.981	157.4
788	0.076	-0.127	0.994	157.6
789	0.072	-0.125	0.983	157.8
790	0.076	-0.126	0.983	158.0
791	0.074	-0.125	0.990	158.2
792	0.074	-0.127	0.982	158.4
793	0.073	-0.130	0.988	158.6
794	0.076	-0.125	0.988	158.8
795	0.073	-0.127	0.989	159.0
796	0.073	-0.126	0.986	159.2
797	0.073	-0.124	0.991	159.4
798	0.073	-0.127	0.986	159.6
799	0.073	-0.125	0.983	159.8
800	0.075	-0.127	0.988	160.0
801	0.072	-0.124	0.986	160.2
802	0.071	-0.124	0.985	160.4
803	0.072	-0.125	0.991	160.6
804	0.071	-0.126	0.988	160.8
805	0.074	-0.126	0.987	161.0
806	0.074	-0.126	0.987	161.2
807	0.072	-0.128	0.991	161.4
808	0.072	-0.125	0.985	161.6
809	0.075	-0.126	0.985	161.8
810	0.073	-0.126	0.994	162.0
811	0.073	-0.130	0.988	162.2
812	0.077	-0.125	0.979	162.4
813	0.072	-0.128	0.991	162.6
814	0.074	-0.128	0.986	162.8
815	0.074	-0.126	0.983	163.0
816	0.075	-0.126	0.990	163.2
817	0.073	-0.129	0.984	163.4
818	0.077	-0.128	0.989	163.6
819	0.073	-0.128	0.992	163.8
820	0.074	-0.131	0.981	164.0
821	0.074	-0.127	0.991	164.2
822	0.072	-0.130	0.988	164.4
823	0.075	-0.130	0.981	164.6
824	0.076	-0.130	0.994	164.8
825	0.075	-0.129	0.987	165.0
826	0.077	-0.128	0.986	165.2
827	0.075	-0.132	0.986	165.4
828	0.075	-0.132	0.988	165.6
829	0.076	-0.132	0.988	165.8
830	0.077	-0.132	0.986	166.0
831	0.076	-0.136	0.983	166.2
832	0.075	-0.131	0.990	166.4
833	0.076	-0.133	0.990	166.6
834	0.076	-0.133	0.986	166.8
835	0.076	-0.135	0.988	167.0
836	0.075	-0.133	0.994	167.2
837	0.075	-0.133	0.992	167.4
838	0.076	-0.130	0.985	167.6
839	0.072	-0.130	0.987	167.8
840	0.074	-0.132	0.995	168.0
841	0.075	-0.129	0.990	168.2
842	0.076	-0.133	0.984	168.4
843	0.074	-0.130	0.988	168.6
844	0.073	-0.131	0.994	168.8
845	0.074	-0.129	0.984	169.0
846	0.074	-0.130	0.988	169.2
847	0.074	-0.132	0.991	169.4
848	0.073	-0.132	0.989	169.6
849	0.072	-0.129	0.987	169.8
850	0.072	-0.132	0.991	170.0
851	0.072	-0.129	0.982	170.2
852	0.073	-0.133	0.991	170.4
853	0.072	-0.129	0.991	170.6
854	0.073	-0.131	0.982	170.8
855	0.074	-0.129	0.989	171.0
856	0.072	-0.129	0.990	171.2
857	0.071	-0.129	0.984	171.4
858	0.073	-0.131	0.989	171.6
859	0.072	-0.129	0.989	171.8
860	0.073	-0.131	0.988	172.0
861	0.072	-0.129	0.987	172.2
862	0.070	-0.128	0.986	172.4
863	0.074	-0.129	0.982	172.6
864	0.073	-0.130	0.993	172.8
865	0.073	-0.129	0.988	173.0
866	0.074	-0.131	0.975	173.2
867	0.071	-0.131	0.985	173.4
868	0.069	-0.129	0.990	173.6
869	0.072	-0.128	0.985	173.8
870	0.074	-0.130	0.985	174.0
871	0.070	-0.127	0.987	174.2
872	0.073	-0.128	0.982	174.4
873	0.072	-0.128	0.988	174.6
874	0.073	-0.127	0.987	174.8
875	0.072	-0.128	0.979	175.0
876	0.072	-0.127	0.987	175.2
877	0.071	-0.128	0.994	175.4
878	0.072	-0.128	0.982	175.6
879	0.074	-0.128	0.986	175.8
880	0.073	-0.126	0.984	176.0
881	0.072	-0.125	0.984	176.2
882	0.074	-0.127	0.985	176.4
883	0.070	-0.129	0.988	176.6
884	0.073	-0.126	0.986	176.8
885	0.074	-0.128	0.985	177.0
886	0.071	-0.126	0.981	177.2
887	0.071	-0.123	0.985	177.4
888	0.073	-0.126	0.989	177.6
889	0.072	-0.127	0.984	177.8
890	0.072	-0.124	0.985	178.0
891	0.073	-0.126	0.988	178.2
892	0.073	-0.123	0.990	178.4
893	0.072	-0.124	0.983	178.6
894	0.074	-0.123	0.987	178.8
895	0.075	-0.125	0.982	179.0
896	0.076	-0.121	0.984	179.2
897	0.076	-0.124	0.987	179.4
898	0.076	-0.121	0.981	179.6
899	0.070	-0.122	0.984	179.8
900	0.072	-0.122	0.983	180.0
901	0.072	-0.125	0.983	180.2
902	0.074	-0.121	0.988	180.4
903	0.072	-0.124	0.989	180.6
904	0.073	-0.121	0.983	180.8
905	0.073	-0.123	0.977	181.0
906	0.072	-0.122	0.981	181.2
907	0.074	-0.121	0.986	181.4
908	0.074	-0.122	0.983	181.6
909	0.073	-0.122	0.982	181.8
910	0.075	-0.121	0.976	182.0
911	0.073	-0.122	0.984	182.2
912	0.072	-0.120	0.990	182.4
913	0.070	-0.122	0.979	182.6
914	0.072	-0.122	0.985	182.8
915	0.071	-0.121	0.986	183.0
916	0.071	-0.120	0.982	183.2
917	0.072	-0.123	0.983	183.4
918	0.070	-0.120	0.991	183.6
919	0.072	-0.122	0.983	183.8
920	0.072	-0.123	0.980	184.0
921	0.071	-0.121	0.986	184.2
922	0.071	-0.123	0.987	184.4
923	0.072	-0.123	0.982	184.6
924	0.070	-0.121	0.984	184.8
925	0.071	-0.125	0.981	185.0
926	0.071	-0.125	0.981	185.2
927	0.070	-0.122	0.986	185.4
928	0.069	-0.122	0.983	185.6
929	0.070	-0.122	0.983	185.8
930	0.069	-0.124	0.985	186.0
931	0.070	-0.124	0.989	186.2
932	0.069	-0.122	0.977	186.4
933	0.072	-0.124	0.989	186.6
934	0.073	-0.124	0.981	186.8
935	0.072	-0.122	0.979	187.0
936	0.073	-0.121	0.990	187.2
937	0.073	-0.121	0.986	187.4
938	0.071	-0.123	0.979	187.6
939	0.069	-0.123	0.988	187.8
940	0.070	-0.122	0.986	188.0
941	0.071	-0.123	0.981	188.2
942	0.071	-0.123	0.980	188.4
943	0.070	-0.122	0.985	188.6
944	0.072	-0.122	0.988	188.8
945	0.072	-0.122	0.981	189.0
946	0.070	-0.121	0.982	189.2
947	0.069	-0.120	0.986	189.4
948	0.070	-0.118	0.984	189.6
949	0.070	-0.120	0.979	189.8
950	0.071	-0.122	0.983	190.0
951	0.068	-0.120	0.985	190.2
952	0.070	-0.122	0.979	190.4
953	0.070	-0.118	0.982	190.6
954	0.069	-0.119	0.980	190.8
955	0.067	-0.121	0.978	191.0
956	0.070	-0.122	0.982	191.2
957	0.071	-0.119	0.977	191.4
958	0.073	-0.120	0.981	191.6
959	0.070	-0.118	0.983	191.8
960	0.072	-0.118	0.980	192.0
961	0.071	-0.117	0.978	192.2
962	0.069	-0.120	0.985	192.4
963	0.071	-0.119	0.976	192.6
964	0.072	-0.120	0.980	192.8
965	0.070	-0.116	0.977	193.0
966	0.072	-0.119	0.980	193.2
967	0.071	-0.120	0.974	193.4
968	0.072	-0.120	0.978	193.6
969	0.072	-0.118	0.975	193.8
970	0.072	-0.118	0.976	194.0
971	0.072	-0.117	0.977	194.2
972	0.070	-0.119	0.974	194.4
973	0.073	-0.118	0.975	194.6
974	0.071	-0.118	0.977	194.8
975	0.073	-0.117	0.971	195.0
976	0.073	-0.117	0.978	195.2
977	0.072	-0.116	0.975	195.4
978	0.070	-0.119	0.971	195.6
979	0.072	-0.117	0.971	195.8
980	0.073	-0.119	0.982	196.0
981	0.072	-0.118	0.974	196.2
982	0.072	-0.120	0.968	196.4
983	0.072	-0.116	0.973	196.6
984	0.071	-0.118	0.973	196.8
985	0.071	-0.116	0.969	197.0
986	0.073	-0.118	0.975	197.2
987	0.073	-0.114	0.973	197.4
988	0.072	-0.116	0.971	197.6
989	0.073	-0.114	0.976	197.8
990	0.072	-0.118	0.967	198.0
991	0.073	-0.117	0.972	198.2
992	0.071	-0.119	0.970	198.4
993	0.072	-0.118	0.967	198.6
994	0.072	-0.119	0.973	198.8
995	0.071	-0.118	0.977	199.0
996	0.072	-0.114	0.968	199.2
997	0.073	-0.117	0.966	199.4
998	0.069	-0.119	0.978	199.6
999	0.073	-0.117	0.972	199.8
1000	0.071	-0.118	0.967	200.0
1001	0.071	-0.118	0.978	200.2
1002	0.071	-0.116	0.974	200.4
1003	0.072	-0.117	0.968	200.6
1004	0.071	-0.118	0.977	200.8
1005	0.072	-0.119	0.973	201.0
1006	0.071	-0.118	0.972	201.2
1007	0.069	-0.121	0.972	201.4
1008	0.069	-0.118	0.966	201.6
1009	0.073	-0.119	0.969	201.8
1010	0.070	-0.121	0.973	202.0
1011	0.072	-0.119	0.967	202.2
1012	0.070	-0.125	0.972	202.4
1013	0.070	-0.120	0.974	202.6
1014	0.071	-0.122	0.969	202.8
1015	0.071	-0.122	0.969	203.0
1016	0.071	-0.125	0.976	203.2
1017	0.071	-0.122	0.970	203.4
1018	0.072	-0.122	0.973	203.6
1019	0.173	-0.346	1.357	203.8
1020	0.173	-0.338	1.333	204.0
1021	0.171	-0.329	1.317	204.2
1022	0.168	-0.325	1.331	204.4
1023	0.169	-0.320	1.328	204.6
1024	0.168	-0.319	1.307	204.8
1025	0.168	-0.318	1.305	205.0
1026	0.169	-0.314	1.316	205.2
1027	0.165	-0.313	1.305	205.4
1028	0.167	-0.313	1.305	205.6
1029	0.168	-0.312	1.305	205.8
1030	0.171	-0.311	1.303	206.0
1031	0.167	-0.308	1.304	206.2
1032	0.166	-0.304	1.298	206.4
1033	0.165	-0.305	1.293	206.6
1034	0.165	-0.306	1.302	206.8
1035	0.166	-0.307	1.298	207.0
1036	0.164	-0.306	1.292	207.2
1037	0.165	-0.302	1.286	207.4
1038	0.163	-0.302	1.300	207.6
1039	0.164	-0.301	1.285	207.8
1040	0.163	-0.301	1.290	208.0
1041	0.163	-0.301	1.292	208.2
1042	0.163	-0.300	1.282	208.4
1043	0.162	-0.301	1.288	208.6
1044	0.162	-0.299	1.283	208.8
1045	0.160	-0.297	1.284	209.0
1046	0.161	-0.297	1.290	209.2
1047	0.161	-0.295	1.279	209.4
1048	0.160	-0.297	1.282	209.6
1049	0.160	-0.294	1.292	209.8
1050	0.158	-0.295	1.273	210.0
1051	0.160	-0.296	1.280	210.2
1052	0.161	-0.296	1.281	210.4
1053	0.159	-0.293	1.280	210.6
1054	0.158	-0.293	1.280	210.8
1055	0.159	-0.295	1.276	211.0
1056	0.158	-0.293	1.281	211.2
1057	0.157	-0.294	1.275	211.4
1058	0.157	-0.293	1.282	211.6
1059	0.160	-0.294	1.276	211.8
1060	0.157	-0.292	1.277	212.0
1061	0.159	-0.293	1.276	212.2
1062	0.157	-0.293	1.282	212.4
1063	0.161	-0.293	1.270	212.6
1064	0.159	-0.291	1.274	212.8
1065	0.157	-0.293	1.279	213.0
1066	0.155	-0.295	1.270	213.2
1067	0.157	-0.293	1.273	213.4
1068	0.156	-0.289	1.280	213.6
1069	0.156	-0.292	1.273	213.8
1070	0.157	-0.294	1.271	214.0
1071	0.156	-0.295	1.277	214.2
1072	0.157	-0.292	1.275	214.4
1073	0.156	-0.291	1.266	214.6
1074	0.158	-0.293	1.270	214.8
1075	0.157	-0.292	1.273	215.0
1076	0.158	-0.291	1.270	215.2
1077	0.158	-0.290	1.271	215.4
1078	0.157	-0.296	1.270	215.6
1079	0.158	-0.291	1.275	215.8
1080	0.155	-0.292	1.271	216.0
1081	0.155	-0.294	1.263	216.2
1082	0.159	-0.293	1.272	216.4
1083	0.157	-0.291	1.267	216.6
1084	0.159	-0.290	1.269	216.8
1085	0.158	-0.289	1.267	217.0
1086	0.158	-0.292	1.272	217.2
1087	0.158	-0.291	1.262	217.4
1088	0.158	-0.290	1.268	217.6
1089	0.157	-0.289	1.264	217.8
1090	0.157	-0.292	1.262	218.0
1091	0.157	-0.290	1.270	218.2
1092	0.159	-0.288	1.268	218.4
1093	0.158	-0.290	1.261	218.6
1094	0.158	-0.289	1.265	218.8
1095	0.160	-0.290	1.269	219.0
1096	0.158	-0.288	1.261	219.2
1097	0.160	-0.288	1.264	219.4
1098	0.157	-0.288	1.269	219.6
1099	0.160	-0.288	1.257	219.8
1100	0.160	-0.286	1.266	220.0
1101	0.161	-0.286	1.266	220.2
1102	0.161	-0.288	1.259	220.4
1103	0.160	-0.286	1.258	220.6
1104	0.159	-0.284	1.270	220.8
1105	0.159	-0.286	1.262	221.0
1106	0.160	-0.285	1.257	221.2
1107	0.158	-0.283	1.262	221.4
1108	0.160	-0.283	1.264	221.6
1109	0.159	-0.285	1.259	221.8
1110	0.160	-0.284	1.261	222.0
1111	0.163	-0.282	1.258	222.2
1112	0.160	-0.282	1.261	222.4
1113	0.161	-0.282	1.265	222.6
1114	0.162	-0.284	1.254	222.8
1115	0.163	-0.283	1.257	223.0
1116	0.161	-0.282	1.260	223.2
1117	0.159	-0.284	1.256	223.4
1118	0.160	-0.285	1.260	223.6
1119	0.161	-0.284	1.262	223.8
1120	0.162	-0.285	1.256	224.0
1121	0.161	-0.285	1.258	224.2
1122	0.161	-0.285	1.257	224.4
1123	0.160	-0.284	1.257	224.6
1124	0.161	-0.286	1.254	224.8
1125	0.161	-0.285	1.259	225.0
1126	0.162	-0.286	1.255	225.2
1127	0.159	-0.284	1.256	225.4
1128	0.159	-0.285	1.258	225.6
1129	0.160	-0.284	1.258	225.8
1130	0.161	-0.284	1.252	226.0
1131	0.161	-0.285	1.252	226.2
1132	0.160	-0.286	1.256	226.4
1133	0.161	-0.286	1.256	226.6
1134	0.160	-0.284	1.251	226.8
1135	0.160	-0.285	1.250	227.0
1136	0.160	-0.285	1.257	227.2
1137	0.161	-0.283	1.247	227.4
1138	0.159	-0.283	1.256	227.6
1139	0.159	-0.285	1.254	227.8
1140	0.158	-0.283	1.255	228.0
1141	0.160	-0.283	1.247	228.2
1142	0.158	-0.284	1.251	228.4
1143	0.158	-0.284	1.258	228.6
1144	0.161	-0.285	1.244	228.8
1145	0.160	-0.284	1.252	229.0
1146	0.160	-0.283	1.261	229.2
1147	0.158	-0.283	1.248	229.4
1148	0.160	-0.286	1.253	229.6
1149	0.158	-0.286	1.251	229.8
1150	0.158	-0.285	1.246	230.0
1151	0.159	-0.285	1.257	230.2
1152	0.159	-0.283	1.248	230.4
1153	0.159	-0.283	1.250	230.6
1154	0.160	-0.284	1.256	230.8
1155	0.161	-0.285	1.257	231.0
1156	0.160	-0.282	1.254	231.2
1157	0.161	-0.286	1.252	231.4
1158	0.160	-0.285	1.252	231.6
1159	0.158	-0.283	1.258	231.8
1160	0.159	-0.282	1.251	232.0
1161	0.160	-0.283	1.250	232.2
1162	0.160	-0.282	1.250	232.4
1163	0.160	-0.282	1.256	232.6
1164	0.161	-0.280	1.253	232.8
1165	0.160	-0.281	1.253	233.0
1166	0.159	-0.283	1.258	233.2
1167	0.159	-0.282	1.252	233.4
1168	0.159	-0.281	1.251	233.6
1169	0.160	-0.281	1.254	233.8
1170	0.159	-0.282	1.254	234.0
1171	0.158	-0.280	1.254	234.2
1172	0.158	-0.282	1.253	234.4
1173	0.160	-0.280	1.254	234.6
1174	0.158	-0.283	1.254	234.8
1175	0.160	-0.283	1.254	235.0
1176	0.159	-0.283	1.253	235.2
1177	0.158	-0.282	1.254	235.4
1178	0.158	-0.282	1.258	235.6
1179	0.159	-0.281	1.257	235.8
1180	0.158	-0.280	1.248	236.0
1181	0.159	-0.282	1.257	236.2
1182	0.159	-0.280	1.258	236.4
1183	0.160	-0.282	1.250	236.6
1184	0.159	-0.283	1.256	236.8
1185	0.159	-0.283	1.255	237.0
1186	0.160	-0.280	1.257	237.2
1187	0.157	-0.282	1.258	237.4
1188	0.157	-0.282	1.256	237.6
1189	0.159	-0.282	1.259	237.8
1190	0.155	-0.280	1.256	238.0
1191	0.158	-0.281	1.255	238.2
1192	0.158	-0.280	1.256	238.4
1193	0.159	-0.279	1.256	238.6
1194	0.158	-0.282	1.249	238.8
1195	0.160	-0.282	1.254	239.0
1196	0.156	-0.280	1.259	239.2
1197	0.159	-0.282	1.254	239.4
1198	0.160	-0.283	1.254	239.6
1199	0.160	-0.283	1.254	239.8
1200	0.159	-0.279	1.260	240.0
1201	0.160	-0.281	1.256	240.2
1202	0.160	-0.282	1.253	240.4
1203	0.162	-0.284	1.259	240.6
1204	0.161	-0.285	1.256	240.8
1205	0.161	-0.283	1.256	241.0
1206	0.163	-0.281	1.259	241.2
1207	0.162	-0.283	1.256	241.4
1208	0.163	-0.282	1.263	241.6
1209	0.162	-0.283	1.257	241.8
1210	0.164	-0.283	1.255	242.0
1211	0.165	-0.283	1.264	242.2
1212	0.163	-0.283	1.256	242.4
1213	0.164	-0.282	1.248	242.6
1214	0.163	-0.282	1.264	242.8
1215	0.164	-0.282	1.254	243.0
1216	0.165	-0.284	1.252	243.2
1217	0.163	-0.283	1.259	243.4
1218	0.163	-0.282	1.253	243.6
1219	0.164	-0.283	1.254	243.8
1220	0.165	-0.281	1.253	244.0
1221	0.163	-0.286	1.256	244.2
1222	0.165	-0.282	1.256	244.4
1223	0.164	-0.283	1.252	244.6
1224	0.164	-0.283	1.250	244.8
1225	0.164	-0.282	1.255	245.0
1226	0.162	-0.280	1.254	245.2
1227	0.163	-0.281	1.250	245.4
1228	0.163	-0.280	1.259	245.6
1229	0.162	-0.281	1.256	245.8
1230	0.163	-0.283	1.255	246.0
1231	0.162	-0.281	1.255	246.2
1232	0.163	-0.283	1.258	246.4
1233	0.163	-0.283	1.252	246.6
1234	0.164	-0.283	1.257	246.8
1235	0.163	-0.285	1.255	247.0
1236	0.160	-0.283	1.254	247.2
1237	0.163	-0.282	1.255	247.4
1238	0.162	-0.284	1.264	247.6
1239	0.160	-0.283	1.254	247.8
1240	0.161	-0.282	1.250	248.0
1241	0.161	-0.283	1.260	248.2
1242	0.160	-0.282	1.257	248.4
1243	0.163	-0.281	1.252	248.6
1244	0.160	-0.283	1.258	248.8
1245	0.159	-0.280	1.263	249.0
1246	0.160	-0.282	1.250	249.2
1247	0.160	-0.285	1.260	249.4
1248	0.159	-0.284	1.257	249.6
1249	0.158	-0.282	1.252	249.8
1250	0.158	-0.281	1.265	250.0
1251	0.160	-0.281	1.252	250.2
1252	0.160	-0.281	1.260	250.4
1253	0.161	-0.283	1.263	250.6
1254	0.161	-0.284	1.256	250.8
1255	0.159	-0.282	1.256	251.0
1256	0.159	-0.279	1.257	251.2
1257	0.159	-0.279	1.260	251.4
1258	0.161	-0.281	1.256	251.6
1259	0.159	-0.282	1.254	251.8
1260	0.160	-0.280	1.259	252.0
1261	0.162	-0.280	1.252	252.2
1262	0.161	-0.279	1.258	252.4
1263	0.158	-0.280	1.260	252.6
1264	0.158	-0.280	1.253	252.8
1265	0.159	-0.279	1.259	253.0
1266	0.158	-0.279	1.256	253.2
1267	0.158	-0.280	1.258	253.4
1268	0.157	-0.277	1.262	253.6
1269	0.157	-0.278	1.257	253.8
1270	0.158	-0.279	1.260	254.0
1271	0.156	-0.282	1.256	254.2
1272	0.157	-0.280	1.251	254.4
1273	0.158	-0.277	1.262	254.6
1274	0.156	-0.280	1.258	254.8
1275	0.158	-0.281	1.252	255.0
1276	0.156	-0.279	1.261	255.2
1277	0.156	-0.279	1.256	255.4
1278	0.157	-0.283	1.259	255.6
1279	0.153	-0.281	1.257	255.8
1280	0.156	-0.280	1.266	256.0
1281	0.156	-0.283	1.257	256.2
1282	0.154	-0.281	1.248	256.4
1283	0.154	-0.280	1.258	256.6
1284	0.156	-0.283	1.258	256.8
1285	0.155	-0.282	1.251	257.0
1286	0.153	-0.282	1.258	257.2
1287	0.154	-0.281	1.261	257.4
1288	0.154	-0.283	1.254	257.6
1289	0.154	-0.283	1.259	257.8
1290	0.154	-0.284	1.254	258.0
1291	0.155	-0.280	1.252	258.2
1292	0.153	-0.283	1.260	258.4
1293	0.155	-0.285	1.253	258.6
1294	0.153	-0.283	1.250	258.8
1295	0.153	-0.282	1.266	259.0
1296	0.154	-0.284	1.258	259.2
1297	0.155	-0.284	1.249	259.4
1298	0.155	-0.286	1.256	259.6
1299	0.153	-0.285	1.258	259.8
1300	0.154	-0.285	1.252	260.0
1301	0.157	-0.285	1.258	260.2
1302	0.154	-0.284	1.253	260.4
1303	0.153	-0.287	1.257	260.6
1304	0.155	-0.286	1.256	260.8
1305	0.155	-0.284	1.256	261.0
1306	0.156	-0.285	1.254	261.2
1307	0.153	-0.285	1.250	261.4
1308	0.158	-0.286	1.250	261.6
1309	0.155	-0.284	1.255	261.8
1310	0.159	-0.283	1.256	262.0
1311	0.153	-0.286	1.254	262.2
1312	0.154	-0.284	1.260	262.4
1313	0.154	-0.282	1.258	262.6
1314	0.155	-0.280	1.258	262.8
1315	0.156	-0.280	1.254	263.0
1316	0.155	-0.283	1.249	263.2
1317	0.156	-0.282	1.260	263.4
1318	0.153	-0.283	1.254	263.6
1319	0.154	-0.282	1.256	263.8
1320	0.156	-0.283	1.257	264.0
1321	0.153	-0.284	1.254	264.2
1322	0.155	-0.282	1.259	264.4
1323	0.155	-0.281	1.254	264.6
1324	0.153	-0.280	1.251	264.8
1325	0.154	-0.282	1.260	265.0
1326	0.153	-0.283	1.254	265.2
1327	0.153	-0.280	1.252	265.4
1328	0.153	-0.281	1.257	265.6
1329	0.154	-0.282	1.261	265.8
1330	0.155	-0.281	1.256	266.0
1331	0.155	-0.283	1.254	266.2
1332	0.152	-0.284	1.248	266.4
1333	0.152	-0.279	1.258	266.6
1334	0.155	-0.283	1.258	266.8
1335	0.155	-0.282	1.248	267.0
1336	0.155	-0.278	1.264	267.2
1337	0.152	-0.281	1.270	267.4
1338	0.156	-0.279	1.247	267.6
1339	0.156	-0.281	1.248	267.8
1340	0.157	-0.281	1.263	268.0
1341	0.155	-0.279	1.257	268.2
1342	0.155	-0.279	1.247	268.4
1343	0.154	-0.281	1.256	268.6
1344	0.153	-0.281	1.257	268.8
1345	0.155	-0.280	1.257	269.0
1346	0.154	-0.279	1.260	269.2
1347	0.154	-0.281	1.255	269.4
1348	0.153	-0.279	1.256	269.6
1349	0.153	-0.279	1.260	269.8
1350	0.153	-0.279	1.255	270.0
1351	0.155	-0.280	1.259	270.2
1352	0.154	-0.280	1.258	270.4
1353	0.153	-0.280	1.249	270.6
1354	0.156	-0.278	1.253	270.8
1355	0.153	-0.280	1.262	271.0
1356	0.153	-0.280	1.263	271.2
1357	0.155	-0.277	1.259	271.4
1358	0.155	-0.280	1.255	271.6
1359	0.155	-0.279	1.251	271.8
1360	0.154	-0.282	1.254	272.0
1361	0.155	-0.280	1.258	272.2
1362	0.155	-0.278	1.255	272.4
1363	0.156	-0.279	1.256	272.6
1364	0.153	-0.280	1.266	272.8
1365	0.155	-0.280	1.253	273.0
1366	0.153	-0.279	1.255	273.2
1367	0.153	-0.280	1.262	273.4
1368	0.152	-0.280	1.255	273.6
1369	0.153	-0.280	1.254	273.8
1370	0.155	-0.280	1.257	274.0
1371	0.151	-0.278	1.253	274.2
1372	0.152	-0.278	1.270	274.4
1373	0.153	-0.280	1.258	274.6
1374	0.154	-0.281	1.244	274.8
1375	0.155	-0.280	1.266	275.0
1376	0.150	-0.277	1.265	275.2
1377	0.153	-0.279	1.250	275.4
1378	0.154	-0.280	1.258	275.6
1379	0.152	-0.277	1.256	275.8
1380	0.153	-0.280	1.260	276.0
1381	0.154	-0.281	1.255	276.2
1382	0.153	-0.281	1.250	276.4
1383	0.153	-0.277	1.264	276.6
1384	0.153	-0.279	1.261	276.8
1385	0.155	-0.281	1.243	277.0
1386	0.153	-0.281	1.258	277.2
1387	0.153	-0.280	1.270	277.4
1388	0.153	-0.279	1.252	277.6
1389	0.156	-0.282	1.244	277.8
1390	0.152	-0.280	1.258	278.0
1391	0.154	-0.280	1.265	278.2
1392	0.153	-0.280	1.248	278.4
1393	0.154	-0.279	1.251	278.6
1394	0.154	-0.282	1.258	278.8
1395	0.153	-0.281	1.252	279.0
1396	0.152	-0.282	1.255	279.2
1397	0.153	-0.281	1.262	279.4
1398	0.154	-0.282	1.256	279.6
1399	0.154	-0.281	1.260	279.8
1400	0.156	-0.282	1.251	280.0
1401	0.155	-0.280	1.247	280.2
1402	0.155	-0.282	1.266	280.4
1403	0.155	-0.280	1.250	280.6
1404	0.155	-0.279	1.254	280.8
1405	0.154	-0.278	1.274	281.0
1406	0.156	-0.283	1.239	281.2
1407	0.160	-0.282	1.237	281.4
1408	0.152	-0.276	1.282	281.6
1409	0.150	-0.275	1.279	281.8
1410	0.159	-0.279	1.216	282.0
1411	0.159	-0.281	1.222	282.2
1412	0.153	-0.274	1.285	282.4
1413	0.149	-0.271	1.279	282.6
1414	0.155	-0.278	1.225	282.8
1415	0.159	-0.278	1.224	283.0
1416	0.152	-0.275	1.268	283.2
1417	0.152	-0.272	1.277	283.4
1418	0.157	-0.277	1.228	283.6
1419	0.160	-0.278	1.220	283.8
1420	0.154	-0.275	1.280	284.0
1421	0.153	-0.274	1.265	284.2
1422	0.159	-0.277	1.212	284.4
1423	0.156	-0.275	1.244	284.6
1424	0.153	-0.276	1.276	284.8
1425	0.156	-0.275	1.245	285.0
1426	0.159	-0.279	1.238	285.2
1427	0.155	-0.275	1.248	285.4
1428	0.154	-0.274	1.260	285.6
1429	0.154	-0.276	1.248	285.8
1430	0.158	-0.278	1.238	286.0
1431	0.155	-0.276	1.258	286.2
1432	0.155	-0.277	1.260	286.4
1433	0.156	-0.279	1.243	286.6
1434	0.156	-0.277	1.238	286.8
1435	0.155	-0.279	1.260	287.0
1436	0.156	-0.276	1.257	287.2
1437	0.159	-0.281	1.242	287.4
1438	0.158	-0.277	1.244	287.6
1439	0.155	-0.276	1.258	287.8
1440	0.154	-0.274	1.252	288.0
1441	0.158	-0.280	1.244	288.2
1442	0.155	-0.279	1.253	288.4
1443	0.158	-0.278	1.256	288.6
1444	0.155	-0.276	1.251	288.8
1445	0.156	-0.278	1.240	289.0
1446	0.156	-0.278	1.250	289.2
1447	0.154	-0.278	1.257	289.4
1448	0.157	-0.279	1.250	289.6
1449	0.158	-0.280	1.242	289.8
1450	0.155	-0.275	1.254	290.0
1451	0.157	-0.276	1.256	290.2
1452	0.157	-0.278	1.245	290.4
1453	0.157	-0.279	1.246	290.6
1454	0.155	-0.279	1.247	290.8
1455	0.156	-0.277	1.254	291.0
1456	0.155	-0.277	1.255	291.2
1457	0.157	-0.278	1.241	291.4
1458	0.155	-0.277	1.244	291.6
1459	0.155	-0.278	1.262	291.8
1460	0.158	-0.279	1.246	292.0
1461	0.156	-0.279	1.237	292.2
1462	0.155	-0.277	1.259	292.4
1463	0.155	-0.274	1.251	292.6
1464	0.154	-0.276	1.242	292.8
1465	0.155	-0.277	1.250	293.0
1466	0.154	-0.278	1.250	293.2
1467	0.154	-0.277	1.250	293.4
1468	0.155	-0.276	1.249	293.6
1469	0.157	-0.278	1.245	293.8
1470	0.155	-0.279	1.248	294.0
1471	0.156	-0.280	1.257	294.2
1472	0.154	-0.278	1.247	294.4
1473	0.156	-0.277	1.250	294.6
1474	0.157	-0.275	1.254	294.8
1475	0.153	-0.276	1.255	295.0
1476	0.155	-0.278	1.241	295.2
1477	0.155	-0.278	1.252	295.4
1478	0.156	-0.279	1.249	295.6
1479	0.155	-0.277	1.242	295.8
1480	0.157	-0.279	1.254	296.0
1481	0.157	-0.280	1.246	296.2
1482	0.156	-0.276	1.245	296.4
1483	0.155	-0.276	1.255	296.6
1484	0.157	-0.277	1.251	296.8
1485	0.157	-0.278	1.242	297.0
1486	0.156	-0.278	1.257	297.2
1487	0.157	-0.278	1.248	297.4
1488	0.155	-0.278	1.246	297.6
1489	0.155	-0.276	1.256	297.8
1490	0.153	-0.279	1.248	298.0
1491	0.155	-0.277	1.243	298.2
1492	0.156	-0.277	1.249	298.4
1493	0.156	-0.277	1.246	298.6
1494	0.156	-0.276	1.248	298.8
1495	0.155	-0.279	1.247	299.0
1496	0.155	-0.276	1.248	299.2
1497	0.156	-0.276	1.248	299.4
1498	0.155	-0.278	1.251	299.6
1499	0.157	-0.277	1.250	299.8
1500	0.155	-0.279	1.243	300.0
1501	0.155	-0.277	1.250	300.2
1502	0.158	-0.278	1.248	300.4
1503	0.155	-0.277	1.245	300.6
1504	0.157	-0.277	1.250	300.8
1505	0.157	-0.278	1.250	301.0
1506	0.155	-0.279	1.246	301.2
1507	0.155	-0.277	1.251	301.4
1508	0.156	-0.276	1.246	301.6
1509	0.158	-0.276	1.249	301.8
1510	0.156	-0.278	1.246	302.0
1511	0.156	-0.279	1.252	302.2
1512	0.155	-0.280	1.245	302.4
1513	0.156	-0.278	1.250	302.6
1514	0.155	-0.277	1.251	302.8
1515	0.155	-0.278	1.251	303.0
1516	0.158	-0.280	1.245	303.2
1517	0.156	-0.279	1.252	303.4
1518	0.155	-0.278	1.247	303.6
1519	0.163	-0.295	1.385	303.8
1520	0.266	-0.499	1.615	304.0
1521	0.268	-0.497	1.631	304.2
1522	0.266	-0.488	1.615	304.4
1523	0.264	-0.483	1.608	304.6
1524	0.264	-0.481	1.609	304.8
1525	0.264	-0.480	1.604	305.0
1526	0.262	-0.474	1.603	305.2
1527	0.262	-0.474	1.595	305.4
1528	0.261	-0.472	1.589	305.6
1529	0.260	-0.470	1.592	305.8
1530	0.262	-0.468	1.588	306.0
1531	0.259	-0.470	1.586	306.2
1532	0.261	-0.468	1.587	306.4
1533	0.259	-0.468	1.587	306.6
1534	0.259	-0.465	1.576	306.8
1535	0.261	-0.464	1.581	307.0
1536	0.258	-0.463	1.584	307.2
1537	0.256	-0.462	1.573	307.4
1538	0.260	-0.462	1.578	307.6
1539	0.258	-0.461	1.575	307.8
1540	0.260	-0.460	1.575	308.0
1541	0.259	-0.460	1.569	308.2
1542	0.257	-0.458	1.573	308.4
1543	0.257	-0.455	1.578	308.6
1544	0.257	-0.455	1.571	308.8
1545	0.259	-0.457	1.565	309.0
1546	0.257	-0.459	1.579	309.2
1547	0.257	-0.457	1.566	309.4
1548	0.259	-0.454	1.575	309.6
1549	0.256	-0.454	1.571	309.8
1550	0.255	-0.456	1.566	310.0
1551	0.256	-0.453	1.569	310.2
1552	0.254	-0.453	1.570	310.4
1553	0.254	-0.454	1.566	310.6
1554	0.255	-0.453	1.566	310.8
1555	0.253	-0.454	1.568	311.0
1556	0.254	-0.453	1.562	311.2
1557	0.254	-0.454	1.561	311.4
1558	0.254	-0.452	1.568	311.6
1559	0.253	-0.453	1.566	311.8
1560	0.255	-0.449	1.555	312.0
1561	0.251	-0.447	1.562	312.2
1562	0.251	-0.447	1.563	312.4
1563	0.255	-0.450	1.558	312.6
1564	0.253	-0.450	1.558	312.8
1565	0.249	-0.452	1.565	313.0
1566	0.253	-0.451	1.554	313.2
1567	0.252	-0.450	1.554	313.4
1568	0.251	-0.449	1.562	313.6
1569	0.252	-0.449	1.556	313.8
1570	0.250	-0.448	1.551	314.0
1571	0.252	-0.450	1.551	314.2
1572	0.250	-0.447	1.556	314.4
1573	0.250	-0.449	1.563	314.6
1574	0.250	-0.448	1.553	314.8
1575	0.251	-0.449	1.543	315.0
1576	0.249	-0.449	1.558	315.2
1577	0.249	-0.448	1.560	315.4
1578	0.250	-0.448	1.546	315.6
1579	0.246	-0.446	1.551	315.8
1580	0.247	-0.445	1.551	316.0
1581	0.248	-0.447	1.557	316.2
1582	0.248	-0.442	1.551	316.4
1583	0.249	-0.445	1.552	316.6
1584	0.249	-0.445	1.544	316.8
1585	0.248	-0.444	1.553	317.0
1586	0.250	-0.443	1.550	317.2
1587	0.249	-0.442	1.548	317.4
1588	0.250	-0.443	1.547	317.6
1589	0.250	-0.441	1.549	317.8
1590	0.251	-0.443	1.548	318.0
1591	0.250	-0.443	1.548	318.2
1592	0.248	-0.443	1.546	318.4
1593	0.249	-0.445	1.542	318.6
1594	0.249	-0.443	1.542	318.8
1595	0.250	-0.445	1.544	319.0
1596	0.247	-0.443	1.547	319.2
1597	0.249	-0.441	1.542	319.4
1598	0.249	-0.441	1.545	319.6
1599	0.250	-0.441	1.548	319.8
1600	0.249	-0.441	1.544	320.0
1601	0.251	-0.442	1.542	320.2
1602	0.250	-0.441	1.539	320.4
1603	0.250	-0.442	1.543	320.6
1604	0.249	-0.442	1.550	320.8
1605	0.249	-0.443	1.540	321.0
1606	0.248	-0.442	1.538	321.2
1607	0.248	-0.441	1.546	321.4
1608	0.250	-0.440	1.549	321.6
1609	0.248	-0.440	1.541	321.8
1610	0.248	-0.439	1.540	322.0
1611	0.246	-0.442	1.549	322.2
1612	0.248	-0.442	1.543	322.4
1613	0.248	-0.439	1.544	322.6
1614	0.248	-0.441	1.540	322.8
1615	0.247	-0.441	1.540	323.0
1616	0.246	-0.438	1.545	323.2
1617	0.248	-0.438	1.543	323.4
1618	0.246	-0.438	1.538	323.6
1619	0.246	-0.441	1.538	323.8
1620	0.247	-0.441	1.538	324.0
1621	0.249	-0.439	1.538	324.2
1622	0.248	-0.438	1.540	324.4
1623	0.248	-0.439	1.535	324.6
1624	0.248	-0.438	1.541	324.8
1625	0.248	-0.435	1.536	325.0
1626	0.248	-0.436	1.536	325.2
1627	0.247	-0.436	1.544	325.4
1628	0.248	-0.436	1.538	325.6
1629	0.246	-0.436	1.536	325.8
1630	0.247	-0.438	1.545	326.0
1631	0.248	-0.435	1.544	326.2
1632	0.248	-0.434	1.536	326.4
1633	0.247	-0.434	1.542	326.6
1634	0.245	-0.435	1.540	326.8
1635	0.243	-0.435	1.538	327.0
1636	0.246	-0.435	1.540	327.2
1637	0.247	-0.433	1.537	327.4
1638	0.246	-0.434	1.542	327.6
1639	0.247	-0.435	1.542	327.8
1640	0.246	-0.433	1.538	328.0
1641	0.246	-0.433	1.538	328.2
1642	0.244	-0.434	1.540	328.4
1643	0.245	-0.435	1.543	328.6
1644	0.247	-0.433	1.531	328.8
1645	0.246	-0.431	1.537	329.0
1646	0.246	-0.432	1.546	329.2
1647	0.245	-0.431	1.534	329.4
1648	0.246	-0.433	1.530	329.6
1649	0.247	-0.433	1.540	329.8
1650	0.246	-0.432	1.533	330.0
1651	0.247	-0.430	1.536	330.2
1652	0.245	-0.431	1.544	330.4
1653	0.245	-0.431	1.531	330.6
1654	0.246	-0.431	1.534	330.8
1655	0.248	-0.433	1.543	331.0
1656	0.247	-0.434	1.532	331.2
1657	0.247	-0.430	1.541	331.4
1658	0.245	-0.430	1.541	331.6
1659	0.250	-0.431	1.532	331.8
1660	0.247	-0.432	1.540	332.0
1661	0.244	-0.433	1.543	332.2
1662	0.247	-0.432	1.532	332.4
1663	0.248	-0.431	1.532	332.6
1664	0.246	-0.430	1.543	332.8
1665	0.246	-0.432	1.532	333.0
1666	0.247	-0.432	1.536	333.2
1667	0.243	-0.435	1.539	333.4
1668	0.245	-0.433	1.536	333.6
1669	0.247	-0.435	1.538	333.8
1670	0.245	-0.432	1.531	334.0
1671	0.247	-0.432	1.531	334.2
1672	0.246	-0.429	1.541	334.4
1673	0.246	-0.431	1.539	334.6
1674	0.247	-0.430	1.530	334.8
1675	0.247	-0.430	1.536	335.0
1676	0.248	-0.431	1.537	335.2
1677	0.248	-0.431	1.536	335.4
1678	0.247	-0.432	1.526	335.6
1679	0.244	-0.431	1.530	335.8
1680	0.248	-0.429	1.542	336.0
1681	0.247	-0.432	1.526	336.2
1682	0.251	-0.431	1.540	336.4
1683	0.247	-0.430	1.538	336.6
1684	0.248	-0.430	1.525	336.8
1685	0.247	-0.433	1.538	337.0
1686	0.247	-0.431	1.532	337.2
1687	0.249	-0.432	1.533	337.4
1688	0.244	-0.432	1.540	337.6
1689	0.245	-0.430	1.531	337.8
1690	0.245	-0.431	1.530	338.0
1691	0.245	-0.435	1.540	338.2
1692	0.247	-0.433	1.531	338.4
1693	0.246	-0.431	1.527	338.6
1694	0.245	-0.431	1.532	338.8
1695	0.246	-0.430	1.535	339.0
1696	0.245	-0.431	1.532	339.2
1697	0.244	-0.432	1.526	339.4
1698	0.246	-0.434	1.531	339.6
1699	0.244	-0.432	1.534	339.8
1700	0.245	-0.430	1.535	340.0
1701	0.246	-0.433	1.536	340.2
1702	0.244	-0.430	1.526	340.4
1703	0.245	-0.431	1.538	340.6
1704	0.243	-0.431	1.538	340.8
1705	0.244	-0.432	1.520	341.0
1706	0.246	-0.430	1.541	341.2
1707	0.244	-0.433	1.539	341.4
1708	0.244	-0.431	1.525	341.6
1709	0.246	-0.431	1.538	341.8
1710	0.243	-0.430	1.535	342.0
1711	0.245	-0.430	1.527	342.2
1712	0.244	-0.431	1.538	342.4
1713	0.245	-0.432	1.532	342.6
1714	0.245	-0.430	1.530	342.8
1715	0.245	-0.430	1.529	343.0
1716	0.247	-0.430	1.531	343.2
1717	0.245	-0.428	1.539	343.4
1718	0.245	-0.432	1.534	343.6
1719	0.246	-0.430	1.527	343.8
1720	0.243	-0.429	1.541	344.0
1721	0.244	-0.428	1.536	344.2
1722	0.244	-0.429	1.526	344.4
1723	0.245	-0.429	1.531	344.6
1724	0.245	-0.430	1.539	344.8
1725	0.245	-0.429	1.542	345.0
1726	0.243	-0.431	1.522	345.2
1727	0.246	-0.429	1.530	345.4
1728	0.244	-0.428	1.532	345.6
1729	0.244	-0.428	1.526	345.8
1730	0.248	-0.430	1.539	346.0
1731	0.245	-0.430	1.536	346.2
1732	0.246	-0.425	1.531	346.4
1733	0.246	-0.427	1.542	346.6
1734	0.244	-0.427	1.532	346.8
1735	0.246	-0.429	1.532	347.0
1736	0.244	-0.428	1.539	347.2
1737	0.244	-0.429	1.527	347.4
1738	0.244	-0.429	1.536	347.6
1739	0.244	-0.428	1.536	347.8
1740	0.247	-0.427	1.529	348.0
1741	0.246	-0.429	1.530	348.2
1742	0.245	-0.429	1.534	348.4
1743	0.244	-0.429	1.533	348.6
1744	0.247	-0.430	1.522	348.8
1745	0.246	-0.430	1.534	349.0
1746	0.243	-0.427	1.536	349.2
1747	0.247	-0.430	1.525	349.4
1748	0.248	-0.430	1.531	349.6
1749	0.247	-0.429	1.535	349.8
1750	0.243	-0.430	1.530	350.0
1751	0.245	-0.430	1.531	350.2
1752	0.245	-0.429	1.520	350.4
1753	0.245	-0.432	1.529	350.6
1754	0.246	-0.430	1.538	350.8
1755	0.245	-0.429	1.526	351.0
1756	0.245	-0.430	1.522	351.2
1757	0.244	-0.429	1.528	351.4
1758	0.244	-0.428	1.539	351.6
1759	0.243	-0.430	1.524	351.8
1760	0.246	-0.430	1.520	352.0
1761	0.243	-0.431	1.532	352.2
1762	0.246	-0.430	1.529	352.4
1763	0.245	-0.428	1.527	352.6
1764	0.244	-0.427	1.530	352.8
1765	0.244	-0.430	1.534	353.0
1766	0.244	-0.429	1.527	353.2
1767	0.243	-0.430	1.521	353.4
1768	0.245	-0.429	1.530	353.6
1769	0.243	-0.428	1.530	353.8
1770	0.245	-0.428	1.527	354.0
1771	0.244	-0.431	1.529	354.2
1772	0.244	-0.430	1.527	354.4
1773	0.246	-0.430	1.529	354.6
1774	0.244	-0.425	1.532	354.8
1775	0.245	-0.428	1.520	355.0
1776	0.245	-0.430	1.529	355.2
1777	0.246	-0.429	1.530	355.4
1778	0.243	-0.430	1.525	355.6
1779	0.244	-0.430	1.529	355.8
1780	0.243	-0.429	1.525	356.0
1781	0.244	-0.430	1.524	356.2
1782	0.245	-0.429	1.538	356.4
1783	0.242	-0.429	1.522	356.6
1784	0.244	-0.427	1.524	356.8
1785	0.244	-0.429	1.530	357.0
1786	0.246	-0.430	1.526	357.2
1787	0.244	-0.427	1.528	357.4
1788	0.243	-0.428	1.528	357.6
1789	0.242	-0.430	1.526	357.8
1790	0.246	-0.428	1.524	358.0
1791	0.244	-0.429	1.526	358.2
1792	0.245	-0.428	1.524	358.4
1793	0.243	-0.430	1.527	358.6
1794	0.246	-0.433	1.525	358.8
1795	0.244	-0.429	1.526	359.0
1796	0.246	-0.429	1.525	359.2
1797	0.245	-0.428	1.533	359.4
1798	0.246	-0.430	1.526	359.6
1799	0.245	-0.430	1.521	359.8
1800	0.244	-0.429	1.536	360.0
1801	0.242	-0.426	1.524	360.2
1802	0.243	-0.428	1.522	360.4
1803	0.246	-0.427	1.526	360.6
1804	0.245	-0.429	1.536	360.8
1805	0.244	-0.427	1.526	361.0
1806	0.244	-0.427	1.522	361.2
1807	0.243	-0.426	1.526	361.4
1808	0.243	-0.428	1.528	361.6
1809	0.247	-0.427	1.526	361.8
1810	0.245	-0.426	1.526	362.0
1811	0.244	-0.427	1.527	362.2
1812	0.241	-0.427	1.535	362.4
1813	0.245	-0.428	1.513	362.6
1814	0.248	-0.428	1.528	362.8
1815	0.244	-0.429	1.538	363.0
1816	0.244	-0.428	1.522	363.2
1817	0.248	-0.428	1.518	363.4
1818	0.244	-0.428	1.529	363.6
1819	0.244	-0.426	1.528	363.8
1820	0.244	-0.426	1.531	364.0
1821	0.244	-0.426	1.522	364.2
1822	0.246	-0.427	1.524	364.4
1823	0.243	-0.427	1.535	364.6
1824	0.241	-0.428	1.520	364.8
1825	0.244	-0.427	1.520	365.0
1826	0.245	-0.429	1.538	365.2
1827	0.244	-0.429	1.520	365.4
1828	0.246	-0.426	1.528	365.6
1829	0.243	-0.426	1.534	365.8
1830	0.241	-0.429	1.518	366.0
1831	0.244	-0.427	1.530	366.2
1832	0.242	-0.428	1.531	366.4
1833	0.243	-0.428	1.517	366.6
1834	0.245	-0.427	1.535	366.8
1835	0.240	-0.429	1.526	367.0
1836	0.244	-0.429	1.518	367.2
1837	0.247	-0.426	1.526	367.4
1838	0.243	-0.427	1.528	367.6
1839	0.244	-0.429	1.520	367.8
1840	0.245	-0.431	1.534	368.0
1841	0.246	-0.428	1.520	368.2
1842	0.243	-0.429	1.522	368.4
1843	0.244	-0.428	1.530	368.6
1844	0.242	-0.430	1.524	368.8
1845	0.245	-0.429	1.518	369.0
1846	0.244	-0.428	1.527	369.2
1847	0.244	-0.429	1.516	369.4
1848	0.246	-0.426	1.518	369.6
1849	0.244	-0.430	1.526	369.8
1850	0.245	-0.426	1.524	370.0
1851	0.248	-0.428	1.524	370.2
1852	0.245	-0.428	1.523	370.4
1853	0.244	-0.430	1.526	370.6
1854	0.243	-0.428	1.520	370.8
1855	0.245	-0.427	1.521	371.0
1856	0.245	-0.427	1.525	371.2
1857	0.245	-0.427	1.526	371.4
1858	0.244	-0.430	1.525	371.6
1859	0.247	-0.426	1.520	371.8
1860	0.245	-0.427	1.525	372.0
1861	0.245	-0.426	1.524	372.2
1862	0.244	-0.427	1.515	372.4
1863	0.245	-0.427	1.522	372.6
1864	0.244	-0.426	1.524	372.8
1865	0.244	-0.427	1.518	373.0
1866	0.246	-0.428	1.526	373.2
1867	0.244	-0.428	1.514	373.4
1868	0.244	-0.426	1.524	373.6
1869	0.245	-0.425	1.524	373.8
1870	0.245	-0.429	1.512	374.0
1871	0.248	-0.424	1.526	374.2
1872	0.242	-0.427	1.526	374.4
1873	0.245	-0.427	1.515	374.6
1874	0.243	-0.425	1.527	374.8
1875	0.244	-0.427	1.526	375.0
1876	0.244	-0.426	1.523	375.2
1877	0.244	-0.428	1.526	375.4
1878	0.243	-0.428	1.517	375.6
1879	0.245	-0.428	1.517	375.8
1880	0.244	-0.424	1.528	376.0
1881	0.244	-0.426	1.517	376.2
1882	0.246	-0.428	1.517	376.4
1883	0.244	-0.429	1.525	376.6
1884	0.247	-0.425	1.514	376.8
1885	0.246	-0.427	1.520	377.0
1886	0.243	-0.424	1.525	377.2
1887	0.243	-0.426	1.512	377.4
1888	0.246	-0.429	1.524	377.6
1889	0.244	-0.428	1.516	377.8
1890	0.247	-0.426	1.518	378.0
1891	0.245	-0.425	1.522	378.2
1892	0.243	-0.428	1.520	378.4
1893	0.243	-0.426	1.514	378.6
1894	0.244	-0.423	1.525	378.8
1895	0.244	-0.425	1.520	379.0
1896	0.245	-0.426	1.521	379.2
1897	0.245	-0.427	1.522	379.4
1898	0.243	-0.426	1.522	379.6
1899	0.244	-0.424	1.521	379.8
1900	0.245	-0.422	1.522	380.0
1901	0.243	-0.426	1.514	380.2
1902	0.244	-0.426	1.521	380.4
1903	0.244	-0.423	1.519	380.6
1904	0.244	-0.424	1.516	380.8
1905	0.242	-0.426	1.518	381.0
1906	0.244	-0.424	1.524	381.2
1907	0.245	-0.425	1.520	381.4
1908	0.244	-0.423	1.515	381.6
1909	0.245	-0.425	1.521	381.8
1910	0.243	-0.427	1.518	382.0
1911	0.243	-0.423	1.522	382.2
1912	0.243	-0.423	1.516	382.4
1913	0.242	-0.424	1.516	382.6
1914	0.244	-0.424	1.528	382.8
1915	0.243	-0.423	1.516	383.0
1916	0.242	-0.424	1.516	383.2
1917	0.243	-0.425	1.523	383.4
1918	0.245	-0.424	1.516	383.6
1919	0.243	-0.426	1.518	383.8
1920	0.243	-0.424	1.519	384.0
1921	0.242	-0.425	1.518	384.2
1922	0.243	-0.425	1.522	384.4
1923	0.243	-0.423	1.520	384.6
1924	0.243	-0.422	1.517	384.8
1925	0.243	-0.425	1.514	385.0
1926	0.243	-0.426	1.518	385.2
1927	0.244	-0.423	1.524	385.4
1928	0.243	-0.423	1.518	385.6
1929	0.243	-0.425	1.518	385.8
1930	0.241	-0.426	1.522	386.0
1931	0.244	-0.423	1.518	386.2
1932	0.243	-0.424	1.517	386.4
1933	0.242	-0.427	1.522	386.6
1934	0.243	-0.424	1.514	386.8
1935	0.244	-0.423	1.516	387.0
1936	0.240	-0.424	1.524	387.2
1937	0.243	-0.427	1.521	387.4
1938	0.244	-0.426	1.515	387.6
1939	0.243	-0.423	1.521	387.8
1940	0.244	-0.424	1.517	388.0
1941	0.242	-0.425	1.514	388.2
1942	0.243	-0.425	1.517	388.4
1943	0.243	-0.425	1.524	388.6
1944	0.243	-0.427	1.510	388.8
1945	0.245	-0.426	1.517	389.0
1946	0.243	-0.423	1.527	389.2
1947	0.242	-0.423	1.512	389.4
1948	0.243	-0.424	1.520	389.6
1949	0.243	-0.426	1.517	389.8
1950	0.243	-0.424	1.514	390.0
1951	0.243	-0.423	1.524	390.2
1952	0.241	-0.423	1.517	390.4
1953	0.243	-0.424	1.506	390.6
1954	0.243	-0.424	1.526	390.8
1955	0.239	-0.426	1.525	391.0
1956	0.245	-0.423	1.509	391.2
1957	0.243	-0.423	1.519	391.4
1958	0.243	-0.423	1.520	391.6
1959	0.244	-0.424	1.515	391.8
1960	0.242	-0.424	1.518	392.0
1961	0.242	-0.423	1.516	392.2
1962	0.244	-0.423	1.513	392.4
1963	0.240	-0.426	1.519	392.6
1964	0.241	-0.424	1.510	392.8
1965	0.243	-0.422	1.518	393.0
1966	0.243	-0.422	1.518	393.2
1967	0.244	-0.422	1.512	393.4
1968	0.244	-0.423	1.514	393.6
1969	0.240	-0.420	1.518	393.8
1970	0.243	-0.421	1.517	394.0
1971	0.241	-0.422	1.514	394.2
1972	0.239	-0.423	1.512	394.4
1973	0.244	-0.422	1.521	394.6
1974	0.242	-0.420	1.518	394.8
1975	0.242	-0.421	1.512	395.0
1976	0.242	-0.422	1.518	395.2
1977	0.240	-0.422	1.511	395.4
1978	0.242	-0.423	1.512	395.6
1979	0.242	-0.421	1.521	395.8
1980	0.241	-0.422	1.513	396.0
1981	0.243	-0.423	1.514	396.2
1982	0.240	-0.422	1.520	396.4
1983	0.239	-0.420	1.517	396.6
1984	0.241	-0.419	1.515	396.8
1985	0.241	-0.420	1.516	397.0
1986	0.241	-0.419	1.510	397.2
1987	0.241	-0.422	1.516	397.4
1988	0.240	-0.421	1.519	397.6
1989	0.241	-0.419	1.512	397.8
1990	0.240	-0.419	1.518	398.0
1991	0.239	-0.421	1.519	398.2
1992	0.242	-0.423	1.515	398.4
1993	0.242	-0.423	1.514	398.6
1994	0.242	-0.421	1.514	398.8
1995	0.242	-0.422	1.515	399.0
1996	0.240	-0.422	1.518	399.2
1997	0.240	-0.420	1.516	399.4
1998	0.241	-0.421	1.519	399.6
1999	0.241	-0.420	1.516	399.8
2000	0.241	-0.420	1.512	400.0
2001	0.243	-0.422	1.518	400.2
2002	0.241	-0.421	1.516	400.4
2003	0.242	-0.421	1.512	400.6
2004	0.242	-0.421	1.517	400.8
2005	0.240	-0.421	1.519	401.0
2006	0.241	-0.422	1.514	401.2
2007	0.239	-0.420	1.518	401.4
2008	0.240	-0.420	1.515	401.6
2009	0.242	-0.424	1.518	401.8
2010	0.241	-0.421	1.520	402.0
2011	0.241	-0.419	1.517	402.2
2012	0.242	-0.420	1.517	402.4
2013	0.242	-0.422	1.517	402.6
2014	0.241	-0.422	1.514	402.8
2015	0.242	-0.420	1.514	403.0
2016	0.240	-0.421	1.520	403.2
2017	0.239	-0.419	1.515	403.4
2018	0.242	-0.423	1.510	403.6
2019	0.240	-0.421	1.518	403.8
2020	0.292	-0.537	1.871	404.0
2021	0.356	-0.662	1.954	404.2
2022	0.353	-0.655	1.917	404.4
2023	0.352	-0.654	1.907	404.6
2024	0.352	-0.649	1.909	404.8
2025	0.348	-0.644	1.912	405.0
2026	0.349	-0.642	1.902	405.2
2027	0.349	-0.641	1.899	405.4
2028	0.348	-0.640	1.899	405.6
2029	0.348	-0.636	1.893	405.8
2030	0.348	-0.639	1.895	406.0
2031	0.347	-0.637	1.897	406.2
2032	0.345	-0.636	1.891	406.4
2033	0.348	-0.631	1.891	406.6
2034	0.346	-0.635	1.889	406.8
2035	0.345	-0.636	1.886	407.0
2036	0.346	-0.636	1.888	407.2
2037	0.345	-0.634	1.886	407.4
2038	0.344	-0.631	1.881	407.6
2039	0.344	-0.630	1.882	407.8
2040	0.345	-0.630	1.882	408.0
2041	0.346	-0.630	1.881	408.2
2042	0.345	-0.629	1.880	408.4
2043	0.346	-0.630	1.880	408.6
2044	0.344	-0.632	1.877	408.8
2045	0.344	-0.628	1.877	409.0
2046	0.343	-0.625	1.873	409.2
2047	0.345	-0.627	1.870	409.4
2048	0.344	-0.628	1.873	409.6
2049	0.344	-0.624	1.875	409.8
2050	0.344	-0.624	1.867	410.0
2051	0.343	-0.623	1.869	410.2
2052	0.343	-0.622	1.874	410.4
2053	0.345	-0.621	1.868	410.6
2054	0.345	-0.621	1.862	410.8
2055	0.344	-0.623	1.870	411.0
2056	0.344	-0.620	1.866	411.2
2057	0.343	-0.620	1.865	411.4
2058	0.342	-0.623	1.866	411.6
2059	0.344	-0.620	1.864	411.8
2060	0.344	-0.619	1.867	412.0
2061	0.342	-0.621	1.871	412.2
2062	0.343	-0.619	1.861	412.4
2063	0.343	-0.618	1.859	412.6
2064	0.342	-0.619	1.866	412.8
2065	0.343	-0.616	1.857	413.0
2066	0.342	-0.618	1.857	413.2
2067	0.343	-0.620	1.863	413.4
2068	0.342	-0.616	1.863	413.6
2069	0.340	-0.617	1.854	413.8
2070	0.342	-0.617	1.856	414.0
2071	0.344	-0.615	1.864	414.2
2072	0.340	-0.612	1.859	414.4
2073	0.341	-0.617	1.861	414.6
2074	0.339	-0.615	1.858	414.8
2075	0.342	-0.614	1.858	415.0
2076	0.341	-0.617	1.857	415.2
2077	0.342	-0.615	1.857	415.4
2078	0.340	-0.615	1.862	415.6
2079	0.341	-0.615	1.856	415.8
2080	0.340	-0.613	1.853	416.0
2081	0.339	-0.611	1.856	416.2
2082	0.340	-0.612	1.853	416.4
2083	0.340	-0.613	1.853	416.6
2084	0.340	-0.614	1.859	416.8
2085	0.340	-0.614	1.842	417.0
2086	0.342	-0.612	1.859	417.2
2087	0.337	-0.612	1.859	417.4
2088	0.340	-0.614	1.847	417.6
2089	0.341	-0.613	1.854	417.8
2090	0.340	-0.612	1.852	418.0
2091	0.341	-0.612	1.848	418.2
2092	0.340	-0.614	1.855	418.4
2093	0.338	-0.613	1.849	418.6
2094	0.340	-0.610	1.848	418.8
2095	0.339	-0.610	1.856	419.0
2096	0.340	-0.613	1.846	419.2
2097	0.342	-0.608	1.849	419.4
2098	0.340	-0.611	1.859	419.6
2099	0.340	-0.609	1.852	419.8
2100	0.338	-0.609	1.855	420.0
2101	0.338	-0.611	1.848	420.2
2102	0.342	-0.609	1.850	420.4
2103	0.340	-0.610	1.851	420.6
2104	0.338	-0.609	1.848	420.8
2105	0.338	-0.608	1.852	421.0
2106	0.339	-0.606	1.849	421.2
2107	0.338	-0.609	1.845	421.4
2108	0.337	-0.609	1.852	421.6
2109	0.340	-0.608	1.852	421.8
2110	0.339	-0.609	1.847	422.0
2111	0.338	-0.610	1.848	422.2
2112	0.340	-0.606	1.845	422.4
2113	0.338	-0.606	1.850	422.6
2114	0.338	-0.608	1.854	422.8
2115	0.340	-0.609	1.840	423.0
2116	0.339	-0.609	1.844	423.2
2117	0.338	-0.609	1.855	423.4
2118	0.339	-0.607	1.844	423.6
2119	0.339	-0.607	1.844	423.8
2120	0.338	-0.604	1.850	424.0
2121	0.338	-0.607	1.847	424.2
2122	0.339	-0.606	1.842	424.4
2123	0.338	-0.605	1.841	424.6
2124	0.337	-0.607	1.849	424.8
2125	0.337	-0.605	1.839	425.0
2126	0.339	-0.606	1.847	425.2
2127	0.337	-0.608	1.842	425.4
2128	0.339	-0.606	1.840	425.6
2129	0.337	-0.606	1.843	425.8
2130	0.337	-0.606	1.841	426.0
2131	0.338	-0.604	1.836	426.2
2132	0.338	-0.604	1.845	426.4
2133	0.338	-0.607	1.836	426.6
2134	0.336	-0.608	1.837	426.8
2135	0.340	-0.605	1.841	427.0
2136	0.339	-0.608	1.844	427.2
2137	0.338	-0.606	1.839	427.4
2138	0.337	-0.605	1.842	427.6
2139	0.337	-0.605	1.848	427.8
2140	0.337	-0.607	1.842	428.0
2141	0.337	-0.603	1.832	428.2
2142	0.338	-0.605	1.841	428.4
2143	0.337	-0.604	1.843	428.6
2144	0.338	-0.604	1.840	428.8
2145	0.338	-0.604	1.842	429.0
2146	0.336	-0.606	1.831	429.2
2147	0.338	-0.603	1.841	429.4
2148	0.335	-0.603	1.845	429.6
2149	0.336	-0.605	1.838	429.8
2150	0.337	-0.604	1.834	430.0
2151	0.336	-0.603	1.846	430.2
2152	0.335	-0.604	1.848	430.4
2153	0.336	-0.603	1.836	430.6
2154	0.337	-0.603	1.828	430.8
2155	0.333	-0.602	1.837	431.0
2156	0.335	-0.604	1.847	431.2
2157	0.336	-0.602	1.835	431.4
2158	0.339	-0.603	1.840	431.6
2159	0.336	-0.604	1.835	431.8
2160	0.334	-0.604	1.836	432.0
2161	0.335	-0.602	1.842	432.2
2162	0.336	-0.605	1.831	432.4
2163	0.334	-0.605	1.838	432.6
2164	0.337	-0.604	1.842	432.8
2165	0.336	-0.601	1.836	433.0
2166	0.335	-0.604	1.829	433.2
2167	0.335	-0.603	1.836	433.4
2168	0.332	-0.600	1.844	433.6
2169	0.337	-0.603	1.830	433.8
2170	0.335	-0.604	1.830	434.0
2171	0.336	-0.601	1.838	434.2
2172	0.337	-0.601	1.841	434.4
2173	0.334	-0.602	1.822	434.6
2174	0.336	-0.602	1.832	434.8
2175	0.337	-0.601	1.837	435.0
2176	0.334	-0.602	1.832	435.2
2177	0.335	-0.602	1.832	435.4
2178	0.337	-0.600	1.831	435.6
2179	0.334	-0.600	1.836	435.8
2180	0.336	-0.600	1.842	436.0
2181	0.335	-0.600	1.821	436.2
2182	0.336	-0.599	1.835	436.4
2183	0.334	-0.601	1.841	436.6
2184	0.332	-0.603	1.829	436.8
2185	0.334	-0.601	1.822	437.0
2186	0.334	-0.600	1.835	437.2
2187	0.334	-0.601	1.841	437.4
2188	0.334	-0.601	1.836	437.6
2189	0.336	-0.599	1.823	437.8
2190	0.335	-0.599	1.835	438.0
2191	0.332	-0.599	1.830	438.2
2192	0.336	-0.599	1.823	438.4
2193	0.334	-0.598	1.836	438.6
2194	0.335	-0.598	1.835	438.8
2195	0.334	-0.600	1.837	439.0
2196	0.334	-0.603	1.831	439.2
2197	0.332	-0.598	1.826	439.4
2198	0.334	-0.597	1.839	439.6
2199	0.332	-0.598	1.842	439.8
2200	0.335	-0.599	1.818	440.0
2201	0.335	-0.600	1.825	440.2
2202	0.335	-0.599	1.841	440.4
2203	0.332	-0.599	1.836	440.6
2204	0.334	-0.600	1.836	440.8
2205	0.332	-0.601	1.825	441.0
2206	0.334	-0.599	1.827	441.2
2207	0.334	-0.598	1.838	441.4
2208	0.335	-0.601	1.834	441.6
2209	0.336	-0.597	1.819	441.8
2210	0.335	-0.597	1.831	442.0
2211	0.333	-0.598	1.835	442.2
2212	0.335	-0.599	1.823	442.4
2213	0.336	-0.598	1.829	442.6
2214	0.335	-0.599	1.835	442.8
2215	0.331	-0.597	1.832	443.0
2216	0.334	-0.600	1.826	443.2
2217	0.333	-0.598	1.821	443.4
2218	0.335	-0.598	1.833	443.6
2219	0.333	-0.599	1.828	443.8
2220	0.333	-0.599	1.824	444.0
2221	0.332	-0.598	1.830	444.2
2222	0.333	-0.599	1.831	444.4
2223	0.332	-0.597	1.831	444.6
2224	0.332	-0.597	1.832	444.8
2225	0.332	-0.600	1.826	445.0
2226	0.333	-0.600	1.830	445.2
2227	0.331	-0.599	1.830	445.4
2228	0.333	-0.598	1.827	445.6
2229	0.332	-0.596	1.826	445.8
2230	0.332	-0.598	1.834	446.0
2231	0.331	-0.599	1.830	446.2
2232	0.335	-0.600	1.822	446.4
2233	0.334	-0.597	1.826	446.6
2234	0.334	-0.597	1.833	446.8
2235	0.331	-0.600	1.830	447.0
2236	0.332	-0.599	1.821	447.2
2237	0.331	-0.597	1.831	447.4
2238	0.332	-0.595	1.831	447.6
2239	0.332	-0.597	1.827	447.8
2240	0.334	-0.598	1.828	448.0
2241	0.329	-0.598	1.828	448.2
2242	0.332	-0.596	1.829	448.4
2243	0.332	-0.597	1.830	448.6
2244	0.331	-0.602	1.815	448.8
2245	0.334	-0.597	1.821	449.0
2246	0.331	-0.597	1.836	449.2
2247	0.330	-0.598	1.820	449.4
2248	0.330	-0.599	1.813	449.6
2249	0.331	-0.599	1.829	449.8
2250	0.331	-0.596	1.829	450.0
2251	0.332	-0.597	1.828	450.2
2252	0.331	-0.600	1.820	450.4
2253	0.332	-0.598	1.828	450.6
2254	0.330	-0.597	1.835	450.8
2255	0.329	-0.598	1.828	451.0
2256	0.332	-0.599	1.822	451.2
2257	0.332	-0.599	1.825	451.4
2258	0.328	-0.597	1.827	451.6
2259	0.332	-0.598	1.830	451.8
2260	0.332	-0.600	1.814	452.0
2261	0.330	-0.596	1.823	452.2
2262	0.330	-0.598	1.837	452.4
2263	0.331	-0.596	1.820	452.6
2264	0.334	-0.597	1.824	452.8
2265	0.331	-0.597	1.833	453.0
2266	0.326	-0.599	1.818	453.2
2267	0.332	-0.598	1.821	453.4
2268	0.332	-0.598	1.834	453.6
2269	0.330	-0.597	1.821	453.8
2270	0.333	-0.593	1.822	454.0
2271	0.331	-0.597	1.826	454.2
2272	0.331	-0.599	1.813	454.4
2273	0.334	-0.599	1.833	454.6
2274	0.331	-0.597	1.833	454.8
2275	0.332	-0.597	1.809	455.0
2276	0.331	-0.597	1.827	455.2
2277	0.330	-0.595	1.832	455.4
2278	0.331	-0.594	1.814	455.6
2279	0.334	-0.595	1.827	455.8
2280	0.330	-0.596	1.831	456.0
2281	0.333	-0.597	1.813	456.2
2282	0.330	-0.595	1.831	456.4
2283	0.331	-0.595	1.826	456.6
2284	0.334	-0.595	1.812	456.8
2285	0.331	-0.597	1.823	457.0
2286	0.332	-0.596	1.824	457.2
2287	0.333	-0.593	1.822	457.4
2288	0.334	-0.596	1.829	457.6
2289	0.332	-0.597	1.819	457.8
2290	0.332	-0.592	1.820	458.0
2291	0.331	-0.595	1.821	458.2
2292	0.330	-0.595	1.819	458.4
2293	0.332	-0.595	1.820	458.6
2294	0.331	-0.593	1.820	458.8
2295	0.332	-0.593	1.828	459.0
2296	0.334	-0.595	1.826	459.2
2297	0.332	-0.596	1.811	459.4
2298	0.332	-0.592	1.819	459.6
2299	0.334	-0.594	1.828	459.8
2300	0.331	-0.595	1.813	460.0
2301	0.330	-0.594	1.819	460.2
2302	0.330	-0.591	1.829	460.4
2303	0.331	-0.593	1.816	460.6
2304	0.333	-0.593	1.817	460.8
2305	0.332	-0.593	1.828	461.0
2306	0.332	-0.595	1.814	461.2
2307	0.329	-0.592	1.818	461.4
2308	0.330	-0.591	1.833	461.6
2309	0.329	-0.595	1.814	461.8
2310	0.332	-0.594	1.817	462.0
2311	0.331	-0.593	1.832	462.2
2312	0.331	-0.593	1.817	462.4
2313	0.331	-0.591	1.819	462.6
2314	0.329	-0.593	1.825	462.8
2315	0.332	-0.592	1.814	463.0
2316	0.332	-0.593	1.825	463.2
2317	0.328	-0.593	1.830	463.4
2318	0.334	-0.594	1.814	463.6
2319	0.331	-0.591	1.822	463.8
2320	0.331	-0.590	1.827	464.0
2321	0.331	-0.591	1.812	464.2
2322	0.331	-0.593	1.819	464.4
2323	0.332	-0.593	1.826	464.6
2324	0.332	-0.592	1.821	464.8
2325	0.330	-0.592	1.820	465.0
2326	0.332	-0.591	1.819	465.2
2327	0.330	-0.591	1.823	465.4
2328	0.330	-0.593	1.815	465.6
2329	0.330	-0.592	1.819	465.8
2330	0.331	-0.593	1.826	466.0
2331	0.330	-0.593	1.812	466.2
2332	0.331	-0.590	1.816	466.4
2333	0.329	-0.592	1.830	466.6
2334	0.330	-0.593	1.817	466.8
2335	0.331	-0.591	1.818	467.0
2336	0.332	-0.591	1.821	467.2
2337	0.330	-0.591	1.813	467.4
2338	0.330	-0.589	1.830	467.6
2339	0.330	-0.591	1.817	467.8
2340	0.332	-0.590	1.816	468.0
2341	0.329	-0.590	1.826	468.2
2342	0.329	-0.591	1.821	468.4
2343	0.329	-0.589	1.809	468.6
2344	0.331	-0.594	1.822	468.8
2345	0.330	-0.591	1.822	469.0
2346	0.330	-0.591	1.817	469.2
2347	0.330	-0.590	1.817	469.4
2348	0.331	-0.591	1.820	469.6
2349	0.331	-0.591	1.823	469.8
2350	0.331	-0.591	1.815	470.0
2351	0.332	-0.591	1.819	470.2
2352	0.330	-0.591	1.825	470.4
2353	0.331	-0.593	1.815	470.6
2354	0.331	-0.590	1.804	470.8
2355	0.331	-0.590	1.818	471.0
2356	0.329	-0.591	1.821	471.2
2357	0.330	-0.590	1.806	471.4
2358	0.330	-0.590	1.821	471.6
2359	0.329	-0.590	1.817	471.8
2360	0.332	-0.591	1.816	472.0
2361	0.329	-0.593	1.821	472.2
2362	0.331	-0.593	1.810	472.4
2363	0.328	-0.591	1.827	472.6
2364	0.329	-0.587	1.821	472.8
2365	0.331	-0.591	1.808	473.0
2366	0.331	-0.592	1.816	473.2
2367	0.330	-0.594	1.821	473.4
2368	0.332	-0.588	1.813	473.6
2369	0.331	-0.589	1.811	473.8
2370	0.331	-0.590	1.813	474.0
2371	0.331	-0.591	1.815	474.2
2372	0.332	-0.590	1.816	474.4
2373	0.332	-0.592	1.820	474.6
2374	0.332	-0.590	1.815	474.8
2375	0.330	-0.592	1.815	475.0
2376	0.328	-0.592	1.816	475.2
2377	0.333	-0.592	1.809	475.4
2378	0.330	-0.591	1.817	475.6
2379	0.332	-0.592	1.817	475.8
2380	0.328	-0.589	1.813	476.0
2381	0.328	-0.592	1.816	476.2
2382	0.329	-0.591	1.809	476.4
2383	0.331	-0.591	1.820	476.6
2384	0.328	-0.592	1.816	476.8
2385	0.329	-0.592	1.809	477.0
2386	0.332	-0.591	1.822	477.2
2387	0.329	-0.592	1.815	477.4
2388	0.329	-0.590	1.812	477.6
2389	0.330	-0.589	1.816	477.8
2390	0.328	-0.593	1.813	478.0
2391	0.331	-0.590	1.815	478.2
2392	0.329	-0.593	1.815	478.4
2393	0.329	-0.591	1.811	478.6
2394	0.327	-0.591	1.821	478.8
2395	0.327	-0.591	1.817	479.0
2396	0.327	-0.592	1.803	479.2
2397	0.329	-0.593	1.821	479.4
2398	0.330	-0.593	1.813	479.6
2399	0.332	-0.590	1.808	479.8
2400	0.329	-0.591	1.816	480.0
2401	0.330	-0.592	1.814	480.2
2402	0.329	-0.592	1.814	480.4
2403	0.329	-0.592	1.819	480.6
2404	0.331	-0.591	1.810	480.8
2405	0.330	-0.590	1.816	481.0
2406	0.327	-0.590	1.817	481.2
2407	0.330	-0.592	1.814	481.4
2408	0.329	-0.591	1.814	481.6
2409	0.328	-0.592	1.810	481.8
2410	0.329	-0.589	1.811	482.0
2411	0.329	-0.592	1.812	482.2
2412	0.330	-0.590	1.808	482.4
2413	0.330	-0.590	1.816	482.6
2414	0.329	-0.589	1.814	482.8
2415	0.328	-0.592	1.812	483.0
2416	0.330	-0.591	1.810	483.2
2417	0.330	-0.589	1.812	483.4
2418	0.328	-0.587	1.819	483.6
2419	0.327	-0.588	1.803	483.8
2420	0.329	-0.590	1.811	484.0
2421	0.325	-0.591	1.819	484.2
2422	0.329	-0.591	1.809	484.4
2423	0.330	-0.591	1.812	484.6
2424	0.327	-0.590	1.816	484.8
2425	0.327	-0.588	1.810	485.0
2426	0.330	-0.589	1.812	485.2
2427	0.328	-0.593	1.807	485.4
2428	0.329	-0.592	1.804	485.6
2429	0.329	-0.595	1.820	485.8
2430	0.328	-0.590	1.810	486.0
2431	0.331	-0.592	1.804	486.2
2432	0.328	-0.590	1.821	486.4
2433	0.326	-0.589	1.818	486.6
2434	0.331	-0.592	1.806	486.8
2435	0.328	-0.591	1.824	487.0
2436	0.329	-0.591	1.807	487.2
2437	0.330	-0.589	1.810	487.4
2438	0.330	-0.589	1.820	487.6
2439	0.328	-0.590	1.813	487.8
2440	0.329	-0.593	1.806	488.0
2441	0.329	-0.590	1.822	488.2
2442	0.328	-0.589	1.814	488.4
2443	0.332	-0.589	1.812	488.6
2444	0.326	-0.593	1.815	488.8
2445	0.329	-0.591	1.810	489.0
2446	0.329	-0.591	1.811	489.2
2447	0.328	-0.592	1.814	489.4
2448	0.328	-0.590	1.814	489.6
2449	0.327	-0.590	1.811	489.8
2450	0.327	-0.589	1.810	490.0
2451	0.328	-0.589	1.818	490.2
2452	0.327	-0.591	1.808	490.4
2453	0.328	-0.591	1.818	490.6
2454	0.327	-0.589	1.810	490.8
2455	0.327	-0.591	1.812	491.0
2456	0.329	-0.591	1.811	491.2
2457	0.328	-0.591	1.819	491.4
2458	0.329	-0.590	1.810	491.6
2459	0.326	-0.590	1.811	491.8
2460	0.329	-0.590	1.816	492.0
2461	0.329	-0.590	1.813	492.2
2462	0.326	-0.589	1.811	492.4
2463	0.329	-0.589	1.815	492.6
2464	0.327	-0.591	1.808	492.8
2465	0.327	-0.591	1.810	493.0
2466	0.330	-0.589	1.808	493.2
2467	0.329	-0.590	1.810	493.4
2468	0.327	-0.590	1.810	493.6
2469	0.327	-0.591	1.815	493.8
2470	0.327	-0.591	1.816	494.0
2471	0.326	-0.591	1.808	494.2
2472	0.327	-0.590	1.811	494.4
2473	0.327	-0.590	1.810	494.6
2474	0.326	-0.590	1.812	494.8
2475	0.327	-0.589	1.810	495.0
2476	0.326	-0.588	1.817	495.2
2477	0.327	-0.590	1.804	495.4
2478	0.328	-0.588	1.815	495.6
2479	0.329	-0.587	1.806	495.8
2480	0.329	-0.588	1.808	496.0
2481	0.328	-0.591	1.810	496.2
2482	0.328	-0.588	1.810	496.4
2483	0.329	-0.590	1.816	496.6
2484	0.327	-0.587	1.812	496.8
2485	0.329	-0.589	1.810	497.0
2486	0.328	-0.590	1.810	497.2
2487	0.326	-0.589	1.813	497.4
2488	0.327	-0.588	1.812	497.6
2489	0.327	-0.589	1.813	497.8
2490	0.328	-0.591	1.806	498.0
2491	0.328	-0.590	1.812	498.2
2492	0.327	-0.589	1.815	498.4
2493	0.327	-0.589	1.802	498.6
2494	0.327	-0.591	1.817	498.8
2495	0.326	-0.589	1.816	499.0
2496	0.329	-0.588	1.803	499.2
2497	0.328	-0.590	1.812	499.4
2498	0.326	-0.591	1.815	499.6
2499	0.327	-0.590	1.815	499.8
2500	0.331	-0.589	1.812	500.0
2501	0.324	-0.590	1.816	500.2
2502	0.329	-0.589	1.808	500.4
2503	0.329	-0.588	1.815	500.6
2504	0.327	-0.588	1.809	500.8
2505	0.327	-0.588	1.803	501.0
2506	0.327	-0.589	1.823	501.2
2507	0.327	-0.589	1.810	501.4
2508	0.329	-0.589	1.805	501.6
2509	0.329	-0.588	1.818	501.8
2510	0.326	-0.590	1.816	502.0
2511	0.329	-0.589	1.808	502.2
2512	0.327	-0.589	1.814	502.4
2513	0.327	-0.588	1.815	502.6
2514	0.328	-0.589	1.808	502.8
2515	0.327	-0.592	1.818	503.0
2516	0.328	-0.588	1.813	503.2
2517	0.328	-0.588	1.804	503.4
2518	0.327	-0.589	1.817	503.6
2519	0.329	-0.590	1.813	503.8
2520	0.326	-0.588	1.806	504.0
2521	0.203	-0.314	1.220	504.2
2522	0.073	-0.063	0.831	504.4
2523	0.021	0.002	0.771	504.6
2524	0.019	-0.002	0.768	504.8
2525	0.018	-0.004	0.768	505.0
2526	0.020	-0.008	0.774	505.2
2527	0.020	-0.008	0.773	505.4
2528	0.018	-0.007	0.766	505.6
2529	0.020	-0.005	0.765	505.8
2530	0.018	0.001	0.765	506.0
2531	0.021	0.000	0.771	506.2
2532	0.021	0.000	0.776	506.4
2533	0.019	-0.003	0.775	506.6
2534	0.020	-0.006	0.772	506.8
2535	0.018	-0.007	0.772	507.0
2536	0.020	-0.005	0.772	507.2
2537	0.018	-0.003	0.771	507.4
2538	0.020	-0.003	0.770	507.6
2539	0.022	-0.003	0.774	507.8
2540	0.021	-0.002	0.780	508.0
2541	0.019	-0.003	0.769	508.2
2542	0.019	-0.005	0.774	508.4
2543	0.020	-0.007	0.768	508.6
2544	0.019	-0.007	0.768	508.8
2545	0.022	-0.005	0.769	509.0
2546	0.020	-0.002	0.772	509.2
2547	0.019	-0.002	0.778	509.4
2548	0.018	-0.001	0.770	509.6
2549	0.019	-0.004	0.770	509.8
2550	0.018	-0.004	0.772	510.0
2551	0.017	-0.006	0.770	510.2
2552	0.016	-0.005	0.766	510.4
2553	0.018	-0.005	0.774	510.6
2554	0.016	-0.001	0.770	510.8
2555	0.015	-0.001	0.771	511.0
2556	0.016	-0.001	0.775	511.2
2557	0.018	-0.004	0.772	511.4
2558	0.016	-0.006	0.768	511.6
2559	0.016	-0.008	0.771	511.8
2560	0.017	-0.005	0.772	512.0
2561	0.016	-0.005	0.768	512.2
2562	0.019	-0.006	0.773	512.4
2563	0.015	-0.004	0.775	512.6
2564	0.018	-0.004	0.768	512.8
2565	0.017	-0.006	0.774	513.0
2566	0.018	-0.003	0.771	513.2
2567	0.017	-0.005	0.768	513.4
2568	0.016	-0.005	0.772	513.6
2569	0.019	-0.007	0.774	513.8
2570	0.018	-0.003	0.766	514.0
2571	0.021	-0.002	0.770	514.2
2572	0.017	-0.002	0.773	514.4
2573	0.018	-0.003	0.771	514.6
2574	0.019	-0.005	0.772	514.8
2575	0.019	-0.007	0.775	515.0
2576	0.019	-0.006	0.772	515.2
2577	0.020	-0.007	0.770	515.4
2578	0.018	-0.004	0.777	515.6
2579	0.018	-0.003	0.772	515.8
2580	0.024	0.001	0.770	516.0
2581	0.020	-0.003	0.770	516.2
2582	0.020	-0.004	0.773	516.4
2583	0.019	-0.004	0.773	516.6
2584	0.020	-0.001	0.772	516.8
2585	0.018	-0.002	0.775	517.0
2586	0.019	-0.005	0.770	517.2
2587	0.020	-0.005	0.774	517.4
2588	0.017	-0.005	0.772	517.6
2589	0.018	-0.004	0.769	517.8
2590	0.017	-0.005	0.777	518.0
2591	0.014	-0.003	0.771	518.2
2592	0.015	-0.004	0.772	518.4
2593	0.015	-0.005	0.772	518.6
2594	0.015	-0.003	0.768	518.8
2595	0.015	-0.004	0.769	519.0
2596	0.015	-0.003	0.773	519.2
2597	0.015	-0.001	0.772	519.4
2598	0.016	-0.005	0.769	519.6
2599	0.013	-0.003	0.772	519.8
2600	0.014	-0.004	0.777	520.0
2601	0.013	-0.004	0.769	520.2
2602	0.015	-0.001	0.774	520.4
2603	0.017	-0.001	0.773	520.6
2604	0.012	-0.005	0.767	520.8
2605	0.012	-0.003	0.772	521.0
2606	0.016	-0.005	0.775	521.2
2607	0.017	-0.006	0.770	521.4
2608	0.017	-0.005	0.773	521.6
2609	0.019	-0.002	0.774	521.8
2610	0.014	-0.002	0.772	522.0
2611	0.018	-0.003	0.771	522.2
2612	0.018	-0.004	0.777	522.4
2613	0.016	-0.004	0.771	522.6
2614	0.016	-0.006	0.771	522.8
2615	0.018	-0.002	0.777	523.0
2616	0.015	-0.003	0.773	523.2
2617	0.017	-0.002	0.769	523.4
2618	0.018	0.000	0.777	523.6
2619	0.018	-0.002	0.770	523.8
2620	0.018	-0.005	0.770	524.0
2621	0.015	-0.006	0.772	524.2
2622	0.018	-0.005	0.773	524.4
2623	0.018	-0.005	0.772	524.6
2624	0.016	-0.004	0.775	524.8
2625	0.017	-0.005	0.775	525.0
2626	0.019	-0.005	0.770	525.2
2627	0.016	-0.002	0.772	525.4
2628	0.016	-0.003	0.771	525.6
2629	0.018	-0.001	0.768	525.8
2630	0.015	-0.002	0.773	526.0
2631	0.016	-0.004	0.771	526.2
2632	0.018	-0.002	0.766	526.4
2633	0.017	-0.002	0.772	526.6
2634	0.015	-0.005	0.773	526.8
2635	0.019	-0.002	0.770	527.0
2636	0.016	-0.005	0.772	527.2
2637	0.018	-0.002	0.775	527.4
2638	0.018	-0.003	0.771	527.6
2639	0.018	-0.002	0.772	527.8
2640	0.017	-0.004	0.776	528.0
2641	0.017	-0.002	0.768	528.2
2642	0.017	-0.002	0.767	528.4
2643	0.019	-0.003	0.773	528.6
2644	0.018	-0.005	0.769	528.8
2645	0.018	-0.005	0.771	529.0
2646	0.020	-0.005	0.774	529.2
2647	0.019	-0.003	0.774	529.4
2648	0.019	-0.003	0.772	529.6
2649	0.019	-0.002	0.773	529.8
2650	0.018	-0.005	0.773	530.0
2651	0.016	-0.003	0.769	530.2
2652	0.018	-0.001	0.773	530.4
2653	0.018	0.000	0.772	530.6
2654	0.016	-0.002	0.771	530.8
2655	0.017	-0.002	0.775	531.0
2656	0.018	-0.004	0.771	531.2
2657	0.017	-0.002	0.771	531.4
2658	0.017	-0.005	0.772	531.6
2659	0.016	-0.004	0.769	531.8
2660	0.019	-0.007	0.771	532.0
2661	0.017	-0.005	0.773	532.2
2662	0.018	-0.005	0.771	532.4
2663	0.020	-0.006	0.768	532.6
2664	0.019	-0.005	0.776	532.8
2665	0.021	-0.004	0.772	533.0
2666	0.017	-0.003	0.769	533.2
2667	0.018	-0.005	0.768	533.4
2668	0.017	-0.005	0.774	533.6
2669	0.020	-0.005	0.772	533.8
2670	0.020	-0.005	0.768	534.0
2671	0.018	-0.004	0.776	534.2
2672	0.019	-0.003	0.769	534.4
2673	0.019	-0.005	0.768	534.6
2674	0.018	-0.004	0.772	534.8
2675	0.016	-0.006	0.771	535.0
2676	0.019	-0.004	0.773	535.2
2677	0.019	-0.004	0.774	535.4
2678	0.018	-0.005	0.770	535.6
2679	0.017	-0.005	0.770	535.8
2680	0.018	-0.003	0.772	536.0
2681	0.018	-0.006	0.773	536.2
2682	0.015	-0.004	0.768	536.4
2683	0.017	-0.004	0.772	536.6
2684	0.013	-0.001	0.769	536.8
2685	0.017	-0.001	0.768	537.0
2686	0.018	-0.001	0.771	537.2
2687	0.015	-0.004	0.774	537.4
2688	0.015	-0.002	0.768	537.6
2689	0.014	-0.006	0.773	537.8
2690	0.013	-0.004	0.771	538.0
2691	0.017	-0.004	0.773	538.2
2692	0.015	-0.004	0.772	538.4
2693	0.015	-0.005	0.772	538.6
2694	0.014	-0.005	0.766	538.8
2695	0.015	-0.005	0.772	539.0
2696	0.015	-0.001	0.772	539.2
2697	0.016	-0.004	0.770	539.4
2698	0.018	-0.001	0.774	539.6
2699	0.015	-0.001	0.774	539.8
2700	0.016	-0.002	0.767	540.0
2701	0.018	-0.003	0.769	540.2
2702	0.018	-0.001	0.773	540.4
2703	0.018	-0.002	0.771	540.6
2704	0.018	-0.002	0.769	540.8
2705	0.019	-0.005	0.772	541.0
2706	0.019	-0.004	0.770	541.2
2707	0.020	-0.003	0.771	541.4
2708	0.019	-0.003	0.773	541.6
2709	0.018	-0.001	0.777	541.8
2710	0.019	-0.004	0.771	542.0
2711	0.018	-0.003	0.775	542.2
2712	0.020	-0.003	0.770	542.4
2713	0.019	-0.003	0.766	542.6
2714	0.021	-0.001	0.772	542.8
2715	0.020	-0.001	0.772	543.0
2716	0.021	0.000	0.770	543.2
2717	0.019	-0.004	0.775	543.4
2718	0.019	-0.004	0.771	543.6
2719	0.022	-0.003	0.772	543.8
2720	0.019	-0.004	0.774	544.0
2721	0.021	-0.005	0.770	544.2
2722	0.020	-0.004	0.770	544.4
2723	0.020	-0.003	0.769	544.6
2724	0.021	-0.003	0.773	544.8
2725	0.018	-0.003	0.772	545.0
2726	0.020	-0.004	0.766	545.2
2727	0.019	-0.005	0.771	545.4
2728	0.018	-0.006	0.769	545.6
2729	0.018	-0.004	0.772	545.8
2730	0.017	-0.004	0.774	546.0
2731	0.018	-0.001	0.776	546.2
2732	0.018	-0.003	0.770	546.4
2733	0.016	-0.003	0.774	546.6
2734	0.015	-0.004	0.771	546.8
2735	0.015	-0.004	0.769	547.0
2736	0.015	-0.005	0.777	547.2
2737	0.016	-0.004	0.771	547.4
2738	0.017	-0.004	0.769	547.6
2739	0.015	-0.002	0.772	547.8
2740	0.013	-0.002	0.770	548.0
2741	0.014	-0.005	0.769	548.2
2742	0.015	-0.005	0.773	548.4
2743	0.016	-0.005	0.772	548.6
2744	0.013	-0.007	0.767	548.8
2745	0.017	-0.006	0.772	549.0
2746	0.014	-0.004	0.773	549.2
2747	0.013	-0.003	0.770	549.4
2748	0.016	-0.004	0.771	549.6
2749	0.015	-0.005	0.772	549.8
2750	0.016	-0.004	0.768	550.0
2751	0.015	-0.004	0.770	550.2
2752	0.018	-0.005	0.775	550.4
2753	0.015	-0.006	0.771	550.6
2754	0.015	-0.006	0.771	550.8
2755	0.014	-0.004	0.772	551.0
2756	0.015	-0.003	0.770	551.2
2757	0.015	-0.007	0.772	551.4
2758	0.016	-0.005	0.772	551.6
2759	0.016	-0.005	0.769	551.8
2760	0.015	-0.007	0.770	552.0
2761	0.015	-0.007	0.774	552.2
2762	0.016	-0.005	0.771	552.4
2763	0.016	-0.006	0.770	552.6
2764	0.015	-0.005	0.775	552.8
2765	0.015	-0.006	0.772	553.0
2766	0.016	-0.006	0.774	553.2
2767	0.018	-0.006	0.775	553.4
2768	0.015	-0.007	0.770	553.6
2769	0.015	-0.008	0.771	553.8
2770	0.016	-0.007	0.772	554.0
2771	0.016	-0.006	0.773	554.2
2772	0.018	-0.007	0.772	554.4
2773	0.020	-0.006	0.773	554.6
2774	0.018	-0.004	0.772	554.8
2775	0.018	-0.007	0.772	555.0
2776	0.017	-0.003	0.768	555.2
2777	0.016	-0.004	0.772	555.4
2778	0.019	-0.003	0.770	555.6
2779	0.022	-0.005	0.770	555.8
2780	0.019	-0.006	0.771	556.0
2781	0.021	-0.006	0.769	556.2
2782	0.018	-0.002	0.771	556.4
2783	0.017	-0.007	0.777	556.6
2784	0.018	-0.005	0.774	556.8
2785	0.017	-0.005	0.770	557.0
2786	0.015	-0.006	0.774	557.2
2787	0.015	-0.002	0.771	557.4
2788	0.017	-0.002	0.772	557.6
2789	0.015	-0.004	0.774	557.8
2790	0.015	-0.005	0.771	558.0
2791	0.016	-0.006	0.768	558.2
2792	0.016	-0.006	0.774	558.4
2793	0.013	-0.003	0.771	558.6
2794	0.016	-0.005	0.771	558.8
2795	0.015	-0.004	0.774	559.0
2796	0.015	-0.004	0.775	559.2
2797	0.017	-0.002	0.769	559.4
2798	0.018	-0.001	0.771	559.6
2799	0.017	-0.003	0.771	559.8
2800	0.018	-0.003	0.769	560.0
2801	0.017	-0.004	0.769	560.2
2802	0.018	-0.005	0.771	560.4
2803	0.019	-0.007	0.772	560.6
2804	0.020	-0.005	0.771	560.8
2805	0.020	-0.003	0.774	561.0
2806	0.023	-0.005	0.770	561.2
2807	0.022	-0.003	0.770	561.4
2808	0.020	-0.005	0.774	561.6
2809	0.021	-0.005	0.769	561.8
2810	0.020	-0.004	0.772	562.0
2811	0.020	-0.004	0.774	562.2
2812	0.019	-0.005	0.770	562.4
2813	0.018	-0.003	0.770	562.6
2814	0.018	-0.005	0.776	562.8
2815	0.019	-0.004	0.774	563.0
2816	0.017	-0.005	0.765	563.2
2817	0.018	-0.004	0.774	563.4
2818	0.017	-0.005	0.773	563.6
2819	0.017	-0.003	0.769	563.8
2820	0.018	-0.004	0.774	564.0
2821	0.015	-0.004	0.778	564.2
2822	0.018	-0.003	0.771	564.4
2823	0.017	-0.005	0.772	564.6
2824	0.018	-0.004	0.772	564.8
2825	0.018	-0.004	0.768	565.0
2826	0.018	-0.003	0.768	565.2
2827	0.018	-0.002	0.775	565.4
2828	0.018	-0.003	0.771	565.6
2829	0.016	-0.002	0.768	565.8
2830	0.015	-0.008	0.772	566.0
2831	0.013	-0.007	0.770	566.2
2832	0.016	-0.005	0.768	566.4
2833	0.015	-0.003	0.774	566.6
2834	0.016	-0.003	0.774	566.8
2835	0.016	-0.004	0.771	567.0
2836	0.015	-0.005	0.773	567.2
2837	0.015	-0.005	0.769	567.4
2838	0.015	-0.006	0.772	567.6
2839	0.015	-0.003	0.774	567.8
2840	0.016	-0.005	0.775	568.0
2841	0.018	-0.003	0.769	568.2
2842	0.017	-0.005	0.773	568.4
2843	0.016	-0.006	0.774	568.6
2844	0.018	-0.006	0.768	568.8
2845	0.017	-0.003	0.774	569.0
2846	0.019	-0.005	0.776	569.2
2847	0.017	-0.003	0.770	569.4
2848	0.018	-0.002	0.770	569.6
2849	0.017	-0.005	0.774	569.8
2850	0.018	-0.003	0.768	570.0
2851	0.018	-0.005	0.770	570.2
2852	0.018	-0.005	0.770	570.4
2853	0.019	-0.006	0.767	570.6
2854	0.018	-0.003	0.768	570.8
2855	0.018	-0.002	0.772	571.0
2856	0.019	0.000	0.773	571.2
2857	0.019	-0.001	0.771	571.4
2858	0.018	-0.002	0.773	571.6
2859	0.019	-0.004	0.773	571.8
2860	0.020	-0.009	0.771	572.0
2861	0.015	-0.005	0.773	572.2
2862	0.017	-0.004	0.772	572.4
2863	0.017	-0.003	0.771	572.6
2864	0.018	-0.003	0.774	572.8
2865	0.017	-0.002	0.769	573.0
2866	0.018	-0.004	0.768	573.2
2867	0.016	-0.005	0.771	573.4
2868	0.019	-0.007	0.773	573.6
2869	0.013	-0.008	0.770	573.8
2870	0.018	-0.006	0.771	574.0
2871	0.015	-0.004	0.772	574.2
2872	0.015	-0.003	0.768	574.4
2873	0.017	0.000	0.766	574.6
2874	0.017	-0.003	0.773	574.8
2875	0.015	-0.003	0.776	575.0
2876	0.015	-0.007	0.766	575.2
2877	0.017	-0.004	0.770	575.4
2878	0.016	-0.006	0.773	575.6
2879	0.019	-0.004	0.768	575.8
2880	0.017	-0.001	0.771	576.0
2881	0.020	-0.003	0.771	576.2
2882	0.018	-0.004	0.766	576.4
2883	0.020	-0.005	0.771	576.6
2884	0.021	-0.006	0.776	576.8
2885	0.021	-0.006	0.769	577.0
2886	0.021	-0.004	0.773	577.2
2887	0.020	-0.005	0.775	577.4
2888	0.021	-0.005	0.768	577.6
2889	0.022	-0.006	0.772	577.8
2890	0.022	-0.004	0.775	578.0
2891	0.022	-0.004	0.768	578.2
2892	0.019	-0.004	0.770	578.4
2893	0.021	-0.003	0.774	578.6
2894	0.018	-0.004	0.771	578.8
2895	0.018	-0.004	0.771	579.0
2896	0.019	-0.005	0.775	579.2
2897	0.019	-0.004	0.771	579.4
2898	0.020	-0.003	0.767	579.6
2899	0.017	-0.003	0.773	579.8
2900	0.018	-0.003	0.776	580.0
2901	0.020	-0.005	0.770	580.2
2902	0.017	-0.005	0.772	580.4
2903	0.018	-0.003	0.772	580.6
2904	0.017	-0.003	0.769	580.8
2905	0.015	-0.003	0.772	581.0
2906	0.014	-0.003	0.774	581.2
2907	0.016	-0.006	0.770	581.4
2908	0.017	-0.005	0.769	581.6
2909	0.017	-0.006	0.773	581.8
2910	0.019	-0.003	0.770	582.0
2911	0.017	-0.005	0.774	582.2
2912	0.021	-0.004	0.773	582.4
2913	0.020	-0.005	0.773	582.6
2914	0.021	-0.005	0.768	582.8
2915	0.022	-0.004	0.771	583.0
2916	0.021	-0.005	0.769	583.2
2917	0.022	-0.002	0.767	583.4
2918	0.020	-0.001	0.770	583.6
2919	0.020	-0.004	0.772	583.8
2920	0.022	-0.001	0.768	584.0
2921	0.022	-0.005	0.771	584.2
2922	0.021	-0.007	0.775	584.4
2923	0.022	-0.006	0.771	584.6
2924	0.021	-0.004	0.775	584.8
2925	0.021	-0.005	0.774	585.0
2926	0.019	-0.005	0.767	585.2
2927	0.020	-0.007	0.770	585.4
2928	0.019	-0.005	0.770	585.6
2929	0.019	-0.003	0.772	585.8
2930	0.020	-0.002	0.770	586.0
2931	0.016	-0.003	0.776	586.2
2932	0.018	-0.003	0.771	586.4
2933	0.017	-0.006	0.770	586.6
2934	0.014	-0.002	0.773	586.8
2935	0.013	-0.005	0.771	587.0
2936	0.012	-0.006	0.769	587.2
2937	0.012	-0.005	0.774	587.4
2938	0.013	-0.005	0.770	587.6
2939	0.015	-0.005	0.766	587.8
2940	0.013	-0.005	0.772	588.0
2941	0.009	-0.004	0.774	588.2
2942	0.013	-0.004	0.768	588.4
2943	0.014	-0.005	0.772	588.6
2944	0.014	-0.004	0.777	588.8
2945	0.015	-0.002	0.770	589.0
2946	0.015	-0.003	0.771	589.2
2947	0.015	-0.003	0.774	589.4
2948	0.014	-0.005	0.772	589.6
2949	0.016	-0.003	0.773	589.8
2950	0.011	-0.007	0.770	590.0
2951	0.012	-0.006	0.771	590.2
2952	0.013	-0.005	0.770	590.4
2953	0.012	-0.001	0.772	590.6
2954	0.010	-0.003	0.770	590.8
2955	0.010	-0.001	0.767	591.0
2956	0.012	-0.005	0.774	591.2
2957	0.007	-0.005	0.772	591.4
2958	0.013	-0.008	0.770	591.6
2959	0.011	-0.007	0.775	591.8
2960	0.011	-0.005	0.774	592.0
2961	0.011	-0.005	0.767	592.2
2962	0.011	-0.002	0.772	592.4
2963	0.010	-0.002	0.772	592.6
2964	0.012	-0.005	0.769	592.8
2965	0.011	-0.008	0.771	593.0
2966	0.013	-0.007	0.774	593.2
2967	0.013	-0.007	0.768	593.4
2968	0.012	-0.006	0.768	593.6
2969	0.013	-0.006	0.776	593.8
2970	0.016	-0.004	0.772	594.0
2971	0.012	-0.003	0.770	594.2
2972	0.014	-0.004	0.770	594.4
2973	0.013	-0.005	0.770	594.6
2974	0.015	-0.006	0.767	594.8
2975	0.015	-0.006	0.769	595.0
2976	0.013	-0.007	0.771	595.2
2977	0.015	-0.006	0.768	595.4
2978	0.014	-0.005	0.772	595.6
2979	0.013	-0.003	0.771	595.8
2980	0.014	-0.003	0.773	596.0
2981	0.014	-0.006	0.773	596.2
2982	0.012	-0.008	0.774	596.4
2983	0.013	-0.007	0.767	596.6
2984	0.016	-0.007	0.772	596.8
2985	0.012	-0.003	0.774	597.0
2986	0.013	-0.006	0.765	597.2
2987	0.015	-0.004	0.770	597.4
2988	0.013	-0.002	0.774	597.6
2989	0.015	-0.005	0.767	597.8
2990	0.013	-0.003	0.769	598.0
2991	0.012	-0.005	0.770	598.2
2992	0.015	-0.004	0.768	598.4
2993	0.013	-0.005	0.769	598.6
2994	0.014	-0.004	0.772	598.8
2995	0.015	-0.003	0.771	599.0
2996	0.014	-0.002	0.766	599.2
2997	0.013	-0.005	0.772	599.4
2998	0.017	-0.005	0.775	599.6
2999	0.014	-0.005	0.768	599.8
3000	0.016	-0.007	0.770	600.0
3001	0.016	-0.007	0.773	600.2
3002	0.015	-0.005	0.771	600.4
3003	0.016	-0.004	0.770	600.6
3004	0.018	-0.005	0.771	600.8
3005	0.017	-0.003	0.768	601.0
3006	0.017	-0.005	0.770	601.2
3007	0.016	-0.007	0.774	601.4
3008	0.018	-0.006	0.772	601.6
3009	0.018	-0.005	0.769	601.8
3010	0.018	-0.005	0.777	602.0
3011	0.019	-0.005	0.771	602.2
3012	0.018	-0.004	0.769	602.4
