0	-0.007	0.001	0.775	0.0
1	-0.008	0.001	0.778	0.2
2	-0.007	-0.001	0.777	0.4
3	-0.009	-0.004	0.778	0.6
4	-0.004	-0.006	0.776	0.8
5	-0.007	-0.004	0.779	1.0
6	-0.009	-0.003	0.778	1.2
7	-0.007	-0.002	0.777	1.4
8	-0.008	-0.002	0.777	1.6
9	-0.008	-0.002	0.776	1.8
10	-0.007	-0.003	0.779	2.0
11	-0.006	-0.007	0.777	2.2
12	-0.010	-0.007	0.778	2.4
13	-0.010	-0.007	0.778	2.6
14	-0.011	-0.002	0.781	2.8
15	-0.007	-0.003	0.777	3.0
16	-0.009	-0.002	0.778	3.2
17	-0.009	-0.002	0.778	3.4
18	-0.007	-0.003	0.778	3.6
19	-0.010	-0.004	0.780	3.8
20	-0.010	-0.007	0.778	4.0
21	-0.009	-0.010	0.780	4.2
22	-0.009	-0.007	0.780	4.4
23	-0.009	-0.003	0.778	4.6
24	-0.011	0.001	0.779	4.8
25	-0.009	-0.002	0.777	5.0
26	-0.010	-0.001	0.780	5.2
27	-0.009	-0.007	0.780	5.4
28	-0.011	-0.005	0.776	5.6
29	-0.009	-0.004	0.775	5.8
30	-0.010	0.005	0.779	6.0
31	-0.008	0.005	0.780	6.2
32	-0.008	0.006	0.778	6.4
33	-0.009	-0.002	0.778	6.6
34	-0.007	-0.007	0.778	6.8
35	-0.010	-0.013	0.779	7.0
36	-0.009	-0.013	0.778	7.2
37	-0.009	-0.011	0.782	7.4
38	-0.007	0.007	0.778	7.6
39	-0.006	0.012	0.778	7.8
40	-0.004	0.010	0.778	8.0
41	-0.007	0.002	0.778	8.2
42	-0.007	-0.008	0.782	8.4
43	-0.007	-0.016	0.780	8.6
44	-0.007	-0.015	0.779	8.8
45	-0.004	-0.010	0.779	9.0
46	-0.005	0.001	0.778	9.2
47	-0.005	0.007	0.777	9.4
48	-0.005	0.010	0.778	9.6
49	-0.006	0.002	0.779	9.8
50	-0.003	-0.005	0.780	10.0
51	-0.005	-0.013	0.775	10.2
52	-0.007	-0.012	0.779	10.4
53	-0.003	-0.005	0.775	10.6
54	-0.005	0.007	0.778	10.8
55	-0.005	0.003	0.778	11.0
56	-0.007	-0.007	0.778	11.2
57	-0.004	-0.010	0.777	11.4
58	-0.004	-0.013	0.774	11.6
59	-0.005	-0.007	0.777	11.8
60	-0.008	-0.001	0.777	12.0
61	-0.005	0.005	0.777	12.2
62	-0.007	0.006	0.776	12.4
63	-0.004	0.002	0.778	12.6
64	-0.009	-0.009	0.777	12.8
65	-0.010	-0.011	0.776	13.0
66	-0.008	-0.011	0.777	13.2
67	-0.006	-0.006	0.777	13.4
68	-0.006	-0.003	0.778	13.6
69	-0.005	0.004	0.776	13.8
70	-0.005	0.007	0.777	14.0
71	-0.005	0.004	0.777	14.2
72	-0.005	-0.004	0.778	14.4
73	-0.004	-0.012	0.777	14.6
74	-0.003	-0.015	0.779	14.8
75	-0.004	-0.009	0.776	15.0
76	-0.003	-0.002	0.777	15.2
77	0.000	0.003	0.775	15.4
78	-0.001	0.004	0.777	15.6
79	-0.003	-0.002	0.777	15.8
80	-0.004	-0.004	0.775	16.0
81	-0.004	-0.010	0.778	16.2
82	-0.003	-0.011	0.777	16.4
83	-0.002	-0.010	0.777	16.6
84	-0.004	-0.005	0.778	16.8
85	-0.003	-0.003	0.776	17.0
86	-0.001	-0.001	0.776	17.2
87	-0.002	0.001	0.777	17.4
88	-0.002	-0.002	0.778	17.6
89	-0.001	-0.007	0.780	17.8
90	-0.003	-0.011	0.778	18.0
91	-0.002	-0.010	0.778	18.2
92	-0.002	-0.006	0.779	18.4
93	-0.001	-0.003	0.779	18.6
94	-0.003	0.000	0.779	18.8
95	-0.002	0.001	0.779	19.0
96	-0.002	-0.002	0.779	19.2
97	-0.002	-0.007	0.777	19.4
98	-0.003	-0.009	0.779	19.6
99	-0.003	-0.008	0.776	19.8
100	-0.005	-0.004	0.778	20.0
101	-0.004	-0.003	0.779	20.2
102	0.000	-0.002	0.778	20.4
103	-0.002	0.001	0.778	20.6
104	-0.002	-0.001	0.775	20.8
105	-0.003	-0.007	0.775	21.0
106	-0.005	-0.006	0.777	21.2
107	-0.004	-0.006	0.779	21.4
108	-0.006	-0.005	0.778	21.6
109	-0.004	-0.005	0.776	21.8
110	-0.007	-0.005	0.777	22.0
111	-0.006	-0.005	0.775	22.2
112	-0.006	-0.001	0.779	22.4
113	-0.005	-0.003	0.776	22.6
114	-0.004	-0.006	0.779	22.8
115	-0.005	-0.006	0.776	23.0
116	-0.005	-0.010	0.777	23.2
117	-0.006	-0.005	0.780	23.4
118	-0.006	-0.007	0.777	23.6
119	-0.005	-0.002	0.776	23.8
120	-0.005	-0.003	0.777	24.0
121	-0.004	-0.005	0.778	24.2
122	-0.003	-0.007	0.776	24.4
123	-0.004	-0.006	0.778	24.6
124	-0.003	-0.003	0.782	24.8
125	-0.002	-0.003	0.778	25.0
126	-0.004	-0.002	0.779	25.2
127	-0.003	-0.005	0.778	25.4
128	-0.002	-0.002	0.777	25.6
129	-0.001	-0.005	0.777	25.8
130	-0.001	-0.002	0.779	26.0
131	-0.002	-0.005	0.778	26.2
132	0.000	-0.007	0.778	26.4
133	-0.001	-0.008	0.778	26.6
134	-0.004	-0.005	0.776	26.8
135	-0.003	-0.003	0.775	27.0
136	-0.003	-0.003	0.778	27.2
137	-0.001	-0.003	0.775	27.4
138	-0.002	-0.005	0.778	27.6
139	-0.003	-0.005	0.779	27.8
140	-0.001	-0.004	0.777	28.0
141	-0.004	-0.005	0.778	28.2
142	-0.002	-0.006	0.776	28.4
143	-0.003	-0.003	0.778	28.6
144	-0.004	-0.001	0.776	28.8
145	-0.002	-0.003	0.778	29.0
146	-0.002	-0.004	0.778	29.2
147	-0.005	-0.005	0.779	29.4
148	-0.003	-0.007	0.776	29.6
149	-0.003	-0.005	0.777	29.8
150	-0.001	-0.007	0.779	30.0
151	0.001	-0.004	0.777	30.2
152	-0.002	-0.002	0.779	30.4
153	-0.002	-0.005	0.779	30.6
154	-0.001	-0.005	0.776	30.8
155	-0.001	-0.006	0.778	31.0
156	-0.003	-0.007	0.776	31.2
157	-0.001	-0.006	0.778	31.4
158	0.000	-0.007	0.779	31.6
159	0.001	-0.003	0.777	31.8
160	-0.002	-0.001	0.778	32.0
161	-0.003	-0.005	0.779	32.2
162	-0.001	-0.004	0.778	32.4
163	-0.002	-0.007	0.777	32.6
164	-0.001	-0.007	0.778	32.8
165	0.000	-0.006	0.779	33.0
166	0.001	-0.005	0.779	33.2
167	-0.001	-0.007	0.778	33.4
168	0.000	-0.005	0.778	33.6
169	-0.001	-0.006	0.779	33.8
170	-0.001	-0.005	0.778	34.0
171	-0.003	-0.004	0.778	34.2
172	-0.001	-0.003	0.780	34.4
173	0.001	-0.008	0.780	34.6
174	-0.001	-0.009	0.777	34.8
175	0.002	-0.003	0.777	35.0
176	-0.001	-0.002	0.777	35.2
177	-0.002	-0.002	0.779	35.4
178	-0.002	-0.005	0.779	35.6
179	0.001	-0.005	0.776	35.8
180	0.000	-0.003	0.779	36.0
181	-0.003	-0.007	0.778	36.2
182	0.001	-0.005	0.779	36.4
183	-0.001	-0.002	0.777	36.6
184	-0.001	-0.003	0.777	36.8
185	0.000	-0.003	0.776	37.0
186	-0.001	-0.003	0.779	37.2
187	-0.003	-0.002	0.775	37.4
188	-0.001	-0.004	0.776	37.6
189	-0.003	-0.006	0.778	37.8
190	0.000	-0.005	0.777	38.0
191	0.000	-0.005	0.777	38.2
192	-0.002	-0.003	0.779	38.4
193	-0.001	-0.003	0.779	38.6
194	-0.001	-0.005	0.775	38.8
195	0.000	-0.003	0.778	39.0
196	-0.002	-0.005	0.776	39.2
197	0.000	-0.005	0.776	39.4
198	-0.003	-0.006	0.776	39.6
199	-0.002	-0.005	0.778	39.8
200	-0.004	-0.006	0.780	40.0
201	-0.001	-0.004	0.778	40.2
202	-0.004	-0.004	0.777	40.4
203	-0.005	-0.004	0.778	40.6
204	-0.004	-0.006	0.778	40.8
205	-0.004	-0.005	0.776	41.0
206	-0.003	-0.001	0.776	41.2
207	-0.004	-0.003	0.779	41.4
208	-0.005	-0.001	0.778	41.6
209	-0.004	-0.001	0.779	41.8
210	-0.005	-0.003	0.777	42.0
211	-0.006	-0.002	0.777	42.2
212	-0.003	-0.002	0.776	42.4
213	-0.006	-0.003	0.778	42.6
214	-0.005	-0.006	0.777	42.8
215	-0.005	-0.005	0.776	43.0
216	-0.006	-0.002	0.780	43.2
217	-0.005	-0.002	0.777	43.4
218	-0.004	0.000	0.776	43.6
219	-0.005	-0.002	0.778	43.8
220	-0.001	-0.003	0.778	44.0
221	-0.003	-0.003	0.780	44.2
222	-0.003	-0.005	0.779	44.4
223	-0.003	-0.002	0.779	44.6
224	-0.006	-0.001	0.777	44.8
225	-0.003	-0.006	0.779	45.0
226	-0.003	-0.002	0.779	45.2
227	-0.005	0.000	0.778	45.4
228	-0.004	-0.002	0.780	45.6
229	-0.003	-0.001	0.779	45.8
230	-0.005	-0.003	0.781	46.0
231	-0.006	-0.005	0.779	46.2
232	-0.005	-0.007	0.780	46.4
233	-0.005	-0.003	0.778	46.6
234	-0.004	-0.001	0.776	46.8
235	-0.003	-0.001	0.779	47.0
236	-0.003	-0.001	0.779	47.2
237	-0.005	0.000	0.779	47.4
238	-0.004	-0.004	0.779	47.6
239	-0.002	-0.006	0.777	47.8
240	-0.006	-0.005	0.780	48.0
241	-0.003	-0.003	0.779	48.2
242	-0.007	0.000	0.778	48.4
243	-0.005	0.001	0.777	48.6
244	-0.006	-0.001	0.780	48.8
245	-0.005	-0.001	0.777	49.0
246	-0.007	-0.004	0.778	49.2
247	-0.007	-0.004	0.782	49.4
248	-0.007	-0.001	0.778	49.6
249	-0.006	-0.001	0.780	49.8
250	-0.005	-0.002	0.778	50.0
251	-0.005	0.001	0.780	50.2
252	-0.006	0.001	0.779	50.4
253	-0.004	-0.002	0.779	50.6
254	-0.007	-0.003	0.776	50.8
255	-0.006	-0.005	0.778	51.0
256	-0.005	-0.002	0.780	51.2
257	-0.006	0.000	0.779	51.4
258	-0.006	-0.001	0.777	51.6
259	-0.007	0.000	0.779	51.8
260	-0.007	-0.001	0.779	52.0
261	-0.006	-0.004	0.779	52.2
262	-0.006	-0.001	0.780	52.4
263	-0.009	-0.003	0.779	52.6
264	-0.003	-0.002	0.778	52.8
265	-0.006	-0.002	0.777	53.0
266	-0.007	-0.002	0.776	53.2
267	-0.007	-0.002	0.779	53.4
268	-0.006	-0.001	0.781	53.6
269	-0.007	-0.003	0.779	53.8
270	-0.006	-0.003	0.778	54.0
271	-0.005	-0.003	0.776	54.2
272	-0.006	-0.003	0.778	54.4
273	-0.004	-0.003	0.778	54.6
274	-0.005	-0.002	0.777	54.8
275	-0.002	-0.003	0.778	55.0
276	-0.004	-0.003	0.777	55.2
277	-0.005	-0.005	0.779	55.4
278	-0.005	-0.005	0.776	55.6
279	-0.003	-0.005	0.776	55.8
280	-0.005	-0.005	0.777	56.0
281	-0.002	-0.002	0.776	56.2
282	-0.005	-0.002	0.777	56.4
283	-0.003	-0.002	0.776	56.6
284	-0.007	-0.003	0.778	56.8
285	-0.002	-0.005	0.777	57.0
286	-0.004	-0.007	0.777	57.2
287	-0.003	-0.005	0.776	57.4
288	-0.005	-0.004	0.778	57.6
289	-0.005	-0.002	0.779	57.8
290	-0.004	-0.001	0.775	58.0
291	-0.001	-0.004	0.778	58.2
292	-0.005	-0.005	0.778	58.4
293	-0.005	-0.005	0.777	58.6
294	-0.005	-0.007	0.776	58.8
295	-0.005	-0.008	0.777	59.0
296	-0.004	-0.006	0.777	59.2
297	-0.003	-0.004	0.777	59.4
298	-0.004	-0.002	0.778	59.6
299	-0.004	0.001	0.777	59.8
300	-0.006	-0.002	0.778	60.0
301	-0.004	-0.006	0.779	60.2
302	-0.003	-0.004	0.772	60.4
303	-0.003	-0.004	0.776	60.6
304	-0.005	-0.005	0.779	60.8
305	-0.003	-0.005	0.776	61.0
306	-0.004	-0.004	0.776	61.2
307	-0.003	-0.002	0.777	61.4
308	-0.006	-0.005	0.777	61.6
309	-0.005	-0.007	0.778	61.8
310	-0.006	-0.006	0.774	62.0
311	-0.002	-0.002	0.777	62.2
312	-0.006	0.001	0.777	62.4
313	-0.006	0.000	0.778	62.6
314	-0.004	-0.002	0.777	62.8
315	-0.005	-0.004	0.778	63.0
316	-0.005	-0.006	0.778	63.2
317	-0.006	-0.008	0.780	63.4
318	-0.005	-0.005	0.777	63.6
319	-0.006	-0.004	0.775	63.8
320	-0.004	-0.001	0.777	64.0
321	-0.004	0.003	0.777	64.2
322	-0.007	-0.001	0.775	64.4
323	-0.006	-0.003	0.777	64.6
324	-0.005	-0.005	0.778	64.8
325	-0.007	-0.005	0.778	65.0
326	-0.005	-0.005	0.780	65.2
327	-0.007	-0.002	0.778	65.4
328	-0.003	-0.001	0.778	65.6
329	-0.007	0.000	0.776	65.8
330	-0.005	0.001	0.776	66.0
331	-0.005	-0.003	0.778	66.2
332	-0.005	-0.009	0.778	66.4
333	-0.005	-0.004	0.776	66.6
334	-0.005	-0.003	0.776	66.8
335	-0.004	0.003	0.779	67.0
336	-0.006	-0.002	0.778	67.2
337	-0.003	-0.002	0.779	67.4
338	-0.004	-0.002	0.776	67.6
339	-0.004	-0.004	0.779	67.8
340	-0.003	-0.004	0.777	68.0
341	-0.005	-0.004	0.778	68.2
342	-0.007	-0.005	0.775	68.4
343	-0.003	-0.002	0.778	68.6
344	-0.003	-0.001	0.776	68.8
345	-0.003	-0.002	0.778	69.0
346	-0.003	0.000	0.778	69.2
347	-0.005	-0.003	0.777	69.4
348	-0.005	-0.005	0.778	69.6
349	-0.006	-0.005	0.778	69.8
350	-0.005	-0.004	0.777	70.0
351	-0.006	-0.001	0.777	70.2
352	-0.005	0.003	0.778	70.4
353	-0.007	0.001	0.778	70.6
354	-0.006	-0.003	0.775	70.8
355	-0.007	-0.005	0.777	71.0
356	-0.004	-0.008	0.777	71.2
357	-0.008	-0.005	0.778	71.4
358	-0.006	-0.005	0.776	71.6
359	-0.007	-0.001	0.775	71.8
360	-0.005	0.002	0.779	72.0
361	-0.007	0.000	0.778	72.2
362	-0.005	-0.001	0.778	72.4
363	-0.006	-0.003	0.778	72.6
364	-0.007	-0.008	0.778	72.8
365	-0.006	-0.011	0.779	73.0
366	-0.003	-0.007	0.776	73.2
367	-0.002	-0.005	0.778	73.4
368	-0.005	-0.003	0.779	73.6
369	-0.007	0.000	0.778	73.8
370	-0.007	0.000	0.777	74.0
371	-0.006	-0.001	0.778	74.2
372	-0.004	-0.004	0.780	74.4
373	-0.003	-0.004	0.780	74.6
374	-0.005	-0.005	0.780	74.8
375	-0.006	-0.005	0.778	75.0
376	-0.007	-0.006	0.778	75.2
377	-0.007	-0.006	0.778	75.4
378	-0.007	-0.005	0.776	75.6
379	-0.005	-0.002	0.778	75.8
380	-0.007	-0.003	0.779	76.0
381	-0.006	-0.007	0.778	76.2
382	-0.005	-0.004	0.776	76.4
383	-0.006	-0.005	0.776	76.6
384	-0.006	-0.005	0.780	76.8
385	-0.006	-0.005	0.777	77.0
386	-0.005	-0.003	0.779	77.2
387	-0.005	-0.006	0.775	77.4
388	-0.005	-0.005	0.778	77.6
389	-0.007	-0.006	0.778	77.8
390	-0.005	-0.005	0.779	78.0
391	-0.005	-0.005	0.778	78.2
392	-0.005	-0.005	0.780	78.4
393	-0.008	-0.007	0.778	78.6
394	-0.008	-0.011	0.782	78.8
395	-0.007	-0.006	0.779	79.0
396	-0.007	-0.002	0.780	79.2
397	-0.007	-0.002	0.777	79.4
398	-0.006	-0.007	0.778	79.6
399	-0.009	-0.007	0.776	79.8
400	-0.007	-0.009	0.780	80.0
401	-0.010	-0.009	0.776	80.2
402	-0.011	-0.007	0.779	80.4
403	-0.009	-0.003	0.778	80.6
404	-0.007	-0.004	0.779	80.8
405	-0.011	-0.005	0.780	81.0
406	-0.010	-0.009	0.779	81.2
407	-0.009	-0.006	0.779	81.4
408	-0.010	-0.006	0.778	81.6
409	-0.008	-0.007	0.777	81.8
410	-0.011	-0.006	0.779	82.0
411	-0.010	-0.009	0.778	82.2
412	-0.009	-0.007	0.777	82.4
413	-0.006	-0.003	0.777	82.6
414	-0.005	-0.005	0.778	82.8
415	-0.009	-0.003	0.773	83.0
416	-0.009	-0.003	0.778	83.2
417	-0.009	-0.008	0.779	83.4
418	-0.007	-0.010	0.778	83.6
419	-0.009	-0.014	0.779	83.8
420	-0.009	-0.010	0.780	84.0
421	-0.008	-0.008	0.779	84.2
422	-0.009	-0.005	0.776	84.4
423	-0.007	-0.005	0.775	84.6
424	-0.006	-0.002	0.779	84.8
425	-0.005	-0.004	0.777	85.0
426	-0.004	-0.005	0.779	85.2
427	-0.008	-0.009	0.780	85.4
428	-0.005	-0.006	0.777	85.6
429	-0.006	-0.007	0.778	85.8
430	-0.006	-0.008	0.775	86.0
431	-0.005	-0.006	0.776	86.2
432	-0.003	-0.006	0.777	86.4
433	-0.006	-0.006	0.779	86.6
434	-0.002	-0.003	0.778	86.8
435	-0.006	-0.008	0.779	87.0
436	-0.007	-0.007	0.778	87.2
437	-0.006	-0.007	0.777	87.4
438	-0.007	-0.007	0.776	87.6
439	-0.006	-0.002	0.774	87.8
440	-0.007	-0.001	0.778	88.0
441	-0.007	-0.002	0.778	88.2
442	-0.007	-0.005	0.778	88.4
443	-0.007	-0.008	0.781	88.6
444	-0.006	-0.006	0.776	88.8
445	-0.005	-0.007	0.777	89.0
446	-0.004	-0.005	0.778	89.2
447	-0.005	-0.003	0.775	89.4
448	-0.005	-0.002	0.775	89.6
449	-0.006	-0.005	0.781	89.8
450	-0.003	-0.005	0.779	90.0
451	-0.005	-0.007	0.778	90.2
452	-0.006	-0.006	0.775	90.4
453	-0.006	-0.005	0.778	90.6
454	-0.005	-0.003	0.777	90.8
455	-0.004	-0.002	0.778	91.0
456	-0.006	-0.003	0.777	91.2
457	-0.007	-0.005	0.780	91.4
458	-0.007	-0.005	0.778	91.6
459	-0.006	-0.004	0.776	91.8
460	-0.006	-0.005	0.777	92.0
461	-0.006	-0.002	0.778	92.2
462	-0.006	-0.002	0.779	92.4
463	-0.005	-0.003	0.779	92.6
464	-0.005	-0.002	0.779	92.8
465	-0.007	-0.004	0.778	93.0
466	-0.005	-0.007	0.776	93.2
467	-0.004	-0.007	0.779	93.4
468	-0.005	-0.004	0.778	93.6
469	-0.006	-0.002	0.777	93.8
470	-0.005	-0.007	0.778	94.0
471	-0.006	-0.006	0.777	94.2
472	-0.005	-0.005	0.776	94.4
473	-0.007	-0.005	0.773	94.6
474	-0.004	-0.004	0.779	94.8
475	-0.007	-0.006	0.776	95.0
476	-0.005	-0.004	0.778	95.2
477	-0.005	-0.006	0.778	95.4
478	-0.006	-0.006	0.779	95.6
479	-0.005	-0.005	0.777	95.8
480	-0.006	-0.005	0.777	96.0
481	-0.006	-0.005	0.778	96.2
482	-0.005	-0.001	0.777	96.4
483	-0.005	-0.002	0.778	96.6
484	-0.006	-0.005	0.779	96.8
485	-0.007	-0.005	0.778	97.0
486	-0.005	-0.005	0.777	97.2
487	-0.007	-0.004	0.777	97.4
488	-0.007	-0.001	0.777	97.6
489	-0.005	-0.002	0.778	97.8
490	-0.007	-0.003	0.778	98.0
491	-0.006	-0.005	0.778	98.2
492	-0.003	-0.003	0.778	98.4
493	-0.005	-0.006	0.777	98.6
494	-0.005	-0.006	0.779	98.8
495	-0.003	-0.006	0.779	99.0
496	-0.004	-0.008	0.778	99.2
497	-0.005	-0.009	0.775	99.4
498	-0.005	-0.002	0.778	99.6
499	-0.005	-0.003	0.780	99.8
500	-0.006	0.001	0.778	100.0
501	-0.005	-0.003	0.780	100.2
502	-0.005	-0.007	0.777	100.4
503	-0.006	-0.007	0.774	100.6
504	-0.005	-0.007	0.776	100.8
505	-0.006	-0.005	0.778	101.0
506	-0.006	-0.005	0.777	101.2
507	-0.007	-0.003	0.779	101.4
508	-0.004	-0.002	0.780	101.6
509	-0.005	-0.005	0.776	101.8
510	-0.005	-0.005	0.777	102.0
511	-0.007	-0.007	0.776	102.2
512	-0.005	-0.005	0.773	102.4
513	-0.005	-0.007	0.778	102.6
514	-0.004	-0.004	0.779	102.8
515	-0.006	-0.003	0.539	103.0
516	0.154	0.115	1.117	103.2
517	0.155	0.113	1.078	103.4
518	0.151	0.108	1.078	103.6
519	0.149	0.106	1.082	103.8
520	0.146	0.104	1.077	104.0
521	0.145	0.105	1.066	104.2
522	0.147	0.105	1.072	104.4
523	0.143	0.106	1.072	104.6
524	0.142	0.103	1.066	104.8
525	0.143	0.103	1.067	105.0
526	0.144	0.105	1.064	105.2
527	0.142	0.102	1.064	105.4
528	0.143	0.101	1.064	105.6
529	0.142	0.102	1.060	105.8
530	0.139	0.100	1.056	106.0
531	0.140	0.098	1.066	106.2
532	0.139	0.099	1.059	106.4
533	0.141	0.098	1.060	106.6
534	0.139	0.100	1.056	106.8
535	0.138	0.100	1.056	107.0
536	0.138	0.099	1.055	107.2
537	0.137	0.099	1.058	107.4
538	0.140	0.102	1.061	107.6
539	0.138	0.099	1.058	107.8
540	0.136	0.100	1.056	108.0
541	0.137	0.101	1.056	108.2
542	0.136	0.099	1.054	108.4
543	0.138	0.097	1.052	108.6
544	0.139	0.098	1.056	108.8
545	0.136	0.099	1.054	109.0
546	0.136	0.098	1.056	109.2
547	0.135	0.097	1.058	109.4
548	0.136	0.097	1.051	109.6
549	0.138	0.095	1.057	109.8
550	0.134	0.097	1.050	110.0
551	0.137	0.097	1.048	110.2
552	0.133	0.097	1.052	110.4
553	0.135	0.096	1.049	110.6
554	0.136	0.095	1.048	110.8
555	0.136	0.095	1.050	111.0
556	0.135	0.093	1.048	111.2
557	0.134	0.097	1.054	111.4
558	0.133	0.098	1.052	111.6
559	0.134	0.096	1.044	111.8
560	0.134	0.094	1.050	112.0
561	0.133	0.095	1.051	112.2
562	0.132	0.095	1.048	112.4
563	0.133	0.096	1.044	112.6
564	0.132	0.096	1.047	112.8
565	0.132	0.097	1.050	113.0
566	0.133	0.093	1.044	113.2
567	0.132	0.093	1.044	113.4
568	0.133	0.093	1.054	113.6
569	0.132	0.094	1.042	113.8
570	0.133	0.096	1.046	114.0
571	0.132	0.096	1.053	114.2
572	0.134	0.094	1.046	114.4
573	0.132	0.095	1.050	114.6
574	0.133	0.093	1.050	114.8
575	0.133	0.094	1.046	115.0
576	0.132	0.095	1.052	115.2
577	0.133	0.095	1.044	115.4
578	0.133	0.094	1.046	115.6
579	0.132	0.093	1.052	115.8
580	0.133	0.092	1.047	116.0
581	0.133	0.091	1.050	116.2
582	0.132	0.097	1.047	116.4
583	0.133	0.095	1.047	116.6
584	0.131	0.095	1.049	116.8
585	0.134	0.096	1.046	117.0
586	0.135	0.094	1.046	117.2
587	0.129	0.094	1.048	117.4
588	0.132	0.093	1.044	117.6
589	0.132	0.093	1.048	117.8
590	0.129	0.093	1.045	118.0
591	0.133	0.093	1.042	118.2
592	0.132	0.094	1.047	118.4
593	0.132	0.093	1.040	118.6
594	0.130	0.091	1.048	118.8
595	0.129	0.091	1.048	119.0
596	0.131	0.092	1.039	119.2
597	0.130	0.093	1.045	119.4
598	0.131	0.095	1.044	119.6
599	0.131	0.098	1.043	119.8
600	0.130	0.092	1.046	120.0
601	0.130	0.091	1.038	120.2
602	0.132	0.092	1.044	120.4
603	0.132	0.094	1.048	120.6
604	0.128	0.092	1.040	120.8
605	0.131	0.092	1.040	121.0
606	0.128	0.092	1.042	121.2
607	0.129	0.090	1.044	121.4
608	0.129	0.091	1.043	121.6
609	0.129	0.091	1.037	121.8
610	0.129	0.094	1.042	122.0
611	0.126	0.094	1.041	122.2
612	0.131	0.090	1.042	122.4
613	0.130	0.094	1.043	122.6
614	0.128	0.093	1.036	122.8
615	0.130	0.091	1.044	123.0
616	0.128	0.092	1.042	123.2
617	0.129	0.090	1.034	123.4
618	0.129	0.091	1.040	123.6
619	0.127	0.090	1.041	123.8
620	0.129	0.093	1.042	124.0
621	0.129	0.092	1.035	124.2
622	0.128	0.091	1.044	124.4
623	0.126	0.092	1.043	124.6
624	0.127	0.089	1.038	124.8
625	0.129	0.091	1.041	125.0
626	0.128	0.092	1.039	125.2
627	0.127	0.090	1.035	125.4
628	0.128	0.090	1.044	125.6
629	0.126	0.090	1.042	125.8
630	0.128	0.089	1.034	126.0
631	0.128	0.090	1.042	126.2
632	0.126	0.091	1.044	126.4
633	0.128	0.088	1.036	126.6
634	0.129	0.091	1.041	126.8
635	0.127	0.091	1.046	127.0
636	0.127	0.091	1.034	127.2
637	0.129	0.088	1.044	127.4
638	0.127	0.091	1.044	127.6
639	0.128	0.093	1.039	127.8
640	0.128	0.092	1.039	128.0
641	0.126	0.090	1.043	128.2
642	0.128	0.091	1.038	128.4
643	0.130	0.091	1.041	128.6
644	0.128	0.091	1.041	128.8
645	0.130	0.089	1.040	129.0
646	0.126	0.088	1.037	129.2
647	0.129	0.090	1.040	129.4
648	0.127	0.088	1.045	129.6
649	0.128	0.087	1.036	129.8
650	0.127	0.089	1.038	130.0
651	0.126	0.090	1.044	130.2
652	0.127	0.089	1.035	130.4
653	0.127	0.089	1.042	130.6
654	0.127	0.088	1.042	130.8
655	0.129	0.088	1.033	131.0
656	0.129	0.088	1.044	131.2
657	0.126	0.090	1.037	131.4
658	0.128	0.091	1.034	131.6
659	0.126	0.091	1.040	131.8
660	0.128	0.091	1.035	132.0
661	0.128	0.091	1.040	132.2
662	0.129	0.091	1.044	132.4
663	0.126	0.090	1.036	132.6
664	0.129	0.089	1.038	132.8
665	0.127	0.089	1.042	133.0
666	0.126	0.089	1.034	133.2
667	0.128	0.087	1.039	133.4
668	0.127	0.088	1.042	133.6
669	0.128	0.090	1.038	133.8
670	0.127	0.089	1.039	134.0
671	0.128	0.092	1.044	134.2
672	0.130	0.089	1.036	134.4
673	0.130	0.087	1.035	134.6
674	0.127	0.091	1.041	134.8
675	0.129	0.090	1.035	135.0
676	0.128	0.090	1.036	135.2
677	0.129	0.088	1.043	135.4
678	0.126	0.088	1.034	135.6
679	0.128	0.088	1.037	135.8
680	0.128	0.088	1.044	136.0
681	0.126	0.087	1.037	136.2
682	0.128	0.090	1.032	136.4
683	0.127	0.088	1.042	136.6
684	0.129	0.088	1.035	136.8
685	0.128	0.088	1.036	137.0
686	0.127	0.088	1.040	137.2
687	0.128	0.090	1.038	137.4
688	0.127	0.087	1.038	137.6
689	0.128	0.087	1.044	137.8
690	0.127	0.087	1.034	138.0
691	0.130	0.089	1.038	138.2
692	0.128	0.090	1.035	138.4
693	0.128	0.089	1.038	138.6
694	0.127	0.089	1.038	138.8
695	0.127	0.087	1.036	139.0
696	0.129	0.088	1.037	139.2
697	0.129	0.087	1.042	139.4
698	0.129	0.090	1.034	139.6
699	0.128	0.090	1.036	139.8
700	0.127	0.091	1.038	140.0
701	0.127	0.090	1.028	140.2
702	0.127	0.088	1.040	140.4
703	0.130	0.088	1.040	140.6
704	0.127	0.088	1.033	140.8
705	0.129	0.088	1.036	141.0
706	0.127	0.087	1.040	141.2
707	0.126	0.086	1.032	141.4
708	0.128	0.088	1.039	141.6
709	0.126	0.088	1.041	141.8
710	0.125	0.090	1.029	142.0
711	0.128	0.089	1.039	142.2
712	0.127	0.088	1.035	142.4
713	0.126	0.086	1.029	142.6
714	0.129	0.090	1.038	142.8
715	0.125	0.088	1.037	143.0
716	0.127	0.089	1.034	143.2
717	0.126	0.090	1.038	143.4
718	0.126	0.088	1.032	143.6
719	0.127	0.089	1.036	143.8
720	0.126	0.089	1.040	144.0
721	0.128	0.088	1.034	144.2
722	0.128	0.087	1.035	144.4
723	0.126	0.087	1.035	144.6
724	0.126	0.087	1.032	144.8
725	0.128	0.088	1.041	145.0
726	0.127	0.089	1.030	145.2
727	0.128	0.088	1.031	145.4
728	0.127	0.088	1.042	145.6
729	0.126	0.086	1.029	145.8
730	0.125	0.088	1.037	146.0
731	0.124	0.087	1.036	146.2
732	0.129	0.085	1.034	146.4
733	0.127	0.086	1.037	146.6
734	0.125	0.087	1.034	146.8
735	0.126	0.086	1.028	147.0
736	0.125	0.086	1.042	147.2
737	0.126	0.087	1.032	147.4
738	0.126	0.088	1.030	147.6
739	0.123	0.087	1.036	147.8
740	0.127	0.088	1.030	148.0
741	0.125	0.084	1.035	148.2
742	0.124	0.087	1.038	148.4
743	0.126	0.086	1.030	148.6
744	0.123	0.084	1.035	148.8
745	0.125	0.084	1.040	149.0
746	0.125	0.087	1.029	149.2
747	0.125	0.087	1.033	149.4
748	0.126	0.085	1.034	149.6
749	0.124	0.087	1.035	149.8
750	0.127	0.084	1.031	150.0
751	0.124	0.086	1.028	150.2
752	0.124	0.087	1.032	150.4
753	0.124	0.086	1.037	150.6
754	0.124	0.087	1.021	150.8
755	0.125	0.085	1.031	151.0
756	0.124	0.085	1.036	151.2
757	0.126	0.085	1.032	151.4
758	0.127	0.085	1.034	151.6
759	0.126	0.085	1.032	151.8
760	0.124	0.085	1.027	152.0
761	0.124	0.085	1.036	152.2
762	0.125	0.085	1.028	152.4
763	0.124	0.086	1.022	152.6
764	0.122	0.085	1.037	152.8
765	0.125	0.086	1.032	153.0
766	0.122	0.084	1.026	153.2
767	0.124	0.085	1.037	153.4
768	0.124	0.086	1.032	153.6
769	0.126	0.086	1.028	153.8
770	0.123	0.088	1.032	154.0
771	0.124	0.089	1.029	154.2
772	0.124	0.083	1.030	154.4
773	0.123	0.085	1.037	154.6
774	0.121	0.087	1.028	154.8
775	0.123	0.087	1.032	155.0
776	0.121	0.086	1.037	155.2
777	0.123	0.087	1.031	155.4
778	0.124	0.086	1.032	155.6
779	0.122	0.087	1.028	155.8
780	0.124	0.086	1.028	156.0
781	0.122	0.087	1.037	156.2
782	0.122	0.086	1.027	156.4
783	0.124	0.087	1.029	156.6
784	0.122	0.084	1.036	156.8
785	0.123	0.087	1.030	157.0
786	0.123	0.085	1.026	157.2
787	0.124	0.085	1.032	157.4
788	0.122	0.086	1.033	157.6
789	0.121	0.083	1.029	157.8
790	0.124	0.083	1.032	158.0
791	0.122	0.085	1.028	158.2
792	0.121	0.084	1.027	158.4
793	0.122	0.084	1.036	158.6
794	0.122	0.088	1.026	158.8
795	0.122	0.084	1.026	159.0
796	0.123	0.083	1.040	159.2
797	0.122	0.083	1.030	159.4
798	0.122	0.084	1.027	159.6
799	0.123	0.088	1.032	159.8
800	0.121	0.087	1.034	160.0
801	0.122	0.086	1.026	160.2
802	0.122	0.084	1.028	160.4
803	0.122	0.086	1.033	160.6
804	0.122	0.084	1.026	160.8
805	0.121	0.084	1.029	161.0
806	0.120	0.086	1.033	161.2
807	0.124	0.083	1.023	161.4
808	0.122	0.084	1.026	161.6
809	0.123	0.083	1.037	161.8
810	0.122	0.084	1.029	162.0
811	0.122	0.086	1.022	162.2
812	0.120	0.085	1.034	162.4
813	0.121	0.086	1.036	162.6
814	0.123	0.086	1.022	162.8
815	0.124	0.085	1.028	163.0
816	0.123	0.085	1.040	163.2
817	0.119	0.086	1.025	163.4
818	0.123	0.086	1.027	163.6
819	0.124	0.084	1.034	163.8
820	0.120	0.088	1.023	164.0
821	0.122	0.084	1.025	164.2
822	0.122	0.084	1.036	164.4
823	0.121	0.086	1.029	164.6
824	0.122	0.084	1.019	164.8
825	0.121	0.084	1.037	165.0
826	0.121	0.085	1.030	165.2
827	0.123	0.084	1.016	165.4
828	0.122	0.084	1.030	165.6
829	0.121	0.088	1.037	165.8
830	0.123	0.082	1.022	166.0
831	0.123	0.083	1.026	166.2
832	0.123	0.084	1.036	166.4
833	0.122	0.083	1.026	166.6
834	0.123	0.083	1.025	166.8
835	0.122	0.087	1.033	167.0
836	0.121	0.085	1.032	167.2
837	0.123	0.086	1.019	167.4
838	0.126	0.084	1.026	167.6
839	0.122	0.085	1.035	167.8
840	0.122	0.084	1.032	168.0
841	0.122	0.085	1.022	168.2
842	0.125	0.084	1.028	168.4
843	0.122	0.083	1.030	168.6
844	0.122	0.083	1.024	168.8
845	0.124	0.081	1.028	169.0
846	0.121	0.086	1.035	169.2
847	0.120	0.084	1.023	169.4
848	0.124	0.082	1.024	169.6
849	0.121	0.082	1.036	169.8
850	0.121	0.084	1.023	170.0
851	0.123	0.084	1.022	170.2
852	0.120	0.085	1.035	170.4
853	0.120	0.086	1.028	170.6
854	0.123	0.082	1.024	170.8
855	0.121	0.086	1.033	171.0
856	0.119	0.085	1.027	171.2
857	0.122	0.083	1.027	171.4
858	0.120	0.082	1.030	171.6
859	0.122	0.084	1.015	171.8
860	0.121	0.081	1.026	172.0
861	0.120	0.082	1.034	172.2
862	0.123	0.081	1.020	172.4
863	0.122	0.082	1.023	172.6
864	0.121	0.085	1.035	172.8
865	0.118	0.083	1.022	173.0
866	0.122	0.083	1.020	173.2
867	0.123	0.083	1.034	173.4
868	0.121	0.084	1.023	173.6
869	0.122	0.085	1.024	173.8
870	0.122	0.084	1.032	174.0
871	0.120	0.084	1.026	174.2
872	0.122	0.084	1.028	174.4
873	0.121	0.084	1.030	174.6
874	0.123	0.082	1.026	174.8
875	0.120	0.085	1.028	175.0
876	0.121	0.085	1.029	175.2
877	0.124	0.085	1.038	175.4
878	0.121	0.086	1.024	175.6
879	0.123	0.086	1.023	175.8
880	0.124	0.085	1.041	176.0
881	0.121	0.085	1.026	176.2
882	0.119	0.084	1.020	176.4
883	0.122	0.086	1.033	176.6
884	0.120	0.084	1.021	176.8
885	0.122	0.082	1.026	177.0
886	0.123	0.085	1.034	177.2
887	0.118	0.084	1.027	177.4
888	0.120	0.086	1.023	177.6
889	0.120	0.086	1.027	177.8
890	0.119	0.084	1.027	178.0
891	0.119	0.083	1.029	178.2
892	0.122	0.085	1.024	178.4
893	0.120	0.086	1.023	178.6
894	0.120	0.086	1.031	178.8
895	0.119	0.086	1.026	179.0
896	0.117	0.083	1.025	179.2
897	0.119	0.084	1.032	179.4
898	0.118	0.084	1.023	179.6
899	0.118	0.084	1.024	179.8
900	0.120	0.086	1.033	180.0
901	0.119	0.085	1.026	180.2
902	0.118	0.084	1.020	180.4
903	0.119	0.084	1.033	180.6
904	0.117	0.085	1.030	180.8
905	0.117	0.087	1.018	181.0
906	0.121	0.086	1.034	181.2
907	0.115	0.087	1.033	181.4
908	0.117	0.087	1.019	181.6
909	0.118	0.088	1.028	181.8
910	0.118	0.088	1.031	182.0
911	0.115	0.088	1.023	182.2
912	0.115	0.085	1.025	182.4
913	0.117	0.089	1.031	182.6
914	0.115	0.088	1.025	182.8
915	0.117	0.088	1.025	183.0
916	0.118	0.085	1.038	183.2
917	0.116	0.086	1.022	183.4
918	0.116	0.083	1.023	183.6
919	0.118	0.084	1.036	183.8
920	0.116	0.086	1.027	184.0
921	0.116	0.084	1.020	184.2
922	0.117	0.082	1.030	184.4
923	0.116	0.085	1.032	184.6
924	0.116	0.085	1.022	184.8
925	0.117	0.085	1.022	185.0
926	0.117	0.083	1.032	185.2
927	0.116	0.086	1.024	185.4
928	0.119	0.086	1.026	185.6
929	0.117	0.083	1.029	185.8
930	0.116	0.084	1.026	186.0
931	0.117	0.083	1.020	186.2
932	0.120	0.084	1.030	186.4
933	0.116	0.086	1.023	186.6
934	0.117	0.082	1.022	186.8
935	0.119	0.083	1.026	187.0
936	0.118	0.084	1.029	187.2
937	0.117	0.082	1.020	187.4
938	0.117	0.081	1.027	187.6
939	0.115	0.082	1.031	187.8
940	0.116	0.084	1.020	188.0
941	0.120	0.082	1.024	188.2
942	0.117	0.083	1.031	188.4
943	0.117	0.086	1.026	188.6
944	0.116	0.083	1.024	188.8
945	0.119	0.084	1.027	189.0
946	0.115	0.085	1.022	189.2
947	0.117	0.082	1.018	189.4
948	0.118	0.080	1.031	189.6
949	0.118	0.080	1.025	189.8
950	0.120	0.079	1.017	190.0
951	0.119	0.085	1.029	190.2
952	0.117	0.085	1.023	190.4
953	0.115	0.083	1.020	190.6
954	0.118	0.082	1.027	190.8
955	0.118	0.081	1.024	191.0
956	0.118	0.082	1.025	191.2
957	0.118	0.081	1.016	191.4
958	0.119	0.083	1.025	191.6
959	0.119	0.082	1.027	191.8
960	0.121	0.080	1.021	192.0
961	0.119	0.080	1.022	192.2
962	0.116	0.081	1.023	192.4
963	0.117	0.084	1.022	192.6
964	0.117	0.082	1.026	192.8
965	0.117	0.083	1.018	193.0
966	0.116	0.082	1.024	193.2
967	0.119	0.080	1.023	193.4
968	0.116	0.081	1.026	193.6
969	0.119	0.083	1.028	193.8
970	0.117	0.084	1.024	194.0
971	0.117	0.079	1.020	194.2
972	0.117	0.079	1.026	194.4
973	0.117	0.081	1.019	194.6
974	0.117	0.080	1.022	194.8
975	0.119	0.080	1.025	195.0
976	0.117	0.080	1.025	195.2
977	0.118	0.079	1.019	195.4
978	0.117	0.080	1.022	195.6
979	0.115	0.080	1.018	195.8
980	0.117	0.081	1.018	196.0
981	0.116	0.081	1.030	196.2
982	0.116	0.079	1.020	196.4
983	0.115	0.081	1.019	196.6
984	0.117	0.079	1.025	196.8
985	0.118	0.079	1.020	197.0
986	0.117	0.079	1.016	197.2
987	0.116	0.081	1.015	197.4
988	0.116	0.080	1.026	197.6
989	0.115	0.079	1.024	197.8
990	0.119	0.082	1.012	198.0
991	0.117	0.079	1.023	198.2
992	0.117	0.078	1.022	198.4
993	0.117	0.080	1.015	198.6
994	0.118	0.082	1.026	198.8
995	0.116	0.082	1.022	199.0
996	0.117	0.081	1.017	199.2
997	0.116	0.080	1.028	199.4
998	0.117	0.081	1.026	199.6
999	0.116	0.081	1.015	199.8
1000	0.118	0.082	1.026	200.0
1001	0.115	0.082	1.032	200.2
1002	0.115	0.080	1.009	200.4
1003	0.117	0.081	1.019	200.6
1004	0.115	0.083	1.023	200.8
1005	0.116	0.081	1.019	201.0
1006	0.117	0.082	1.014	201.2
1007	0.118	0.080	1.025	201.4
1008	0.114	0.082	1.026	201.6
1009	0.117	0.079	1.022	201.8
1010	0.117	0.084	1.019	202.0
1011	0.118	0.081	1.020	202.2
1012	0.116	0.083	1.024	202.4
1013	0.116	0.081	1.023	202.6
1014	0.117	0.082	1.024	202.8
1015	0.116	0.082	1.018	203.0
1016	0.172	0.125	1.326	203.2
1017	0.334	0.261	1.452	203.4
1018	0.326	0.254	1.464	203.6
1019	0.324	0.253	1.423	203.8
1020	0.322	0.248	1.444	204.0
1021	0.319	0.248	1.435	204.2
1022	0.317	0.246	1.433	204.4
1023	0.317	0.246	1.426	204.6
1024	0.317	0.245	1.432	204.8
1025	0.316	0.246	1.423	205.0
1026	0.314	0.241	1.431	205.2
1027	0.313	0.243	1.420	205.4
1028	0.313	0.243	1.416	205.6
1029	0.314	0.240	1.422	205.8
1030	0.308	0.240	1.436	206.0
1031	0.309	0.241	1.418	206.2
1032	0.312	0.240	1.413	206.4
1033	0.311	0.237	1.419	206.6
1034	0.310	0.240	1.419	206.8
1035	0.307	0.241	1.407	207.0
1036	0.308	0.239	1.419	207.2
1037	0.306	0.235	1.414	207.4
1038	0.308	0.237	1.413	207.6
1039	0.307	0.237	1.413	207.8
1040	0.308	0.238	1.417	208.0
1041	0.305	0.238	1.411	208.2
1042	0.305	0.236	1.413	208.4
1043	0.306	0.235	1.413	208.6
1044	0.307	0.236	1.410	208.8
1045	0.304	0.236	1.413	209.0
1046	0.305	0.239	1.422	209.2
1047	0.304	0.237	1.415	209.4
1048	0.307	0.237	1.407	209.6
1049	0.306	0.238	1.412	209.8
1050	0.305	0.238	1.411	210.0
1051	0.306	0.237	1.407	210.2
1052	0.306	0.236	1.409	210.4
1053	0.304	0.238	1.411	210.6
1054	0.304	0.235	1.414	210.8
1055	0.303	0.236	1.411	211.0
1056	0.302	0.236	1.405	211.2
1057	0.304	0.236	1.405	211.4
1058	0.300	0.238	1.410	211.6
1059	0.301	0.236	1.407	211.8
1060	0.305	0.237	1.406	212.0
1061	0.303	0.237	1.414	212.2
1062	0.301	0.234	1.403	212.4
1063	0.301	0.237	1.399	212.6
1064	0.302	0.236	1.413	212.8
1065	0.300	0.235	1.408	213.0
1066	0.301	0.235	1.405	213.2
1067	0.301	0.235	1.411	213.4
1068	0.302	0.233	1.408	213.6
1069	0.300	0.234	1.399	213.8
1070	0.301	0.237	1.410	214.0
1071	0.300	0.234	1.405	214.2
1072	0.302	0.232	1.403	214.4
1073	0.302	0.234	1.405	214.6
1074	0.301	0.234	1.402	214.8
1075	0.301	0.234	1.397	215.0
1076	0.301	0.234	1.402	215.2
1077	0.301	0.236	1.399	215.4
1078	0.302	0.236	1.405	215.6
1079	0.300	0.234	1.405	215.8
1080	0.300	0.234	1.401	216.0
1081	0.302	0.235	1.403	216.2
1082	0.299	0.233	1.400	216.4
1083	0.303	0.232	1.397	216.6
1084	0.301	0.236	1.404	216.8
1085	0.299	0.229	1.399	217.0
1086	0.300	0.232	1.388	217.2
1087	0.300	0.234	1.407	217.4
1088	0.299	0.233	1.399	217.6
1089	0.301	0.232	1.388	217.8
1090	0.300	0.234	1.405	218.0
1091	0.301	0.232	1.407	218.2
1092	0.301	0.233	1.387	218.4
1093	0.302	0.233	1.406	218.6
1094	0.299	0.233	1.404	218.8
1095	0.298	0.232	1.392	219.0
1096	0.302	0.230	1.399	219.2
1097	0.299	0.233	1.410	219.4
1098	0.300	0.230	1.396	219.6
1099	0.301	0.230	1.397	219.8
1100	0.299	0.232	1.403	220.0
1101	0.300	0.233	1.395	220.2
1102	0.299	0.231	1.397	220.4
1103	0.301	0.232	1.406	220.6
1104	0.300	0.232	1.391	220.8
1105	0.300	0.230	1.399	221.0
1106	0.299	0.231	1.406	221.2
1107	0.298	0.234	1.394	221.4
1108	0.299	0.233	1.389	221.6
1109	0.300	0.229	1.405	221.8
1110	0.300	0.232	1.402	222.0
1111	0.300	0.232	1.387	222.2
1112	0.299	0.232	1.400	222.4
1113	0.298	0.233	1.397	222.6
1114	0.297	0.231	1.395	222.8
1115	0.298	0.232	1.399	223.0
1116	0.300	0.232	1.399	223.2
1117	0.298	0.232	1.395	223.4
1118	0.296	0.234	1.397	223.6
1119	0.296	0.230	1.396	223.8
1120	0.299	0.231	1.392	224.0
1121	0.299	0.233	1.401	224.2
1122	0.298	0.230	1.391	224.4
1123	0.299	0.231	1.397	224.6
1124	0.296	0.234	1.401	224.8
1125	0.296	0.231	1.397	225.0
1126	0.296	0.231	1.393	225.2
1127	0.296	0.232	1.398	225.4
1128	0.298	0.233	1.384	225.6
1129	0.298	0.229	1.395	225.8
1130	0.298	0.230	1.400	226.0
1131	0.295	0.232	1.385	226.2
1132	0.296	0.229	1.395	226.4
1133	0.297	0.230	1.399	226.6
1134	0.297	0.232	1.383	226.8
1135	0.297	0.230	1.391	227.0
1136	0.295	0.231	1.399	227.2
1137	0.294	0.233	1.381	227.4
1138	0.296	0.230	1.392	227.6
1139	0.293	0.227	1.402	227.8
1140	0.296	0.230	1.387	228.0
1141	0.296	0.231	1.389	228.2
1142	0.296	0.230	1.403	228.4
1143	0.295	0.228	1.387	228.6
1144	0.298	0.230	1.384	228.8
1145	0.298	0.231	1.401	229.0
1146	0.295	0.232	1.395	229.2
1147	0.296	0.227	1.383	229.4
1148	0.297	0.230	1.402	229.6
1149	0.294	0.229	1.393	229.8
1150	0.297	0.229	1.383	230.0
1151	0.296	0.228	1.399	230.2
1152	0.294	0.232	1.396	230.4
1153	0.295	0.230	1.384	230.6
1154	0.296	0.230	1.392	230.8
1155	0.295	0.230	1.398	231.0
1156	0.296	0.228	1.387	231.2
1157	0.297	0.228	1.388	231.4
1158	0.297	0.229	1.391	231.6
1159	0.295	0.230	1.389	231.8
1160	0.296	0.229	1.394	232.0
1161	0.296	0.231	1.393	232.2
1162	0.295	0.229	1.384	232.4
1163	0.296	0.229	1.397	232.6
1164	0.295	0.229	1.398	232.8
1165	0.294	0.231	1.380	233.0
1166	0.294	0.230	1.390	233.2
1167	0.296	0.228	1.398	233.4
1168	0.295	0.229	1.385	233.6
1169	0.294	0.227	1.387	233.8
1170	0.294	0.229	1.388	234.0
1171	0.293	0.228	1.395	234.2
1172	0.292	0.233	1.386	234.4
1173	0.295	0.228	1.383	234.6
1174	0.294	0.228	1.388	234.8
1175	0.292	0.229	1.400	235.0
1176	0.293	0.231	1.384	235.2
1177	0.295	0.228	1.386	235.4
1178	0.294	0.227	1.397	235.6
1179	0.292	0.229	1.389	235.8
1180	0.295	0.228	1.377	236.0
1181	0.294	0.227	1.399	236.2
1182	0.293	0.229	1.397	236.4
1183	0.295	0.229	1.379	236.6
1184	0.296	0.230	1.387	236.8
1185	0.294	0.228	1.401	237.0
1186	0.295	0.228	1.390	237.2
1187	0.295	0.229	1.381	237.4
1188	0.295	0.228	1.393	237.6
1189	0.293	0.230	1.396	237.8
1190	0.293	0.227	1.383	238.0
1191	0.295	0.225	1.387	238.2
1192	0.293	0.226	1.402	238.4
1193	0.293	0.228	1.385	238.6
1194	0.294	0.226	1.378	238.8
1195	0.294	0.227	1.402	239.0
1196	0.295	0.228	1.392	239.2
1197	0.295	0.226	1.376	239.4
1198	0.295	0.226	1.398	239.6
1199	0.293	0.228	1.395	239.8
1200	0.292	0.227	1.373	240.0
1201	0.293	0.225	1.391	240.2
1202	0.296	0.227	1.389	240.4
1203	0.291	0.226	1.381	240.6
1204	0.293	0.225	1.394	240.8
1205	0.293	0.226	1.384	241.0
1206	0.294	0.228	1.377	241.2
1207	0.294	0.228	1.390	241.4
1208	0.291	0.228	1.391	241.6
1209	0.292	0.227	1.372	241.8
1210	0.293	0.223	1.398	242.0
1211	0.293	0.226	1.392	242.2
1212	0.293	0.228	1.367	242.4
1213	0.295	0.225	1.387	242.6
1214	0.291	0.227	1.401	242.8
1215	0.295	0.228	1.376	243.0
1216	0.295	0.225	1.385	243.2
1217	0.292	0.227	1.398	243.4
1218	0.291	0.228	1.378	243.6
1219	0.292	0.225	1.377	243.8
1220	0.295	0.230	1.394	244.0
1221	0.292	0.230	1.391	244.2
1222	0.294	0.225	1.376	244.4
1223	0.294	0.227	1.384	244.6
1224	0.292	0.229	1.395	244.8
1225	0.292	0.226	1.389	245.0
1226	0.294	0.228	1.377	245.2
1227	0.295	0.225	1.390	245.4
1228	0.294	0.226	1.388	245.6
1229	0.293	0.228	1.383	245.8
1230	0.295	0.228	1.382	246.0
1231	0.294	0.227	1.387	246.2
1232	0.293	0.226	1.383	246.4
1233	0.294	0.226	1.391	246.6
1234	0.291	0.228	1.389	246.8
1235	0.294	0.227	1.379	247.0
1236	0.295	0.227	1.382	247.2
1237	0.293	0.228	1.394	247.4
1238	0.294	0.225	1.387	247.6
1239	0.295	0.228	1.381	247.8
1240	0.293	0.227	1.388	248.0
1241	0.295	0.227	1.386	248.2
1242	0.292	0.228	1.384	248.4
1243	0.294	0.227	1.391	248.6
1244	0.295	0.229	1.389	248.8
1245	0.294	0.228	1.388	249.0
1246	0.293	0.229	1.383	249.2
1247	0.293	0.226	1.383	249.4
1248	0.293	0.229	1.388	249.6
1249	0.293	0.227	1.389	249.8
1250	0.294	0.226	1.387	250.0
1251	0.293	0.228	1.389	250.2
1252	0.296	0.228	1.383	250.4
1253	0.293	0.226	1.383	250.6
1254	0.294	0.227	1.390	250.8
1255	0.292	0.230	1.388	251.0
1256	0.293	0.226	1.382	251.2
1257	0.295	0.228	1.389	251.4
1258	0.293	0.227	1.385	251.6
1259	0.294	0.226	1.379	251.8
1260	0.294	0.226	1.392	252.0
1261	0.292	0.227	1.388	252.2
1262	0.295	0.225	1.377	252.4
1263	0.293	0.226	1.386	252.6
1264	0.293	0.229	1.384	252.8
1265	0.292	0.227	1.385	253.0
1266	0.291	0.225	1.391	253.2
1267	0.291	0.229	1.384	253.4
1268	0.293	0.227	1.381	253.6
1269	0.293	0.226	1.385	253.8
1270	0.293	0.228	1.383	254.0
1271	0.291	0.226	1.383	254.2
1272	0.288	0.223	1.388	254.4
1273	0.290	0.227	1.381	254.6
1274	0.289	0.224	1.384	254.8
1275	0.290	0.225	1.386	255.0
1276	0.291	0.226	1.388	255.2
1277	0.291	0.226	1.391	255.4
1278	0.288	0.225	1.384	255.6
1279	0.290	0.226	1.380	255.8
1280	0.292	0.226	1.386	256.0
1281	0.293	0.226	1.380	256.2
1282	0.290	0.225	1.382	256.4
1283	0.288	0.226	1.393	256.6
1284	0.289	0.228	1.386	256.8
1285	0.289	0.226	1.377	257.0
1286	0.290	0.226	1.384	257.2
1287	0.292	0.226	1.387	257.4
1288	0.290	0.227	1.387	257.6
1289	0.288	0.226	1.383	257.8
1290	0.290	0.226	1.376	258.0
1291	0.290	0.226	1.387	258.2
1292	0.290	0.225	1.383	258.4
1293	0.293	0.226	1.383	258.6
1294	0.288	0.227	1.391	258.8
1295	0.290	0.226	1.378	259.0
1296	0.288	0.224	1.378	259.2
1297	0.288	0.226	1.386	259.4
1298	0.290	0.224	1.387	259.6
1299	0.290	0.225	1.378	259.8
1300	0.291	0.225	1.385	260.0
1301	0.290	0.225	1.382	260.2
1302	0.291	0.226	1.380	260.4
1303	0.289	0.224	1.385	260.6
1304	0.290	0.226	1.383	260.8
1305	0.289	0.225	1.376	261.0
1306	0.292	0.227	1.394	261.2
1307	0.287	0.227	1.384	261.4
1308	0.291	0.225	1.371	261.6
1309	0.291	0.224	1.386	261.8
1310	0.289	0.226	1.389	262.0
1311	0.290	0.224	1.377	262.2
1312	0.291	0.226	1.376	262.4
1313	0.288	0.227	1.383	262.6
1314	0.289	0.225	1.386	262.8
1315	0.292	0.225	1.381	263.0
1316	0.292	0.226	1.383	263.2
1317	0.289	0.226	1.382	263.4
1318	0.290	0.222	1.385	263.6
1319	0.288	0.228	1.386	263.8
1320	0.289	0.226	1.376	264.0
1321	0.292	0.224	1.377	264.2
1322	0.289	0.227	1.387	264.4
1323	0.289	0.225	1.383	264.6
1324	0.289	0.225	1.382	264.8
1325	0.289	0.226	1.376	265.0
1326	0.289	0.226	1.384	265.2
1327	0.289	0.224	1.382	265.4
1328	0.291	0.226	1.378	265.6
1329	0.289	0.229	1.385	265.8
1330	0.291	0.227	1.383	266.0
1331	0.290	0.225	1.376	266.2
1332	0.289	0.225	1.384	266.4
1333	0.289	0.225	1.381	266.6
1334	0.290	0.223	1.375	266.8
1335	0.291	0.226	1.381	267.0
1336	0.289	0.228	1.388	267.2
1337	0.290	0.226	1.375	267.4
1338	0.291	0.223	1.379	267.6
1339	0.289	0.226	1.382	267.8
1340	0.290	0.227	1.379	268.0
1341	0.291	0.224	1.374	268.2
1342	0.290	0.226	1.388	268.4
1343	0.288	0.226	1.381	268.6
1344	0.290	0.223	1.374	268.8
1345	0.290	0.225	1.385	269.0
1346	0.288	0.226	1.385	269.2
1347	0.290	0.228	1.372	269.4
1348	0.290	0.224	1.380	269.6
1349	0.288	0.225	1.389	269.8
1350	0.289	0.225	1.374	270.0
1351	0.292	0.224	1.373	270.2
1352	0.290	0.226	1.384	270.4
1353	0.290	0.225	1.375	270.6
1354	0.290	0.227	1.381	270.8
1355	0.288	0.225	1.382	271.0
1356	0.290	0.224	1.373	271.2
1357	0.289	0.224	1.379	271.4
1358	0.289	0.225	1.385	271.6
1359	0.288	0.225	1.376	271.8
1360	0.288	0.224	1.375	272.0
1361	0.289	0.224	1.382	272.2
1362	0.288	0.226	1.379	272.4
1363	0.290	0.222	1.372	272.6
1364	0.289	0.225	1.382	272.8
1365	0.286	0.229	1.379	273.0
1366	0.289	0.227	1.375	273.2
1367	0.288	0.223	1.380	273.4
1368	0.289	0.226	1.377	273.6
1369	0.292	0.226	1.377	273.8
1370	0.288	0.224	1.383	274.0
1371	0.286	0.225	1.375	274.2
1372	0.288	0.225	1.379	274.4
1373	0.288	0.226	1.378	274.6
1374	0.288	0.225	1.377	274.8
1375	0.287	0.223	1.375	275.0
1376	0.287	0.223	1.377	275.2
1377	0.287	0.226	1.375	275.4
1378	0.287	0.222	1.380	275.6
1379	0.289	0.224	1.375	275.8
1380	0.288	0.225	1.369	276.0
1381	0.290	0.226	1.381	276.2
1382	0.287	0.224	1.377	276.4
1383	0.288	0.225	1.367	276.6
1384	0.287	0.224	1.381	276.8
1385	0.290	0.225	1.380	277.0
1386	0.287	0.223	1.370	277.2
1387	0.288	0.226	1.379	277.4
1388	0.288	0.227	1.377	277.6
1389	0.287	0.225	1.372	277.8
1390	0.288	0.225	1.377	278.0
1391	0.288	0.227	1.370	278.2
1392	0.289	0.222	1.372	278.4
1393	0.286	0.224	1.381	278.6
1394	0.289	0.225	1.375	278.8
1395	0.286	0.226	1.371	279.0
1396	0.287	0.225	1.381	279.2
1397	0.286	0.226	1.376	279.4
1398	0.286	0.225	1.374	279.6
1399	0.287	0.223	1.369	279.8
1400	0.288	0.223	1.373	280.0
1401	0.288	0.226	1.381	280.2
1402	0.286	0.224	1.372	280.4
1403	0.288	0.223	1.371	280.6
1404	0.287	0.223	1.375	280.8
1405	0.288	0.224	1.371	281.0
1406	0.286	0.223	1.376	281.2
1407	0.286	0.222	1.375	281.4
1408	0.287	0.221	1.371	281.6
1409	0.288	0.225	1.373	281.8
1410	0.287	0.222	1.379	282.0
1411	0.285	0.222	1.368	282.2
1412	0.287	0.222	1.374	282.4
1413	0.286	0.224	1.377	282.6
1414	0.284	0.222	1.372	282.8
1415	0.286	0.223	1.373	283.0
1416	0.286	0.222	1.375	283.2
1417	0.287	0.225	1.367	283.4
1418	0.285	0.223	1.375	283.6
1419	0.284	0.222	1.374	283.8
1420	0.285	0.223	1.369	284.0
1421	0.286	0.224	1.371	284.2
1422	0.286	0.224	1.379	284.4
1423	0.284	0.224	1.367	284.6
1424	0.284	0.227	1.375	284.8
1425	0.282	0.226	1.376	285.0
1426	0.285	0.225	1.369	285.2
1427	0.285	0.221	1.376	285.4
1428	0.284	0.226	1.373	285.6
1429	0.285	0.223	1.370	285.8
1430	0.280	0.224	1.377	286.0
1431	0.282	0.223	1.374	286.2
1432	0.284	0.225	1.367	286.4
1433	0.283	0.223	1.379	286.6
1434	0.283	0.221	1.370	286.8
1435	0.283	0.225	1.372	287.0
1436	0.283	0.223	1.380	287.2
1437	0.285	0.223	1.366	287.4
1438	0.285	0.224	1.366	287.6
1439	0.284	0.223	1.372	287.8
1440	0.283	0.223	1.373	288.0
1441	0.285	0.223	1.367	288.2
1442	0.283	0.219	1.376	288.4
1443	0.285	0.224	1.378	288.6
1444	0.285	0.219	1.367	288.8
1445	0.286	0.220	1.373	289.0
1446	0.284	0.223	1.373	289.2
1447	0.285	0.222	1.370	289.4
1448	0.283	0.223	1.377	289.6
1449	0.283	0.222	1.371	289.8
1450	0.285	0.221	1.368	290.0
1451	0.284	0.221	1.373	290.2
1452	0.287	0.224	1.374	290.4
1453	0.285	0.222	1.365	290.6
1454	0.284	0.224	1.373	290.8
1455	0.283	0.221	1.374	291.0
1456	0.283	0.222	1.365	291.2
1457	0.283	0.223	1.373	291.4
1458	0.284	0.224	1.374	291.6
1459	0.284	0.222	1.362	291.8
1460	0.285	0.223	1.369	292.0
1461	0.283	0.224	1.380	292.2
1462	0.284	0.221	1.366	292.4
1463	0.286	0.223	1.369	292.6
1464	0.284	0.221	1.378	292.8
1465	0.285	0.224	1.368	293.0
1466	0.285	0.219	1.367	293.2
1467	0.285	0.221	1.375	293.4
1468	0.284	0.224	1.372	293.6
1469	0.284	0.222	1.361	293.8
1470	0.283	0.221	1.376	294.0
1471	0.282	0.224	1.371	294.2
1472	0.283	0.223	1.359	294.4
1473	0.286	0.223	1.368	294.6
1474	0.285	0.219	1.376	294.8
1475	0.282	0.222	1.367	295.0
1476	0.287	0.223	1.363	295.2
1477	0.285	0.222	1.371	295.4
1478	0.282	0.222	1.371	295.6
1479	0.283	0.222	1.370	295.8
1480	0.286	0.221	1.373	296.0
1481	0.284	0.222	1.371	296.2
1482	0.285	0.219	1.364	296.4
1483	0.285	0.222	1.374	296.6
1484	0.282	0.221	1.371	296.8
1485	0.286	0.221	1.358	297.0
1486	0.284	0.219	1.375	297.2
1487	0.282	0.221	1.382	297.4
1488	0.285	0.220	1.360	297.6
1489	0.285	0.222	1.367	297.8
1490	0.282	0.223	1.381	298.0
1491	0.281	0.218	1.368	298.2
1492	0.285	0.222	1.368	298.4
1493	0.283	0.220	1.375	298.6
1494	0.282	0.223	1.366	298.8
1495	0.282	0.221	1.369	299.0
1496	0.282	0.221	1.373	299.2
1497	0.281	0.220	1.363	299.4
1498	0.281	0.221	1.372	299.6
1499	0.280	0.222	1.373	299.8
1500	0.281	0.221	1.369	300.0
1501	0.281	0.222	1.370	300.2
1502	0.279	0.222	1.368	300.4
1503	0.284	0.219	1.375	300.6
1504	0.281	0.222	1.370	300.8
1505	0.279	0.224	1.368	301.0
1506	0.279	0.221	1.372	301.2
1507	0.280	0.222	1.371	301.4
1508	0.282	0.221	1.364	301.6
1509	0.282	0.222	1.376	301.8
1510	0.281	0.223	1.375	302.0
1511	0.281	0.223	1.364	302.2
1512	0.278	0.220	1.369	302.4
1513	0.279	0.221	1.376	302.6
1514	0.280	0.222	1.365	302.8
1515	0.281	0.219	1.372	303.0
1516	0.281	0.218	1.372	303.2
1517	0.439	0.350	1.796	303.4
1518	0.556	0.450	1.936	303.6
1519	0.553	0.444	1.892	303.8
1520	0.551	0.442	1.931	304.0
1521	0.550	0.443	1.923	304.2
1522	0.547	0.440	1.906	304.4
1523	0.549	0.441	1.911	304.6
1524	0.547	0.442	1.913	304.8
1525	0.545	0.440	1.916	305.0
1526	0.546	0.439	1.903	305.2
1527	0.547	0.440	1.917	305.4
1528	0.545	0.439	1.907	305.6
1529	0.543	0.439	1.907	305.8
1530	0.543	0.436	1.912	306.0
1531	0.543	0.440	1.902	306.2
1532	0.545	0.437	1.905	306.4
1533	0.542	0.439	1.912	306.6
1534	0.543	0.437	1.909	306.8
1535	0.542	0.439	1.898	307.0
1536	0.543	0.439	1.903	307.2
1537	0.541	0.438	1.905	307.4
1538	0.541	0.436	1.905	307.6
1539	0.541	0.434	1.896	307.8
1540	0.540	0.438	1.901	308.0
1541	0.542	0.437	1.906	308.2
1542	0.540	0.438	1.897	308.4
1543	0.541	0.437	1.896	308.6
1544	0.541	0.437	1.903	308.8
1545	0.541	0.437	1.900	309.0
1546	0.541	0.435	1.896	309.2
1547	0.540	0.436	1.906	309.4
1548	0.538	0.438	1.895	309.6
1549	0.540	0.435	1.899	309.8
1550	0.541	0.434	1.901	310.0
1551	0.537	0.435	1.893	310.2
1552	0.537	0.434	1.896	310.4
1553	0.538	0.433	1.901	310.6
1554	0.539	0.435	1.897	310.8
1555	0.538	0.433	1.896	311.0
1556	0.538	0.433	1.897	311.2
1557	0.538	0.431	1.893	311.4
1558	0.538	0.434	1.899	311.6
1559	0.536	0.433	1.900	311.8
1560	0.537	0.434	1.890	312.0
1561	0.540	0.433	1.894	312.2
1562	0.538	0.432	1.898	312.4
1563	0.537	0.433	1.891	312.6
1564	0.539	0.432	1.898	312.8
1565	0.535	0.432	1.900	313.0
1566	0.536	0.430	1.884	313.2
1567	0.536	0.430	1.889	313.4
1568	0.535	0.433	1.901	313.6
1569	0.537	0.431	1.890	313.8
1570	0.537	0.432	1.888	314.0
1571	0.535	0.432	1.898	314.2
1572	0.534	0.431	1.889	314.4
1573	0.538	0.431	1.887	314.6
1574	0.537	0.432	1.895	314.8
1575	0.535	0.431	1.892	315.0
1576	0.537	0.431	1.882	315.2
1577	0.533	0.432	1.897	315.4
1578	0.533	0.430	1.888	315.6
1579	0.536	0.432	1.889	315.8
1580	0.534	0.431	1.895	316.0
1581	0.534	0.430	1.889	316.2
1582	0.537	0.430	1.890	316.4
1583	0.534	0.431	1.891	316.6
1584	0.533	0.430	1.892	316.8
1585	0.532	0.429	1.891	317.0
1586	0.533	0.432	1.893	317.2
1587	0.535	0.429	1.879	317.4
1588	0.533	0.429	1.891	317.6
1589	0.533	0.432	1.895	317.8
1590	0.532	0.431	1.885	318.0
1591	0.533	0.430	1.883	318.2
1592	0.531	0.432	1.895	318.4
1593	0.535	0.431	1.888	318.6
1594	0.533	0.430	1.888	318.8
1595	0.532	0.432	1.884	319.0
1596	0.533	0.430	1.883	319.2
1597	0.532	0.427	1.888	319.4
1598	0.534	0.428	1.882	319.6
1599	0.532	0.429	1.884	319.8
1600	0.532	0.428	1.893	320.0
1601	0.532	0.432	1.889	320.2
1602	0.532	0.428	1.883	320.4
1603	0.536	0.430	1.891	320.6
1604	0.531	0.431	1.883	320.8
1605	0.534	0.429	1.887	321.0
1606	0.533	0.431	1.887	321.2
1607	0.532	0.431	1.881	321.4
1608	0.532	0.429	1.892	321.6
1609	0.530	0.429	1.884	321.8
1610	0.532	0.430	1.885	322.0
1611	0.532	0.428	1.886	322.2
1612	0.532	0.430	1.883	322.4
1613	0.532	0.432	1.881	322.6
1614	0.532	0.431	1.883	322.8
1615	0.531	0.427	1.885	323.0
1616	0.531	0.429	1.885	323.2
1617	0.532	0.428	1.884	323.4
1618	0.531	0.430	1.882	323.6
1619	0.529	0.429	1.879	323.8
1620	0.532	0.429	1.887	324.0
1621	0.531	0.429	1.881	324.2
1622	0.531	0.428	1.891	324.4
1623	0.530	0.430	1.881	324.6
1624	0.533	0.433	1.876	324.8
1625	0.530	0.427	1.885	325.0
1626	0.530	0.425	1.887	325.2
1627	0.531	0.430	1.876	325.4
1628	0.531	0.426	1.883	325.6
1629	0.531	0.430	1.887	325.8
1630	0.532	0.429	1.877	326.0
1631	0.529	0.427	1.874	326.2
1632	0.531	0.428	1.881	326.4
1633	0.530	0.429	1.882	326.6
1634	0.529	0.427	1.879	326.8
1635	0.530	0.427	1.875	327.0
1636	0.531	0.430	1.879	327.2
1637	0.526	0.426	1.877	327.4
1638	0.530	0.429	1.880	327.6
1639	0.531	0.426	1.877	327.8
1640	0.528	0.428	1.880	328.0
1641	0.529	0.426	1.876	328.2
1642	0.530	0.428	1.877	328.4
1643	0.530	0.428	1.885	328.6
1644	0.529	0.427	1.878	328.8
1645	0.528	0.429	1.879	329.0
1646	0.530	0.427	1.879	329.2
1647	0.528	0.428	1.876	329.4
1648	0.529	0.425	1.875	329.6
1649	0.528	0.426	1.878	329.8
1650	0.529	0.428	1.887	330.0
1651	0.528	0.427	1.877	330.2
1652	0.531	0.429	1.876	330.4
1653	0.528	0.428	1.875	330.6
1654	0.527	0.425	1.876	330.8
1655	0.530	0.427	1.875	331.0
1656	0.528	0.427	1.877	331.2
1657	0.529	0.428	1.881	331.4
1658	0.529	0.428	1.880	331.6
1659	0.527	0.427	1.880	331.8
1660	0.528	0.430	1.875	332.0
1661	0.527	0.426	1.877	332.2
1662	0.530	0.428	1.881	332.4
1663	0.528	0.427	1.879	332.6
1664	0.528	0.426	1.875	332.8
1665	0.527	0.427	1.879	333.0
1666	0.529	0.427	1.878	333.2
1667	0.529	0.425	1.876	333.4
1668	0.527	0.427	1.879	333.6
1669	0.527	0.428	1.877	333.8
1670	0.527	0.427	1.879	334.0
1671	0.528	0.426	1.875	334.2
1672	0.527	0.426	1.871	334.4
1673	0.527	0.426	1.880	334.6
1674	0.528	0.424	1.875	334.8
1675	0.528	0.425	1.873	335.0
1676	0.527	0.428	1.875	335.2
1677	0.524	0.427	1.876	335.4
1678	0.528	0.426	1.875	335.6
1679	0.529	0.427	1.875	335.8
1680	0.526	0.426	1.875	336.0
1681	0.527	0.427	1.878	336.2
1682	0.526	0.427	1.873	336.4
1683	0.525	0.426	1.873	336.6
1684	0.528	0.426	1.874	336.8
1685	0.529	0.427	1.881	337.0
1686	0.526	0.425	1.876	337.2
1687	0.526	0.427	1.878	337.4
1688	0.528	0.425	1.874	337.6
1689	0.526	0.425	1.876	337.8
1690	0.527	0.428	1.873	338.0
1691	0.525	0.426	1.873	338.2
1692	0.528	0.426	1.875	338.4
1693	0.527	0.428	1.873	338.6
1694	0.527	0.427	1.875	338.8
1695	0.527	0.425	1.874	339.0
1696	0.525	0.426	1.873	339.2
1697	0.527	0.425	1.873	339.4
1698	0.526	0.426	1.876	339.6
1699	0.525	0.427	1.875	339.8
1700	0.526	0.425	1.873	340.0
1701	0.527	0.427	1.875	340.2
1702	0.527	0.425	1.874	340.4
1703	0.525	0.423	1.874	340.6
1704	0.526	0.425	1.875	340.8
1705	0.527	0.424	1.873	341.0
1706	0.527	0.425	1.873	341.2
1707	0.524	0.425	1.873	341.4
1708	0.526	0.422	1.876	341.6
1709	0.527	0.421	1.873	341.8
1710	0.524	0.424	1.875	342.0
1711	0.525	0.423	1.875	342.2
1712	0.526	0.426	1.873	342.4
1713	0.526	0.424	1.871	342.6
1714	0.524	0.423	1.873	342.8
1715	0.527	0.425	1.874	343.0
1716	0.526	0.422	1.876	343.2
1717	0.526	0.427	1.873	343.4
1718	0.523	0.425	1.870	343.6
1719	0.524	0.424	1.875	343.8
1720	0.523	0.426	1.868	344.0
1721	0.524	0.424	1.874	344.2
1722	0.526	0.426	1.875	344.4
1723	0.523	0.424	1.881	344.6
1724	0.523	0.424	1.869	344.8
1725	0.524	0.426	1.869	345.0
1726	0.523	0.422	1.878	345.2
1727	0.523	0.425	1.873	345.4
1728	0.521	0.424	1.868	345.6
1729	0.523	0.426	1.869	345.8
1730	0.523	0.427	1.875	346.0
1731	0.523	0.424	1.868	346.2
1732	0.523	0.424	1.876	346.4
1733	0.520	0.424	1.871	346.6
1734	0.522	0.424	1.872	346.8
1735	0.520	0.427	1.867	347.0
1736	0.523	0.425	1.873	347.2
1737	0.522	0.427	1.869	347.4
1738	0.521	0.424	1.867	347.6
1739	0.521	0.425	1.870	347.8
1740	0.521	0.424	1.870	348.0
1741	0.524	0.423	1.872	348.2
1742	0.522	0.424	1.870	348.4
1743	0.523	0.425	1.873	348.6
1744	0.521	0.424	1.870	348.8
1745	0.522	0.423	1.873	349.0
1746	0.521	0.422	1.873	349.2
1747	0.522	0.425	1.873	349.4
1748	0.523	0.424	1.873	349.6
1749	0.522	0.424	1.873	349.8
1750	0.523	0.424	1.865	350.0
1751	0.522	0.423	1.870	350.2
1752	0.522	0.424	1.871	350.4
1753	0.521	0.424	1.873	350.6
1754	0.523	0.423	1.866	350.8
1755	0.522	0.421	1.872	351.0
1756	0.522	0.424	1.869	351.2
1757	0.524	0.424	1.873	351.4
1758	0.521	0.421	1.870	351.6
1759	0.523	0.421	1.874	351.8
1760	0.522	0.422	1.868	352.0
1761	0.523	0.425	1.873	352.2
1762	0.524	0.420	1.868	352.4
1763	0.523	0.423	1.870	352.6
1764	0.522	0.422	1.867	352.8
1765	0.521	0.424	1.869	353.0
1766	0.522	0.423	1.862	353.2
1767	0.522	0.421	1.865	353.4
1768	0.524	0.425	1.870	353.6
1769	0.522	0.423	1.869	353.8
1770	0.524	0.426	1.873	354.0
1771	0.523	0.423	1.867	354.2
1772	0.522	0.424	1.869	354.4
1773	0.523	0.424	1.867	354.6
1774	0.524	0.421	1.870	354.8
1775	0.523	0.422	1.864	355.0
1776	0.523	0.425	1.869	355.2
1777	0.523	0.425	1.870	355.4
1778	0.521	0.425	1.868	355.6
1779	0.524	0.423	1.864	355.8
1780	0.525	0.426	1.870	356.0
1781	0.524	0.423	1.872	356.2
1782	0.523	0.427	1.866	356.4
1783	0.525	0.425	1.869	356.6
1784	0.520	0.423	1.871	356.8
1785	0.524	0.423	1.863	357.0
1786	0.525	0.423	1.869	357.2
1787	0.521	0.425	1.869	357.4
1788	0.523	0.423	1.866	357.6
1789	0.520	0.425	1.868	357.8
1790	0.521	0.424	1.874	358.0
1791	0.521	0.422	1.866	358.2
1792	0.522	0.422	1.865	358.4
1793	0.521	0.425	1.866	358.6
1794	0.520	0.422	1.870	358.8
1795	0.522	0.423	1.869	359.0
1796	0.523	0.424	1.862	359.2
1797	0.523	0.422	1.870	359.4
1798	0.521	0.423	1.873	359.6
1799	0.520	0.424	1.867	359.8
1800	0.521	0.423	1.864	360.0
1801	0.520	0.423	1.875	360.2
1802	0.521	0.422	1.869	360.4
1803	0.521	0.424	1.862	360.6
1804	0.520	0.421	1.863	360.8
1805	0.521	0.424	1.866	361.0
1806	0.519	0.424	1.871	361.2
1807	0.521	0.422	1.863	361.4
1808	0.521	0.423	1.865	361.6
1809	0.521	0.421	1.869	361.8
1810	0.523	0.426	1.865	362.0
1811	0.519	0.423	1.865	362.2
1812	0.519	0.423	1.864	362.4
1813	0.520	0.423	1.869	362.6
1814	0.519	0.421	1.871	362.8
1815	0.522	0.424	1.865	363.0
1816	0.520	0.422	1.862	363.2
1817	0.518	0.424	1.867	363.4
1818	0.519	0.425	1.875	363.6
1819	0.520	0.421	1.861	363.8
1820	0.523	0.422	1.867	364.0
1821	0.521	0.421	1.869	364.2
1822	0.521	0.422	1.869	364.4
1823	0.520	0.425	1.865	364.6
1824	0.521	0.421	1.862	364.8
1825	0.520	0.423	1.869	365.0
1826	0.519	0.421	1.870	365.2
1827	0.520	0.419	1.865	365.4
1828	0.523	0.423	1.862	365.6
1829	0.519	0.421	1.866	365.8
1830	0.521	0.424	1.870	366.0
1831	0.521	0.421	1.865	366.2
1832	0.520	0.421	1.866	366.4
1833	0.520	0.421	1.870	366.6
1834	0.521	0.423	1.869	366.8
1835	0.520	0.421	1.862	367.0
1836	0.520	0.422	1.863	367.2
1837	0.519	0.425	1.869	367.4
1838	0.520	0.422	1.871	367.6
1839	0.521	0.423	1.863	367.8
1840	0.520	0.420	1.862	368.0
1841	0.520	0.424	1.867	368.2
1842	0.519	0.424	1.866	368.4
1843	0.519	0.422	1.862	368.6
1844	0.522	0.422	1.868	368.8
1845	0.521	0.422	1.867	369.0
1846	0.520	0.424	1.865	369.2
1847	0.521	0.421	1.863	369.4
1848	0.520	0.424	1.862	369.6
1849	0.521	0.422	1.862	369.8
1850	0.522	0.421	1.866	370.0
1851	0.521	0.423	1.867	370.2
1852	0.521	0.419	1.861	370.4
1853	0.521	0.423	1.864	370.6
1854	0.519	0.422	1.868	370.8
1855	0.520	0.424	1.860	371.0
1856	0.521	0.422	1.863	371.2
1857	0.520	0.420	1.867	371.4
1858	0.522	0.419	1.860	371.6
1859	0.519	0.421	1.866	371.8
1860	0.520	0.421	1.866	372.0
1861	0.519	0.420	1.867	372.2
1862	0.521	0.421	1.861	372.4
1863	0.519	0.422	1.866	372.6
1864	0.517	0.421	1.867	372.8
1865	0.520	0.420	1.865	373.0
1866	0.519	0.421	1.865	373.2
1867	0.519	0.421	1.857	373.4
1868	0.520	0.419	1.868	373.6
1869	0.519	0.422	1.863	373.8
1870	0.520	0.420	1.867	374.0
1871	0.517	0.423	1.865	374.2
1872	0.520	0.422	1.858	374.4
1873	0.517	0.419	1.860	374.6
1874	0.520	0.422	1.865	374.8
1875	0.517	0.419	1.863	375.0
1876	0.519	0.422	1.864	375.2
1877	0.520	0.420	1.873	375.4
1878	0.520	0.421	1.859	375.6
1879	0.517	0.420	1.860	375.8
1880	0.519	0.422	1.869	376.0
1881	0.519	0.421	1.861	376.2
1882	0.517	0.419	1.861	376.4
1883	0.517	0.420	1.864	376.6
1884	0.518	0.418	1.869	376.8
1885	0.517	0.421	1.863	377.0
1886	0.517	0.420	1.856	377.2
1887	0.518	0.420	1.859	377.4
1888	0.520	0.419	1.867	377.6
1889	0.515	0.422	1.863	377.8
1890	0.519	0.421	1.856	378.0
1891	0.518	0.421	1.860	378.2
1892	0.516	0.419	1.865	378.4
1893	0.519	0.422	1.861	378.6
1894	0.517	0.418	1.865	378.8
1895	0.517	0.421	1.859	379.0
1896	0.517	0.419	1.857	379.2
1897	0.518	0.420	1.863	379.4
1898	0.517	0.421	1.865	379.6
1899	0.517	0.418	1.862	379.8
1900	0.518	0.419	1.862	380.0
1901	0.517	0.419	1.862	380.2
1902	0.516	0.420	1.860	380.4
1903	0.518	0.418	1.866	380.6
1904	0.517	0.418	1.866	380.8
1905	0.517	0.418	1.862	381.0
1906	0.517	0.419	1.858	381.2
1907	0.517	0.417	1.861	381.4
1908	0.516	0.417	1.862	381.6
1909	0.517	0.419	1.861	381.8
1910	0.519	0.419	1.869	382.0
1911	0.517	0.416	1.857	382.2
1912	0.517	0.419	1.859	382.4
1913	0.519	0.419	1.864	382.6
1914	0.517	0.422	1.864	382.8
1915	0.519	0.420	1.854	383.0
1916	0.519	0.420	1.864	383.2
1917	0.517	0.418	1.867	383.4
1918	0.517	0.420	1.857	383.6
1919	0.518	0.420	1.853	383.8
1920	0.518	0.420	1.868	384.0
1921	0.519	0.419	1.869	384.2
1922	0.518	0.418	1.857	384.4
1923	0.517	0.418	1.857	384.6
1924	0.518	0.422	1.860	384.8
1925	0.519	0.420	1.864	385.0
1926	0.518	0.418	1.861	385.2
1927	0.519	0.418	1.855	385.4
1928	0.517	0.420	1.863	385.6
1929	0.517	0.419	1.862	385.8
1930	0.517	0.420	1.863	386.0
1931	0.518	0.418	1.858	386.2
1932	0.517	0.421	1.859	386.4
1933	0.517	0.416	1.860	386.6
1934	0.519	0.420	1.861	386.8
1935	0.519	0.417	1.854	387.0
1936	0.518	0.421	1.862	387.2
1937	0.516	0.417	1.861	387.4
1938	0.520	0.419	1.861	387.6
1939	0.517	0.416	1.858	387.8
1940	0.517	0.420	1.861	388.0
1941	0.517	0.418	1.864	388.2
1942	0.519	0.419	1.858	388.4
1943	0.517	0.419	1.859	388.6
1944	0.517	0.417	1.860	388.8
1945	0.518	0.416	1.866	389.0
1946	0.517	0.419	1.859	389.2
1947	0.517	0.419	1.859	389.4
1948	0.516	0.418	1.854	389.6
1949	0.515	0.420	1.863	389.8
1950	0.519	0.418	1.859	390.0
1951	0.516	0.417	1.861	390.2
1952	0.518	0.416	1.862	390.4
1953	0.515	0.416	1.862	390.6
1954	0.516	0.421	1.864	390.8
1955	0.517	0.419	1.857	391.0
1956	0.518	0.421	1.856	391.2
1957	0.516	0.418	1.864	391.4
1958	0.517	0.420	1.861	391.6
1959	0.518	0.418	1.857	391.8
1960	0.515	0.421	1.859	392.0
1961	0.516	0.418	1.861	392.2
1962	0.516	0.421	1.854	392.4
1963	0.518	0.417	1.854	392.6
1964	0.516	0.418	1.862	392.8
1965	0.516	0.417	1.856	393.0
1966	0.516	0.420	1.856	393.2
1967	0.515	0.417	1.859	393.4
1968	0.516	0.419	1.856	393.6
1969	0.516	0.416	1.856	393.8
1970	0.516	0.418	1.861	394.0
1971	0.516	0.419	1.856	394.2
1972	0.516	0.417	1.853	394.4
1973	0.516	0.419	1.862	394.6
1974	0.515	0.419	1.857	394.8
1975	0.518	0.417	1.853	395.0
1976	0.516	0.419	1.856	395.2
1977	0.517	0.417	1.862	395.4
1978	0.514	0.418	1.855	395.6
1979	0.515	0.420	1.858	395.8
1980	0.516	0.418	1.859	396.0
1981	0.515	0.415	1.854	396.2
1982	0.516	0.418	1.854	396.4
1983	0.514	0.418	1.857	396.6
1984	0.514	0.415	1.852	396.8
1985	0.513	0.420	1.853	397.0
1986	0.513	0.416	1.861	397.2
1987	0.516	0.415	1.853	397.4
1988	0.515	0.418	1.849	397.6
1989	0.514	0.417	1.858	397.8
1990	0.513	0.416	1.853	398.0
1991	0.514	0.418	1.854	398.2
1992	0.515	0.418	1.856	398.4
1993	0.517	0.416	1.855	398.6
1994	0.515	0.418	1.852	398.8
1995	0.515	0.419	1.855	399.0
1996	0.515	0.417	1.852	399.2
1997	0.514	0.418	1.856	399.4
1998	0.515	0.417	1.850	399.6
1999	0.515	0.415	1.850	399.8
2000	0.513	0.416	1.855	400.0
2001	0.514	0.417	1.857	400.2
2002	0.514	0.417	1.854	400.4
2003	0.514	0.415	1.854	400.6
2004	0.515	0.417	1.849	400.8
2005	0.515	0.416	1.850	401.0
2006	0.514	0.416	1.859	401.2
2007	0.514	0.415	1.853	401.4
2008	0.513	0.416	1.848	401.6
2009	0.515	0.416	1.856	401.8
2010	0.513	0.417	1.852	402.0
2011	0.514	0.415	1.853	402.2
2012	0.515	0.416	1.856	402.4
2013	0.513	0.418	1.849	402.6
2014	0.512	0.417	1.857	402.8
2015	0.514	0.418	1.862	403.0
2016	0.514	0.415	1.853	403.2
2017	0.513	0.416	1.850	403.4
2018	0.759	0.617	2.414	403.6
2019	0.787	0.647	2.417	403.8
2020	0.786	0.643	2.420	404.0
2021	0.786	0.643	2.422	404.2
2022	0.787	0.644	2.398	404.4
2023	0.786	0.640	2.404	404.6
2024	0.782	0.642	2.407	404.8
2025	0.781	0.645	2.405	405.0
2026	0.783	0.643	2.401	405.2
2027	0.783	0.640	2.410	405.4
2028	0.781	0.641	2.396	405.6
2029	0.781	0.640	2.401	405.8
2030	0.780	0.639	2.399	406.0
2031	0.781	0.639	2.399	406.2
2032	0.779	0.640	2.400	406.4
2033	0.779	0.642	2.401	406.6
2034	0.782	0.640	2.396	406.8
2035	0.778	0.640	2.398	407.0
2036	0.780	0.639	2.401	407.2
2037	0.781	0.639	2.399	407.4
2038	0.778	0.639	2.396	407.6
2039	0.779	0.640	2.398	407.8
2040	0.780	0.635	2.401	408.0
2041	0.775	0.638	2.393	408.2
2042	0.780	0.638	2.388	408.4
2043	0.779	0.640	2.397	408.6
2044	0.777	0.639	2.397	408.8
2045	0.775	0.636	2.389	409.0
2046	0.778	0.635	2.392	409.2
2047	0.777	0.637	2.393	409.4
2048	0.777	0.635	2.394	409.6
2049	0.780	0.637	2.386	409.8
2050	0.777	0.638	2.395	410.0
2051	0.777	0.636	2.388	410.2
2052	0.777	0.634	2.390	410.4
2053	0.778	0.635	2.393	410.6
2054	0.778	0.636	2.385	410.8
2055	0.777	0.636	2.388	411.0
2056	0.773	0.634	2.390	411.2
2057	0.778	0.635	2.390	411.4
2058	0.777	0.635	2.383	411.6
2059	0.778	0.634	2.392	411.8
2060	0.777	0.632	2.389	412.0
2061	0.776	0.634	2.384	412.2
2062	0.777	0.632	2.391	412.4
2063	0.774	0.632	2.392	412.6
2064	0.777	0.632	2.381	412.8
2065	0.776	0.634	2.391	413.0
2066	0.773	0.635	2.389	413.2
2067	0.774	0.635	2.380	413.4
2068	0.772	0.632	2.389	413.6
2069	0.776	0.632	2.392	413.8
2070	0.774	0.635	2.380	414.0
2071	0.774	0.633	2.390	414.2
2072	0.773	0.634	2.386	414.4
2073	0.777	0.633	2.378	414.6
2074	0.773	0.630	2.386	414.8
2075	0.775	0.631	2.384	415.0
2076	0.773	0.633	2.383	415.2
2077	0.774	0.630	2.385	415.4
2078	0.772	0.630	2.380	415.6
2079	0.772	0.632	2.379	415.8
2080	0.773	0.631	2.386	416.0
2081	0.774	0.630	2.385	416.2
2082	0.773	0.628	2.379	416.4
2083	0.772	0.629	2.381	416.6
2084	0.775	0.634	2.392	416.8
2085	0.773	0.631	2.381	417.0
2086	0.773	0.629	2.381	417.2
2087	0.772	0.630	2.383	417.4
2088	0.771	0.629	2.377	417.6
2089	0.771	0.629	2.386	417.8
2090	0.771	0.630	2.382	418.0
2091	0.773	0.629	2.382	418.2
2092	0.772	0.630	2.385	418.4
2093	0.772	0.630	2.378	418.6
2094	0.771	0.630	2.385	418.8
2095	0.773	0.632	2.384	419.0
2096	0.771	0.631	2.379	419.2
2097	0.772	0.630	2.385	419.4
2098	0.771	0.630	2.382	419.6
2099	0.770	0.633	2.372	419.8
2100	0.775	0.633	2.380	420.0
2101	0.772	0.634	2.385	420.2
2102	0.769	0.633	2.377	420.4
2103	0.773	0.634	2.386	420.6
2104	0.770	0.634	2.377	420.8
2105	0.771	0.631	2.376	421.0
2106	0.770	0.630	2.379	421.2
2107	0.770	0.631	2.378	421.4
2108	0.771	0.634	2.376	421.6
2109	0.770	0.635	2.380	421.8
2110	0.771	0.632	2.379	422.0
2111	0.769	0.631	2.370	422.2
2112	0.771	0.631	2.380	422.4
2113	0.769	0.632	2.381	422.6
2114	0.768	0.632	2.380	422.8
2115	0.769	0.631	2.372	423.0
2116	0.769	0.630	2.380	423.2
2117	0.771	0.632	2.380	423.4
2118	0.769	0.631	2.376	423.6
2119	0.771	0.632	2.370	423.8
2120	0.768	0.630	2.380	424.0
2121	0.768	0.632	2.380	424.2
2122	0.769	0.631	2.373	424.4
2123	0.770	0.632	2.374	424.6
2124	0.771	0.630	2.380	424.8
2125	0.769	0.630	2.371	425.0
2126	0.768	0.630	2.377	425.2
2127	0.768	0.630	2.372	425.4
2128	0.769	0.629	2.378	425.6
2129	0.768	0.628	2.381	425.8
2130	0.770	0.629	2.378	426.0
2131	0.770	0.628	2.374	426.2
2132	0.767	0.630	2.380	426.4
2133	0.768	0.628	2.373	426.6
2134	0.769	0.628	2.373	426.8
2135	0.770	0.626	2.378	427.0
2136	0.768	0.628	2.373	427.2
2137	0.768	0.626	2.378	427.4
2138	0.768	0.628	2.370	427.6
2139	0.768	0.627	2.370	427.8
2140	0.767	0.626	2.380	428.0
2141	0.768	0.628	2.370	428.2
2142	0.769	0.628	2.373	428.4
2143	0.768	0.629	2.378	428.6
2144	0.768	0.628	2.369	428.8
2145	0.767	0.628	2.369	429.0
2146	0.769	0.625	2.374	429.2
2147	0.766	0.628	2.372	429.4
2148	0.765	0.626	2.377	429.6
2149	0.766	0.626	2.374	429.8
2150	0.767	0.627	2.373	430.0
2151	0.767	0.626	2.376	430.2
2152	0.765	0.627	2.372	430.4
2153	0.765	0.625	2.371	430.6
2154	0.767	0.628	2.374	430.8
2155	0.766	0.624	2.368	431.0
2156	0.765	0.624	2.371	431.2
2157	0.767	0.626	2.373	431.4
2158	0.769	0.626	2.366	431.6
2159	0.767	0.626	2.370	431.8
2160	0.767	0.624	2.370	432.0
2161	0.766	0.627	2.369	432.2
2162	0.768	0.627	2.374	432.4
2163	0.765	0.625	2.372	432.6
2164	0.767	0.626	2.368	432.8
2165	0.767	0.624	2.369	433.0
2166	0.767	0.627	2.369	433.2
2167	0.766	0.623	2.365	433.4
2168	0.764	0.626	2.372	433.6
2169	0.766	0.626	2.371	433.8
2170	0.765	0.628	2.365	434.0
2171	0.765	0.625	2.369	434.2
2172	0.764	0.626	2.376	434.4
2173	0.767	0.626	2.368	434.6
2174	0.766	0.629	2.367	434.8
2175	0.765	0.626	2.364	435.0
2176	0.764	0.626	2.372	435.2
2177	0.764	0.625	2.371	435.4
2178	0.765	0.627	2.362	435.6
2179	0.763	0.627	2.361	435.8
2180	0.764	0.627	2.377	436.0
2181	0.762	0.628	2.368	436.2
2182	0.763	0.627	2.358	436.4
2183	0.765	0.626	2.365	436.6
2184	0.763	0.626	2.370	436.8
2185	0.764	0.626	2.362	437.0
2186	0.763	0.626	2.366	437.2
2187	0.762	0.626	2.370	437.4
2188	0.763	0.626	2.356	437.6
2189	0.765	0.626	2.366	437.8
2190	0.763	0.626	2.369	438.0
2191	0.763	0.624	2.361	438.2
2192	0.763	0.625	2.363	438.4
2193	0.763	0.626	2.365	438.6
2194	0.764	0.623	2.358	438.8
2195	0.762	0.623	2.365	439.0
2196	0.764	0.625	2.368	439.2
2197	0.762	0.624	2.355	439.4
2198	0.763	0.628	2.364	439.6
2199	0.764	0.625	2.365	439.8
2200	0.762	0.622	2.366	440.0
2201	0.763	0.623	2.366	440.2
2202	0.763	0.624	2.366	440.4
2203	0.762	0.622	2.362	440.6
2204	0.761	0.622	2.359	440.8
2205	0.763	0.623	2.367	441.0
2206	0.762	0.623	2.364	441.2
2207	0.764	0.626	2.359	441.4
2208	0.762	0.624	2.357	441.6
2209	0.761	0.623	2.356	441.8
2210	0.763	0.625	2.366	442.0
2211	0.762	0.621	2.357	442.2
2212	0.762	0.621	2.359	442.4
2213	0.760	0.621	2.364	442.6
2214	0.762	0.621	2.368	442.8
2215	0.761	0.622	2.359	443.0
2216	0.762	0.621	2.359	443.2
2217	0.760	0.623	2.360	443.4
2218	0.761	0.623	2.359	443.6
2219	0.762	0.622	2.364	443.8
2220	0.764	0.623	2.355	444.0
2221	0.763	0.624	2.354	444.2
2222	0.760	0.623	2.370	444.4
2223	0.761	0.621	2.363	444.6
2224	0.764	0.618	2.355	444.8
2225	0.759	0.619	2.365	445.0
2226	0.760	0.619	2.364	445.2
2227	0.760	0.622	2.357	445.4
2228	0.762	0.620	2.356	445.6
2229	0.759	0.621	2.360	445.8
2230	0.759	0.618	2.365	446.0
2231	0.762	0.620	2.366	446.2
2232	0.761	0.622	2.353	446.4
2233	0.760	0.623	2.359	446.6
2234	0.760	0.621	2.369	446.8
2235	0.762	0.621	2.352	447.0
2236	0.761	0.621	2.355	447.2
2237	0.760	0.618	2.367	447.4
2238	0.761	0.621	2.355	447.6
2239	0.760	0.619	2.358	447.8
2240	0.760	0.618	2.359	448.0
2241	0.758	0.621	2.359	448.2
2242	0.761	0.618	2.363	448.4
2243	0.758	0.618	2.353	448.6
2244	0.757	0.620	2.359	448.8
2245	0.759	0.619	2.360	449.0
2246	0.758	0.619	2.359	449.2
2247	0.757	0.618	2.360	449.4
2248	0.757	0.617	2.357	449.6
2249	0.756	0.618	2.365	449.8
2250	0.756	0.618	2.359	450.0
2251	0.758	0.620	2.356	450.2
2252	0.757	0.620	2.365	450.4
2253	0.759	0.621	2.356	450.6
2254	0.756	0.620	2.355	450.8
2255	0.757	0.620	2.360	451.0
2256	0.758	0.619	2.349	451.2
2257	0.757	0.620	2.358	451.4
2258	0.757	0.620	2.361	451.6
2259	0.757	0.618	2.350	451.8
2260	0.759	0.620	2.358	452.0
2261	0.757	0.620	2.356	452.2
2262	0.755	0.620	2.352	452.4
2263	0.758	0.620	2.360	452.6
2264	0.756	0.619	2.355	452.8
2265	0.757	0.619	2.353	453.0
2266	0.758	0.617	2.358	453.2
2267	0.756	0.616	2.361	453.4
2268	0.759	0.618	2.351	453.6
2269	0.757	0.619	2.350	453.8
2270	0.756	0.618	2.360	454.0
2271	0.756	0.619	2.347	454.2
2272	0.759	0.621	2.353	454.4
2273	0.757	0.619	2.357	454.6
2274	0.755	0.619	2.353	454.8
2275	0.758	0.620	2.353	455.0
2276	0.756	0.621	2.357	455.2
2277	0.757	0.616	2.349	455.4
2278	0.758	0.618	2.355	455.6
2279	0.760	0.617	2.349	455.8
2280	0.755	0.619	2.351	456.0
2281	0.757	0.617	2.349	456.2
2282	0.756	0.617	2.357	456.4
2283	0.756	0.619	2.352	456.6
2284	0.756	0.618	2.350	456.8
2285	0.756	0.616	2.351	457.0
2286	0.757	0.619	2.350	457.2
2287	0.756	0.616	2.357	457.4
2288	0.756	0.618	2.348	457.6
2289	0.755	0.618	2.355	457.8
2290	0.759	0.615	2.352	458.0
2291	0.756	0.619	2.357	458.2
2292	0.755	0.620	2.344	458.4
2293	0.756	0.617	2.359	458.6
2294	0.754	0.616	2.349	458.8
2295	0.760	0.617	2.352	459.0
2296	0.757	0.617	2.348	459.2
2297	0.757	0.617	2.361	459.4
2298	0.757	0.618	2.343	459.6
2299	0.758	0.617	2.357	459.8
2300	0.759	0.618	2.344	460.0
2301	0.758	0.615	2.354	460.2
2302	0.759	0.617	2.346	460.4
2303	0.757	0.617	2.353	460.6
2304	0.757	0.617	2.345	460.8
2305	0.757	0.617	2.357	461.0
2306	0.758	0.618	2.345	461.2
2307	0.758	0.619	2.347	461.4
2308	0.759	0.617	2.348	461.6
2309	0.757	0.618	2.352	461.8
2310	0.757	0.618	2.345	462.0
2311	0.757	0.619	2.349	462.2
2312	0.761	0.618	2.348	462.4
2313	0.757	0.619	2.344	462.6
2314	0.758	0.618	2.349	462.8
2315	0.759	0.621	2.344	463.0
2316	0.758	0.620	2.345	463.2
2317	0.755	0.618	2.349	463.4
2318	0.757	0.618	2.351	463.6
2319	0.758	0.617	2.336	463.8
2320	0.758	0.618	2.354	464.0
2321	0.758	0.619	2.347	464.2
2322	0.758	0.617	2.347	464.4
2323	0.755	0.618	2.337	464.6
2324	0.759	0.616	2.356	464.8
2325	0.757	0.615	2.341	465.0
2326	0.757	0.616	2.353	465.2
2327	0.755	0.617	2.341	465.4
2328	0.756	0.617	2.353	465.6
2329	0.756	0.617	2.344	465.8
2330	0.755	0.615	2.344	466.0
2331	0.755	0.615	2.340	466.2
2332	0.756	0.615	2.356	466.4
2333	0.754	0.618	2.339	466.6
2334	0.756	0.617	2.345	466.8
2335	0.754	0.615	2.344	467.0
2336	0.755	0.614	2.350	467.2
2337	0.755	0.614	2.337	467.4
2338	0.756	0.615	2.349	467.6
2339	0.752	0.616	2.345	467.8
2340	0.755	0.616	2.349	468.0
2341	0.754	0.615	2.337	468.2
2342	0.754	0.612	2.353	468.4
2343	0.754	0.616	2.337	468.6
2344	0.755	0.613	2.346	468.8
2345	0.753	0.613	2.336	469.0
2346	0.751	0.614	2.351	469.2
2347	0.755	0.613	2.335	469.4
2348	0.752	0.613	2.348	469.6
2349	0.754	0.613	2.343	469.8
2350	0.754	0.612	2.349	470.0
2351	0.753	0.611	2.336	470.2
2352	0.754	0.612	2.350	470.4
2353	0.754	0.613	2.343	470.6
2354	0.754	0.611	2.347	470.8
2355	0.754	0.612	2.336	471.0
2356	0.752	0.612	2.347	471.2
2357	0.754	0.615	2.337	471.4
2358	0.752	0.612	2.349	471.6
2359	0.752	0.613	2.337	471.8
2360	0.753	0.611	2.345	472.0
2361	0.752	0.613	2.344	472.2
2362	0.755	0.612	2.343	472.4
2363	0.752	0.609	2.343	472.6
2364	0.754	0.613	2.343	472.8
2365	0.751	0.613	2.341	473.0
2366	0.753	0.613	2.340	473.2
2367	0.754	0.612	2.344	473.4
2368	0.753	0.613	2.345	473.6
2369	0.752	0.611	2.339	473.8
2370	0.752	0.612	2.340	474.0
2371	0.752	0.611	2.347	474.2
2372	0.752	0.610	2.333	474.4
2373	0.754	0.610	2.345	474.6
2374	0.753	0.612	2.335	474.8
2375	0.751	0.613	2.343	475.0
2376	0.752	0.611	2.339	475.2
2377	0.750	0.612	2.336	475.4
2378	0.754	0.609	2.338	475.6
2379	0.751	0.610	2.349	475.8
2380	0.755	0.609	2.329	476.0
2381	0.751	0.612	2.341	476.2
2382	0.753	0.614	2.342	476.4
2383	0.752	0.613	2.337	476.6
2384	0.750	0.610	2.340	476.8
2385	0.751	0.611	2.343	477.0
2386	0.752	0.612	2.334	477.2
2387	0.752	0.609	2.342	477.4
2388	0.750	0.612	2.337	477.6
2389	0.749	0.610	2.337	477.8
2390	0.752	0.609	2.344	478.0
2391	0.752	0.610	2.335	478.2
2392	0.752	0.614	2.339	478.4
2393	0.751	0.613	2.338	478.6
2394	0.750	0.610	2.339	478.8
2395	0.751	0.610	2.335	479.0
2396	0.753	0.611	2.341	479.2
2397	0.753	0.612	2.331	479.4
2398	0.751	0.612	2.342	479.6
2399	0.751	0.614	2.336	479.8
2400	0.753	0.613	2.338	480.0
2401	0.751	0.614	2.328	480.2
2402	0.753	0.613	2.339	480.4
2403	0.752	0.611	2.333	480.6
2404	0.751	0.615	2.343	480.8
2405	0.751	0.613	2.331	481.0
2406	0.751	0.612	2.336	481.2
2407	0.752	0.610	2.336	481.4
2408	0.754	0.613	2.336	481.6
2409	0.753	0.611	2.337	481.8
2410	0.752	0.611	2.333	482.0
2411	0.752	0.611	2.338	482.2
2412	0.750	0.611	2.337	482.4
2413	0.754	0.613	2.333	482.6
2414	0.752	0.610	2.338	482.8
2415	0.750	0.611	2.337	483.0
2416	0.751	0.610	2.329	483.2
2417	0.752	0.611	2.339	483.4
2418	0.750	0.613	2.337	483.6
2419	0.752	0.607	2.333	483.8
2420	0.751	0.611	2.332	484.0
2421	0.751	0.609	2.342	484.2
2422	0.750	0.608	2.331	484.4
2423	0.750	0.610	2.334	484.6
2424	0.751	0.608	2.335	484.8
2425	0.748	0.612	2.337	485.0
2426	0.752	0.609	2.324	485.2
2427	0.750	0.609	2.337	485.4
2428	0.748	0.610	2.338	485.6
2429	0.747	0.609	2.330	485.8
2430	0.748	0.607	2.337	486.0
2431	0.750	0.609	2.334	486.2
2432	0.748	0.610	2.335	486.4
2433	0.749	0.609	2.333	486.6
2434	0.750	0.611	2.340	486.8
2435	0.750	0.609	2.324	487.0
2436	0.751	0.607	2.345	487.2
2437	0.750	0.608	2.327	487.4
2438	0.749	0.611	2.343	487.6
2439	0.751	0.609	2.327	487.8
2440	0.749	0.611	2.335	488.0
2441	0.749	0.611	2.332	488.2
2442	0.751	0.608	2.332	488.4
2443	0.749	0.609	2.338	488.6
2444	0.749	0.607	2.331	488.8
2445	0.751	0.609	2.330	489.0
2446	0.749	0.612	2.333	489.2
2447	0.749	0.613	2.331	489.4
2448	0.750	0.610	2.333	489.6
2449	0.751	0.611	2.331	489.8
2450	0.751	0.611	2.330	490.0
2451	0.749	0.609	2.335	490.2
2452	0.750	0.610	2.332	490.4
2453	0.748	0.609	2.336	490.6
2454	0.748	0.609	2.331	490.8
2455	0.749	0.610	2.337	491.0
2456	0.748	0.608	2.331	491.2
2457	0.747	0.608	2.334	491.4
2458	0.747	0.612	2.336	491.6
2459	0.748	0.612	2.334	491.8
2460	0.749	0.610	2.328	492.0
2461	0.749	0.609	2.335	492.2
2462	0.748	0.609	2.329	492.4
2463	0.749	0.611	2.330	492.6
2464	0.747	0.610	2.337	492.8
2465	0.750	0.609	2.325	493.0
2466	0.748	0.609	2.337	493.2
2467	0.748	0.608	2.335	493.4
2468	0.751	0.611	2.328	493.6
2469	0.747	0.608	2.329	493.8
2470	0.747	0.609	2.332	494.0
2471	0.750	0.608	2.324	494.2
2472	0.749	0.607	2.333	494.4
2473	0.749	0.608	2.324	494.6
2474	0.751	0.609	2.331	494.8
2475	0.747	0.608	2.333	495.0
2476	0.750	0.608	2.329	495.2
2477	0.746	0.609	2.325	495.4
2478	0.749	0.608	2.338	495.6
2479	0.750	0.608	2.322	495.8
2480	0.750	0.607	2.337	496.0
2481	0.747	0.608	2.326	496.2
2482	0.748	0.609	2.333	496.4
2483	0.748	0.607	2.320	496.6
2484	0.750	0.607	2.337	496.8
2485	0.749	0.607	2.325	497.0
2486	0.749	0.607	2.330	497.2
2487	0.747	0.608	2.329	497.4
2488	0.748	0.608	2.331	497.6
2489	0.749	0.607	2.318	497.8
2490	0.749	0.604	2.331	498.0
2491	0.747	0.608	2.325	498.2
2492	0.747	0.610	2.330	498.4
2493	0.746	0.607	2.325	498.6
2494	0.748	0.607	2.327	498.8
2495	0.746	0.604	2.325	499.0
2496	0.746	0.605	2.331	499.2
2497	0.749	0.605	2.326	499.4
2498	0.748	0.606	2.332	499.6
2499	0.748	0.606	2.320	499.8
2500	0.745	0.606	2.328	500.0
2501	0.748	0.606	2.324	500.2
2502	0.748	0.605	2.331	500.4
2503	0.747	0.606	2.319	500.6
2504	0.747	0.605	2.337	500.8
2505	0.745	0.609	2.314	501.0
2506	0.748	0.605	2.323	501.2
2507	0.748	0.606	2.325	501.4
2508	0.746	0.606	2.333	501.6
2509	0.749	0.607	2.316	501.8
2510	0.749	0.605	2.331	502.0
2511	0.746	0.605	2.325	502.2
2512	0.746	0.608	2.329	502.4
2513	0.747	0.604	2.318	502.6
2514	0.749	0.605	2.331	502.8
2515	0.748	0.605	2.324	503.0
2516	0.747	0.607	2.324	503.2
2517	0.747	0.609	2.326	503.4
2518	0.725	0.592	2.139	503.6
2519	0.348	0.283	1.318	503.8
2520	0.015	0.007	0.785	504.0
2521	-0.013	-0.011	0.769	504.2
2522	-0.013	-0.011	0.780	504.4
2523	-0.013	-0.012	0.783	504.6
2524	-0.013	-0.010	0.777	504.8
2525	-0.013	-0.015	0.777	505.0
2526	-0.013	-0.010	0.791	505.2
2527	-0.011	-0.010	0.777	505.4
2528	-0.012	-0.009	0.771	505.6
2529	-0.013	-0.012	0.776	505.8
2530	-0.012	-0.015	0.780	506.0
2531	-0.010	-0.016	0.774	506.2
2532	-0.013	-0.012	0.781	506.4
2533	-0.011	-0.013	0.781	506.6
2534	-0.013	-0.011	0.777	506.8
2535	-0.015	-0.011	0.776	507.0
2536	-0.013	-0.012	0.774	507.2
2537	-0.013	-0.012	0.785	507.4
2538	-0.013	-0.016	0.781	507.6
2539	-0.015	-0.015	0.770	507.8
2540	-0.013	-0.014	0.778	508.0
2541	-0.014	-0.013	0.790	508.2
2542	-0.012	-0.012	0.768	508.4
2543	-0.017	-0.010	0.771	508.6
2544	-0.014	-0.010	0.781	508.8
2545	-0.014	-0.011	0.773	509.0
2546	-0.018	-0.014	0.778	509.2
2547	-0.017	-0.016	0.778	509.4
2548	-0.016	-0.013	0.778	509.6
2549	-0.014	-0.013	0.779	509.8
2550	-0.015	-0.013	0.778	510.0
2551	-0.013	-0.011	0.780	510.2
2552	-0.015	-0.011	0.778	510.4
2553	-0.016	-0.011	0.778	510.6
2554	-0.015	-0.013	0.780	510.8
2555	-0.015	-0.015	0.780	511.0
2556	-0.016	-0.013	0.781	511.2
2557	-0.017	-0.012	0.778	511.4
2558	-0.016	-0.013	0.777	511.6
2559	-0.018	-0.011	0.779	511.8
2560	-0.016	-0.013	0.776	512.0
2561	-0.016	-0.012	0.778	512.2
2562	-0.016	-0.013	0.778	512.4
2563	-0.017	-0.015	0.778	512.6
2564	-0.017	-0.012	0.779	512.8
2565	-0.019	-0.015	0.778	513.0
2566	-0.017	-0.014	0.776	513.2
2567	-0.016	-0.014	0.776	513.4
2568	-0.016	-0.012	0.780	513.6
2569	-0.018	-0.014	0.777	513.8
2570	-0.016	-0.013	0.778	514.0
2571	-0.019	-0.014	0.775	514.2
2572	-0.017	-0.013	0.779	514.4
2573	-0.018	-0.013	0.780	514.6
2574	-0.016	-0.012	0.782	514.8
2575	-0.018	-0.011	0.778	515.0
2576	-0.018	-0.013	0.777	515.2
2577	-0.018	-0.014	0.779	515.4
2578	-0.018	-0.014	0.778	515.6
2579	-0.018	-0.014	0.777	515.8
2580	-0.017	-0.013	0.773	516.0
2581	-0.018	-0.013	0.778	516.2
2582	-0.019	-0.010	0.777	516.4
2583	-0.018	-0.008	0.779	516.6
2584	-0.018	-0.013	0.778	516.8
2585	-0.018	-0.015	0.779	517.0
2586	-0.021	-0.016	0.777	517.2
2587	-0.019	-0.015	0.776	517.4
2588	-0.019	-0.013	0.778	517.6
2589	-0.021	-0.012	0.782	517.8
2590	-0.022	-0.011	0.778	518.0
2591	-0.022	-0.013	0.780	518.2
2592	-0.019	-0.013	0.778	518.4
2593	-0.021	-0.015	0.775	518.6
2594	-0.021	-0.012	0.776	518.8
2595	-0.020	-0.011	0.778	519.0
2596	-0.020	-0.013	0.775	519.2
2597	-0.019	-0.013	0.777	519.4
2598	-0.022	-0.009	0.779	519.6
2599	-0.023	-0.011	0.780	519.8
2600	-0.022	-0.013	0.778	520.0
2601	-0.020	-0.014	0.777	520.2
2602	-0.020	-0.012	0.778	520.4
2603	-0.020	-0.010	0.778	520.6
2604	-0.022	-0.009	0.776	520.8
2605	-0.021	-0.009	0.778	521.0
2606	-0.022	-0.011	0.779	521.2
2607	-0.020	-0.012	0.780	521.4
2608	-0.021	-0.011	0.776	521.6
2609	-0.021	-0.011	0.775	521.8
2610	-0.021	-0.011	0.777	522.0
2611	-0.019	-0.009	0.776	522.2
2612	-0.021	-0.013	0.777	522.4
2613	-0.022	-0.011	0.779	522.6
2614	-0.018	-0.010	0.777	522.8
2615	-0.021	-0.009	0.778	523.0
2616	-0.021	-0.011	0.778	523.2
2617	-0.022	-0.011	0.780	523.4
2618	-0.023	-0.011	0.778	523.6
2619	-0.022	-0.013	0.780	523.8
2620	-0.021	-0.009	0.777	524.0
2621	-0.019	-0.009	0.776	524.2
2622	-0.021	-0.007	0.778	524.4
2623	-0.024	-0.010	0.779	524.6
2624	-0.022	-0.013	0.782	524.8
2625	-0.020	-0.013	0.778	525.0
2626	-0.025	-0.015	0.779	525.2
2627	-0.021	-0.013	0.780	525.4
2628	-0.022	-0.012	0.778	525.6
2629	-0.022	-0.010	0.780	525.8
2630	-0.023	-0.011	0.778	526.0
2631	-0.022	-0.007	0.778	526.2
2632	-0.020	-0.010	0.776	526.4
2633	-0.023	-0.013	0.777	526.6
2634	-0.023	-0.015	0.779	526.8
2635	-0.023	-0.012	0.780	527.0
2636	-0.022	-0.013	0.780	527.2
2637	-0.021	-0.008	0.779	527.4
2638	-0.022	-0.010	0.779	527.6
2639	-0.021	-0.012	0.778	527.8
2640	-0.022	-0.011	0.777	528.0
2641	-0.024	-0.012	0.778	528.2
2642	-0.023	-0.012	0.776	528.4
2643	-0.020	-0.012	0.776	528.6
2644	-0.022	-0.011	0.778	528.8
2645	-0.022	-0.008	0.780	529.0
2646	-0.024	-0.009	0.779	529.2
2647	-0.023	-0.011	0.779	529.4
2648	-0.022	-0.011	0.778	529.6
2649	-0.023	-0.015	0.780	529.8
2650	-0.023	-0.013	0.777	530.0
2651	-0.024	-0.012	0.777	530.2
2652	-0.023	-0.011	0.778	530.4
2653	-0.023	-0.009	0.779	530.6
2654	-0.022	-0.007	0.779	530.8
2655	-0.023	-0.008	0.775	531.0
2656	-0.023	-0.011	0.777	531.2
2657	-0.023	-0.011	0.778	531.4
2658	-0.024	-0.013	0.779	531.6
2659	-0.022	-0.013	0.780	531.8
2660	-0.024	-0.013	0.775	532.0
2661	-0.024	-0.009	0.780	532.2
2662	-0.023	-0.009	0.781	532.4
2663	-0.025	-0.008	0.777	532.6
2664	-0.025	-0.009	0.777	532.8
2665	-0.022	-0.013	0.780	533.0
2666	-0.025	-0.012	0.774	533.2
2667	-0.025	-0.010	0.776	533.4
2668	-0.025	-0.012	0.778	533.6
2669	-0.025	-0.012	0.777	533.8
2670	-0.026	-0.009	0.778	534.0
2671	-0.027	-0.012	0.775	534.2
2672	-0.026	-0.011	0.777	534.4
2673	-0.024	-0.008	0.777	534.6
2674	-0.025	-0.010	0.776	534.8
2675	-0.027	-0.011	0.778	535.0
2676	-0.027	-0.010	0.778	535.2
2677	-0.027	-0.011	0.779	535.4
2678	-0.027	-0.011	0.778	535.6
2679	-0.026	-0.012	0.777	535.8
2680	-0.028	-0.011	0.776	536.0
2681	-0.026	-0.010	0.775	536.2
2682	-0.029	-0.011	0.774	536.4
2683	-0.028	-0.012	0.777	536.6
2684	-0.027	-0.013	0.776	536.8
2685	-0.028	-0.013	0.776	537.0
2686	-0.028	-0.011	0.779	537.2
2687	-0.027	-0.011	0.778	537.4
2688	-0.029	-0.013	0.778	537.6
2689	-0.028	-0.012	0.778	537.8
2690	-0.029	-0.012	0.777	538.0
2691	-0.027	-0.014	0.777	538.2
2692	-0.029	-0.017	0.774	538.4
2693	-0.030	-0.011	0.777	538.6
2694	-0.029	-0.014	0.779	538.8
2695	-0.026	-0.013	0.779	539.0
2696	-0.028	-0.013	0.776	539.2
2697	-0.028	-0.015	0.780	539.4
2698	-0.029	-0.015	0.778	539.6
2699	-0.028	-0.014	0.777	539.8
2700	-0.030	-0.012	0.777	540.0
2701	-0.025	-0.014	0.777	540.2
2702	-0.028	-0.016	0.779	540.4
2703	-0.028	-0.013	0.777	540.6
2704	-0.026	-0.013	0.778	540.8
2705	-0.027	-0.012	0.779	541.0
2706	-0.027	-0.012	0.776	541.2
2707	-0.026	-0.012	0.776	541.4
2708	-0.026	-0.011	0.779	541.6
2709	-0.026	-0.011	0.779	541.8
2710	-0.025	-0.013	0.780	542.0
2711	-0.025	-0.015	0.778	542.2
2712	-0.027	-0.013	0.780	542.4
2713	-0.026	-0.013	0.778	542.6
2714	-0.029	-0.015	0.777	542.8
2715	-0.027	-0.015	0.778	543.0
2716	-0.027	-0.015	0.780	543.2
2717	-0.027	-0.015	0.778	543.4
2718	-0.028	-0.013	0.778	543.6
2719	-0.029	-0.015	0.776	543.8
2720	-0.027	-0.015	0.777	544.0
2721	-0.028	-0.011	0.775	544.2
2722	-0.029	-0.010	0.775	544.4
2723	-0.029	-0.009	0.779	544.6
2724	-0.028	-0.011	0.779	544.8
2725	-0.028	-0.013	0.778	545.0
2726	-0.027	-0.014	0.778	545.2
2727	-0.028	-0.011	0.777	545.4
2728	-0.028	-0.015	0.779	545.6
2729	-0.029	-0.011	0.780	545.8
2730	-0.031	-0.011	0.776	546.0
2731	-0.027	-0.010	0.777	546.2
2732	-0.028	-0.011	0.779	546.4
2733	-0.028	-0.012	0.776	546.6
2734	-0.028	-0.015	0.778	546.8
2735	-0.029	-0.011	0.778	547.0
2736	-0.029	-0.013	0.777	547.2
2737	-0.028	-0.011	0.777	547.4
2738	-0.028	-0.011	0.778	547.6
2739	-0.027	-0.009	0.780	547.8
2740	-0.026	-0.008	0.775	548.0
2741	-0.028	-0.010	0.778	548.2
2742	-0.028	-0.011	0.777	548.4
2743	-0.026	-0.010	0.776	548.6
2744	-0.029	-0.009	0.773	548.8
2745	-0.028	-0.007	0.775	549.0
2746	-0.029	-0.009	0.779	549.2
2747	-0.028	-0.006	0.781	549.4
2748	-0.031	-0.007	0.775	549.6
2749	-0.025	-0.009	0.776	549.8
2750	-0.028	-0.012	0.772	550.0
2751	-0.027	-0.011	0.773	550.2
2752	-0.027	-0.012	0.776	550.4
2753	-0.026	-0.007	0.777	550.6
2754	-0.027	-0.008	0.775	550.8
2755	-0.026	-0.011	0.779	551.0
2756	-0.026	-0.011	0.775	551.2
2757	-0.026	-0.012	0.779	551.4
2758	-0.026	-0.011	0.779	551.6
2759	-0.026	-0.010	0.779	551.8
2760	-0.025	-0.008	0.780	552.0
2761	-0.026	-0.010	0.776	552.2
2762	-0.024	-0.010	0.778	552.4
2763	-0.026	-0.009	0.779	552.6
2764	-0.024	-0.009	0.780	552.8
2765	-0.026	-0.010	0.778	553.0
2766	-0.028	-0.013	0.777	553.2
2767	-0.026	-0.013	0.777	553.4
2768	-0.026	-0.013	0.780	553.6
2769	-0.024	-0.011	0.776	553.8
2770	-0.026	-0.011	0.782	554.0
2771	-0.026	-0.010	0.777	554.2
2772	-0.026	-0.011	0.779	554.4
2773	-0.025	-0.012	0.776	554.6
2774	-0.026	-0.009	0.779	554.8
2775	-0.025	-0.011	0.778	555.0
2776	-0.026	-0.011	0.778	555.2
2777	-0.027	-0.011	0.778	555.4
2778	-0.025	-0.013	0.779	555.6
2779	-0.026	-0.014	0.776	555.8
2780	-0.026	-0.013	0.777	556.0
2781	-0.026	-0.012	0.778	556.2
2782	-0.027	-0.011	0.778	556.4
2783	-0.026	-0.013	0.775	556.6
2784	-0.027	-0.012	0.775	556.8
2785	-0.026	-0.012	0.777	557.0
2786	-0.027	-0.013	0.778	557.2
2787	-0.025	-0.011	0.777	557.4
2788	-0.028	-0.010	0.777	557.6
2789	-0.028	-0.010	0.779	557.8
2790	-0.026	-0.012	0.776	558.0
2791	-0.026	-0.010	0.776	558.2
2792	-0.025	-0.011	0.778	558.4
2793	-0.024	-0.009	0.778	558.6
2794	-0.027	-0.009	0.777	558.8
2795	-0.027	-0.009	0.776	559.0
2796	-0.025	-0.011	0.777	559.2
2797	-0.023	-0.011	0.778	559.4
2798	-0.025	-0.013	0.778	559.6
2799	-0.026	-0.013	0.776	559.8
2800	-0.023	-0.013	0.778	560.0
2801	-0.024	-0.010	0.778	560.2
2802	-0.022	-0.011	0.776	560.4
2803	-0.024	-0.011	0.776	560.6
2804	-0.023	-0.011	0.777	560.8
2805	-0.024	-0.011	0.776	561.0
2806	-0.023	-0.013	0.777	561.2
2807	-0.023	-0.013	0.779	561.4
2808	-0.025	-0.016	0.778	561.6
2809	-0.022	-0.012	0.779	561.8
2810	-0.022	-0.011	0.779	562.0
2811	-0.026	-0.009	0.779	562.2
2812	-0.025	-0.013	0.777	562.4
2813	-0.023	-0.013	0.777	562.6
2814	-0.023	-0.014	0.777	562.8
2815	-0.025	-0.017	0.778	563.0
2816	-0.024	-0.015	0.776	563.2
2817	-0.025	-0.015	0.776	563.4
2818	-0.024	-0.013	0.779	563.6
2819	-0.022	-0.009	0.777	563.8
2820	-0.023	-0.013	0.776	564.0
2821	-0.025	-0.011	0.777	564.2
2822	-0.023	-0.013	0.779	564.4
2823	-0.024	-0.015	0.779	564.6
2824	-0.025	-0.012	0.777	564.8
2825	-0.025	-0.015	0.778	565.0
2826	-0.022	-0.015	0.778	565.2
2827	-0.022	-0.010	0.780	565.4
2828	-0.025	-0.009	0.777	565.6
2829	-0.022	-0.010	0.779	565.8
2830	-0.022	-0.012	0.776	566.0
2831	-0.024	-0.014	0.778	566.2
2832	-0.023	-0.013	0.775	566.4
2833	-0.022	-0.015	0.777	566.6
2834	-0.022	-0.014	0.779	566.8
2835	-0.024	-0.011	0.777	567.0
2836	-0.023	-0.012	0.776	567.2
2837	-0.025	-0.010	0.778	567.4
2838	-0.025	-0.014	0.777	567.6
2839	-0.022	-0.015	0.778	567.8
2840	-0.024	-0.014	0.777	568.0
2841	-0.023	-0.012	0.779	568.2
2842	-0.023	-0.013	0.777	568.4
2843	-0.022	-0.013	0.777	568.6
2844	-0.023	-0.011	0.778	568.8
2845	-0.021	-0.011	0.777	569.0
2846	-0.022	-0.013	0.777	569.2
2847	-0.024	-0.012	0.778	569.4
2848	-0.022	-0.013	0.777	569.6
2849	-0.022	-0.014	0.778	569.8
2850	-0.019	-0.011	0.775	570.0
2851	-0.024	-0.013	0.778	570.2
2852	-0.022	-0.014	0.778	570.4
2853	-0.024	-0.015	0.778	570.6
2854	-0.022	-0.015	0.777	570.8
2855	-0.023	-0.012	0.777	571.0
2856	-0.024	-0.012	0.777	571.2
2857	-0.022	-0.013	0.778	571.4
2858	-0.023	-0.009	0.774	571.6
2859	-0.024	-0.011	0.776	571.8
2860	-0.023	-0.014	0.777	572.0
2861	-0.020	-0.014	0.779	572.2
2862	-0.022	-0.014	0.780	572.4
2863	-0.022	-0.011	0.777	572.6
2864	-0.025	-0.010	0.778	572.8
2865	-0.024	-0.011	0.777	573.0
2866	-0.024	-0.009	0.776	573.2
2867	-0.023	-0.013	0.778	573.4
2868	-0.026	-0.014	0.780	573.6
2869	-0.026	-0.010	0.778	573.8
2870	-0.025	-0.013	0.778	574.0
2871	-0.024	-0.013	0.778	574.2
2872	-0.026	-0.012	0.777	574.4
2873	-0.026	-0.012	0.776	574.6
2874	-0.025	-0.013	0.775	574.8
2875	-0.025	-0.013	0.780	575.0
2876	-0.024	-0.015	0.774	575.2
2877	-0.025	-0.013	0.776	575.4
2878	-0.026	-0.012	0.778	575.6
2879	-0.026	-0.011	0.775	575.8
2880	-0.026	-0.011	0.778	576.0
2881	-0.025	-0.011	0.779	576.2
2882	-0.026	-0.011	0.776	576.4
2883	-0.026	-0.014	0.776	576.6
2884	-0.028	-0.014	0.779	576.8
2885	-0.027	-0.015	0.777	577.0
2886	-0.027	-0.011	0.781	577.2
2887	-0.028	-0.011	0.779	577.4
2888	-0.027	-0.008	0.779	577.6
2889	-0.027	-0.009	0.778	577.8
2890	-0.028	-0.014	0.777	578.0
2891	-0.028	-0.014	0.778	578.2
2892	-0.028	-0.014	0.776	578.4
2893	-0.026	-0.015	0.779	578.6
2894	-0.029	-0.013	0.777	578.8
2895	-0.028	-0.013	0.776	579.0
2896	-0.028	-0.013	0.776	579.2
2897	-0.026	-0.011	0.776	579.4
2898	-0.028	-0.013	0.777	579.6
2899	-0.029	-0.013	0.778	579.8
2900	-0.028	-0.013	0.780	580.0
2901	-0.027	-0.015	0.778	580.2
2902	-0.028	-0.013	0.777	580.4
2903	-0.026	-0.015	0.778	580.6
2904	-0.026	-0.012	0.776	580.8
2905	-0.026	-0.009	0.777	581.0
2906	-0.029	-0.008	0.778	581.2
2907	-0.029	-0.011	0.776	581.4
2908	-0.025	-0.013	0.777	581.6
2909	-0.029	-0.016	0.778	581.8
2910	-0.027	-0.014	0.779	582.0
2911	-0.026	-0.013	0.779	582.2
2912	-0.028	-0.010	0.779	582.4
2913	-0.029	-0.010	0.775	582.6
2914	-0.028	-0.009	0.779	582.8
2915	-0.028	-0.011	0.777	583.0
2916	-0.031	-0.011	0.780	583.2
2917	-0.030	-0.014	0.776	583.4
2918	-0.029	-0.013	0.777	583.6
2919	-0.029	-0.013	0.777	583.8
2920	-0.027	-0.015	0.776	584.0
2921	-0.029	-0.012	0.778	584.2
2922	-0.029	-0.006	0.780	584.4
2923	-0.028	-0.009	0.778	584.6
2924	-0.029	-0.013	0.777	584.8
2925	-0.027	-0.015	0.779	585.0
2926	-0.029	-0.014	0.779	585.2
2927	-0.029	-0.015	0.778	585.4
2928	-0.028	-0.009	0.777	585.6
2929	-0.030	-0.011	0.778	585.8
2930	-0.026	-0.007	0.778	586.0
2931	-0.029	-0.011	0.777	586.2
2932	-0.027	-0.012	0.778	586.4
2933	-0.027	-0.014	0.777	586.6
2934	-0.029	-0.011	0.774	586.8
2935	-0.028	-0.011	0.777	587.0
2936	-0.026	-0.011	0.778	587.2
2937	-0.026	-0.010	0.777	587.4
2938	-0.026	-0.013	0.777	587.6
2939	-0.026	-0.012	0.778	587.8
2940	-0.028	-0.012	0.777	588.0
2941	-0.026	-0.012	0.777	588.2
2942	-0.028	-0.013	0.777	588.4
2943	-0.025	-0.013	0.777	588.6
2944	-0.024	-0.011	0.777	588.8
2945	-0.025	-0.008	0.777	589.0
2946	-0.026	-0.009	0.775	589.2
2947	-0.025	-0.011	0.778	589.4
2948	-0.026	-0.013	0.777	589.6
2949	-0.024	-0.014	0.777	589.8
2950	-0.025	-0.011	0.778	590.0
2951	-0.025	-0.012	0.781	590.2
2952	-0.024	-0.012	0.776	590.4
2953	-0.025	-0.013	0.775	590.6
2954	-0.026	-0.012	0.777	590.8
2955	-0.026	-0.011	0.778	591.0
2956	-0.024	-0.013	0.778	591.2
2957	-0.026	-0.009	0.779	591.4
2958	-0.026	-0.010	0.778	591.6
2959	-0.024	-0.010	0.777	591.8
2960	-0.025	-0.011	0.777	592.0
2961	-0.028	-0.012	0.777	592.2
2962	-0.026	-0.011	0.775	592.4
2963	-0.027	-0.009	0.776	592.6
2964	-0.025	-0.011	0.779	592.8
2965	-0.026	-0.006	0.779	593.0
2966	-0.026	-0.011	0.779	593.2
2967	-0.025	-0.013	0.777	593.4
2968	-0.026	-0.014	0.776	593.6
2969	-0.026	-0.012	0.776	593.8
2970	-0.026	-0.009	0.778	594.0
2971	-0.028	-0.008	0.777	594.2
2972	-0.025	-0.010	0.778	594.4
2973	-0.026	-0.013	0.775	594.6
2974	-0.025	-0.015	0.776	594.8
2975	-0.026	-0.013	0.778	595.0
2976	-0.025	-0.010	0.778	595.2
2977	-0.026	-0.009	0.779	595.4
2978	-0.025	-0.012	0.779	595.6
2979	-0.026	-0.010	0.778	595.8
2980	-0.024	-0.011	0.778	596.0
2981	-0.025	-0.010	0.779	596.2
2982	-0.025	-0.007	0.778	596.4
2983	-0.023	-0.013	0.778	596.6
2984	-0.024	-0.015	0.777	596.8
2985	-0.025	-0.013	0.776	597.0
2986	-0.024	-0.010	0.777	597.2
2987	-0.025	-0.007	0.778	597.4
2988	-0.025	-0.006	0.775	597.6
2989	-0.023	-0.010	0.775	597.8
2990	-0.022	-0.012	0.778	598.0
2991	-0.026	-0.013	0.780	598.2
2992	-0.024	-0.012	0.777	598.4
2993	-0.024	-0.009	0.775	598.6
2994	-0.025	-0.010	0.776	598.8
2995	-0.024	-0.009	0.778	599.0
2996	-0.022	-0.009	0.778	599.2
2997	-0.022	-0.010	0.778	599.4
2998	-0.022	-0.010	0.779	599.6
2999	-0.022	-0.010	0.776	599.8
3000	-0.023	-0.011	0.777	600.0
3001	-0.025	-0.012	0.778	600.2
3002	-0.023	-0.011	0.777	600.4
3003	-0.025	-0.011	0.779	600.6
3004	-0.024	-0.013	0.779	600.8
3005	-0.024	-0.010	0.778	601.0
3006	-0.023	-0.012	0.777	601.2
3007	-0.023	-0.009	0.778	601.4
3008	-0.024	-0.012	0.776	601.6
3009	-0.024	-0.014	0.777	601.8
3010	-0.024	-0.013	0.777	602.0
3011	-0.023	-0.014	0.778	602.2
3012	-0.026	-0.009	0.780	602.4
