0	-0.015	-0.009	0.771	0.0
1	-0.014	-0.006	0.778	0.2
2	-0.016	-0.005	0.778	0.4
3	-0.015	-0.003	0.777	0.6
4	-0.014	-0.002	0.777	0.8
5	-0.013	-0.005	0.776	1.0
6	-0.012	-0.005	0.774	1.2
7	-0.012	-0.006	0.778	1.4
8	-0.013	-0.005	0.775	1.6
9	-0.010	-0.006	0.777	1.8
10	-0.014	-0.005	0.776	2.0
11	-0.011	-0.004	0.778	2.2
12	-0.013	-0.003	0.777	2.4
13	-0.011	-0.005	0.773	2.6
14	-0.013	-0.004	0.774	2.8
15	-0.011	-0.006	0.774	3.0
16	-0.011	-0.008	0.777	3.2
17	-0.011	-0.006	0.777	3.4
18	-0.011	-0.005	0.776	3.6
19	-0.012	-0.006	0.782	3.8
20	-0.014	-0.003	0.775	4.0
21	-0.013	-0.006	0.781	4.2
22	-0.011	-0.005	0.776	4.4
23	-0.012	-0.009	0.777	4.6
24	-0.010	-0.007	0.779	4.8
25	-0.013	-0.006	0.776	5.0
26	-0.011	-0.004	0.778	5.2
27	-0.011	-0.005	0.778	5.4
28	-0.011	-0.009	0.779	5.6
29	-0.008	-0.008	0.778	5.8
30	-0.010	-0.006	0.777	6.0
31	-0.011	-0.007	0.771	6.2
32	-0.009	-0.006	0.774	6.4
33	-0.010	-0.009	0.776	6.6
34	-0.009	-0.007	0.778	6.8
35	-0.011	-0.008	0.779	7.0
36	-0.011	-0.007	0.776	7.2
37	-0.011	-0.006	0.774	7.4
38	-0.011	-0.009	0.778	7.6
39	-0.011	-0.009	0.780	7.8
40	-0.011	-0.011	0.779	8.0
41	-0.010	-0.016	0.778	8.2
42	-0.010	-0.011	0.777	8.4
43	-0.010	-0.011	0.778	8.6
44	-0.009	-0.011	0.778	8.8
45	-0.010	-0.011	0.774	9.0
46	-0.007	-0.011	0.780	9.2
47	-0.009	-0.013	0.774	9.4
48	-0.008	-0.013	0.775	9.6
49	-0.007	-0.010	0.776	9.8
50	-0.009	-0.009	0.779	10.0
51	-0.007	-0.009	0.777	10.2
52	-0.008	-0.009	0.778	10.4
53	-0.009	-0.008	0.777	10.6
54	-0.008	-0.007	0.777	10.8
55	-0.009	-0.006	0.777	11.0
56	-0.010	-0.011	0.777	11.2
57	-0.009	-0.008	0.778	11.4
58	-0.009	-0.009	0.776	11.6
59	-0.009	-0.009	0.780	11.8
60	-0.009	-0.006	0.775	12.0
61	-0.009	-0.006	0.775	12.2
62	-0.009	-0.007	0.781	12.4
63	-0.010	-0.007	0.777	12.6
64	-0.009	-0.008	0.778	12.8
65	-0.009	-0.009	0.776	13.0
66	-0.009	-0.007	0.776	13.2
67	-0.008	-0.011	0.776	13.4
68	-0.009	-0.009	0.777	13.6
69	-0.008	-0.007	0.779	13.8
70	-0.006	-0.007	0.779	14.0
71	-0.008	-0.007	0.778	14.2
72	-0.009	-0.008	0.777	14.4
73	-0.007	-0.009	0.777	14.6
74	-0.007	-0.010	0.775	14.8
75	-0.009	-0.007	0.779	15.0
76	-0.010	-0.006	0.775	15.2
77	-0.009	-0.006	0.779	15.4
78	-0.009	-0.009	0.778	15.6
79	-0.010	-0.007	0.774	15.8
80	-0.009	-0.008	0.780	16.0
81	-0.009	-0.010	0.776	16.2
82	-0.009	-0.007	0.778	16.4
83	-0.009	-0.010	0.778	16.6
84	-0.010	-0.007	0.778	16.8
85	-0.011	-0.009	0.777	17.0
86	-0.011	-0.010	0.778	17.2
87	-0.011	-0.010	0.778	17.4
88	-0.009	-0.009	0.778	17.6
89	-0.010	-0.011	0.776	17.8
90	-0.010	-0.008	0.779	18.0
91	-0.011	-0.008	0.776	18.2
92	-0.011	-0.008	0.778	18.4
93	-0.012	-0.007	0.776	18.6
94	-0.010	-0.007	0.777	18.8
95	-0.013	-0.007	0.777	19.0
96	-0.012	-0.011	0.777	19.2
97	-0.011	-0.007	0.777	19.4
98	-0.011	-0.009	0.776	19.6
99	-0.011	-0.008	0.778	19.8
100	-0.011	-0.005	0.775	20.0
101	-0.010	-0.003	0.776	20.2
102	-0.014	-0.007	0.777	20.4
103	-0.011	-0.008	0.779	20.6
104	-0.012	-0.005	0.773	20.8
105	-0.012	-0.007	0.779	21.0
106	-0.013	-0.004	0.776	21.2
107	-0.012	-0.003	0.775	21.4
108	-0.012	-0.006	0.776	21.6
109	-0.011	-0.006	0.780	21.8
110	-0.011	-0.005	0.775	22.0
111	-0.012	-0.007	0.780	22.2
112	-0.014	-0.007	0.776	22.4
113	-0.015	-0.008	0.776	22.6
114	-0.014	-0.007	0.775	22.8
115	-0.013	-0.005	0.776	23.0
116	-0.014	-0.007	0.782	23.2
117	-0.010	-0.006	0.776	23.4
118	-0.013	-0.005	0.777	23.6
119	-0.015	-0.005	0.777	23.8
120	-0.013	-0.006	0.777	24.0
121	-0.013	-0.009	0.779	24.2
122	-0.013	-0.010	0.779	24.4
123	-0.013	-0.006	0.775	24.6
124	-0.013	-0.007	0.774	24.8
125	-0.015	-0.007	0.779	25.0
126	-0.015	-0.005	0.777	25.2
127	-0.014	-0.007	0.777	25.4
128	-0.015	-0.011	0.779	25.6
129	-0.016	-0.006	0.774	25.8
130	-0.013	-0.005	0.777	26.0
131	-0.014	-0.003	0.779	26.2
132	-0.013	-0.007	0.780	26.4
133	-0.013	-0.007	0.776	26.6
134	-0.013	-0.010	0.776	26.8
135	-0.012	-0.007	0.780	27.0
136	-0.013	-0.007	0.776	27.2
137	-0.012	-0.009	0.777	27.4
138	-0.012	-0.008	0.778	27.6
139	-0.013	-0.007	0.780	27.8
140	-0.011	-0.009	0.777	28.0
141	-0.013	-0.008	0.776	28.2
142	-0.014	-0.010	0.775	28.4
143	-0.012	-0.007	0.777	28.6
144	-0.014	-0.006	0.775	28.8
145	-0.013	-0.007	0.775	29.0
146	-0.009	-0.009	0.776	29.2
147	-0.012	-0.006	0.776	29.4
148	-0.013	-0.006	0.775	29.6
149	-0.011	-0.005	0.773	29.8
150	-0.015	-0.008	0.777	30.0
151	-0.012	-0.004	0.778	30.2
152	-0.013	-0.009	0.777	30.4
153	-0.013	-0.006	0.777	30.6
154	-0.013	-0.009	0.775	30.8
155	-0.013	-0.009	0.776	31.0
156	-0.016	-0.008	0.780	31.2
157	-0.012	-0.009	0.776	31.4
158	-0.012	-0.009	0.777	31.6
159	-0.012	-0.006	0.781	31.8
160	-0.014	-0.006	0.780	32.0
161	-0.015	-0.009	0.777	32.2
162	-0.014	-0.009	0.779	32.4
163	-0.014	-0.007	0.777	32.6
164	-0.013	-0.009	0.778	32.8
165	-0.014	-0.010	0.777	33.0
166	-0.015	-0.010	0.775	33.2
167	-0.016	-0.007	0.774	33.4
168	-0.016	-0.006	0.778	33.6
169	-0.013	-0.008	0.778	33.8
170	-0.015	-0.007	0.776	34.0
171	-0.015	-0.005	0.775	34.2
172	-0.017	-0.006	0.778	34.4
173	-0.014	-0.006	0.773	34.6
174	-0.016	-0.008	0.781	34.8
175	-0.015	-0.006	0.776	35.0
176	-0.015	-0.005	0.776	35.2
177	-0.013	-0.007	0.777	35.4
178	-0.016	-0.006	0.782	35.6
179	-0.013	-0.008	0.777	35.8
180	-0.016	-0.004	0.777	36.0
181	-0.013	-0.005	0.777	36.2
182	-0.014	-0.007	0.781	36.4
183	-0.014	-0.007	0.779	36.6
184	-0.015	-0.009	0.781	36.8
185	-0.015	-0.006	0.778	37.0
186	-0.015	-0.007	0.776	37.2
187	-0.014	-0.009	0.779	37.4
188	-0.015	-0.007	0.777	37.6
189	-0.015	-0.007	0.779	37.8
190	-0.015	-0.008	0.777	38.0
191	-0.016	-0.010	0.776	38.2
192	-0.015	-0.007	0.774	38.4
193	-0.013	-0.006	0.777	38.6
194	-0.017	-0.009	0.775	38.8
195	-0.015	-0.007	0.775	39.0
196	-0.013	-0.007	0.773	39.2
197	-0.015	-0.006	0.776	39.4
198	-0.013	-0.007	0.779	39.6
199	-0.014	-0.009	0.773	39.8
200	-0.009	-0.006	0.778	40.0
201	-0.013	-0.009	0.775	40.2
202	-0.012	-0.007	0.777	40.4
203	-0.013	-0.007	0.776	40.6
204	-0.012	-0.009	0.782	40.8
205	-0.011	-0.008	0.778	41.0
206	-0.013	-0.010	0.775	41.2
207	-0.013	-0.009	0.778	41.4
208	-0.013	-0.006	0.777	41.6
209	-0.011	-0.006	0.774	41.8
210	-0.013	-0.009	0.776	42.0
211	-0.011	-0.008	0.778	42.2
212	-0.011	-0.009	0.778	42.4
213	-0.013	-0.010	0.776	42.6
214	-0.013	-0.011	0.772	42.8
215	-0.013	-0.009	0.776	43.0
216	-0.015	-0.010	0.776	43.2
217	-0.013	-0.009	0.777	43.4
218	-0.015	-0.011	0.777	43.6
219	-0.013	-0.009	0.775	43.8
220	-0.015	-0.010	0.778	44.0
221	-0.015	-0.010	0.777	44.2
222	-0.014	-0.011	0.775	44.4
223	-0.011	-0.012	0.779	44.6
224	-0.014	-0.012	0.774	44.8
225	-0.015	-0.010	0.778	45.0
226	-0.015	-0.008	0.777	45.2
227	-0.016	-0.014	0.777	45.4
228	-0.014	-0.011	0.778	45.6
229	-0.016	-0.015	0.782	45.8
230	-0.014	-0.011	0.776	46.0
231	-0.015	-0.011	0.779	46.2
232	-0.015	-0.011	0.777	46.4
233	-0.016	-0.011	0.780	46.6
234	-0.016	-0.010	0.778	46.8
235	-0.015	-0.011	0.778	47.0
236	-0.015	-0.011	0.776	47.2
237	-0.018	-0.011	0.773	47.4
238	-0.017	-0.013	0.775	47.6
239	-0.017	-0.011	0.776	47.8
240	-0.014	-0.010	0.777	48.0
241	-0.015	-0.013	0.779	48.2
242	-0.016	-0.014	0.776	48.4
243	-0.016	-0.015	0.776	48.6
244	-0.016	-0.012	0.777	48.8
245	-0.014	-0.014	0.776	49.0
246	-0.013	-0.011	0.776	49.2
247	-0.011	-0.011	0.777	49.4
248	-0.013	-0.011	0.781	49.6
249	-0.014	-0.012	0.781	49.8
250	-0.013	-0.009	0.780	50.0
251	-0.013	-0.011	0.775	50.2
252	-0.012	-0.012	0.783	50.4
253	-0.011	-0.012	0.780	50.6
254	-0.008	-0.012	0.777	50.8
255	-0.010	-0.013	0.778	51.0
256	-0.011	-0.015	0.779	51.2
257	-0.012	-0.013	0.776	51.4
258	-0.009	-0.013	0.779	51.6
259	-0.007	-0.013	0.777	51.8
260	-0.010	-0.013	0.775	52.0
261	-0.011	-0.014	0.776	52.2
262	-0.010	-0.014	0.776	52.4
263	-0.010	-0.011	0.776	52.6
264	-0.011	-0.012	0.778	52.8
265	-0.012	-0.009	0.777	53.0
266	-0.012	-0.007	0.775	53.2
267	-0.012	-0.009	0.779	53.4
268	-0.012	-0.006	0.779	53.6
269	-0.013	-0.007	0.779	53.8
270	-0.013	-0.009	0.778	54.0
271	-0.014	-0.007	0.778	54.2
272	-0.015	-0.007	0.776	54.4
273	-0.015	-0.005	0.775	54.6
274	-0.013	-0.007	0.777	54.8
275	-0.014	-0.009	0.775	55.0
276	-0.014	-0.009	0.778	55.2
277	-0.012	-0.010	0.780	55.4
278	-0.013	-0.011	0.777	55.6
279	-0.015	-0.011	0.780	55.8
280	-0.014	-0.010	0.775	56.0
281	-0.011	-0.011	0.776	56.2
282	-0.008	-0.012	0.775	56.4
283	-0.009	-0.009	0.776	56.6
284	-0.011	-0.011	0.776	56.8
285	-0.009	-0.012	0.776	57.0
286	-0.008	-0.009	0.779	57.2
287	-0.009	-0.011	0.777	57.4
288	-0.007	-0.007	0.774	57.6
289	-0.005	-0.005	0.778	57.8
290	-0.005	-0.008	0.780	58.0
291	-0.009	-0.005	0.778	58.2
292	-0.007	-0.007	0.779	58.4
293	-0.007	-0.009	0.780	58.6
294	-0.007	-0.009	0.776	58.8
295	-0.007	-0.010	0.777	59.0
296	-0.006	-0.007	0.779	59.2
297	-0.008	-0.005	0.777	59.4
298	-0.009	-0.009	0.777	59.6
299	-0.007	-0.007	0.777	59.8
300	-0.008	-0.011	0.777	60.0
301	-0.009	-0.011	0.778	60.2
302	-0.008	-0.007	0.778	60.4
303	-0.007	-0.007	0.777	60.6
304	-0.012	-0.007	0.777	60.8
305	-0.010	-0.007	0.775	61.0
306	-0.009	-0.005	0.774	61.2
307	-0.009	-0.006	0.775	61.4
308	-0.009	-0.006	0.776	61.6
309	-0.011	-0.005	0.778	61.8
310	-0.009	-0.007	0.778	62.0
311	-0.011	-0.005	0.777	62.2
312	-0.007	-0.007	0.776	62.4
313	-0.010	-0.006	0.779	62.6
314	-0.009	-0.006	0.779	62.8
315	-0.009	-0.002	0.777	63.0
316	-0.007	-0.004	0.775	63.2
317	-0.007	-0.007	0.775	63.4
318	-0.008	-0.005	0.779	63.6
319	-0.007	-0.004	0.775	63.8
320	-0.007	-0.006	0.778	64.0
321	-0.009	-0.005	0.781	64.2
322	-0.009	-0.005	0.780	64.4
323	-0.007	-0.005	0.780	64.6
324	-0.007	-0.006	0.776	64.8
325	-0.007	-0.003	0.778	65.0
326	-0.010	-0.006	0.779	65.2
327	-0.009	-0.006	0.777	65.4
328	-0.007	-0.005	0.777	65.6
329	-0.007	-0.004	0.776	65.8
330	-0.008	-0.006	0.779	66.0
331	-0.007	-0.005	0.775	66.2
332	-0.007	-0.003	0.777	66.4
333	-0.010	-0.007	0.777	66.6
334	-0.008	-0.006	0.776	66.8
335	-0.009	-0.006	0.777	67.0
336	-0.006	-0.005	0.774	67.2
337	-0.007	-0.005	0.779	67.4
338	-0.005	-0.005	0.779	67.6
339	-0.007	-0.003	0.778	67.8
340	-0.007	-0.005	0.778	68.0
341	-0.007	-0.006	0.777	68.2
342	-0.006	-0.005	0.778	68.4
343	-0.006	-0.006	0.777	68.6
344	-0.009	-0.002	0.773	68.8
345	-0.007	-0.003	0.776	69.0
346	-0.006	-0.005	0.779	69.2
347	-0.005	-0.005	0.777	69.4
348	-0.006	-0.007	0.774	69.6
349	-0.007	-0.007	0.776	69.8
350	-0.007	-0.007	0.774	70.0
351	-0.007	-0.008	0.777	70.2
352	-0.007	-0.007	0.777	70.4
353	-0.008	-0.007	0.777	70.6
354	-0.008	-0.009	0.777	70.8
355	-0.007	-0.008	0.779	71.0
356	-0.007	-0.008	0.777	71.2
357	-0.009	-0.009	0.776	71.4
358	-0.010	-0.010	0.777	71.6
359	-0.007	-0.011	0.778	71.8
360	-0.010	-0.011	0.778	72.0
361	-0.009	-0.010	0.779	72.2
362	-0.012	-0.005	0.779	72.4
363	-0.010	-0.011	0.779	72.6
364	-0.010	-0.013	0.781	72.8
365	-0.009	-0.011	0.777	73.0
366	-0.008	-0.012	0.775	73.2
367	-0.009	-0.010	0.776	73.4
368	-0.009	-0.007	0.777	73.6
369	-0.010	-0.009	0.777	73.8
370	-0.010	-0.007	0.777	74.0
371	-0.009	-0.007	0.775	74.2
372	-0.008	-0.010	0.779	74.4
373	-0.007	-0.007	0.778	74.6
374	-0.008	-0.009	0.778	74.8
375	-0.008	-0.009	0.779	75.0
376	-0.009	-0.007	0.779	75.2
377	-0.007	-0.010	0.776	75.4
378	-0.007	-0.007	0.778	75.6
379	-0.007	-0.009	0.776	75.8
380	-0.008	-0.010	0.775	76.0
381	-0.009	-0.011	0.777	76.2
382	-0.008	-0.009	0.776	76.4
383	-0.007	-0.009	0.773	76.6
384	-0.007	-0.007	0.779	76.8
385	-0.007	-0.007	0.775	77.0
386	-0.007	-0.007	0.778	77.2
387	-0.005	-0.005	0.778	77.4
388	-0.009	-0.010	0.780	77.6
389	-0.008	-0.009	0.782	77.8
390	-0.007	-0.008	0.774	78.0
391	-0.007	-0.007	0.777	78.2
392	-0.009	-0.005	0.777	78.4
393	-0.007	-0.006	0.776	78.6
394	-0.007	-0.009	0.776	78.8
395	-0.007	-0.011	0.776	79.0
396	-0.009	-0.017	0.775	79.2
397	-0.006	-0.013	0.776	79.4
398	-0.007	-0.010	0.778	79.6
399	-0.006	-0.006	0.776	79.8
400	-0.006	-0.008	0.778	80.0
401	-0.006	-0.007	0.777	80.2
402	-0.004	-0.010	0.778	80.4
403	-0.006	-0.012	0.777	80.6
404	-0.005	-0.015	0.776	80.8
405	-0.004	-0.017	0.776	81.0
406	-0.005	-0.015	0.779	81.2
407	-0.003	-0.011	0.776	81.4
408	-0.004	-0.011	0.778	81.6
409	-0.005	-0.009	0.776	81.8
410	-0.006	-0.007	0.778	82.0
411	-0.005	-0.011	0.780	82.2
412	-0.005	-0.013	0.777	82.4
413	-0.005	-0.012	0.778	82.6
414	-0.004	-0.009	0.778	82.8
415	-0.005	-0.006	0.778	83.0
416	-0.005	-0.005	0.776	83.2
417	-0.005	-0.009	0.778	83.4
418	-0.007	-0.007	0.780	83.6
419	-0.007	-0.013	0.776	83.8
420	-0.004	-0.010	0.774	84.0
421	-0.005	-0.013	0.777	84.2
422	-0.006	-0.011	0.779	84.4
423	-0.003	-0.009	0.775	84.6
424	-0.005	-0.009	0.779	84.8
425	-0.004	-0.006	0.778	85.0
426	-0.005	-0.007	0.779	85.2
427	-0.005	-0.004	0.773	85.4
428	-0.009	-0.007	0.777	85.6
429	-0.007	-0.009	0.777	85.8
430	-0.005	-0.007	0.780	86.0
431	-0.007	-0.007	0.776	86.2
432	-0.007	-0.005	0.778	86.4
433	-0.006	-0.005	0.775	86.6
434	-0.007	-0.007	0.779	86.8
435	-0.007	-0.007	0.777	87.0
436	-0.006	-0.008	0.777	87.2
437	-0.009	-0.009	0.776	87.4
438	-0.005	-0.006	0.777	87.6
439	-0.006	-0.009	0.778	87.8
440	-0.007	-0.009	0.776	88.0
441	-0.006	-0.007	0.772	88.2
442	-0.005	-0.007	0.778	88.4
443	-0.007	-0.008	0.778	88.6
444	-0.007	-0.009	0.776	88.8
445	-0.009	-0.010	0.776	89.0
446	-0.007	-0.007	0.778	89.2
447	-0.008	-0.007	0.779	89.4
448	-0.005	-0.007	0.775	89.6
449	-0.006	-0.008	0.780	89.8
450	-0.005	-0.007	0.778	90.0
451	-0.007	-0.003	0.776	90.2
452	-0.009	-0.007	0.776	90.4
453	-0.009	-0.007	0.779	90.6
454	-0.009	-0.011	0.775	90.8
455	-0.009	-0.010	0.777	91.0
456	-0.009	-0.009	0.777	91.2
457	-0.011	-0.010	0.777	91.4
458	-0.011	-0.008	0.776	91.6
459	-0.013	-0.005	0.781	91.8
460	-0.011	-0.006	0.777	92.0
461	-0.009	-0.007	0.776	92.2
462	-0.012	-0.010	0.779	92.4
463	-0.013	-0.009	0.777	92.6
464	-0.011	-0.011	0.774	92.8
465	-0.012	-0.009	0.778	93.0
466	-0.011	-0.009	0.776	93.2
467	-0.010	-0.008	0.774	93.4
468	-0.011	-0.007	0.779	93.6
469	-0.013	-0.008	0.777	93.8
470	-0.014	-0.010	0.776	94.0
471	-0.011	-0.012	0.779	94.2
472	-0.012	-0.013	0.779	94.4
473	-0.013	-0.011	0.778	94.6
474	-0.012	-0.010	0.778	94.8
475	-0.011	-0.012	0.774	95.0
476	-0.011	-0.012	0.776	95.2
477	-0.011	-0.013	0.776	95.4
478	-0.010	-0.015	0.778	95.6
479	-0.012	-0.013	0.780	95.8
480	-0.010	-0.015	0.775	96.0
481	-0.011	-0.010	0.775	96.2
482	-0.010	-0.012	0.779	96.4
483	-0.010	-0.012	0.777	96.6
484	-0.010	-0.014	0.780	96.8
485	-0.007	-0.016	0.774	97.0
486	-0.009	-0.011	0.775	97.2
487	-0.011	-0.014	0.779	97.4
488	-0.009	-0.011	0.776	97.6
489	-0.009	-0.011	0.779	97.8
490	-0.009	-0.009	0.778	98.0
491	-0.008	-0.013	0.777	98.2
492	-0.010	-0.009	0.779	98.4
493	-0.009	-0.010	0.779	98.6
494	-0.009	-0.012	0.774	98.8
495	-0.009	-0.009	0.777	99.0
496	-0.007	-0.009	0.778	99.2
497	-0.006	-0.008	0.778	99.4
498	-0.007	-0.006	0.780	99.6
499	-0.005	-0.006	0.777	99.8
500	-0.007	-0.009	0.776	100.0
501	-0.003	-0.007	0.778	100.2
502	-0.003	-0.010	0.778	100.4
503	-0.003	-0.006	0.776	100.6
504	-0.003	-0.008	0.776	100.8
505	-0.002	-0.003	0.777	101.0
506	-0.001	-0.009	0.775	101.2
507	-0.003	-0.008	0.779	101.4
508	-0.001	-0.010	0.774	101.6
509	-0.001	-0.011	0.775	101.8
510	-0.002	-0.007	0.779	102.0
511	-0.002	-0.008	0.776	102.2
512	-0.001	-0.006	0.778	102.4
513	-0.003	-0.005	0.776	102.6
514	0.000	-0.005	0.773	102.8
515	-0.003	-0.008	0.782	103.0
516	-0.002	-0.009	0.776	103.2
517	-0.002	-0.007	0.780	103.4
518	0.005	0.031	0.956	103.6
519	0.043	0.192	1.097	103.8
520	0.039	0.182	1.089	104.0
521	0.041	0.182	1.067	104.2
522	0.041	0.180	1.069	104.4
523	0.040	0.174	1.081	104.6
524	0.040	0.174	1.073	104.8
525	0.039	0.176	1.058	105.0
526	0.041	0.176	1.067	105.2
527	0.041	0.171	1.072	105.4
528	0.038	0.176	1.069	105.6
529	0.042	0.174	1.056	105.8
530	0.038	0.173	1.064	106.0
531	0.039	0.169	1.065	106.2
532	0.041	0.171	1.059	106.4
533	0.039	0.171	1.056	106.6
534	0.037	0.173	1.063	106.8
535	0.040	0.171	1.060	107.0
536	0.041	0.174	1.054	107.2
537	0.037	0.173	1.055	107.4
538	0.038	0.171	1.062	107.6
539	0.037	0.172	1.057	107.8
540	0.039	0.173	1.054	108.0
541	0.040	0.173	1.060	108.2
542	0.038	0.168	1.058	108.4
543	0.037	0.170	1.050	108.6
544	0.038	0.169	1.049	108.8
545	0.037	0.169	1.060	109.0
546	0.039	0.168	1.055	109.2
547	0.037	0.171	1.049	109.4
548	0.038	0.169	1.053	109.6
549	0.040	0.166	1.054	109.8
550	0.040	0.168	1.049	110.0
551	0.040	0.170	1.052	110.2
552	0.040	0.168	1.055	110.4
553	0.040	0.168	1.051	110.6
554	0.040	0.169	1.046	110.8
555	0.040	0.167	1.053	111.0
556	0.042	0.165	1.049	111.2
557	0.040	0.168	1.053	111.4
558	0.041	0.169	1.052	111.6
559	0.041	0.170	1.051	111.8
560	0.040	0.169	1.046	112.0
561	0.042	0.169	1.047	112.2
562	0.041	0.168	1.050	112.4
563	0.040	0.168	1.053	112.6
564	0.039	0.170	1.050	112.8
565	0.041	0.171	1.046	113.0
566	0.041	0.170	1.052	113.2
567	0.042	0.165	1.051	113.4
568	0.043	0.166	1.049	113.6
569	0.043	0.169	1.050	113.8
570	0.041	0.168	1.050	114.0
571	0.043	0.166	1.054	114.2
572	0.042	0.167	1.050	114.4
573	0.043	0.167	1.049	114.6
574	0.042	0.169	1.052	114.8
575	0.042	0.168	1.050	115.0
576	0.044	0.166	1.049	115.2
577	0.040	0.165	1.045	115.4
578	0.042	0.166	1.053	115.6
579	0.043	0.165	1.053	115.8
580	0.044	0.167	1.046	116.0
581	0.042	0.169	1.048	116.2
582	0.040	0.166	1.052	116.4
583	0.043	0.164	1.045	116.6
584	0.044	0.166	1.046	116.8
585	0.043	0.165	1.046	117.0
586	0.042	0.166	1.052	117.2
587	0.043	0.167	1.050	117.4
588	0.043	0.169	1.049	117.6
589	0.043	0.166	1.050	117.8
590	0.042	0.166	1.051	118.0
591	0.043	0.168	1.045	118.2
592	0.043	0.167	1.048	118.4
593	0.041	0.168	1.050	118.6
594	0.041	0.167	1.048	118.8
595	0.044	0.165	1.050	119.0
596	0.040	0.165	1.049	119.2
597	0.042	0.164	1.053	119.4
598	0.042	0.165	1.045	119.6
599	0.040	0.167	1.050	119.8
600	0.040	0.170	1.050	120.0
601	0.039	0.168	1.046	120.2
602	0.039	0.168	1.046	120.4
603	0.040	0.165	1.048	120.6
604	0.040	0.168	1.050	120.8
605	0.040	0.166	1.048	121.0
606	0.042	0.168	1.050	121.2
607	0.041	0.168	1.045	121.4
608	0.039	0.168	1.048	121.6
609	0.038	0.164	1.046	121.8
610	0.039	0.166	1.050	122.0
611	0.041	0.165	1.046	122.2
612	0.039	0.168	1.048	122.4
613	0.038	0.168	1.045	122.6
614	0.041	0.167	1.048	122.8
615	0.040	0.168	1.051	123.0
616	0.039	0.169	1.047	123.2
617	0.041	0.167	1.048	123.4
618	0.038	0.169	1.047	123.6
619	0.040	0.171	1.046	123.8
620	0.041	0.169	1.046	124.0
621	0.039	0.167	1.047	124.2
622	0.040	0.169	1.048	124.4
623	0.042	0.171	1.049	124.6
624	0.039	0.171	1.045	124.8
625	0.040	0.168	1.054	125.0
626	0.040	0.165	1.048	125.2
627	0.044	0.167	1.046	125.4
628	0.042	0.168	1.044	125.6
629	0.042	0.169	1.050	125.8
630	0.043	0.169	1.046	126.0
631	0.041	0.169	1.046	126.2
632	0.045	0.170	1.053	126.4
633	0.043	0.170	1.045	126.6
634	0.041	0.169	1.046	126.8
635	0.043	0.169	1.045	127.0
636	0.042	0.169	1.051	127.2
637	0.041	0.168	1.045	127.4
638	0.044	0.169	1.042	127.6
639	0.042	0.171	1.055	127.8
640	0.040	0.167	1.056	128.0
641	0.039	0.169	1.045	128.2
642	0.041	0.171	1.045	128.4
643	0.042	0.168	1.052	128.6
644	0.039	0.168	1.048	128.8
645	0.043	0.171	1.039	129.0
646	0.042	0.170	1.049	129.2
647	0.040	0.172	1.048	129.4
648	0.042	0.172	1.048	129.6
649	0.041	0.168	1.048	129.8
650	0.041	0.169	1.047	130.0
651	0.041	0.171	1.046	130.2
652	0.042	0.169	1.048	130.4
653	0.042	0.174	1.050	130.6
654	0.041	0.172	1.050	130.8
655	0.044	0.171	1.050	131.0
656	0.040	0.172	1.046	131.2
657	0.039	0.172	1.048	131.4
658	0.040	0.172	1.050	131.6
659	0.041	0.172	1.051	131.8
660	0.038	0.172	1.053	132.0
661	0.039	0.172	1.053	132.2
662	0.041	0.170	1.050	132.4
663	0.040	0.173	1.049	132.6
664	0.040	0.173	1.045	132.8
665	0.040	0.174	1.047	133.0
666	0.036	0.174	1.053	133.2
667	0.037	0.170	1.045	133.4
668	0.040	0.171	1.047	133.6
669	0.038	0.172	1.051	133.8
670	0.037	0.173	1.050	134.0
671	0.038	0.171	1.045	134.2
672	0.040	0.171	1.041	134.4
673	0.039	0.171	1.048	134.6
674	0.038	0.170	1.042	134.8
675	0.039	0.171	1.046	135.0
676	0.037	0.171	1.050	135.2
677	0.037	0.169	1.053	135.4
678	0.037	0.171	1.050	135.6
679	0.035	0.171	1.050	135.8
680	0.036	0.171	1.052	136.0
681	0.037	0.169	1.054	136.2
682	0.037	0.168	1.049	136.4
683	0.034	0.169	1.046	136.6
684	0.036	0.170	1.052	136.8
685	0.035	0.171	1.050	137.0
686	0.036	0.170	1.048	137.2
687	0.034	0.167	1.051	137.4
688	0.034	0.169	1.044	137.6
689	0.036	0.168	1.049	137.8
690	0.034	0.170	1.049	138.0
691	0.033	0.169	1.047	138.2
692	0.035	0.168	1.053	138.4
693	0.036	0.168	1.053	138.6
694	0.033	0.168	1.050	138.8
695	0.035	0.172	1.049	139.0
696	0.036	0.169	1.052	139.2
697	0.032	0.172	1.053	139.4
698	0.036	0.169	1.048	139.6
699	0.035	0.168	1.053	139.8
700	0.034	0.169	1.054	140.0
701	0.034	0.171	1.052	140.2
702	0.035	0.171	1.049	140.4
703	0.034	0.170	1.054	140.6
704	0.033	0.171	1.055	140.8
705	0.033	0.170	1.048	141.0
706	0.034	0.173	1.055	141.2
707	0.031	0.170	1.058	141.4
708	0.034	0.171	1.052	141.6
709	0.033	0.170	1.047	141.8
710	0.034	0.171	1.054	142.0
711	0.033	0.170	1.054	142.2
712	0.034	0.172	1.044	142.4
713	0.033	0.170	1.052	142.6
714	0.033	0.168	1.059	142.8
715	0.030	0.167	1.048	143.0
716	0.035	0.167	1.048	143.2
717	0.033	0.169	1.053	143.4
718	0.034	0.170	1.053	143.6
719	0.035	0.170	1.050	143.8
720	0.033	0.168	1.055	144.0
721	0.034	0.167	1.052	144.2
722	0.035	0.170	1.057	144.4
723	0.034	0.168	1.056	144.6
724	0.032	0.171	1.052	144.8
725	0.032	0.171	1.051	145.0
726	0.035	0.169	1.058	145.2
727	0.036	0.169	1.052	145.4
728	0.034	0.167	1.053	145.6
729	0.034	0.167	1.056	145.8
730	0.034	0.168	1.052	146.0
731	0.033	0.170	1.049	146.2
732	0.034	0.166	1.054	146.4
733	0.035	0.167	1.052	146.6
734	0.036	0.167	1.050	146.8
735	0.034	0.169	1.052	147.0
736	0.037	0.169	1.056	147.2
737	0.034	0.169	1.052	147.4
738	0.035	0.167	1.052	147.6
739	0.036	0.169	1.049	147.8
740	0.037	0.167	1.058	148.0
741	0.034	0.167	1.052	148.2
742	0.036	0.169	1.057	148.4
743	0.035	0.168	1.056	148.6
744	0.036	0.169	1.052	148.8
745	0.036	0.166	1.051	149.0
746	0.037	0.166	1.053	149.2
747	0.038	0.166	1.049	149.4
748	0.038	0.169	1.055	149.6
749	0.036	0.169	1.055	149.8
750	0.037	0.167	1.055	150.0
751	0.038	0.168	1.054	150.2
752	0.037	0.167	1.056	150.4
753	0.039	0.167	1.054	150.6
754	0.036	0.167	1.055	150.8
755	0.040	0.168	1.052	151.0
756	0.038	0.167	1.057	151.2
757	0.039	0.166	1.052	151.4
758	0.040	0.166	1.057	151.6
759	0.042	0.167	1.052	151.8
760	0.040	0.168	1.057	152.0
761	0.040	0.170	1.055	152.2
762	0.040	0.168	1.056	152.4
763	0.040	0.169	1.051	152.6
764	0.041	0.168	1.056	152.8
765	0.041	0.168	1.054	153.0
766	0.041	0.168	1.054	153.2
767	0.042	0.167	1.056	153.4
768	0.043	0.166	1.056	153.6
769	0.042	0.171	1.054	153.8
770	0.043	0.170	1.055	154.0
771	0.042	0.169	1.061	154.2
772	0.043	0.169	1.058	154.4
773	0.041	0.170	1.057	154.6
774	0.044	0.169	1.057	154.8
775	0.043	0.170	1.060	155.0
776	0.044	0.172	1.054	155.2
777	0.043	0.171	1.054	155.4
778	0.043	0.171	1.054	155.6
779	0.042	0.173	1.059	155.8
780	0.045	0.171	1.056	156.0
781	0.042	0.172	1.053	156.2
782	0.045	0.172	1.057	156.4
783	0.042	0.173	1.060	156.6
784	0.043	0.174	1.054	156.8
785	0.042	0.171	1.058	157.0
786	0.043	0.172	1.057	157.2
787	0.044	0.170	1.058	157.4
788	0.042	0.171	1.053	157.6
789	0.043	0.171	1.061	157.8
790	0.043	0.174	1.058	158.0
791	0.042	0.172	1.052	158.2
792	0.044	0.171	1.058	158.4
793	0.043	0.171	1.060	158.6
794	0.045	0.169	1.054	158.8
795	0.044	0.171	1.054	159.0
796	0.042	0.171	1.060	159.2
797	0.044	0.172	1.063	159.4
798	0.045	0.171	1.050	159.6
799	0.047	0.172	1.052	159.8
800	0.046	0.172	1.060	160.0
801	0.046	0.172	1.057	160.2
802	0.045	0.172	1.046	160.4
803	0.044	0.173	1.056	160.6
804	0.046	0.168	1.054	160.8
805	0.044	0.172	1.052	161.0
806	0.045	0.170	1.053	161.2
807	0.044	0.171	1.052	161.4
808	0.045	0.172	1.062	161.6
809	0.046	0.172	1.048	161.8
810	0.046	0.171	1.052	162.0
811	0.047	0.169	1.058	162.2
812	0.046	0.170	1.054	162.4
813	0.045	0.169	1.052	162.6
814	0.045	0.171	1.053	162.8
815	0.045	0.172	1.063	163.0
816	0.045	0.171	1.053	163.2
817	0.044	0.170	1.054	163.4
818	0.046	0.168	1.060	163.6
819	0.045	0.168	1.054	163.8
820	0.044	0.171	1.048	164.0
821	0.046	0.170	1.055	164.2
822	0.046	0.171	1.061	164.4
823	0.046	0.171	1.055	164.6
824	0.044	0.169	1.052	164.8
825	0.047	0.170	1.062	165.0
826	0.044	0.168	1.062	165.2
827	0.045	0.171	1.053	165.4
828	0.045	0.171	1.056	165.6
829	0.046	0.169	1.065	165.8
830	0.046	0.170	1.057	166.0
831	0.045	0.172	1.050	166.2
832	0.046	0.172	1.056	166.4
833	0.047	0.171	1.064	166.6
834	0.047	0.171	1.054	166.8
835	0.046	0.171	1.054	167.0
836	0.049	0.168	1.064	167.2
837	0.046	0.171	1.058	167.4
838	0.046	0.173	1.050	167.6
839	0.047	0.173	1.051	167.8
840	0.048	0.173	1.066	168.0
841	0.051	0.172	1.053	168.2
842	0.049	0.172	1.050	168.4
843	0.050	0.170	1.062	168.6
844	0.051	0.172	1.060	168.8
845	0.050	0.171	1.052	169.0
846	0.051	0.171	1.055	169.2
847	0.052	0.170	1.064	169.4
848	0.050	0.172	1.056	169.6
849	0.050	0.171	1.054	169.8
850	0.050	0.174	1.057	170.0
851	0.050	0.173	1.058	170.2
852	0.051	0.171	1.058	170.4
853	0.051	0.173	1.053	170.6
854	0.050	0.172	1.061	170.8
855	0.051	0.171	1.060	171.0
856	0.050	0.172	1.056	171.2
857	0.049	0.170	1.055	171.4
858	0.049	0.169	1.062	171.6
859	0.050	0.171	1.057	171.8
860	0.049	0.172	1.051	172.0
861	0.047	0.171	1.058	172.2
862	0.049	0.171	1.055	172.4
863	0.048	0.170	1.056	172.6
864	0.049	0.168	1.055	172.8
865	0.048	0.169	1.062	173.0
866	0.048	0.171	1.059	173.2
867	0.048	0.171	1.053	173.4
868	0.048	0.169	1.056	173.6
869	0.046	0.169	1.058	173.8
870	0.046	0.168	1.054	174.0
871	0.049	0.166	1.056	174.2
872	0.047	0.167	1.060	174.4
873	0.048	0.169	1.058	174.6
874	0.049	0.170	1.053	174.8
875	0.047	0.170	1.062	175.0
876	0.048	0.169	1.060	175.2
877	0.050	0.167	1.059	175.4
878	0.046	0.168	1.054	175.6
879	0.046	0.165	1.056	175.8
880	0.046	0.165	1.059	176.0
881	0.049	0.163	1.061	176.2
882	0.047	0.165	1.053	176.4
883	0.048	0.164	1.057	176.6
884	0.046	0.164	1.056	176.8
885	0.050	0.165	1.054	177.0
886	0.049	0.165	1.056	177.2
887	0.049	0.165	1.057	177.4
888	0.048	0.164	1.054	177.6
889	0.050	0.163	1.055	177.8
890	0.050	0.165	1.056	178.0
891	0.050	0.165	1.052	178.2
892	0.048	0.167	1.053	178.4
893	0.050	0.165	1.057	178.6
894	0.049	0.164	1.057	178.8
895	0.050	0.165	1.054	179.0
896	0.051	0.167	1.055	179.2
897	0.049	0.166	1.054	179.4
898	0.049	0.167	1.052	179.6
899	0.046	0.166	1.052	179.8
900	0.051	0.168	1.051	180.0
901	0.051	0.164	1.060	180.2
902	0.049	0.165	1.060	180.4
903	0.049	0.166	1.051	180.6
904	0.051	0.163	1.058	180.8
905	0.050	0.164	1.064	181.0
906	0.050	0.165	1.053	181.2
907	0.049	0.164	1.053	181.4
908	0.049	0.164	1.060	181.6
909	0.047	0.164	1.056	181.8
910	0.049	0.165	1.053	182.0
911	0.049	0.164	1.058	182.2
912	0.049	0.164	1.058	182.4
913	0.047	0.164	1.053	182.6
914	0.050	0.166	1.056	182.8
915	0.049	0.167	1.058	183.0
916	0.048	0.167	1.054	183.2
917	0.048	0.167	1.054	183.4
918	0.048	0.167	1.054	183.6
919	0.048	0.168	1.058	183.8
920	0.047	0.167	1.054	184.0
921	0.048	0.169	1.052	184.2
922	0.049	0.166	1.056	184.4
923	0.049	0.165	1.058	184.6
924	0.052	0.166	1.050	184.8
925	0.047	0.168	1.052	185.0
926	0.050	0.169	1.060	185.2
927	0.050	0.167	1.052	185.4
928	0.050	0.166	1.049	185.6
929	0.050	0.167	1.058	185.8
930	0.050	0.166	1.056	186.0
931	0.052	0.169	1.052	186.2
932	0.050	0.169	1.054	186.4
933	0.051	0.168	1.056	186.6
934	0.052	0.169	1.054	186.8
935	0.050	0.168	1.049	187.0
936	0.050	0.166	1.051	187.2
937	0.049	0.166	1.053	187.4
938	0.051	0.168	1.053	187.6
939	0.052	0.169	1.052	187.8
940	0.050	0.167	1.054	188.0
941	0.050	0.167	1.055	188.2
942	0.051	0.170	1.046	188.4
943	0.052	0.169	1.050	188.6
944	0.049	0.170	1.056	188.8
945	0.049	0.169	1.050	189.0
946	0.051	0.171	1.053	189.2
947	0.051	0.167	1.054	189.4
948	0.050	0.169	1.053	189.6
949	0.047	0.167	1.051	189.8
950	0.049	0.170	1.050	190.0
951	0.049	0.166	1.058	190.2
952	0.047	0.166	1.056	190.4
953	0.047	0.168	1.052	190.6
954	0.048	0.166	1.053	190.8
955	0.047	0.165	1.054	191.0
956	0.047	0.167	1.052	191.2
957	0.049	0.167	1.051	191.4
958	0.048	0.167	1.053	191.6
959	0.045	0.166	1.053	191.8
960	0.049	0.168	1.054	192.0
961	0.048	0.167	1.054	192.2
962	0.049	0.168	1.051	192.4
963	0.047	0.167	1.053	192.6
964	0.048	0.167	1.048	192.8
965	0.048	0.166	1.052	193.0
966	0.048	0.165	1.057	193.2
967	0.047	0.167	1.051	193.4
968	0.050	0.166	1.050	193.6
969	0.052	0.167	1.058	193.8
970	0.050	0.167	1.052	194.0
971	0.050	0.168	1.055	194.2
972	0.049	0.166	1.056	194.4
973	0.052	0.167	1.056	194.6
974	0.051	0.171	1.054	194.8
975	0.050	0.167	1.056	195.0
976	0.052	0.167	1.056	195.2
977	0.052	0.166	1.056	195.4
978	0.053	0.168	1.048	195.6
979	0.052	0.169	1.054	195.8
980	0.051	0.169	1.053	196.0
981	0.050	0.168	1.056	196.2
982	0.051	0.168	1.054	196.4
983	0.051	0.168	1.050	196.6
984	0.051	0.167	1.050	196.8
985	0.052	0.168	1.052	197.0
986	0.051	0.169	1.050	197.2
987	0.050	0.169	1.052	197.4
988	0.052	0.170	1.050	197.6
989	0.052	0.168	1.046	197.8
990	0.051	0.170	1.053	198.0
991	0.052	0.169	1.049	198.2
992	0.052	0.169	1.053	198.4
993	0.052	0.170	1.054	198.6
994	0.052	0.170	1.053	198.8
995	0.053	0.170	1.049	199.0
996	0.054	0.168	1.050	199.2
997	0.055	0.167	1.052	199.4
998	0.052	0.169	1.052	199.6
999	0.053	0.169	1.044	199.8
1000	0.054	0.170	1.048	200.0
1001	0.054	0.169	1.053	200.2
1002	0.053	0.170	1.051	200.4
1003	0.053	0.171	1.049	200.6
1004	0.052	0.171	1.051	200.8
1005	0.054	0.169	1.047	201.0
1006	0.053	0.169	1.047	201.2
1007	0.055	0.169	1.050	201.4
1008	0.054	0.171	1.047	201.6
1009	0.054	0.169	1.048	201.8
1010	0.053	0.172	1.051	202.0
1011	0.053	0.170	1.048	202.2
1012	0.051	0.169	1.047	202.4
1013	0.053	0.167	1.047	202.6
1014	0.054	0.169	1.049	202.8
1015	0.054	0.169	1.048	203.0
1016	0.050	0.168	1.049	203.2
1017	0.051	0.169	1.054	203.4
1018	0.053	0.167	1.047	203.6
1019	0.080	0.321	1.390	203.8
1020	0.102	0.387	1.387	204.0
1021	0.102	0.381	1.383	204.2
1022	0.102	0.374	1.397	204.4
1023	0.103	0.372	1.385	204.6
1024	0.102	0.374	1.373	204.8
1025	0.104	0.371	1.375	205.0
1026	0.103	0.367	1.382	205.2
1027	0.102	0.367	1.372	205.4
1028	0.102	0.368	1.370	205.6
1029	0.101	0.367	1.379	205.8
1030	0.103	0.366	1.378	206.0
1031	0.103	0.363	1.366	206.2
1032	0.103	0.361	1.371	206.4
1033	0.101	0.361	1.375	206.6
1034	0.103	0.364	1.367	206.8
1035	0.103	0.363	1.365	207.0
1036	0.103	0.363	1.369	207.2
1037	0.103	0.361	1.375	207.4
1038	0.103	0.363	1.364	207.6
1039	0.104	0.363	1.361	207.8
1040	0.102	0.362	1.365	208.0
1041	0.102	0.360	1.365	208.2
1042	0.101	0.358	1.363	208.4
1043	0.103	0.362	1.362	208.6
1044	0.102	0.359	1.364	208.8
1045	0.102	0.361	1.362	209.0
1046	0.100	0.360	1.359	209.2
1047	0.104	0.359	1.365	209.4
1048	0.102	0.360	1.363	209.6
1049	0.102	0.361	1.361	209.8
1050	0.101	0.363	1.361	210.0
1051	0.102	0.360	1.363	210.2
1052	0.101	0.362	1.363	210.4
1053	0.101	0.356	1.359	210.6
1054	0.102	0.359	1.358	210.8
1055	0.103	0.359	1.358	211.0
1056	0.100	0.359	1.358	211.2
1057	0.104	0.360	1.353	211.4
1058	0.102	0.359	1.362	211.6
1059	0.101	0.358	1.359	211.8
1060	0.101	0.358	1.355	212.0
1061	0.105	0.357	1.356	212.2
1062	0.103	0.358	1.355	212.4
1063	0.102	0.357	1.359	212.6
1064	0.102	0.360	1.362	212.8
1065	0.100	0.360	1.357	213.0
1066	0.102	0.360	1.360	213.2
1067	0.102	0.357	1.361	213.4
1068	0.101	0.355	1.353	213.6
1069	0.101	0.359	1.353	213.8
1070	0.099	0.356	1.364	214.0
1071	0.099	0.359	1.355	214.2
1072	0.101	0.359	1.353	214.4
1073	0.102	0.357	1.359	214.6
1074	0.102	0.355	1.360	214.8
1075	0.101	0.355	1.349	215.0
1076	0.100	0.359	1.357	215.2
1077	0.100	0.356	1.356	215.4
1078	0.099	0.358	1.353	215.6
1079	0.102	0.358	1.353	215.8
1080	0.099	0.355	1.351	216.0
1081	0.100	0.358	1.353	216.2
1082	0.102	0.355	1.352	216.4
1083	0.100	0.355	1.351	216.6
1084	0.102	0.355	1.356	216.8
1085	0.099	0.354	1.353	217.0
1086	0.103	0.354	1.353	217.2
1087	0.104	0.353	1.353	217.4
1088	0.103	0.355	1.358	217.6
1089	0.103	0.352	1.355	217.8
1090	0.099	0.352	1.357	218.0
1091	0.104	0.353	1.352	218.2
1092	0.101	0.352	1.359	218.4
1093	0.104	0.354	1.351	218.6
1094	0.102	0.354	1.351	218.8
1095	0.103	0.353	1.350	219.0
1096	0.101	0.354	1.355	219.2
1097	0.102	0.353	1.349	219.4
1098	0.102	0.354	1.352	219.6
1099	0.101	0.350	1.355	219.8
1100	0.103	0.354	1.344	220.0
1101	0.102	0.354	1.352	220.2
1102	0.099	0.351	1.349	220.4
1103	0.101	0.354	1.349	220.6
1104	0.101	0.352	1.350	220.8
1105	0.102	0.353	1.350	221.0
1106	0.100	0.351	1.349	221.2
1107	0.102	0.353	1.351	221.4
1108	0.101	0.352	1.348	221.6
1109	0.102	0.349	1.351	221.8
1110	0.104	0.349	1.356	222.0
1111	0.101	0.352	1.348	222.2
1112	0.101	0.352	1.345	222.4
1113	0.099	0.351	1.353	222.6
1114	0.102	0.352	1.357	222.8
1115	0.103	0.351	1.337	223.0
1116	0.102	0.353	1.351	223.2
1117	0.103	0.351	1.357	223.4
1118	0.103	0.353	1.348	223.6
1119	0.101	0.354	1.341	223.8
1120	0.101	0.350	1.361	224.0
1121	0.101	0.350	1.357	224.2
1122	0.102	0.352	1.344	224.4
1123	0.102	0.354	1.349	224.6
1124	0.098	0.352	1.361	224.8
1125	0.100	0.354	1.351	225.0
1126	0.099	0.358	1.341	225.2
1127	0.101	0.353	1.358	225.4
1128	0.101	0.355	1.358	225.6
1129	0.103	0.354	1.343	225.8
1130	0.100	0.356	1.345	226.0
1131	0.102	0.358	1.365	226.2
1132	0.101	0.356	1.355	226.4
1133	0.101	0.355	1.338	226.6
1134	0.101	0.354	1.357	226.8
1135	0.101	0.352	1.364	227.0
1136	0.102	0.352	1.345	227.2
1137	0.100	0.355	1.339	227.4
1138	0.098	0.354	1.357	227.6
1139	0.101	0.352	1.356	227.8
1140	0.101	0.354	1.335	228.0
1141	0.103	0.353	1.350	228.2
1142	0.101	0.354	1.362	228.4
1143	0.101	0.353	1.346	228.6
1144	0.102	0.357	1.336	228.8
1145	0.102	0.354	1.357	229.0
1146	0.100	0.353	1.353	229.2
1147	0.101	0.354	1.343	229.4
1148	0.100	0.358	1.343	229.6
1149	0.101	0.353	1.359	229.8
1150	0.103	0.356	1.353	230.0
1151	0.100	0.354	1.338	230.2
1152	0.101	0.356	1.353	230.4
1153	0.100	0.354	1.360	230.6
1154	0.098	0.355	1.347	230.8
1155	0.099	0.356	1.344	231.0
1156	0.099	0.356	1.358	231.2
1157	0.099	0.351	1.353	231.4
1158	0.102	0.355	1.343	231.6
1159	0.098	0.352	1.348	231.8
1160	0.101	0.355	1.357	232.0
1161	0.099	0.352	1.351	232.2
1162	0.098	0.356	1.344	232.4
1163	0.100	0.354	1.353	232.6
1164	0.098	0.352	1.349	232.8
1165	0.100	0.352	1.348	233.0
1166	0.095	0.354	1.343	233.2
1167	0.096	0.351	1.349	233.4
1168	0.098	0.353	1.349	233.6
1169	0.096	0.351	1.342	233.8
1170	0.098	0.354	1.351	234.0
1171	0.098	0.348	1.352	234.2
1172	0.096	0.352	1.345	234.4
1173	0.095	0.351	1.352	234.6
1174	0.096	0.350	1.350	234.8
1175	0.095	0.351	1.353	235.0
1176	0.097	0.350	1.340	235.2
1177	0.097	0.352	1.352	235.4
1178	0.097	0.349	1.347	235.6
1179	0.096	0.351	1.347	235.8
1180	0.098	0.353	1.350	236.0
1181	0.097	0.353	1.349	236.2
1182	0.097	0.352	1.351	236.4
1183	0.097	0.349	1.348	236.6
1184	0.098	0.353	1.348	236.8
1185	0.096	0.350	1.351	237.0
1186	0.097	0.350	1.352	237.2
1187	0.096	0.349	1.339	237.4
1188	0.096	0.349	1.347	237.6
1189	0.097	0.347	1.351	237.8
1190	0.097	0.348	1.353	238.0
1191	0.095	0.351	1.346	238.2
1192	0.095	0.350	1.356	238.4
1193	0.094	0.349	1.348	238.6
1194	0.099	0.348	1.348	238.8
1195	0.096	0.349	1.347	239.0
1196	0.099	0.348	1.352	239.2
1197	0.095	0.347	1.356	239.4
1198	0.095	0.349	1.353	239.6
1199	0.097	0.349	1.347	239.8
1200	0.095	0.351	1.347	240.0
1201	0.097	0.350	1.351	240.2
1202	0.098	0.351	1.351	240.4
1203	0.096	0.348	1.345	240.6
1204	0.099	0.350	1.355	240.8
1205	0.097	0.349	1.353	241.0
1206	0.097	0.350	1.348	241.2
1207	0.097	0.352	1.344	241.4
1208	0.098	0.349	1.350	241.6
1209	0.098	0.350	1.349	241.8
1210	0.095	0.351	1.347	242.0
1211	0.097	0.350	1.343	242.2
1212	0.096	0.352	1.349	242.4
1213	0.098	0.348	1.347	242.6
1214	0.098	0.352	1.345	242.8
1215	0.098	0.350	1.342	243.0
1216	0.099	0.351	1.347	243.2
1217	0.098	0.351	1.351	243.4
1218	0.100	0.351	1.345	243.6
1219	0.098	0.352	1.345	243.8
1220	0.098	0.349	1.354	244.0
1221	0.099	0.352	1.351	244.2
1222	0.098	0.350	1.341	244.4
1223	0.098	0.351	1.347	244.6
1224	0.101	0.350	1.352	244.8
1225	0.101	0.351	1.348	245.0
1226	0.100	0.353	1.344	245.2
1227	0.100	0.349	1.348	245.4
1228	0.101	0.351	1.344	245.6
1229	0.101	0.351	1.341	245.8
1230	0.101	0.349	1.345	246.0
1231	0.101	0.348	1.344	246.2
1232	0.101	0.349	1.343	246.4
1233	0.104	0.348	1.344	246.6
1234	0.102	0.346	1.345	246.8
1235	0.101	0.350	1.345	247.0
1236	0.103	0.348	1.341	247.2
1237	0.104	0.350	1.344	247.4
1238	0.105	0.348	1.347	247.6
1239	0.103	0.350	1.340	247.8
1240	0.103	0.348	1.345	248.0
1241	0.103	0.351	1.349	248.2
1242	0.102	0.346	1.344	248.4
1243	0.104	0.347	1.342	248.6
1244	0.103	0.347	1.347	248.8
1245	0.105	0.346	1.349	249.0
1246	0.104	0.349	1.345	249.2
1247	0.103	0.348	1.345	249.4
1248	0.105	0.348	1.353	249.6
1249	0.103	0.346	1.344	249.8
1250	0.105	0.348	1.341	250.0
1251	0.103	0.347	1.343	250.2
1252	0.104	0.348	1.352	250.4
1253	0.102	0.345	1.345	250.6
1254	0.104	0.348	1.339	250.8
1255	0.103	0.345	1.349	251.0
1256	0.105	0.347	1.347	251.2
1257	0.105	0.346	1.339	251.4
1258	0.104	0.348	1.345	251.6
1259	0.102	0.346	1.347	251.8
1260	0.103	0.347	1.347	252.0
1261	0.103	0.347	1.338	252.2
1262	0.102	0.346	1.342	252.4
1263	0.103	0.348	1.354	252.6
1264	0.104	0.346	1.345	252.8
1265	0.107	0.347	1.342	253.0
1266	0.103	0.344	1.343	253.2
1267	0.102	0.346	1.347	253.4
1268	0.103	0.345	1.344	253.6
1269	0.103	0.346	1.342	253.8
1270	0.102	0.343	1.347	254.0
1271	0.101	0.347	1.346	254.2
1272	0.101	0.344	1.342	254.4
1273	0.103	0.347	1.337	254.6
1274	0.102	0.348	1.343	254.8
1275	0.102	0.347	1.343	255.0
1276	0.101	0.348	1.340	255.2
1277	0.104	0.345	1.345	255.4
1278	0.101	0.347	1.344	255.6
1279	0.101	0.346	1.343	255.8
1280	0.101	0.346	1.339	256.0
1281	0.103	0.344	1.338	256.2
1282	0.102	0.346	1.341	256.4
1283	0.102	0.347	1.343	256.6
1284	0.101	0.344	1.346	256.8
1285	0.101	0.349	1.342	257.0
1286	0.103	0.349	1.338	257.2
1287	0.100	0.347	1.341	257.4
1288	0.101	0.346	1.342	257.6
1289	0.101	0.348	1.335	257.8
1290	0.101	0.345	1.344	258.0
1291	0.102	0.348	1.340	258.2
1292	0.102	0.348	1.342	258.4
1293	0.104	0.348	1.340	258.6
1294	0.102	0.345	1.343	258.8
1295	0.101	0.348	1.338	259.0
1296	0.101	0.346	1.343	259.2
1297	0.102	0.347	1.343	259.4
1298	0.102	0.347	1.336	259.6
1299	0.101	0.347	1.343	259.8
1300	0.102	0.346	1.338	260.0
1301	0.102	0.346	1.343	260.2
1302	0.103	0.347	1.341	260.4
1303	0.101	0.344	1.344	260.6
1304	0.102	0.346	1.342	260.8
1305	0.101	0.344	1.331	261.0
1306	0.101	0.346	1.338	261.2
1307	0.100	0.345	1.346	261.4
1308	0.101	0.345	1.338	261.6
1309	0.102	0.344	1.332	261.8
1310	0.101	0.345	1.337	262.0
1311	0.099	0.345	1.345	262.2
1312	0.101	0.343	1.334	262.4
1313	0.099	0.345	1.331	262.6
1314	0.098	0.343	1.341	262.8
1315	0.098	0.342	1.345	263.0
1316	0.099	0.345	1.334	263.2
1317	0.100	0.345	1.334	263.4
1318	0.098	0.343	1.344	263.6
1319	0.100	0.345	1.339	263.8
1320	0.098	0.346	1.333	264.0
1321	0.098	0.342	1.338	264.2
1322	0.098	0.343	1.344	264.4
1323	0.101	0.343	1.342	264.6
1324	0.099	0.344	1.330	264.8
1325	0.101	0.345	1.340	265.0
1326	0.098	0.342	1.343	265.2
1327	0.099	0.341	1.333	265.4
1328	0.100	0.341	1.333	265.6
1329	0.099	0.342	1.342	265.8
1330	0.098	0.344	1.339	266.0
1331	0.098	0.343	1.336	266.2
1332	0.099	0.344	1.337	266.4
1333	0.101	0.342	1.338	266.6
1334	0.099	0.344	1.331	266.8
1335	0.099	0.344	1.334	267.0
1336	0.098	0.343	1.337	267.2
1337	0.099	0.342	1.339	267.4
1338	0.097	0.342	1.335	267.6
1339	0.099	0.344	1.336	267.8
1340	0.098	0.342	1.338	268.0
1341	0.101	0.344	1.334	268.2
1342	0.099	0.342	1.337	268.4
1343	0.099	0.344	1.335	268.6
1344	0.100	0.343	1.339	268.8
1345	0.101	0.344	1.336	269.0
1346	0.102	0.343	1.329	269.2
1347	0.101	0.343	1.341	269.4
1348	0.099	0.344	1.334	269.6
1349	0.100	0.345	1.338	269.8
1350	0.100	0.344	1.332	270.0
1351	0.101	0.343	1.332	270.2
1352	0.102	0.344	1.336	270.4
1353	0.102	0.342	1.336	270.6
1354	0.100	0.346	1.339	270.8
1355	0.102	0.345	1.336	271.0
1356	0.100	0.345	1.332	271.2
1357	0.101	0.344	1.336	271.4
1358	0.101	0.343	1.329	271.6
1359	0.101	0.345	1.338	271.8
1360	0.101	0.344	1.328	272.0
1361	0.101	0.345	1.335	272.2
1362	0.101	0.346	1.333	272.4
1363	0.102	0.343	1.332	272.6
1364	0.101	0.348	1.332	272.8
1365	0.102	0.342	1.339	273.0
1366	0.101	0.344	1.334	273.2
1367	0.103	0.346	1.339	273.4
1368	0.103	0.345	1.336	273.6
1369	0.101	0.346	1.336	273.8
1370	0.102	0.344	1.334	274.0
1371	0.103	0.349	1.342	274.2
1372	0.103	0.346	1.338	274.4
1373	0.103	0.347	1.346	274.6
1374	0.104	0.349	1.333	274.8
1375	0.102	0.347	1.334	275.0
1376	0.102	0.345	1.337	275.2
1377	0.104	0.345	1.339	275.4
1378	0.103	0.347	1.339	275.6
1379	0.104	0.347	1.343	275.8
1380	0.102	0.347	1.337	276.0
1381	0.104	0.346	1.339	276.2
1382	0.103	0.346	1.334	276.4
1383	0.103	0.346	1.342	276.6
1384	0.105	0.345	1.343	276.8
1385	0.104	0.347	1.334	277.0
1386	0.105	0.345	1.342	277.2
1387	0.104	0.347	1.337	277.4
1388	0.106	0.346	1.339	277.6
1389	0.106	0.346	1.335	277.8
1390	0.106	0.346	1.343	278.0
1391	0.104	0.344	1.341	278.2
1392	0.106	0.347	1.344	278.4
1393	0.105	0.346	1.341	278.6
1394	0.106	0.348	1.337	278.8
1395	0.107	0.344	1.342	279.0
1396	0.104	0.347	1.346	279.2
1397	0.108	0.345	1.340	279.4
1398	0.106	0.345	1.339	279.6
1399	0.104	0.344	1.343	279.8
1400	0.106	0.345	1.344	280.0
1401	0.107	0.345	1.342	280.2
1402	0.105	0.346	1.340	280.4
1403	0.106	0.344	1.340	280.6
1404	0.105	0.346	1.344	280.8
1405	0.106	0.345	1.341	281.0
1406	0.108	0.345	1.339	281.2
1407	0.106	0.344	1.342	281.4
1408	0.106	0.347	1.343	281.6
1409	0.108	0.344	1.344	281.8
1410	0.106	0.345	1.338	282.0
1411	0.105	0.345	1.338	282.2
1412	0.107	0.346	1.345	282.4
1413	0.105	0.344	1.340	282.6
1414	0.104	0.346	1.340	282.8
1415	0.106	0.347	1.343	283.0
1416	0.109	0.346	1.344	283.2
1417	0.107	0.345	1.342	283.4
1418	0.106	0.344	1.340	283.6
1419	0.107	0.344	1.344	283.8
1420	0.107	0.348	1.344	284.0
1421	0.106	0.345	1.338	284.2
1422	0.108	0.345	1.340	284.4
1423	0.105	0.344	1.349	284.6
1424	0.107	0.345	1.343	284.8
1425	0.110	0.344	1.342	285.0
1426	0.105	0.347	1.342	285.2
1427	0.109	0.346	1.340	285.4
1428	0.106	0.345	1.343	285.6
1429	0.105	0.344	1.345	285.8
1430	0.107	0.348	1.344	286.0
1431	0.109	0.344	1.341	286.2
1432	0.109	0.346	1.344	286.4
1433	0.106	0.346	1.343	286.6
1434	0.105	0.348	1.334	286.8
1435	0.106	0.346	1.342	287.0
1436	0.106	0.346	1.343	287.2
1437	0.108	0.344	1.342	287.4
1438	0.108	0.347	1.337	287.6
1439	0.106	0.348	1.340	287.8
1440	0.105	0.348	1.343	288.0
1441	0.107	0.345	1.337	288.2
1442	0.107	0.345	1.341	288.4
1443	0.105	0.346	1.336	288.6
1444	0.107	0.345	1.338	288.8
1445	0.105	0.346	1.345	289.0
1446	0.106	0.343	1.337	289.2
1447	0.106	0.348	1.340	289.4
1448	0.105	0.343	1.342	289.6
1449	0.105	0.346	1.343	289.8
1450	0.105	0.346	1.339	290.0
1451	0.105	0.346	1.335	290.2
1452	0.105	0.344	1.341	290.4
1453	0.106	0.346	1.342	290.6
1454	0.106	0.343	1.339	290.8
1455	0.104	0.346	1.335	291.0
1456	0.105	0.347	1.344	291.2
1457	0.105	0.343	1.344	291.4
1458	0.104	0.346	1.334	291.6
1459	0.106	0.344	1.338	291.8
1460	0.107	0.346	1.347	292.0
1461	0.105	0.346	1.341	292.2
1462	0.105	0.344	1.331	292.4
1463	0.105	0.345	1.341	292.6
1464	0.105	0.343	1.345	292.8
1465	0.104	0.343	1.339	293.0
1466	0.106	0.345	1.335	293.2
1467	0.107	0.344	1.332	293.4
1468	0.105	0.346	1.340	293.6
1469	0.104	0.345	1.340	293.8
1470	0.106	0.344	1.335	294.0
1471	0.103	0.346	1.337	294.2
1472	0.104	0.343	1.335	294.4
1473	0.105	0.344	1.338	294.6
1474	0.104	0.343	1.334	294.8
1475	0.105	0.344	1.332	295.0
1476	0.103	0.344	1.343	295.2
1477	0.105	0.343	1.335	295.4
1478	0.105	0.345	1.331	295.6
1479	0.104	0.345	1.335	295.8
1480	0.105	0.343	1.338	296.0
1481	0.105	0.346	1.339	296.2
1482	0.105	0.343	1.337	296.4
1483	0.103	0.345	1.340	296.6
1484	0.104	0.341	1.342	296.8
1485	0.104	0.346	1.330	297.0
1486	0.106	0.345	1.339	297.2
1487	0.104	0.341	1.336	297.4
1488	0.107	0.345	1.336	297.6
1489	0.107	0.343	1.335	297.8
1490	0.105	0.342	1.337	298.0
1491	0.103	0.340	1.334	298.2
1492	0.103	0.343	1.337	298.4
1493	0.106	0.344	1.335	298.6
1494	0.105	0.343	1.335	298.8
1495	0.105	0.343	1.330	299.0
1496	0.105	0.341	1.335	299.2
1497	0.109	0.341	1.337	299.4
1498	0.104	0.344	1.330	299.6
1499	0.106	0.341	1.331	299.8
1500	0.104	0.344	1.339	300.0
1501	0.106	0.340	1.342	300.2
1502	0.106	0.343	1.327	300.4
1503	0.105	0.344	1.330	300.6
1504	0.105	0.342	1.340	300.8
1505	0.104	0.342	1.336	301.0
1506	0.103	0.344	1.331	301.2
1507	0.107	0.343	1.329	301.4
1508	0.107	0.343	1.335	301.6
1509	0.105	0.344	1.336	301.8
1510	0.106	0.342	1.338	302.0
1511	0.105	0.345	1.330	302.2
1512	0.104	0.342	1.331	302.4
1513	0.105	0.344	1.333	302.6
1514	0.105	0.342	1.336	302.8
1515	0.106	0.341	1.334	303.0
1516	0.105	0.342	1.340	303.2
1517	0.102	0.341	1.336	303.4
1518	0.104	0.342	1.327	303.6
1519	0.107	0.343	1.335	303.8
1520	0.155	0.628	1.821	304.0
1521	0.169	0.642	1.842	304.2
1522	0.171	0.639	1.816	304.4
1523	0.169	0.636	1.793	304.6
1524	0.168	0.635	1.797	304.8
1525	0.173	0.631	1.805	305.0
1526	0.169	0.628	1.802	305.2
1527	0.173	0.630	1.782	305.4
1528	0.174	0.629	1.794	305.6
1529	0.172	0.625	1.799	305.8
1530	0.172	0.628	1.786	306.0
1531	0.172	0.624	1.786	306.2
1532	0.174	0.624	1.794	306.4
1533	0.173	0.620	1.791	306.6
1534	0.173	0.624	1.779	306.8
1535	0.174	0.620	1.777	307.0
1536	0.173	0.620	1.792	307.2
1537	0.173	0.616	1.783	307.4
1538	0.174	0.618	1.781	307.6
1539	0.173	0.618	1.783	307.8
1540	0.174	0.617	1.788	308.0
1541	0.172	0.618	1.778	308.2
1542	0.172	0.619	1.777	308.4
1543	0.175	0.615	1.784	308.6
1544	0.173	0.616	1.783	308.8
1545	0.176	0.617	1.776	309.0
1546	0.173	0.616	1.780	309.2
1547	0.173	0.616	1.776	309.4
1548	0.176	0.614	1.786	309.6
1549	0.172	0.616	1.772	309.8
1550	0.174	0.614	1.780	310.0
1551	0.173	0.611	1.776	310.2
1552	0.173	0.613	1.768	310.4
1553	0.173	0.613	1.778	310.6
1554	0.175	0.613	1.776	310.8
1555	0.175	0.613	1.774	311.0
1556	0.177	0.613	1.771	311.2
1557	0.177	0.612	1.776	311.4
1558	0.176	0.610	1.772	311.6
1559	0.176	0.612	1.766	311.8
1560	0.174	0.613	1.768	312.0
1561	0.175	0.611	1.773	312.2
1562	0.176	0.611	1.770	312.4
1563	0.174	0.612	1.764	312.6
1564	0.175	0.609	1.772	312.8
1565	0.174	0.609	1.776	313.0
1566	0.174	0.607	1.763	313.2
1567	0.174	0.608	1.760	313.4
1568	0.174	0.609	1.776	313.6
1569	0.175	0.609	1.770	313.8
1570	0.174	0.607	1.767	314.0
1571	0.175	0.608	1.764	314.2
1572	0.177	0.610	1.768	314.4
1573	0.175	0.606	1.768	314.6
1574	0.174	0.607	1.766	314.8
1575	0.174	0.605	1.758	315.0
1576	0.173	0.606	1.769	315.2
1577	0.176	0.608	1.762	315.4
1578	0.174	0.606	1.761	315.6
1579	0.176	0.608	1.768	315.8
1580	0.176	0.607	1.771	316.0
1581	0.175	0.605	1.762	316.2
1582	0.173	0.609	1.756	316.4
1583	0.175	0.603	1.767	316.6
1584	0.175	0.607	1.765	316.8
1585	0.176	0.607	1.760	317.0
1586	0.173	0.605	1.759	317.2
1587	0.174	0.605	1.765	317.4
1588	0.174	0.606	1.758	317.6
1589	0.173	0.606	1.755	317.8
1590	0.176	0.603	1.764	318.0
1591	0.172	0.604	1.766	318.2
1592	0.173	0.604	1.759	318.4
1593	0.176	0.604	1.755	318.6
1594	0.176	0.606	1.760	318.8
1595	0.174	0.604	1.756	319.0
1596	0.176	0.604	1.760	319.2
1597	0.174	0.605	1.758	319.4
1598	0.174	0.604	1.756	319.6
1599	0.175	0.604	1.756	319.8
1600	0.173	0.603	1.756	320.0
1601	0.173	0.604	1.754	320.2
1602	0.174	0.606	1.758	320.4
1603	0.173	0.602	1.755	320.6
1604	0.172	0.604	1.756	320.8
1605	0.175	0.603	1.750	321.0
1606	0.174	0.604	1.753	321.2
1607	0.172	0.600	1.760	321.4
1608	0.175	0.604	1.754	321.6
1609	0.173	0.603	1.752	321.8
1610	0.172	0.602	1.754	322.0
1611	0.175	0.601	1.755	322.2
1612	0.173	0.602	1.753	322.4
1613	0.173	0.602	1.744	322.6
1614	0.175	0.603	1.755	322.8
1615	0.173	0.601	1.748	323.0
1616	0.174	0.601	1.748	323.2
1617	0.175	0.600	1.753	323.4
1618	0.172	0.597	1.752	323.6
1619	0.176	0.600	1.751	323.8
1620	0.172	0.601	1.750	324.0
1621	0.174	0.599	1.746	324.2
1622	0.176	0.600	1.754	324.4
1623	0.173	0.598	1.752	324.6
1624	0.175	0.600	1.746	324.8
1625	0.175	0.598	1.742	325.0
1626	0.177	0.599	1.755	325.2
1627	0.173	0.603	1.750	325.4
1628	0.173	0.599	1.746	325.6
1629	0.176	0.599	1.745	325.8
1630	0.176	0.597	1.749	326.0
1631	0.176	0.597	1.751	326.2
1632	0.175	0.598	1.746	326.4
1633	0.175	0.600	1.746	326.6
1634	0.174	0.599	1.750	326.8
1635	0.177	0.597	1.740	327.0
1636	0.174	0.597	1.748	327.2
1637	0.176	0.595	1.747	327.4
1638	0.176	0.597	1.747	327.6
1639	0.175	0.597	1.747	327.8
1640	0.175	0.597	1.744	328.0
1641	0.175	0.596	1.749	328.2
1642	0.175	0.596	1.747	328.4
1643	0.176	0.597	1.745	328.6
1644	0.176	0.594	1.747	328.8
1645	0.175	0.597	1.747	329.0
1646	0.174	0.596	1.746	329.2
1647	0.175	0.594	1.737	329.4
1648	0.173	0.596	1.749	329.6
1649	0.176	0.596	1.748	329.8
1650	0.175	0.595	1.739	330.0
1651	0.173	0.596	1.741	330.2
1652	0.176	0.594	1.744	330.4
1653	0.175	0.595	1.743	330.6
1654	0.176	0.596	1.742	330.8
1655	0.175	0.593	1.745	331.0
1656	0.173	0.594	1.744	331.2
1657	0.173	0.597	1.744	331.4
1658	0.176	0.594	1.742	331.6
1659	0.176	0.593	1.746	331.8
1660	0.176	0.597	1.746	332.0
1661	0.177	0.595	1.746	332.2
1662	0.174	0.594	1.745	332.4
1663	0.175	0.596	1.746	332.6
1664	0.174	0.595	1.742	332.8
1665	0.175	0.594	1.742	333.0
1666	0.176	0.595	1.749	333.2
1667	0.175	0.591	1.744	333.4
1668	0.174	0.595	1.746	333.6
1669	0.175	0.595	1.745	333.8
1670	0.175	0.592	1.748	334.0
1671	0.175	0.594	1.738	334.2
1672	0.175	0.594	1.746	334.4
1673	0.176	0.595	1.742	334.6
1674	0.176	0.593	1.746	334.8
1675	0.175	0.596	1.738	335.0
1676	0.176	0.595	1.749	335.2
1677	0.173	0.592	1.744	335.4
1678	0.175	0.593	1.742	335.6
1679	0.176	0.594	1.740	335.8
1680	0.175	0.594	1.748	336.0
1681	0.175	0.590	1.740	336.2
1682	0.176	0.595	1.736	336.4
1683	0.175	0.593	1.745	336.6
1684	0.173	0.590	1.747	336.8
1685	0.176	0.593	1.740	337.0
1686	0.176	0.595	1.736	337.2
1687	0.176	0.593	1.747	337.4
1688	0.174	0.595	1.744	337.6
1689	0.173	0.594	1.737	337.8
1690	0.174	0.592	1.742	338.0
1691	0.174	0.593	1.742	338.2
1692	0.174	0.594	1.737	338.4
1693	0.176	0.594	1.736	338.6
1694	0.176	0.596	1.748	338.8
1695	0.174	0.593	1.744	339.0
1696	0.176	0.594	1.742	339.2
1697	0.175	0.593	1.742	339.4
1698	0.175	0.595	1.742	339.6
1699	0.176	0.594	1.743	339.8
1700	0.174	0.592	1.744	340.0
1701	0.177	0.593	1.739	340.2
1702	0.174	0.594	1.745	340.4
1703	0.176	0.595	1.742	340.6
1704	0.176	0.596	1.740	340.8
1705	0.177	0.594	1.744	341.0
1706	0.174	0.594	1.738	341.2
1707	0.178	0.596	1.746	341.4
1708	0.177	0.593	1.744	341.6
1709	0.177	0.593	1.740	341.8
1710	0.178	0.591	1.742	342.0
1711	0.176	0.593	1.743	342.2
1712	0.176	0.594	1.741	342.4
1713	0.176	0.594	1.741	342.6
1714	0.176	0.593	1.742	342.8
1715	0.176	0.592	1.741	343.0
1716	0.177	0.593	1.743	343.2
1717	0.176	0.590	1.741	343.4
1718	0.176	0.594	1.742	343.6
1719	0.176	0.592	1.741	343.8
1720	0.178	0.592	1.738	344.0
1721	0.177	0.593	1.744	344.2
1722	0.174	0.592	1.746	344.4
1723	0.176	0.592	1.739	344.6
1724	0.176	0.592	1.740	344.8
1725	0.174	0.592	1.742	345.0
1726	0.176	0.588	1.744	345.2
1727	0.179	0.592	1.740	345.4
1728	0.174	0.592	1.741	345.6
1729	0.175	0.591	1.745	345.8
1730	0.177	0.591	1.740	346.0
1731	0.174	0.591	1.744	346.2
1732	0.178	0.591	1.744	346.4
1733	0.176	0.590	1.740	346.6
1734	0.177	0.590	1.743	346.8
1735	0.176	0.592	1.741	347.0
1736	0.174	0.591	1.740	347.2
1737	0.173	0.591	1.733	347.4
1738	0.174	0.589	1.744	347.6
1739	0.176	0.591	1.736	347.8
1740	0.176	0.590	1.739	348.0
1741	0.177	0.589	1.738	348.2
1742	0.176	0.591	1.746	348.4
1743	0.177	0.590	1.737	348.6
1744	0.175	0.590	1.737	348.8
1745	0.176	0.592	1.736	349.0
1746	0.176	0.591	1.742	349.2
1747	0.176	0.591	1.735	349.4
1748	0.176	0.590	1.736	349.6
1749	0.176	0.589	1.742	349.8
1750	0.177	0.591	1.744	350.0
1751	0.176	0.588	1.737	350.2
1752	0.174	0.590	1.728	350.4
1753	0.172	0.591	1.746	350.6
1754	0.175	0.590	1.741	350.8
1755	0.174	0.588	1.740	351.0
1756	0.176	0.590	1.738	351.2
1757	0.176	0.590	1.743	351.4
1758	0.174	0.590	1.742	351.6
1759	0.174	0.590	1.737	351.8
1760	0.174	0.591	1.734	352.0
1761	0.173	0.588	1.735	352.2
1762	0.175	0.587	1.740	352.4
1763	0.176	0.588	1.735	352.6
1764	0.175	0.588	1.741	352.8
1765	0.175	0.588	1.733	353.0
1766	0.172	0.588	1.734	353.2
1767	0.176	0.587	1.740	353.4
1768	0.175	0.585	1.734	353.6
1769	0.176	0.587	1.737	353.8
1770	0.173	0.587	1.735	354.0
1771	0.174	0.587	1.734	354.2
1772	0.175	0.587	1.740	354.4
1773	0.172	0.587	1.742	354.6
1774	0.175	0.587	1.733	354.8
1775	0.176	0.586	1.741	355.0
1776	0.174	0.585	1.740	355.2
1777	0.174	0.586	1.736	355.4
1778	0.173	0.586	1.729	355.6
1779	0.174	0.584	1.733	355.8
1780	0.174	0.584	1.736	356.0
1781	0.176	0.585	1.742	356.2
1782	0.173	0.585	1.737	356.4
1783	0.175	0.585	1.739	356.6
1784	0.173	0.583	1.744	356.8
1785	0.176	0.582	1.742	357.0
1786	0.174	0.586	1.734	357.2
1787	0.176	0.585	1.734	357.4
1788	0.175	0.584	1.742	357.6
1789	0.176	0.585	1.725	357.8
1790	0.174	0.586	1.736	358.0
1791	0.175	0.587	1.736	358.2
1792	0.177	0.584	1.739	358.4
1793	0.176	0.584	1.737	358.6
1794	0.177	0.584	1.742	358.8
1795	0.177	0.582	1.740	359.0
1796	0.177	0.583	1.737	359.2
1797	0.176	0.584	1.732	359.4
1798	0.175	0.584	1.734	359.6
1799	0.174	0.582	1.741	359.8
1800	0.176	0.586	1.730	360.0
1801	0.175	0.584	1.734	360.2
1802	0.175	0.583	1.744	360.4
1803	0.173	0.586	1.734	360.6
1804	0.175	0.584	1.727	360.8
1805	0.174	0.584	1.737	361.0
1806	0.175	0.585	1.734	361.2
1807	0.176	0.583	1.730	361.4
1808	0.173	0.584	1.727	361.6
1809	0.176	0.585	1.742	361.8
1810	0.176	0.583	1.736	362.0
1811	0.175	0.583	1.726	362.2
1812	0.176	0.585	1.744	362.4
1813	0.174	0.585	1.746	362.6
1814	0.176	0.583	1.724	362.8
1815	0.175	0.585	1.727	363.0
1816	0.174	0.585	1.733	363.2
1817	0.176	0.584	1.730	363.4
1818	0.177	0.583	1.721	363.6
1819	0.177	0.585	1.726	363.8
1820	0.174	0.586	1.739	364.0
1821	0.172	0.585	1.727	364.2
1822	0.175	0.582	1.723	364.4
1823	0.176	0.583	1.734	364.6
1824	0.176	0.584	1.732	364.8
1825	0.175	0.582	1.726	365.0
1826	0.174	0.582	1.721	365.2
1827	0.175	0.582	1.731	365.4
1828	0.174	0.582	1.725	365.6
1829	0.173	0.583	1.722	365.8
1830	0.176	0.580	1.714	366.0
1831	0.176	0.584	1.732	366.2
1832	0.175	0.584	1.724	366.4
1833	0.176	0.584	1.722	366.6
1834	0.177	0.582	1.726	366.8
1835	0.175	0.583	1.728	367.0
1836	0.176	0.580	1.727	367.2
1837	0.178	0.584	1.722	367.4
1838	0.174	0.584	1.734	367.6
1839	0.174	0.584	1.729	367.8
1840	0.177	0.581	1.730	368.0
1841	0.173	0.583	1.729	368.2
1842	0.173	0.582	1.732	368.4
1843	0.175	0.581	1.739	368.6
1844	0.175	0.581	1.731	368.8
1845	0.177	0.584	1.737	369.0
1846	0.174	0.582	1.728	369.2
1847	0.175	0.581	1.734	369.4
1848	0.176	0.581	1.731	369.6
1849	0.176	0.582	1.731	369.8
1850	0.177	0.581	1.729	370.0
1851	0.176	0.584	1.728	370.2
1852	0.175	0.581	1.726	370.4
1853	0.175	0.580	1.719	370.6
1854	0.175	0.581	1.726	370.8
1855	0.175	0.583	1.722	371.0
1856	0.175	0.580	1.726	371.2
1857	0.173	0.582	1.725	371.4
1858	0.174	0.580	1.727	371.6
1859	0.174	0.581	1.726	371.8
1860	0.175	0.581	1.730	372.0
1861	0.175	0.582	1.728	372.2
1862	0.175	0.580	1.734	372.4
1863	0.175	0.582	1.735	372.6
1864	0.175	0.583	1.733	372.8
1865	0.173	0.581	1.733	373.0
1866	0.175	0.578	1.730	373.2
1867	0.173	0.581	1.739	373.4
1868	0.174	0.583	1.728	373.6
1869	0.176	0.580	1.730	373.8
1870	0.174	0.580	1.728	374.0
1871	0.173	0.581	1.728	374.2
1872	0.176	0.581	1.726	374.4
1873	0.175	0.580	1.729	374.6
1874	0.176	0.578	1.729	374.8
1875	0.174	0.581	1.723	375.0
1876	0.174	0.581	1.722	375.2
1877	0.176	0.580	1.722	375.4
1878	0.175	0.578	1.723	375.6
1879	0.174	0.579	1.725	375.8
1880	0.173	0.580	1.722	376.0
1881	0.173	0.582	1.724	376.2
1882	0.173	0.581	1.726	376.4
1883	0.176	0.577	1.723	376.6
1884	0.174	0.579	1.725	376.8
1885	0.173	0.585	1.721	377.0
1886	0.174	0.581	1.730	377.2
1887	0.174	0.582	1.732	377.4
1888	0.176	0.578	1.725	377.6
1889	0.176	0.583	1.728	377.8
1890	0.173	0.579	1.732	378.0
1891	0.173	0.579	1.732	378.2
1892	0.176	0.582	1.732	378.4
1893	0.176	0.582	1.732	378.6
1894	0.174	0.581	1.737	378.8
1895	0.175	0.579	1.726	379.0
1896	0.175	0.581	1.727	379.2
1897	0.175	0.582	1.739	379.4
1898	0.172	0.582	1.729	379.6
1899	0.173	0.581	1.730	379.8
1900	0.174	0.579	1.726	380.0
1901	0.175	0.579	1.731	380.2
1902	0.175	0.581	1.720	380.4
1903	0.175	0.582	1.715	380.6
1904	0.172	0.579	1.726	380.8
1905	0.173	0.576	1.730	381.0
1906	0.175	0.580	1.714	381.2
1907	0.175	0.581	1.719	381.4
1908	0.176	0.576	1.715	381.6
1909	0.174	0.579	1.722	381.8
1910	0.173	0.581	1.718	382.0
1911	0.175	0.581	1.720	382.2
1912	0.171	0.577	1.725	382.4
1913	0.172	0.578	1.720	382.6
1914	0.174	0.578	1.711	382.8
1915	0.173	0.579	1.723	383.0
1916	0.173	0.580	1.728	383.2
1917	0.172	0.577	1.721	383.4
1918	0.174	0.577	1.714	383.6
1919	0.174	0.577	1.730	383.8
1920	0.174	0.576	1.728	384.0
1921	0.174	0.578	1.717	384.2
1922	0.172	0.577	1.725	384.4
1923	0.173	0.577	1.726	384.6
1924	0.172	0.579	1.722	384.8
1925	0.173	0.576	1.727	385.0
1926	0.172	0.578	1.719	385.2
1927	0.173	0.576	1.718	385.4
1928	0.173	0.578	1.728	385.6
1929	0.173	0.576	1.725	385.8
1930	0.173	0.578	1.721	386.0
1931	0.174	0.576	1.725	386.2
1932	0.175	0.574	1.722	386.4
1933	0.173	0.575	1.720	386.6
1934	0.173	0.576	1.725	386.8
1935	0.172	0.577	1.720	387.0
1936	0.175	0.577	1.722	387.2
1937	0.174	0.576	1.716	387.4
1938	0.174	0.575	1.716	387.6
1939	0.173	0.576	1.726	387.8
1940	0.174	0.576	1.719	388.0
1941	0.175	0.578	1.719	388.2
1942	0.173	0.576	1.722	388.4
1943	0.173	0.574	1.727	388.6
1944	0.172	0.575	1.726	388.8
1945	0.173	0.576	1.715	389.0
1946	0.172	0.576	1.721	389.2
1947	0.173	0.575	1.720	389.4
1948	0.173	0.576	1.715	389.6
1949	0.176	0.575	1.722	389.8
1950	0.174	0.577	1.712	390.0
1951	0.173	0.577	1.716	390.2
1952	0.175	0.578	1.713	390.4
1953	0.174	0.579	1.713	390.6
1954	0.174	0.577	1.715	390.8
1955	0.174	0.577	1.722	391.0
1956	0.173	0.577	1.711	391.2
1957	0.176	0.577	1.712	391.4
1958	0.176	0.576	1.711	391.6
1959	0.174	0.576	1.724	391.8
1960	0.173	0.578	1.709	392.0
1961	0.174	0.579	1.711	392.2
1962	0.174	0.575	1.715	392.4
1963	0.174	0.578	1.714	392.6
1964	0.174	0.576	1.713	392.8
1965	0.175	0.578	1.713	393.0
1966	0.174	0.577	1.728	393.2
1967	0.173	0.578	1.719	393.4
1968	0.175	0.578	1.711	393.6
1969	0.177	0.577	1.712	393.8
1970	0.172	0.578	1.721	394.0
1971	0.175	0.578	1.712	394.2
1972	0.175	0.579	1.709	394.4
1973	0.174	0.578	1.718	394.6
1974	0.173	0.574	1.718	394.8
1975	0.173	0.577	1.711	395.0
1976	0.173	0.578	1.717	395.2
1977	0.175	0.578	1.720	395.4
1978	0.173	0.577	1.718	395.6
1979	0.172	0.575	1.713	395.8
1980	0.174	0.577	1.721	396.0
1981	0.174	0.575	1.721	396.2
1982	0.176	0.577	1.713	396.4
1983	0.175	0.578	1.710	396.6
1984	0.174	0.575	1.723	396.8
1985	0.175	0.577	1.714	397.0
1986	0.174	0.575	1.712	397.2
1987	0.176	0.573	1.721	397.4
1988	0.176	0.574	1.716	397.6
1989	0.174	0.578	1.715	397.8
1990	0.175	0.573	1.713	398.0
1991	0.175	0.576	1.721	398.2
1992	0.176	0.576	1.717	398.4
1993	0.176	0.577	1.712	398.6
1994	0.174	0.575	1.720	398.8
1995	0.172	0.574	1.707	399.0
1996	0.175	0.577	1.711	399.2
1997	0.174	0.577	1.716	399.4
1998	0.174	0.574	1.718	399.6
1999	0.175	0.573	1.713	399.8
2000	0.175	0.576	1.711	400.0
2001	0.176	0.573	1.719	400.2
2002	0.176	0.576	1.718	400.4
2003	0.178	0.575	1.713	400.6
2004	0.178	0.577	1.720	400.8
2005	0.175	0.574	1.721	401.0
2006	0.173	0.577	1.718	401.2
2007	0.175	0.575	1.710	401.4
2008	0.174	0.572	1.714	401.6
2009	0.176	0.572	1.721	401.8
2010	0.176	0.574	1.713	402.0
2011	0.175	0.576	1.713	402.2
2012	0.176	0.577	1.718	402.4
2013	0.174	0.577	1.712	402.6
2014	0.175	0.578	1.714	402.8
2015	0.174	0.575	1.716	403.0
2016	0.176	0.576	1.712	403.2
2017	0.174	0.577	1.713	403.4
2018	0.173	0.575	1.716	403.6
2019	0.172	0.577	1.721	403.8
2020	0.173	0.579	1.896	404.0
2021	0.227	0.890	2.219	404.2
2022	0.232	0.897	2.205	404.4
2023	0.234	0.890	2.222	404.6
2024	0.236	0.887	2.228	404.8
2025	0.235	0.884	2.204	405.0
2026	0.235	0.890	2.203	405.2
2027	0.235	0.883	2.210	405.4
2028	0.236	0.881	2.210	405.6
2029	0.236	0.880	2.197	405.8
2030	0.235	0.881	2.202	406.0
2031	0.237	0.876	2.204	406.2
2032	0.238	0.875	2.200	406.4
2033	0.237	0.878	2.194	406.6
2034	0.236	0.876	2.197	406.8
2035	0.238	0.873	2.202	407.0
2036	0.236	0.873	2.193	407.2
2037	0.239	0.876	2.192	407.4
2038	0.239	0.874	2.193	407.6
2039	0.238	0.872	2.199	407.8
2040	0.239	0.873	2.186	408.0
2041	0.241	0.869	2.196	408.2
2042	0.238	0.871	2.192	408.4
2043	0.238	0.871	2.190	408.6
2044	0.239	0.870	2.186	408.8
2045	0.240	0.870	2.191	409.0
2046	0.239	0.870	2.188	409.2
2047	0.239	0.869	2.183	409.4
2048	0.242	0.871	2.187	409.6
2049	0.239	0.867	2.189	409.8
2050	0.240	0.869	2.185	410.0
2051	0.241	0.869	2.178	410.2
2052	0.239	0.867	2.181	410.4
2053	0.240	0.865	2.188	410.6
2054	0.241	0.868	2.184	410.8
2055	0.240	0.869	2.175	411.0
2056	0.241	0.866	2.176	411.2
2057	0.240	0.867	2.184	411.4
2058	0.240	0.866	2.182	411.6
2059	0.242	0.863	2.175	411.8
2060	0.242	0.866	2.180	412.0
2061	0.244	0.868	2.178	412.2
2062	0.240	0.862	2.175	412.4
2063	0.242	0.865	2.180	412.6
2064	0.244	0.863	2.179	412.8
2065	0.242	0.862	2.172	413.0
2066	0.243	0.863	2.179	413.2
2067	0.242	0.862	2.175	413.4
2068	0.240	0.862	2.170	413.6
2069	0.241	0.860	2.175	413.8
2070	0.242	0.859	2.172	414.0
2071	0.244	0.861	2.175	414.2
2072	0.245	0.858	2.175	414.4
2073	0.243	0.859	2.171	414.6
2074	0.242	0.859	2.169	414.8
2075	0.242	0.858	2.168	415.0
2076	0.243	0.856	2.167	415.2
2077	0.241	0.859	2.174	415.4
2078	0.240	0.855	2.168	415.6
2079	0.245	0.859	2.163	415.8
2080	0.243	0.857	2.168	416.0
2081	0.245	0.856	2.171	416.2
2082	0.243	0.855	2.168	416.4
2083	0.243	0.852	2.165	416.6
2084	0.245	0.857	2.167	416.8
2085	0.243	0.854	2.169	417.0
2086	0.242	0.855	2.163	417.2
2087	0.243	0.853	2.165	417.4
2088	0.244	0.852	2.171	417.6
2089	0.242	0.854	2.163	417.8
2090	0.243	0.849	2.168	418.0
2091	0.242	0.855	2.165	418.2
2092	0.243	0.851	2.170	418.4
2093	0.243	0.853	2.167	418.6
2094	0.242	0.852	2.164	418.8
2095	0.243	0.853	2.162	419.0
2096	0.242	0.852	2.160	419.2
2097	0.240	0.849	2.170	419.4
2098	0.244	0.855	2.169	419.6
2099	0.240	0.851	2.159	419.8
2100	0.243	0.849	2.162	420.0
2101	0.244	0.849	2.162	420.2
2102	0.246	0.848	2.163	420.4
2103	0.243	0.850	2.158	420.6
2104	0.242	0.849	2.160	420.8
2105	0.242	0.850	2.159	421.0
2106	0.243	0.848	2.160	421.2
2107	0.242	0.850	2.161	421.4
2108	0.245	0.847	2.162	421.6
2109	0.241	0.851	2.161	421.8
2110	0.242	0.848	2.158	422.0
2111	0.241	0.849	2.161	422.2
2112	0.243	0.846	2.160	422.4
2113	0.244	0.847	2.157	422.6
2114	0.244	0.846	2.159	422.8
2115	0.243	0.847	2.155	423.0
2116	0.243	0.848	2.165	423.2
2117	0.241	0.846	2.153	423.4
2118	0.244	0.847	2.161	423.6
2119	0.243	0.846	2.161	423.8
2120	0.244	0.847	2.156	424.0
2121	0.242	0.845	2.149	424.2
2122	0.244	0.847	2.155	424.4
2123	0.244	0.844	2.162	424.6
2124	0.244	0.848	2.151	424.8
2125	0.244	0.844	2.151	425.0
2126	0.243	0.847	2.153	425.2
2127	0.244	0.844	2.157	425.4
2128	0.243	0.846	2.152	425.6
2129	0.242	0.846	2.151	425.8
2130	0.244	0.846	2.151	426.0
2131	0.245	0.843	2.150	426.2
2132	0.244	0.843	2.151	426.4
2133	0.245	0.845	2.154	426.6
2134	0.245	0.847	2.152	426.8
2135	0.244	0.842	2.149	427.0
2136	0.243	0.843	2.154	427.2
2137	0.244	0.842	2.149	427.4
2138	0.244	0.844	2.150	427.6
2139	0.243	0.843	2.151	427.8
2140	0.244	0.844	2.158	428.0
2141	0.242	0.844	2.152	428.2
2142	0.245	0.845	2.150	428.4
2143	0.245	0.843	2.147	428.6
2144	0.244	0.845	2.153	428.8
2145	0.246	0.844	2.151	429.0
2146	0.244	0.843	2.146	429.2
2147	0.243	0.843	2.151	429.4
2148	0.243	0.846	2.151	429.6
2149	0.248	0.842	2.147	429.8
2150	0.245	0.845	2.151	430.0
2151	0.245	0.843	2.144	430.2
2152	0.245	0.843	2.151	430.4
2153	0.244	0.842	2.142	430.6
2154	0.245	0.843	2.140	430.8
2155	0.246	0.842	2.147	431.0
2156	0.247	0.842	2.151	431.2
2157	0.248	0.841	2.141	431.4
2158	0.248	0.843	2.151	431.6
2159	0.243	0.841	2.147	431.8
2160	0.245	0.842	2.141	432.0
2161	0.247	0.841	2.139	432.2
2162	0.246	0.842	2.143	432.4
2163	0.245	0.840	2.150	432.6
2164	0.247	0.839	2.144	432.8
2165	0.244	0.839	2.150	433.0
2166	0.245	0.841	2.144	433.2
2167	0.248	0.840	2.143	433.4
2168	0.246	0.841	2.141	433.6
2169	0.246	0.838	2.147	433.8
2170	0.247	0.840	2.150	434.0
2171	0.245	0.841	2.140	434.2
2172	0.245	0.841	2.139	434.4
2173	0.245	0.838	2.143	434.6
2174	0.247	0.839	2.142	434.8
2175	0.243	0.839	2.144	435.0
2176	0.244	0.841	2.144	435.2
2177	0.246	0.838	2.143	435.4
2178	0.242	0.836	2.140	435.6
2179	0.246	0.837	2.141	435.8
2180	0.244	0.838	2.143	436.0
2181	0.242	0.837	2.140	436.2
2182	0.243	0.836	2.143	436.4
2183	0.240	0.838	2.143	436.6
2184	0.245	0.836	2.141	436.8
2185	0.241	0.837	2.147	437.0
2186	0.244	0.835	2.137	437.2
2187	0.244	0.839	2.143	437.4
2188	0.240	0.836	2.139	437.6
2189	0.243	0.836	2.141	437.8
2190	0.240	0.835	2.140	438.0
2191	0.244	0.836	2.144	438.2
2192	0.242	0.836	2.139	438.4
2193	0.243	0.835	2.138	438.6
2194	0.243	0.835	2.143	438.8
2195	0.240	0.833	2.143	439.0
2196	0.240	0.836	2.138	439.2
2197	0.241	0.834	2.136	439.4
2198	0.241	0.835	2.143	439.6
2199	0.241	0.833	2.142	439.8
2200	0.242	0.835	2.140	440.0
2201	0.242	0.833	2.141	440.2
2202	0.241	0.835	2.136	440.4
2203	0.241	0.834	2.140	440.6
2204	0.241	0.833	2.138	440.8
2205	0.243	0.833	2.143	441.0
2206	0.242	0.833	2.139	441.2
2207	0.240	0.833	2.137	441.4
2208	0.245	0.834	2.143	441.6
2209	0.242	0.833	2.137	441.8
2210	0.241	0.832	2.139	442.0
2211	0.243	0.833	2.137	442.2
2212	0.242	0.834	2.141	442.4
2213	0.244	0.835	2.139	442.6
2214	0.242	0.835	2.134	442.8
2215	0.242	0.834	2.134	443.0
2216	0.243	0.835	2.137	443.2
2217	0.244	0.832	2.143	443.4
2218	0.242	0.835	2.131	443.6
2219	0.244	0.836	2.135	443.8
2220	0.241	0.832	2.141	444.0
2221	0.244	0.834	2.139	444.2
2222	0.246	0.832	2.137	444.4
2223	0.244	0.835	2.130	444.6
2224	0.244	0.831	2.140	444.8
2225	0.243	0.834	2.141	445.0
2226	0.241	0.832	2.139	445.2
2227	0.246	0.836	2.131	445.4
2228	0.242	0.835	2.136	445.6
2229	0.245	0.833	2.140	445.8
2230	0.245	0.835	2.136	446.0
2231	0.243	0.834	2.138	446.2
2232	0.247	0.835	2.133	446.4
2233	0.243	0.835	2.139	446.6
2234	0.244	0.834	2.141	446.8
2235	0.245	0.833	2.139	447.0
2236	0.245	0.835	2.137	447.2
2237	0.244	0.833	2.135	447.4
2238	0.244	0.834	2.136	447.6
2239	0.243	0.833	2.136	447.8
2240	0.245	0.834	2.139	448.0
2241	0.246	0.833	2.136	448.2
2242	0.243	0.832	2.134	448.4
2243	0.244	0.834	2.138	448.6
2244	0.243	0.832	2.136	448.8
2245	0.244	0.834	2.133	449.0
2246	0.247	0.832	2.137	449.2
2247	0.243	0.833	2.136	449.4
2248	0.246	0.832	2.135	449.6
2249	0.246	0.834	2.135	449.8
2250	0.246	0.832	2.136	450.0
2251	0.247	0.834	2.134	450.2
2252	0.248	0.833	2.131	450.4
2253	0.249	0.833	2.135	450.6
2254	0.247	0.834	2.136	450.8
2255	0.247	0.833	2.134	451.0
2256	0.247	0.835	2.133	451.2
2257	0.247	0.831	2.134	451.4
2258	0.249	0.832	2.137	451.6
2259	0.247	0.834	2.135	451.8
2260	0.245	0.833	2.130	452.0
2261	0.247	0.833	2.133	452.2
2262	0.245	0.832	2.137	452.4
2263	0.246	0.831	2.134	452.6
2264	0.248	0.833	2.135	452.8
2265	0.247	0.830	2.131	453.0
2266	0.247	0.832	2.138	453.2
2267	0.247	0.835	2.131	453.4
2268	0.248	0.832	2.133	453.6
2269	0.246	0.832	2.132	453.8
2270	0.248	0.832	2.132	454.0
2271	0.247	0.833	2.128	454.2
2272	0.248	0.832	2.134	454.4
2273	0.247	0.832	2.134	454.6
2274	0.247	0.831	2.130	454.8
2275	0.246	0.829	2.132	455.0
2276	0.245	0.828	2.135	455.2
2277	0.251	0.830	2.133	455.4
2278	0.245	0.830	2.124	455.6
2279	0.248	0.831	2.128	455.8
2280	0.245	0.829	2.132	456.0
2281	0.247	0.832	2.133	456.2
2282	0.249	0.830	2.130	456.4
2283	0.248	0.832	2.130	456.6
2284	0.250	0.833	2.129	456.8
2285	0.246	0.832	2.127	457.0
2286	0.249	0.829	2.137	457.2
2287	0.250	0.832	2.132	457.4
2288	0.245	0.829	2.131	457.6
2289	0.248	0.830	2.124	457.8
2290	0.244	0.830	2.135	458.0
2291	0.245	0.830	2.134	458.2
2292	0.245	0.831	2.132	458.4
2293	0.246	0.830	2.132	458.6
2294	0.247	0.829	2.135	458.8
2295	0.245	0.829	2.132	459.0
2296	0.244	0.831	2.124	459.2
2297	0.243	0.829	2.135	459.4
2298	0.244	0.831	2.135	459.6
2299	0.245	0.828	2.125	459.8
2300	0.244	0.829	2.135	460.0
2301	0.243	0.829	2.137	460.2
2302	0.243	0.828	2.133	460.4
2303	0.242	0.830	2.122	460.6
2304	0.244	0.828	2.129	460.8
2305	0.241	0.827	2.137	461.0
2306	0.243	0.827	2.128	461.2
2307	0.244	0.827	2.126	461.4
2308	0.244	0.827	2.135	461.6
2309	0.244	0.829	2.127	461.8
2310	0.243	0.831	2.125	462.0
2311	0.244	0.826	2.133	462.2
2312	0.242	0.827	2.133	462.4
2313	0.243	0.829	2.126	462.6
2314	0.243	0.829	2.119	462.8
2315	0.245	0.827	2.132	463.0
2316	0.241	0.826	2.131	463.2
2317	0.243	0.828	2.124	463.4
2318	0.244	0.828	2.131	463.6
2319	0.242	0.827	2.131	463.8
2320	0.242	0.829	2.128	464.0
2321	0.241	0.829	2.122	464.2
2322	0.242	0.826	2.130	464.4
2323	0.244	0.824	2.139	464.6
2324	0.241	0.828	2.129	464.8
2325	0.242	0.827	2.123	465.0
2326	0.241	0.831	2.132	465.2
2327	0.242	0.827	2.129	465.4
2328	0.242	0.828	2.126	465.6
2329	0.240	0.827	2.124	465.8
2330	0.241	0.825	2.130	466.0
2331	0.242	0.827	2.129	466.2
2332	0.242	0.826	2.123	466.4
2333	0.242	0.826	2.127	466.6
2334	0.241	0.827	2.127	466.8
2335	0.241	0.825	2.124	467.0
2336	0.241	0.825	2.125	467.2
2337	0.240	0.825	2.127	467.4
2338	0.244	0.823	2.118	467.6
2339	0.244	0.827	2.119	467.8
2340	0.241	0.825	2.126	468.0
2341	0.243	0.825	2.127	468.2
2342	0.243	0.823	2.122	468.4
2343	0.245	0.824	2.120	468.6
2344	0.243	0.825	2.123	468.8
2345	0.243	0.823	2.129	469.0
2346	0.242	0.827	2.115	469.2
2347	0.244	0.825	2.125	469.4
2348	0.246	0.822	2.131	469.6
2349	0.245	0.826	2.127	469.8
2350	0.243	0.827	2.121	470.0
2351	0.245	0.825	2.126	470.2
2352	0.244	0.826	2.127	470.4
2353	0.243	0.823	2.116	470.6
2354	0.244	0.824	2.119	470.8
2355	0.245	0.826	2.131	471.0
2356	0.244	0.823	2.128	471.2
2357	0.244	0.825	2.124	471.4
2358	0.244	0.825	2.122	471.6
2359	0.244	0.826	2.127	471.8
2360	0.244	0.823	2.126	472.0
2361	0.245	0.823	2.118	472.2
2362	0.242	0.824	2.122	472.4
2363	0.246	0.824	2.129	472.6
2364	0.244	0.826	2.119	472.8
2365	0.242	0.827	2.118	473.0
2366	0.247	0.824	2.128	473.2
2367	0.245	0.826	2.127	473.4
2368	0.246	0.824	2.114	473.6
2369	0.246	0.825	2.126	473.8
2370	0.244	0.826	2.129	474.0
2371	0.247	0.823	2.118	474.2
2372	0.245	0.825	2.118	474.4
2373	0.245	0.825	2.121	474.6
2374	0.245	0.825	2.127	474.8
2375	0.245	0.823	2.116	475.0
2376	0.247	0.824	2.117	475.2
2377	0.247	0.823	2.122	475.4
2378	0.247	0.822	2.122	475.6
2379	0.245	0.824	2.123	475.8
2380	0.247	0.823	2.124	476.0
2381	0.244	0.822	2.119	476.2
2382	0.248	0.822	2.120	476.4
2383	0.244	0.823	2.117	476.6
2384	0.245	0.825	2.122	476.8
2385	0.245	0.819	2.123	477.0
2386	0.245	0.825	2.121	477.2
2387	0.245	0.824	2.118	477.4
2388	0.246	0.822	2.124	477.6
2389	0.246	0.824	2.124	477.8
2390	0.245	0.822	2.114	478.0
2391	0.247	0.823	2.122	478.2
2392	0.246	0.823	2.122	478.4
2393	0.244	0.822	2.126	478.6
2394	0.244	0.822	2.115	478.8
2395	0.244	0.822	2.118	479.0
2396	0.244	0.819	2.115	479.2
2397	0.245	0.820	2.124	479.4
2398	0.243	0.822	2.118	479.6
2399	0.244	0.822	2.122	479.8
2400	0.245	0.820	2.122	480.0
2401	0.245	0.821	2.115	480.2
2402	0.243	0.819	2.119	480.4
2403	0.242	0.819	2.116	480.6
2404	0.245	0.824	2.124	480.8
2405	0.244	0.822	2.116	481.0
2406	0.243	0.825	2.117	481.2
2407	0.241	0.822	2.113	481.4
2408	0.242	0.824	2.116	481.6
2409	0.244	0.825	2.119	481.8
2410	0.243	0.823	2.112	482.0
2411	0.242	0.823	2.118	482.2
2412	0.241	0.823	2.111	482.4
2413	0.242	0.821	2.118	482.6
2414	0.241	0.823	2.112	482.8
2415	0.242	0.821	2.118	483.0
2416	0.242	0.821	2.113	483.2
2417	0.240	0.823	2.117	483.4
2418	0.241	0.822	2.114	483.6
2419	0.242	0.823	2.112	483.8
2420	0.243	0.821	2.116	484.0
2421	0.245	0.820	2.117	484.2
2422	0.242	0.821	2.122	484.4
2423	0.243	0.820	2.118	484.6
2424	0.243	0.821	2.114	484.8
2425	0.243	0.821	2.117	485.0
2426	0.243	0.818	2.115	485.2
2427	0.244	0.821	2.118	485.4
2428	0.244	0.820	2.114	485.6
2429	0.245	0.819	2.110	485.8
2430	0.242	0.819	2.110	486.0
2431	0.242	0.819	2.112	486.2
2432	0.244	0.817	2.125	486.4
2433	0.242	0.821	2.116	486.6
2434	0.245	0.818	2.115	486.8
2435	0.245	0.820	2.118	487.0
2436	0.243	0.819	2.109	487.2
2437	0.245	0.818	2.112	487.4
2438	0.242	0.818	2.109	487.6
2439	0.246	0.818	2.112	487.8
2440	0.244	0.819	2.112	488.0
2441	0.243	0.818	2.111	488.2
2442	0.248	0.817	2.120	488.4
2443	0.243	0.820	2.111	488.6
2444	0.245	0.815	2.109	488.8
2445	0.244	0.819	2.112	489.0
2446	0.244	0.819	2.112	489.2
2447	0.246	0.818	2.111	489.4
2448	0.243	0.817	2.107	489.6
2449	0.246	0.819	2.116	489.8
2450	0.244	0.815	2.119	490.0
2451	0.245	0.816	2.104	490.2
2452	0.245	0.818	2.112	490.4
2453	0.245	0.816	2.110	490.6
2454	0.244	0.816	2.115	490.8
2455	0.245	0.819	2.115	491.0
2456	0.244	0.817	2.105	491.2
2457	0.247	0.816	2.117	491.4
2458	0.246	0.815	2.111	491.6
2459	0.245	0.819	2.112	491.8
2460	0.244	0.817	2.110	492.0
2461	0.244	0.815	2.109	492.2
2462	0.243	0.815	2.110	492.4
2463	0.245	0.817	2.106	492.6
2464	0.245	0.818	2.113	492.8
2465	0.244	0.815	2.111	493.0
2466	0.244	0.815	2.111	493.2
2467	0.243	0.816	2.107	493.4
2468	0.247	0.816	2.112	493.6
2469	0.245	0.814	2.113	493.8
2470	0.244	0.817	2.107	494.0
2471	0.244	0.817	2.112	494.2
2472	0.246	0.816	2.106	494.4
2473	0.243	0.814	2.110	494.6
2474	0.244	0.813	2.112	494.8
2475	0.243	0.815	2.105	495.0
2476	0.244	0.813	2.110	495.2
2477	0.245	0.814	2.114	495.4
2478	0.244	0.816	2.108	495.6
2479	0.244	0.815	2.106	495.8
2480	0.244	0.814	2.102	496.0
2481	0.243	0.814	2.103	496.2
2482	0.241	0.812	2.114	496.4
2483	0.243	0.814	2.107	496.6
2484	0.245	0.812	2.107	496.8
2485	0.243	0.814	2.107	497.0
2486	0.243	0.813	2.112	497.2
2487	0.244	0.812	2.108	497.4
2488	0.243	0.814	2.108	497.6
2489	0.244	0.814	2.111	497.8
2490	0.243	0.814	2.107	498.0
2491	0.245	0.813	2.108	498.2
2492	0.244	0.815	2.103	498.4
2493	0.246	0.814	2.112	498.6
2494	0.243	0.814	2.111	498.8
2495	0.243	0.812	2.103	499.0
2496	0.244	0.814	2.103	499.2
2497	0.243	0.813	2.110	499.4
2498	0.245	0.812	2.108	499.6
2499	0.245	0.812	2.106	499.8
2500	0.247	0.813	2.104	500.0
2501	0.244	0.811	2.112	500.2
2502	0.243	0.812	2.101	500.4
2503	0.244	0.814	2.100	500.6
2504	0.244	0.811	2.110	500.8
2505	0.244	0.810	2.105	501.0
2506	0.245	0.811	2.104	501.2
2507	0.246	0.815	2.104	501.4
2508	0.244	0.816	2.108	501.6
2509	0.246	0.811	2.102	501.8
2510	0.245	0.812	2.096	502.0
2511	0.245	0.812	2.100	502.2
2512	0.245	0.812	2.110	502.4
2513	0.246	0.812	2.108	502.6
2514	0.245	0.813	2.090	502.8
2515	0.246	0.813	2.104	503.0
2516	0.247	0.811	2.107	503.2
2517	0.245	0.813	2.099	503.4
2518	0.247	0.811	2.104	503.6
2519	0.244	0.811	2.107	503.8
2520	0.246	0.812	2.104	504.0
2521	0.223	0.665	1.647	504.2
2522	0.139	0.246	1.046	504.4
2523	0.002	-0.004	0.778	504.6
2524	-0.004	0.001	0.776	504.8
2525	-0.004	-0.002	0.773	505.0
2526	-0.004	0.001	0.781	505.2
2527	-0.005	-0.007	0.778	505.4
2528	-0.006	-0.010	0.774	505.6
2529	-0.005	-0.011	0.782	505.8
2530	-0.005	-0.007	0.783	506.0
2531	-0.003	-0.004	0.771	506.2
2532	-0.004	0.002	0.775	506.4
2533	-0.004	-0.002	0.779	506.6
2534	-0.004	-0.005	0.784	506.8
2535	-0.005	-0.009	0.778	507.0
2536	-0.005	-0.010	0.782	507.2
2537	-0.004	-0.005	0.779	507.4
2538	-0.004	-0.004	0.774	507.6
2539	-0.005	-0.003	0.772	507.8
2540	-0.007	0.000	0.778	508.0
2541	-0.006	-0.002	0.783	508.2
2542	-0.004	-0.007	0.773	508.4
2543	-0.003	-0.008	0.784	508.6
2544	-0.004	-0.006	0.781	508.8
2545	-0.006	-0.007	0.779	509.0
2546	-0.003	-0.005	0.778	509.2
2547	-0.006	-0.006	0.779	509.4
2548	-0.003	-0.003	0.780	509.6
2549	-0.006	-0.004	0.776	509.8
2550	-0.005	-0.002	0.778	510.0
2551	-0.006	-0.005	0.775	510.2
2552	-0.008	-0.007	0.775	510.4
2553	-0.007	-0.007	0.776	510.6
2554	-0.009	-0.005	0.777	510.8
2555	-0.010	-0.003	0.778	511.0
2556	-0.009	-0.002	0.778	511.2
2557	-0.008	-0.003	0.778	511.4
2558	-0.011	-0.002	0.775	511.6
2559	-0.011	-0.006	0.778	511.8
2560	-0.011	-0.007	0.775	512.0
2561	-0.010	-0.006	0.776	512.2
2562	-0.012	-0.004	0.778	512.4
2563	-0.009	-0.003	0.777	512.6
2564	-0.010	-0.005	0.773	512.8
2565	-0.011	-0.005	0.776	513.0
2566	-0.009	-0.004	0.780	513.2
2567	-0.011	-0.001	0.781	513.4
2568	-0.011	-0.005	0.777	513.6
2569	-0.013	-0.007	0.774	513.8
2570	-0.011	-0.009	0.781	514.0
2571	-0.011	-0.005	0.781	514.2
2572	-0.007	-0.007	0.778	514.4
2573	-0.009	-0.002	0.780	514.6
2574	-0.008	-0.004	0.781	514.8
2575	-0.007	-0.004	0.780	515.0
2576	-0.009	-0.005	0.779	515.2
2577	-0.007	-0.007	0.777	515.4
2578	-0.008	-0.009	0.779	515.6
2579	-0.007	-0.004	0.779	515.8
2580	-0.008	-0.004	0.775	516.0
2581	-0.007	-0.003	0.780	516.2
2582	-0.007	-0.007	0.775	516.4
2583	-0.007	-0.005	0.775	516.6
2584	-0.007	-0.004	0.776	516.8
2585	-0.006	-0.004	0.775	517.0
2586	-0.007	-0.005	0.776	517.2
2587	-0.007	-0.006	0.773	517.4
2588	-0.008	-0.003	0.778	517.6
2589	-0.007	-0.003	0.779	517.8
2590	-0.007	-0.004	0.776	518.0
2591	-0.008	-0.005	0.777	518.2
2592	-0.009	-0.003	0.777	518.4
2593	-0.010	-0.005	0.778	518.6
2594	-0.008	-0.005	0.779	518.8
2595	-0.007	-0.005	0.778	519.0
2596	-0.009	-0.003	0.777	519.2
2597	-0.009	-0.005	0.778	519.4
2598	-0.008	-0.003	0.777	519.6
2599	-0.009	-0.003	0.773	519.8
2600	-0.006	-0.002	0.775	520.0
2601	-0.009	-0.005	0.778	520.2
2602	-0.005	-0.006	0.777	520.4
2603	-0.010	-0.009	0.779	520.6
2604	-0.010	-0.002	0.776	520.8
2605	-0.007	-0.004	0.778	521.0
2606	-0.010	-0.005	0.780	521.2
2607	-0.010	-0.004	0.778	521.4
2608	-0.010	-0.007	0.778	521.6
2609	-0.012	-0.010	0.780	521.8
2610	-0.012	-0.007	0.778	522.0
2611	-0.011	-0.005	0.780	522.2
2612	-0.009	0.000	0.779	522.4
2613	-0.012	0.000	0.778	522.6
2614	-0.011	-0.002	0.779	522.8
2615	-0.013	-0.001	0.779	523.0
2616	-0.012	-0.002	0.780	523.2
2617	-0.014	-0.002	0.781	523.4
2618	-0.013	-0.005	0.778	523.6
2619	-0.012	-0.002	0.776	523.8
2620	-0.015	-0.004	0.776	524.0
2621	-0.016	0.001	0.776	524.2
2622	-0.013	-0.001	0.779	524.4
2623	-0.017	-0.001	0.777	524.6
2624	-0.014	-0.001	0.774	524.8
2625	-0.014	-0.005	0.778	525.0
2626	-0.016	-0.007	0.776	525.2
2627	-0.016	-0.003	0.779	525.4
2628	-0.016	-0.003	0.776	525.6
2629	-0.016	-0.001	0.779	525.8
2630	-0.013	0.001	0.776	526.0
2631	-0.013	-0.005	0.774	526.2
2632	-0.013	-0.004	0.777	526.4
2633	-0.011	-0.006	0.775	526.6
2634	-0.011	-0.003	0.778	526.8
2635	-0.011	-0.005	0.776	527.0
2636	-0.012	-0.002	0.778	527.2
2637	-0.011	-0.005	0.778	527.4
2638	-0.009	-0.003	0.777	527.6
2639	-0.012	-0.005	0.780	527.8
2640	-0.011	-0.004	0.778	528.0
2641	-0.013	-0.005	0.778	528.2
2642	-0.013	-0.007	0.778	528.4
2643	-0.012	-0.007	0.778	528.6
2644	-0.012	-0.006	0.778	528.8
2645	-0.013	-0.006	0.777	529.0
2646	-0.011	-0.003	0.780	529.2
2647	-0.011	-0.001	0.776	529.4
2648	-0.012	-0.002	0.780	529.6
2649	-0.011	-0.005	0.778	529.8
2650	-0.010	-0.007	0.778	530.0
2651	-0.011	-0.007	0.777	530.2
2652	-0.012	-0.005	0.777	530.4
2653	-0.011	-0.001	0.778	530.6
2654	-0.013	-0.003	0.779	530.8
2655	-0.012	-0.002	0.776	531.0
2656	-0.013	-0.006	0.776	531.2
2657	-0.012	-0.005	0.776	531.4
2658	-0.013	-0.005	0.774	531.6
2659	-0.013	-0.001	0.778	531.8
2660	-0.013	-0.002	0.778	532.0
2661	-0.013	-0.006	0.777	532.2
2662	-0.013	-0.005	0.780	532.4
2663	-0.013	-0.005	0.778	532.6
2664	-0.013	0.001	0.778	532.8
2665	-0.016	-0.003	0.773	533.0
2666	-0.015	0.001	0.776	533.2
2667	-0.014	-0.002	0.779	533.4
2668	-0.015	-0.004	0.775	533.6
2669	-0.012	-0.007	0.776	533.8
2670	-0.016	-0.007	0.777	534.0
2671	-0.013	-0.002	0.779	534.2
2672	-0.015	-0.002	0.778	534.4
2673	-0.018	-0.003	0.776	534.6
2674	-0.013	-0.004	0.776	534.8
2675	-0.014	-0.010	0.778	535.0
2676	-0.014	-0.009	0.774	535.2
2677	-0.015	-0.005	0.778	535.4
2678	-0.011	-0.004	0.779	535.6
2679	-0.012	-0.004	0.776	535.8
2680	-0.013	-0.005	0.776	536.0
2681	-0.009	-0.004	0.778	536.2
2682	-0.011	-0.008	0.779	536.4
2683	-0.010	-0.009	0.779	536.6
2684	-0.007	-0.010	0.779	536.8
2685	-0.011	-0.008	0.778	537.0
2686	-0.011	-0.008	0.778	537.2
2687	-0.010	-0.005	0.777	537.4
2688	-0.008	-0.003	0.779	537.6
2689	-0.011	-0.005	0.778	537.8
2690	-0.007	-0.007	0.776	538.0
2691	-0.009	-0.009	0.780	538.2
2692	-0.009	-0.009	0.779	538.4
2693	-0.010	-0.008	0.777	538.6
2694	-0.009	-0.004	0.776	538.8
2695	-0.011	-0.006	0.776	539.0
2696	-0.009	-0.005	0.777	539.2
2697	-0.011	-0.005	0.778	539.4
2698	-0.010	-0.007	0.780	539.6
2699	-0.009	-0.006	0.776	539.8
2700	-0.011	-0.006	0.771	540.0
2701	-0.010	-0.005	0.779	540.2
2702	-0.010	-0.004	0.772	540.4
2703	-0.011	-0.008	0.775	540.6
2704	-0.010	-0.005	0.779	540.8
2705	-0.011	-0.006	0.777	541.0
2706	-0.011	-0.004	0.774	541.2
2707	-0.012	-0.007	0.777	541.4
2708	-0.010	-0.005	0.778	541.6
2709	-0.010	-0.005	0.776	541.8
2710	-0.010	-0.006	0.776	542.0
2711	-0.008	-0.006	0.778	542.2
2712	-0.011	-0.005	0.778	542.4
2713	-0.009	-0.005	0.779	542.6
2714	-0.009	-0.009	0.778	542.8
2715	-0.012	-0.004	0.772	543.0
2716	-0.005	-0.005	0.776	543.2
2717	-0.008	-0.003	0.776	543.4
2718	-0.009	-0.007	0.780	543.6
2719	-0.010	-0.005	0.777	543.8
2720	-0.009	-0.007	0.779	544.0
2721	-0.009	-0.006	0.775	544.2
2722	-0.007	-0.002	0.776	544.4
2723	-0.009	-0.005	0.776	544.6
2724	-0.009	-0.005	0.778	544.8
2725	-0.010	-0.005	0.777	545.0
2726	-0.010	-0.004	0.780	545.2
2727	-0.011	-0.003	0.782	545.4
2728	-0.008	-0.004	0.779	545.6
2729	-0.009	-0.003	0.780	545.8
2730	-0.009	-0.005	0.777	546.0
2731	-0.010	-0.004	0.776	546.2
2732	-0.010	-0.003	0.779	546.4
2733	-0.011	-0.004	0.780	546.6
2734	-0.009	-0.004	0.775	546.8
2735	-0.011	-0.007	0.779	547.0
2736	-0.009	-0.003	0.779	547.2
2737	-0.010	-0.006	0.777	547.4
2738	-0.009	-0.003	0.779	547.6
2739	-0.006	-0.003	0.781	547.8
2740	-0.010	-0.004	0.780	548.0
2741	-0.009	-0.007	0.772	548.2
2742	-0.009	-0.005	0.779	548.4
2743	-0.010	-0.006	0.776	548.6
2744	-0.009	-0.007	0.777	548.8
2745	-0.009	-0.006	0.775	549.0
2746	-0.010	-0.007	0.781	549.2
2747	-0.009	-0.007	0.778	549.4
2748	-0.011	-0.007	0.779	549.6
2749	-0.010	-0.002	0.776	549.8
2750	-0.010	-0.007	0.776	550.0
2751	-0.011	-0.008	0.777	550.2
2752	-0.011	-0.008	0.778	550.4
2753	-0.011	-0.007	0.778	550.6
2754	-0.009	-0.007	0.776	550.8
2755	-0.011	-0.005	0.778	551.0
2756	-0.011	-0.007	0.779	551.2
2757	-0.011	-0.006	0.777	551.4
2758	-0.009	-0.007	0.778	551.6
2759	-0.007	-0.005	0.776	551.8
2760	-0.010	-0.009	0.778	552.0
2761	-0.011	-0.007	0.778	552.2
2762	-0.009	-0.005	0.775	552.4
2763	-0.009	-0.004	0.777	552.6
2764	-0.008	-0.006	0.778	552.8
2765	-0.007	-0.006	0.779	553.0
2766	-0.009	-0.007	0.776	553.2
2767	-0.008	-0.004	0.779	553.4
2768	-0.011	-0.004	0.779	553.6
2769	-0.008	-0.006	0.773	553.8
2770	-0.009	-0.005	0.776	554.0
2771	-0.007	-0.008	0.781	554.2
2772	-0.009	-0.005	0.780	554.4
2773	-0.009	-0.004	0.780	554.6
2774	-0.010	-0.003	0.779	554.8
2775	-0.009	-0.004	0.779	555.0
2776	-0.009	-0.006	0.781	555.2
2777	-0.008	-0.007	0.780	555.4
2778	-0.009	-0.004	0.777	555.6
2779	-0.009	-0.006	0.775	555.8
2780	-0.008	-0.004	0.779	556.0
2781	-0.007	-0.003	0.778	556.2
2782	-0.008	-0.008	0.776	556.4
2783	-0.007	-0.003	0.774	556.6
2784	-0.009	-0.005	0.778	556.8
2785	-0.010	-0.004	0.776	557.0
2786	-0.007	-0.006	0.776	557.2
2787	-0.006	-0.006	0.777	557.4
2788	-0.010	-0.006	0.778	557.6
2789	-0.007	-0.004	0.777	557.8
2790	-0.009	-0.004	0.775	558.0
2791	-0.009	-0.004	0.776	558.2
2792	-0.007	-0.004	0.780	558.4
2793	-0.007	-0.006	0.775	558.6
2794	-0.008	-0.007	0.778	558.8
2795	-0.010	-0.009	0.778	559.0
2796	-0.009	-0.006	0.777	559.2
2797	-0.009	-0.003	0.779	559.4
2798	-0.009	-0.004	0.778	559.6
2799	-0.011	-0.007	0.780	559.8
2800	-0.008	-0.004	0.777	560.0
2801	-0.009	-0.006	0.780	560.2
2802	-0.010	-0.004	0.778	560.4
2803	-0.011	-0.004	0.779	560.6
2804	-0.007	-0.004	0.780	560.8
2805	-0.010	-0.007	0.775	561.0
2806	-0.011	-0.007	0.779	561.2
2807	-0.009	-0.005	0.778	561.4
2808	-0.009	-0.005	0.777	561.6
2809	-0.009	-0.004	0.778	561.8
2810	-0.009	-0.003	0.778	562.0
2811	-0.010	-0.007	0.778	562.2
2812	-0.009	-0.006	0.778	562.4
2813	-0.007	-0.004	0.781	562.6
2814	-0.008	-0.004	0.777	562.8
2815	-0.009	-0.003	0.778	563.0
2816	-0.009	-0.005	0.779	563.2
2817	-0.008	-0.007	0.779	563.4
2818	-0.007	-0.007	0.779	563.6
2819	-0.007	-0.006	0.777	563.8
2820	-0.009	-0.003	0.776	564.0
2821	-0.010	-0.003	0.777	564.2
2822	-0.010	-0.001	0.778	564.4
2823	-0.010	-0.005	0.776	564.6
2824	-0.007	-0.007	0.779	564.8
2825	-0.007	-0.006	0.778	565.0
2826	-0.007	-0.004	0.779	565.2
2827	-0.009	-0.006	0.775	565.4
2828	-0.009	-0.005	0.776	565.6
2829	-0.006	-0.006	0.777	565.8
2830	-0.008	-0.002	0.778	566.0
2831	-0.006	-0.003	0.774	566.2
2832	-0.007	-0.007	0.778	566.4
2833	-0.007	-0.005	0.776	566.6
2834	-0.010	-0.009	0.781	566.8
2835	-0.009	-0.008	0.774	567.0
2836	-0.009	-0.006	0.777	567.2
2837	-0.007	-0.003	0.776	567.4
2838	-0.009	-0.004	0.777	567.6
2839	-0.010	-0.005	0.774	567.8
2840	-0.010	-0.006	0.778	568.0
2841	-0.009	-0.009	0.775	568.2
2842	-0.011	-0.009	0.777	568.4
2843	-0.009	-0.005	0.779	568.6
2844	-0.010	-0.005	0.774	568.8
2845	-0.009	-0.005	0.776	569.0
2846	-0.010	-0.003	0.777	569.2
2847	-0.012	-0.005	0.779	569.4
2848	-0.009	-0.004	0.772	569.6
2849	-0.009	-0.006	0.778	569.8
2850	-0.010	-0.006	0.779	570.0
2851	-0.011	-0.005	0.779	570.2
2852	-0.011	-0.007	0.778	570.4
2853	-0.012	-0.001	0.780	570.6
2854	-0.011	0.000	0.774	570.8
2855	-0.012	-0.003	0.779	571.0
2856	-0.012	-0.004	0.775	571.2
2857	-0.013	-0.005	0.778	571.4
2858	-0.013	-0.007	0.779	571.6
2859	-0.013	-0.005	0.778	571.8
2860	-0.012	-0.001	0.778	572.0
2861	-0.012	-0.004	0.776	572.2
2862	-0.014	-0.005	0.778	572.4
2863	-0.013	-0.004	0.779	572.6
2864	-0.014	-0.006	0.776	572.8
2865	-0.012	-0.003	0.780	573.0
2866	-0.013	-0.006	0.776	573.2
2867	-0.013	-0.006	0.776	573.4
2868	-0.010	-0.007	0.774	573.6
2869	-0.014	-0.007	0.775	573.8
2870	-0.011	-0.008	0.778	574.0
2871	-0.013	-0.003	0.777	574.2
2872	-0.011	-0.006	0.776	574.4
2873	-0.010	-0.005	0.779	574.6
2874	-0.011	-0.005	0.772	574.8
2875	-0.013	-0.008	0.778	575.0
2876	-0.013	-0.007	0.776	575.2
2877	-0.013	-0.005	0.776	575.4
2878	-0.009	-0.005	0.775	575.6
2879	-0.010	-0.006	0.779	575.8
2880	-0.010	-0.003	0.780	576.0
2881	-0.011	-0.003	0.777	576.2
2882	-0.011	-0.006	0.776	576.4
2883	-0.011	-0.005	0.777	576.6
2884	-0.011	-0.005	0.778	576.8
2885	-0.012	-0.006	0.774	577.0
2886	-0.011	-0.005	0.778	577.2
2887	-0.011	-0.003	0.777	577.4
2888	-0.010	-0.005	0.779	577.6
2889	-0.012	-0.003	0.779	577.8
2890	-0.010	-0.002	0.778	578.0
2891	-0.010	-0.006	0.779	578.2
2892	-0.011	-0.007	0.778	578.4
2893	-0.009	-0.006	0.777	578.6
2894	-0.011	-0.005	0.780	578.8
2895	-0.012	-0.002	0.778	579.0
2896	-0.009	0.000	0.779	579.2
2897	-0.010	-0.002	0.778	579.4
2898	-0.011	-0.004	0.779	579.6
2899	-0.011	-0.005	0.781	579.8
2900	-0.011	-0.007	0.777	580.0
2901	-0.010	-0.005	0.778	580.2
2902	-0.011	-0.004	0.778	580.4
2903	-0.006	-0.003	0.780	580.6
2904	-0.007	-0.002	0.778	580.8
2905	-0.009	-0.005	0.779	581.0
2906	-0.011	-0.006	0.776	581.2
2907	-0.009	-0.007	0.778	581.4
2908	-0.007	-0.006	0.776	581.6
2909	-0.011	-0.009	0.776	581.8
2910	-0.011	-0.004	0.780	582.0
2911	-0.007	-0.005	0.779	582.2
2912	-0.009	-0.001	0.779	582.4
2913	-0.009	-0.002	0.779	582.6
2914	-0.010	-0.005	0.780	582.8
2915	-0.009	-0.003	0.776	583.0
2916	-0.011	-0.007	0.780	583.2
2917	-0.011	-0.007	0.777	583.4
2918	-0.008	-0.005	0.778	583.6
2919	-0.010	-0.002	0.777	583.8
2920	-0.010	0.001	0.776	584.0
2921	-0.010	-0.001	0.776	584.2
2922	-0.010	-0.002	0.776	584.4
2923	-0.009	-0.005	0.777	584.6
2924	-0.011	-0.005	0.776	584.8
2925	-0.011	-0.007	0.780	585.0
2926	-0.009	-0.001	0.777	585.2
2927	-0.011	-0.003	0.776	585.4
2928	-0.008	-0.001	0.775	585.6
2929	-0.011	-0.001	0.778	585.8
2930	-0.009	-0.005	0.781	586.0
2931	-0.012	-0.002	0.778	586.2
2932	-0.009	-0.003	0.778	586.4
2933	-0.007	-0.004	0.778	586.6
2934	-0.009	-0.001	0.777	586.8
2935	-0.011	-0.006	0.777	587.0
2936	-0.008	-0.005	0.780	587.2
2937	-0.011	-0.005	0.778	587.4
2938	-0.010	-0.003	0.778	587.6
2939	-0.009	-0.003	0.777	587.8
2940	-0.010	-0.004	0.775	588.0
2941	-0.009	-0.005	0.778	588.2
2942	-0.011	-0.003	0.780	588.4
2943	-0.011	-0.003	0.779	588.6
2944	-0.009	-0.003	0.777	588.8
2945	-0.009	-0.005	0.777	589.0
2946	-0.010	-0.005	0.775	589.2
2947	-0.010	-0.004	0.775	589.4
2948	-0.012	-0.003	0.773	589.6
2949	-0.011	-0.006	0.776	589.8
2950	-0.009	-0.004	0.777	590.0
2951	-0.008	-0.003	0.775	590.2
2952	-0.008	-0.004	0.777	590.4
2953	-0.009	-0.005	0.776	590.6
2954	-0.011	-0.006	0.776	590.8
2955	-0.009	-0.003	0.777	591.0
2956	-0.009	-0.002	0.776	591.2
2957	-0.010	-0.002	0.780	591.4
2958	-0.009	-0.005	0.776	591.6
2959	-0.010	-0.005	0.777	591.8
2960	-0.010	-0.005	0.775	592.0
2961	-0.009	-0.005	0.777	592.2
2962	-0.009	-0.004	0.775	592.4
2963	-0.009	-0.003	0.776	592.6
2964	-0.009	-0.006	0.777	592.8
2965	-0.011	-0.003	0.776	593.0
2966	-0.011	-0.004	0.776	593.2
2967	-0.009	-0.005	0.776	593.4
2968	-0.010	-0.003	0.774	593.6
2969	-0.009	-0.003	0.775	593.8
2970	-0.009	-0.005	0.778	594.0
2971	-0.010	-0.005	0.780	594.2
2972	-0.011	-0.005	0.774	594.4
2973	-0.010	-0.002	0.777	594.6
2974	-0.010	-0.001	0.780	594.8
2975	-0.009	-0.004	0.779	595.0
2976	-0.009	-0.002	0.778	595.2
2977	-0.011	-0.004	0.778	595.4
2978	-0.010	-0.005	0.781	595.6
2979	-0.010	-0.001	0.775	595.8
2980	-0.009	-0.004	0.780	596.0
2981	-0.009	-0.001	0.778	596.2
2982	-0.009	-0.005	0.779	596.4
2983	-0.009	-0.008	0.777	596.6
2984	-0.010	-0.009	0.777	596.8
2985	-0.010	-0.004	0.780	597.0
2986	-0.009	-0.003	0.779	597.2
2987	-0.008	0.000	0.776	597.4
2988	-0.008	-0.003	0.776	597.6
2989	-0.009	-0.004	0.778	597.8
2990	-0.009	-0.004	0.778	598.0
2991	-0.009	-0.007	0.781	598.2
2992	-0.010	-0.007	0.775	598.4
2993	-0.009	-0.005	0.776	598.6
2994	-0.010	-0.005	0.778	598.8
2995	-0.009	-0.003	0.775	599.0
2996	-0.009	-0.001	0.777	599.2
2997	-0.009	-0.002	0.779	599.4
2998	-0.007	-0.002	0.780	599.6
2999	-0.009	-0.004	0.776	599.8
3000	-0.010	-0.007	0.773	600.0
3001	-0.009	-0.006	0.778	600.2
3002	-0.009	-0.005	0.778	600.4
3003	-0.008	-0.006	0.778	600.6
3004	-0.012	0.000	0.775	600.8
3005	-0.010	-0.004	0.775	601.0
3006	-0.011	-0.003	0.782	601.2
3007	-0.009	-0.004	0.776	601.4
3008	-0.011	-0.007	0.779	601.6
3009	-0.010	-0.005	0.777	601.8
3010	-0.011	-0.004	0.778	602.0
3011	-0.011	-0.005	0.780	602.2
3012	-0.011	-0.002	0.779	602.4
