0	0.054598	-0.111598	-0.100264	0.022264
1	0.054037	-0.111037	-0.100287	0.017287
2	0.053477	-0.109477	-0.100310	0.017310
3	0.052916	-0.106916	-0.100333	0.017333
4	0.052356	-0.106356	-0.100357	0.012357
5	0.051795	-0.105795	-0.100380	0.012380
6	0.051234	-0.105234	-0.100403	0.012403
7	0.050674	-0.103674	-0.100426	0.007426
8	0.050113	-0.107113	-0.100450	0.007450
9	0.049552	-0.108552	-0.100473	0.020473
10	0.048992	-0.101992	-0.100496	0.069496
11	0.048431	-0.101431	-0.100519	0.097519
12	0.047871	-0.113871	-0.100543	0.103543
13	0.047310	-0.142310	-0.100566	0.161566
14	0.046749	0.013251	-0.100589	0.161589
15	0.046189	-0.063189	-0.100612	0.161612
16	0.045628	-0.062628	-0.100636	0.103636
17	0.045067	-0.062067	-0.100659	0.134659
18	0.044507	0.015493	-0.100682	0.093682
19	0.043946	-0.060946	-0.100705	0.093705
20	0.043386	-0.093386	-0.100729	0.093729
21	0.042825	-0.106825	-0.100752	0.055752
22	0.042264	-0.170264	-0.100775	-0.007225
23	0.041704	-0.204704	-0.100798	0.055798
24	0.041143	-0.169143	-0.100822	-0.007178
25	0.040582	-0.140582	-0.100845	-0.007155
26	0.040022	-0.140022	-0.100868	-0.067132
27	0.039461	-0.139461	-0.100891	-0.016109
28	0.038901	-0.113901	-0.100915	-0.016085
29	0.038340	-0.138340	-0.100938	0.036938
30	0.037779	-0.112779	-0.100961	0.036961
31	0.037219	-0.012219	-0.100984	0.044984
32	0.036658	-0.011658	-0.101008	0.045008
33	0.036097	0.055903	-0.101031	0.037031
34	0.035537	0.056463	-0.101054	0.052054
35	0.034976	-0.009976	-0.101078	0.052078
36	0.034416	-0.080416	-0.101101	-0.085899
37	0.033855	-0.006855	-0.101124	0.035124
38	0.033294	-0.048294	-0.101147	0.035147
39	0.032734	-0.047734	-0.101171	0.035171
40	0.032173	-0.047173	-0.101194	0.035194
41	0.031612	-0.004612	-0.101217	0.035217
42	0.031052	-0.046052	-0.101240	-0.013760
43	0.030491	-0.048491	-0.101264	-0.013736
44	0.029931	-0.071931	-0.101287	-0.042713
45	0.029370	-0.071370	-0.101310	-0.042690
46	0.028809	-0.070809	-0.101333	0.019333
47	0.028249	-0.068249	-0.101357	0.019357
48	0.027688	-0.067688	-0.101380	0.019380
49	0.027127	-0.014127	-0.101403	0.031403
50	0.026567	-0.013567	-0.101426	0.031426
51	0.026006	-0.013006	-0.101450	0.084450
52	0.025446	-0.012446	-0.101473	0.084473
53	0.024885	-0.011885	-0.101496	0.084496
54	0.024324	-0.067324	-0.101519	-0.021481
55	0.023764	-0.005764	-0.101543	-0.055457
56	0.023203	-0.005203	-0.101566	-0.055434
57	0.022642	-0.065642	-0.101589	-0.055411
58	0.022082	-0.065082	-0.101612	-0.055388
59	0.021521	-0.122521	-0.101636	-0.055364
60	0.020961	-0.121961	-0.101659	-0.131341
61	0.020400	0.012600	-0.101682	-0.131318
62	0.019839	0.013161	-0.101705	0.010705
63	0.019279	0.013721	-0.101729	0.010729
64	0.018718	0.014282	-0.101752	0.010752
65	0.018157	0.014843	-0.101775	0.010775
66	0.017597	-0.048597	-0.101798	-0.106202
67	0.017036	0.045964	-0.101822	-0.106178
68	0.016476	0.046524	-0.101845	0.043845
69	0.015915	0.047085	-0.101868	0.043868
70	0.015354	-0.011354	-0.101891	0.043891
71	0.014794	0.036206	-0.101915	0.043915
72	0.014233	-0.010233	-0.101938	-0.005062
73	0.013672	-0.009672	-0.101961	-0.005039
74	0.013112	-0.064112	-0.101984	-0.011016
75	0.012551	-0.010551	-0.102008	-0.010992
76	0.011991	-0.019991	-0.102031	-0.068969
77	0.011430	-0.019430	-0.102054	0.004054
78	0.010869	-0.018869	-0.102077	-0.022923
79	0.010309	-0.008309	-0.102101	-0.022899
80	0.009748	-0.017748	-0.102124	-0.022876
81	0.009187	-0.069187	-0.102147	-0.022853
82	0.008627	-0.068627	-0.102170	-0.030830
83	0.008066	-0.068066	-0.102194	-0.042806
84	0.007506	-0.068506	-0.102217	-0.042783
85	0.006945	-0.066945	-0.102240	-0.084760
86	0.006384	0.182616	-0.102263	-0.042737
87	0.005824	0.183176	-0.102287	-0.042713
88	0.005263	0.183737	-0.102310	0.020310
89	0.004702	0.184298	-0.102333	0.034333
90	0.004142	0.042858	-0.102356	0.039356
91	0.003581	0.026419	-0.102380	0.044380
92	0.003021	0.026979	-0.102403	0.044403
93	0.002460	0.027540	-0.102426	0.044426
94	0.001899	-0.021899	-0.102449	0.127449
95	0.001339	-0.021339	-0.102473	0.149473
96	0.000778	-0.013778	-0.102496	0.149496
97	0.000217	-0.013217	-0.102519	0.149519
98	-0.000343	-0.027657	-0.102542	0.149542
99	-0.000904	-0.027096	-0.102566	0.052566
100	-0.001464	-0.011536	-0.102589	0.040589
101	-0.002025	-0.025975	-0.102612	0.040612
102	-0.002586	0.019586	-0.102635	0.040635
103	-0.003146	0.020146	-0.102659	0.001659
104	-0.003707	0.020707	-0.102682	0.001682
105	-0.004268	-0.030732	-0.102705	-0.020295
106	-0.004828	-0.030172	-0.102728	-0.020272
107	-0.005389	-0.029611	-0.102752	-0.020248
108	-0.005949	0.035949	-0.102775	0.047775
109	-0.006510	0.036510	-0.102798	0.047798
110	-0.007071	0.043071	-0.102821	0.047821
111	-0.007631	0.081631	-0.102845	0.007845
112	-0.008192	0.082192	-0.102868	0.072868
113	-0.008753	0.044753	-0.102891	0.007891
114	-0.009313	0.060313	-0.102915	0.007915
115	-0.009874	0.060874	-0.102938	0.007938
116	-0.010435	0.061435	-0.102961	0.072961
117	-0.010995	0.061995	-0.102984	0.076984
118	-0.011556	0.062556	-0.103008	0.077008
119	-0.012116	0.016116	-0.103031	0.077031
120	-0.012677	0.016677	-0.103054	0.077054
121	-0.013238	0.013238	-0.103077	-0.011923
122	-0.013798	0.013798	-0.103101	-0.100899
123	-0.014359	-0.056641	-0.103124	-0.100876
124	-0.014920	-0.056080	-0.103147	-0.126853
125	-0.015480	-0.078520	-0.103170	-0.100830
126	-0.016041	-0.077959	-0.103194	-0.061806
127	-0.016601	-0.093399	-0.103217	-0.045783
128	-0.017162	0.043162	-0.103240	-0.031760
129	-0.017723	0.043723	-0.103263	-0.006737
130	-0.018283	0.044283	-0.103287	-0.006713
131	-0.018844	0.044844	-0.103310	0.050310
132	-0.019405	0.069405	-0.103333	0.057333
133	-0.019965	0.069965	-0.103356	0.063356
134	-0.020526	0.070526	-0.103380	0.063380
135	-0.021086	0.071086	-0.103403	0.063403
136	-0.021647	0.060647	-0.103426	0.063426
137	-0.022208	0.020208	-0.103449	-0.053551
138	-0.022768	-0.102232	-0.103473	-0.056527
139	-0.023329	0.028329	-0.103496	-0.056504
140	-0.023890	0.028890	-0.103519	-0.061481
141	-0.024450	-0.100550	-0.103542	0.114542
142	-0.025011	-0.158989	-0.103566	0.114566
143	-0.025571	-0.151429	-0.103589	0.114589
144	-0.026132	-0.150868	-0.103612	-0.057388
145	-0.026693	-0.099307	-0.103635	-0.057365
146	-0.027253	-0.098747	-0.103659	-0.119341
147	-0.027814	-0.068186	-0.103682	-0.119318
148	-0.028375	0.008375	-0.103705	-0.119295
149	-0.028935	0.057935	-0.103728	-0.027272
150	-0.029496	0.058496	-0.103752	-0.027248
151	-0.030056	0.059056	-0.103775	0.017775
152	-0.030617	0.096617	-0.103798	0.048798
153	-0.031178	0.097178	-0.103821	0.048821
154	-0.031738	-0.033262	-0.103845	0.048845
155	-0.032299	-0.032701	-0.103868	0.048868
156	-0.032860	-0.032140	-0.103891	0.048891
157	-0.033420	-0.050580	-0.103914	-0.015086
158	-0.033981	-0.050019	-0.103938	-0.015062
159	-0.034541	-0.108459	-0.103961	-0.077039
160	-0.035102	-0.120898	-0.103984	-0.045016
161	-0.035663	-0.107337	-0.104007	-0.044993
162	-0.036223	0.014223	-0.104031	-0.044969
163	-0.036784	0.014784	-0.104054	-0.044946
164	-0.037345	0.025345	-0.104077	0.042077
165	-0.037905	0.054905	-0.104100	0.042100
166	-0.038466	0.026466	-0.104124	-0.159876
167	-0.039026	0.092026	-0.104147	-0.128853
168	-0.039587	0.092587	-0.104170	0.042170
169	-0.040148	0.093148	-0.104193	-0.128807
170	-0.040708	-0.061292	-0.104217	-0.044783
171	-0.041269	-0.015731	-0.104240	0.084240
172	-0.041830	-0.015170	-0.104263	0.084263
173	-0.042390	-0.014610	-0.104286	0.022286
174	-0.042951	-0.014049	-0.104310	0.022310
175	-0.043511	-0.004489	-0.104333	0.022333
176	-0.044072	-0.003928	-0.104356	-0.000644
177	-0.044633	-0.083367	-0.104379	-0.147621
178	-0.045193	-0.002807	-0.104403	-0.147597
179	-0.045754	0.288754	-0.104426	-0.273574
180	-0.046315	0.417315	-0.104449	0.005449
181	-0.046875	0.424875	-0.104472	0.509472
182	-0.047436	0.425436	-0.104496	0.509496
183	-0.047996	0.632996	-0.104519	0.641519
184	-0.048557	0.824557	-0.104542	0.641542
185	-0.049118	0.713118	-0.104565	0.756565
186	-0.049678	1.586678	-0.104589	0.756589
187	-0.050239	1.587239	-0.104612	0.756612
188	-0.050800	1.587800	-0.104635	0.626635
189	-0.051360	1.588360	-0.104658	1.065658
190	-0.051921	1.588921	-0.104682	-0.796318
191	-0.052481	1.583481	-0.104705	-0.796295
192	-0.053042	1.584042	-0.104728	0.084728
193	-0.053603	1.584603	-0.104752	1.065752
194	-0.054163	1.554163	-0.104775	0.084775
195	-0.054724	1.585724	-0.104798	0.084798
196	-0.055285	1.555285	-0.104821	1.395821
197	-0.055845	1.555845	-0.104845	1.395845
198	-0.056406	1.671406	-0.104868	-0.085132
199	-0.056966	1.671966	-0.104891	1.245891
200	-0.057527	0.946527	-0.104914	1.245914
201	-0.058088	1.673088	-0.104938	0.785938
202	-0.058648	1.673648	-0.104961	0.785961
203	-0.059209	1.548209	-0.104984	0.785984
204	-0.059770	1.548770	-0.105007	0.183007
205	-0.060330	1.549330	-0.105031	-0.328969
206	-0.060891	1.201891	-0.105054	-0.328946
207	-0.061451	0.915451	-0.105077	-0.707923
208	-0.062012	0.769012	-0.105100	-0.707900
209	-0.062573	0.916573	-0.105124	-0.707876
210	-0.063133	0.917133	-0.105147	-1.224853
211	-0.063694	1.144694	-0.105170	-0.378830
212	-0.064255	1.145255	-0.105193	-0.105807
213	-0.064815	1.145815	-0.105217	-0.378783
214	-0.065376	1.001376	-0.105240	0.782240
215	-0.065936	1.547936	-0.105263	0.782263
216	-0.066497	1.734497	-0.105286	0.782286
217	-0.067058	1.735058	-0.105310	0.648310
218	-0.067618	1.735618	-0.105333	0.648333
219	-0.068179	1.736179	-0.105356	-0.222644
220	-0.068740	1.511740	-0.105379	-0.057621
221	-0.069300	1.219300	-0.105403	-0.057597
222	-0.069861	1.512861	-0.105426	-0.057574
223	-0.070421	1.513421	-0.105449	0.660449
224	-0.070982	1.220982	-0.105472	0.660472
225	-0.071543	1.149543	-0.105496	0.660496
226	-0.072103	1.703103	-0.105519	0.660519
227	-0.072664	1.703664	-0.105542	0.660542
228	-0.073225	1.704225	-0.105565	0.656565
229	-0.073785	1.704785	-0.105589	-0.041411
230	-0.074346	1.705346	-0.105612	1.236612
231	-0.074906	1.333906	-0.105635	1.236635
232	-0.075467	1.155467	-0.105658	1.135658
233	-0.076028	1.146028	-0.105682	1.135682
234	-0.076588	1.146588	-0.105705	1.135705
235	-0.077149	1.147149	-0.105728	1.044728
236	-0.077710	1.157710	-0.105751	-0.237249
237	-0.078270	1.165270	-0.105775	1.044775
238	-0.078831	1.165831	-0.105798	1.044798
239	-0.079391	1.166391	-0.105821	1.797821
240	-0.079952	1.166952	-0.105844	1.797844
241	-0.080513	1.106513	-0.105868	1.797868
242	-0.081073	1.093073	-0.105891	1.902891
243	-0.081634	1.107634	-0.105914	1.902914
244	-0.082195	1.108195	-0.105937	0.752937
245	-0.082755	1.515755	-0.105961	0.770961
246	-0.083316	1.516316	-0.105984	0.770984
247	-0.083876	1.516876	-0.106007	0.771007
248	-0.084437	1.383437	-0.106030	0.771030
249	-0.084998	1.383998	-0.106054	0.771054
250	-0.085558	1.381558	-0.106077	0.480077
251	-0.086119	1.290119	-0.106100	0.744100
252	-0.086680	1.382680	-0.106123	0.480123
253	-0.087240	1.383240	-0.106147	0.397147
254	-0.087801	1.383801	-0.106170	0.397170
255	-0.088361	1.585361	-0.106193	0.744193
256	-0.088922	1.585922	-0.106216	0.397216
257	-0.089483	1.470483	-0.106240	-0.114760
258	-0.090043	1.471043	-0.106263	-0.114737
259	-0.090604	1.471604	-0.106286	-0.114714
260	-0.091165	1.255165	-0.106309	-0.316691
261	-0.091725	1.255725	-0.106333	-0.744667
262	-0.092286	1.646286	-0.106356	-0.744644
263	-0.092846	1.646846	-0.106379	0.607379
264	-0.093407	1.647407	-0.106402	0.607402
265	-0.093968	1.686968	-0.106426	0.619426
266	-0.094528	1.648528	-0.106449	0.619449
267	-0.095089	1.587089	-0.106472	0.619472
268	-0.095650	1.587650	-0.106496	0.619496
269	-0.096210	1.588210	-0.106519	0.619519
270	-0.096771	1.478771	-0.106542	0.495542
271	-0.097331	1.314331	-0.106565	-0.545435
272	-0.097892	1.314892	-0.106589	-0.545411
273	-0.098453	1.480453	-0.106612	-0.359388
274	-0.099013	1.213013	-0.106635	0.194635
275	-0.099574	1.213574	-0.106658	0.194658
276	-0.100135	1.159135	-0.106682	0.194682
277	-0.100695	1.337695	-0.106705	0.194705
278	-0.101256	1.338256	-0.106728	0.279728
279	-0.101816	1.338816	-0.106751	-0.178249
280	-0.102377	1.339377	-0.106775	-0.178225
281	-0.102938	1.382938	-0.106798	-0.178202
282	-0.103498	1.383498	-0.106821	-0.178179
283	-0.104059	1.550059	-0.106844	-0.178156
284	-0.104620	1.550620	-0.106868	0.048868
285	-0.105180	1.551180	-0.106891	0.048891
286	-0.105741	1.524741	-0.106914	0.048914
287	-0.106301	1.525301	-0.106937	0.048937
288	-0.106862	1.180862	-0.106961	-0.392039
289	-0.107423	1.181423	-0.106984	-0.437016
290	-0.107983	1.177983	-0.107007	-0.436993
291	-0.108544	1.262544	-0.107030	-0.313970
292	-0.109105	1.263105	-0.107054	-0.313946
293	-0.109665	1.263665	-0.107077	0.443077
294	-0.110226	1.264226	-0.107100	0.443100
295	-0.110787	1.264787	-0.107123	0.443123
296	-0.111347	1.883347	-0.107147	-0.007853
297	-0.111908	1.883908	-0.107170	0.687170
298	-0.112468	1.884468	-0.107193	0.687193
299	-0.113029	1.286029	-0.107216	0.687216
300	-0.113590	1.286590	-0.107240	0.687240
301	-0.114150	1.287150	-0.107263	0.687263
302	-0.114711	1.287711	-0.107286	0.197286
303	-0.115272	1.004272	-0.107309	-0.393691
304	-0.115832	1.004832	-0.107333	-0.393667
305	-0.116393	1.366393	-0.107356	0.197356
306	-0.116953	1.322953	-0.107379	-0.393621
307	-0.117514	1.367514	-0.107402	0.092402
308	-0.118075	1.368075	-0.107426	1.037426
309	-0.118635	1.368635	-0.107449	1.037449
310	-0.119196	1.325196	-0.107472	1.037472
311	-0.119757	1.061757	-0.107495	1.037495
312	-0.120317	1.021317	-0.107519	1.037519
313	-0.120878	1.053878	-0.107542	-0.233458
314	-0.121438	0.794438	-0.107565	-0.233435
315	-0.121999	0.942999	-0.107588	-0.541412
316	-0.122560	1.055560	-0.107612	-0.233388
317	-0.123120	1.129120	-0.107635	-0.541365
318	-0.123681	1.129681	-0.107658	0.390658
319	-0.124242	1.705242	-0.107681	1.267681
320	-0.124802	1.705802	-0.107705	1.267705
321	-0.125363	1.131363	-0.107728	0.464728
322	-0.125923	1.300923	-0.107751	0.464751
323	-0.126484	1.301484	-0.107774	0.464774
324	-0.127045	1.302045	-0.107798	0.464798
325	-0.127605	1.302605	-0.107821	0.260821
326	-0.128166	1.303166	-0.107844	0.260844
327	-0.128727	1.127727	-0.107867	0.260867
328	-0.129287	1.330287	-0.107891	0.628891
329	-0.129848	1.330848	-0.107914	-0.670086
330	-0.130408	1.331408	-0.107937	0.767937
331	-0.130969	1.331969	-0.107960	0.767960
332	-0.131530	1.332530	-0.107984	0.767984
333	-0.132090	1.399090	-0.108007	0.822007
334	-0.132651	0.990651	-0.108030	0.930030
335	-0.133212	1.156212	-0.108053	0.930053
336	-0.133772	1.156772	-0.108077	0.930077
337	-0.134333	1.157333	-0.108100	0.930100
338	-0.134893	1.157893	-0.108123	0.930123
339	-0.135454	1.525454	-0.108146	0.539146
340	-0.136015	1.526015	-0.108170	0.539170
341	-0.136575	1.526575	-0.108193	0.539193
342	-0.137136	1.527136	-0.108216	0.539216
343	-0.137697	1.361697	-0.108239	-0.130761
344	-0.138257	1.362257	-0.108263	-0.130737
345	-0.138818	1.909818	-0.108286	1.019286
346	-0.139378	1.910378	-0.108309	1.019309
347	-0.139939	1.910939	-0.108333	1.019333
348	-0.140500	1.911500	-0.108356	1.019356
349	-0.141060	1.639060	-0.108379	-0.709621
350	-0.141621	1.639621	-0.108402	-0.709598
351	-0.142182	1.640182	-0.108426	-0.267574
352	-0.142742	1.699742	-0.108449	-0.267551
353	-0.143303	1.700303	-0.108472	-0.267528
354	-0.143863	1.700863	-0.108495	-0.204505
355	-0.144424	1.374424	-0.108519	0.232519
356	-0.144985	1.374985	-0.108542	0.232542
357	-0.145545	0.855545	-0.108565	0.653565
358	-0.146106	0.856106	-0.108588	0.653588
359	-0.146667	0.856667	-0.108612	1.096612
360	-0.147227	1.110227	-0.108635	0.653635
361	-0.147788	1.326788	-0.108658	0.653658
362	-0.148348	1.327348	-0.108681	0.618681
363	-0.148909	1.327909	-0.108705	0.618705
364	-0.149470	1.350470	-0.108728	0.618728
365	-0.150030	1.329030	-0.108751	0.618751
366	-0.150591	1.093591	-0.108774	0.618774
367	-0.151152	1.258152	-0.108798	0.778798
368	-0.151712	1.258712	-0.108821	0.778821
369	-0.152273	1.064273	-0.108844	-0.628156
370	-0.152833	1.064833	-0.108867	-0.628133
371	-0.153394	0.844394	-0.108891	0.052891
372	-0.153955	0.844955	-0.108914	-0.202086
373	-0.154515	1.454515	-0.108937	-0.202063
374	-0.155076	1.455076	-0.108960	0.052960
375	-0.155637	1.455637	-0.108984	0.700984
376	-0.156197	1.456197	-0.109007	0.701007
377	-0.156758	1.447758	-0.109030	0.701030
378	-0.157318	1.337318	-0.109053	0.701053
379	-0.157879	1.103879	-0.109077	-0.470923
380	-0.158440	1.104440	-0.109100	-0.583900
381	-0.159000	1.105000	-0.109123	-0.470877
382	-0.159561	1.100561	-0.109146	-0.470854
383	-0.160122	1.229122	-0.109170	-0.216830
384	-0.160682	1.229682	-0.109193	0.120193
385	-0.161243	1.102243	-0.109216	0.147216
386	-0.161803	0.826803	-0.109239	0.120239
387	-0.162364	0.827364	-0.109263	0.120263
388	-0.162925	0.827925	-0.109286	0.120286
389	-0.163485	0.810485	-0.109309	0.147309
390	-0.164046	1.051046	-0.109332	0.203332
391	-0.164607	1.051607	-0.109356	0.203356
392	-0.165167	1.052167	-0.109379	0.203379
393	-0.165728	1.052728	-0.109402	0.203402
394	-0.166288	1.053288	-0.109425	-0.070575
395	-0.166849	0.917849	-0.109449	-0.070551
396	-0.167410	1.487410	-0.109472	-0.070528
397	-0.167970	1.487970	-0.109495	-0.261505
398	-0.168531	1.106531	-0.109518	-0.261482
399	-0.169092	1.107092	-0.109542	-0.332458
400	-0.169652	1.107652	-0.109565	-1.109435
401	-0.170213	1.108213	-0.109588	-1.109412
402	-0.170773	1.376773	-0.109611	-1.109389
403	-0.171334	1.377334	-0.109635	-0.533365
404	-0.171895	1.377895	-0.109658	-0.533342
405	-0.172455	1.378455	-0.109681	0.433681
406	-0.173016	1.200016	-0.109704	0.433704
407	-0.173577	0.961577	-0.109728	0.433728
408	-0.174137	1.201137	-0.109751	0.479751
409	-0.174698	1.514698	-0.109774	0.936774
410	-0.175258	1.515258	-0.109797	0.479797
411	-0.175819	1.515819	-0.109821	0.936821
412	-0.176380	1.516380	-0.109844	0.938844
413	-0.176940	1.422940	-0.109867	0.938867
414	-0.177501	1.410501	-0.109890	0.938890
415	-0.178062	1.411062	-0.109914	0.938914
416	-0.178622	1.405622	-0.109937	-0.981063
417	-0.179183	1.406183	-0.109960	-0.981040
418	-0.179743	1.354743	-0.109983	-0.568017
419	-0.180304	1.373304	-0.110007	-0.325993
420	-0.180865	1.373865	-0.110030	-0.325970
421	-0.181425	0.961425	-0.110053	-0.018947
422	-0.181986	0.961986	-0.110076	-0.018924
423	-0.182547	1.375547	-0.110100	-0.018900
424	-0.183107	0.880107	-0.110123	-0.817877
425	-0.183668	0.847668	-0.110146	-0.018854
426	-0.184228	1.500228	-0.110170	0.238170
427	-0.184789	1.500789	-0.110193	0.414193
428	-0.185350	0.899350	-0.110216	0.414216
429	-0.185910	1.006910	-0.110239	0.414239
430	-0.186471	1.452471	-0.110263	0.414263
431	-0.187032	1.008032	-0.110286	0.336286
432	-0.187592	1.293592	-0.110309	0.336309
433	-0.188153	1.454153	-0.110332	0.394332
434	-0.188713	1.454713	-0.110356	0.394356
435	-0.189274	1.295274	-0.110379	0.577379
436	-0.189835	1.295835	-0.110402	0.626402
437	-0.190395	1.159395	-0.110425	0.626425
438	-0.190956	1.082956	-0.110449	0.577449
439	-0.191517	1.083517	-0.110472	0.577472
440	-0.192077	1.084077	-0.110495	0.407495
441	-0.192638	1.084638	-0.110518	0.182518
442	-0.193198	1.480198	-0.110542	-0.426458
443	-0.193759	1.480759	-0.110565	0.407565
444	-0.194320	1.481320	-0.110588	0.562588
445	-0.194880	1.481880	-0.110611	0.562611
446	-0.195441	1.280441	-0.110635	0.562635
447	-0.196002	1.281002	-0.110658	0.562658
448	-0.196562	1.402562	-0.110681	0.384681
449	-0.197123	1.403123	-0.110704	-0.449296
450	-0.197683	1.403683	-0.110728	0.341728
451	-0.198244	1.404244	-0.110751	0.341751
452	-0.198805	1.379805	-0.110774	0.341774
453	-0.199365	1.380365	-0.110797	0.146797
454	-0.199926	1.380926	-0.110821	0.146821
455	-0.200487	1.381487	-0.110844	0.146844
456	-0.201047	1.378047	-0.110867	-0.517133
457	-0.201608	1.812608	-0.110890	0.470890
458	-0.202168	1.379168	-0.110914	0.470914
459	-0.202729	1.556729	-0.110937	0.694937
460	-0.203290	1.557290	-0.110960	0.470960
461	-0.203850	1.828850	-0.110983	0.694983
462	-0.204411	1.558411	-0.111007	0.695007
463	-0.204972	1.558972	-0.111030	0.695030
464	-0.205532	1.183532	-0.111053	-1.009947
465	-0.206093	0.786093	-0.111076	-0.414924
466	-0.206653	0.786653	-0.111100	-0.414900
467	-0.207214	0.831214	-0.111123	-0.414877
468	-0.207775	0.831775	-0.111146	-0.414854
469	-0.208335	1.076335	-0.111169	0.298169
470	-0.208896	1.076896	-0.111193	0.298193
471	-0.209457	1.518457	-0.111216	0.298216
472	-0.210017	1.581017	-0.111239	0.298239
473	-0.210578	1.581578	-0.111262	0.462262
474	-0.211138	1.582138	-0.111286	0.462286
475	-0.211699	1.873699	-0.111309	0.758309
476	-0.212260	1.583260	-0.111332	0.469332
477	-0.212820	1.783820	-0.111355	0.469355
478	-0.213381	1.784381	-0.111379	0.469379
479	-0.213942	1.784942	-0.111402	0.893402
480	-0.214502	1.500502	-0.111425	0.469425
481	-0.215063	1.501063	-0.111448	1.009448
482	-0.215624	1.501624	-0.111472	1.009472
483	-0.216184	1.291184	-0.111495	1.009495
484	-0.216745	1.291745	-0.111518	0.834518
485	-0.217305	1.292305	-0.111541	0.834541
486	-0.217866	1.668866	-0.111565	0.277565
487	-0.218427	1.669427	-0.111588	0.516588
488	-0.218987	1.669987	-0.111611	0.277611
489	-0.219548	1.670548	-0.111634	-1.048366
490	-0.220109	1.671109	-0.111658	-1.103342
491	-0.220669	1.682669	-0.111681	-0.688319
492	-0.221230	1.483230	-0.111704	-0.688296
493	-0.221790	1.483790	-0.111727	-0.433273
494	-0.222351	1.484351	-0.111751	-0.433249
495	-0.222912	1.484912	-0.111774	-0.433226
496	-0.223472	1.158472	-0.111797	-0.433203
497	-0.224033	1.002033	-0.111820	-0.433180
498	-0.224594	0.964594	-0.111844	1.317844
499	-0.225154	0.965154	-0.111867	1.317867
500	-0.225715	0.939715	-0.111890	1.317890
501	-0.226275	0.940275	-0.111913	1.317913
502	-0.226836	1.356836	-0.111937	0.966937
503	-0.227397	1.589397	-0.111960	0.966960
504	-0.227957	1.589957	-0.111983	0.966983
505	-0.228518	1.590518	-0.112007	0.967007
506	-0.229079	1.591079	-0.112030	0.889030
507	-0.229639	1.274639	-0.112053	0.889053
508	-0.230200	1.275200	-0.112076	0.228076
509	-0.230760	1.275760	-0.112100	0.228100
510	-0.231321	1.363321	-0.112123	0.409123
511	-0.231882	1.363882	-0.112146	-0.570854
512	-0.232442	1.364442	-0.112169	-0.570831
513	-0.233003	1.194003	-0.112193	0.016193
514	-0.233564	0.884564	-0.112216	0.016216
515	-0.234124	0.860124	-0.112239	-0.815761
516	-0.234685	0.860685	-0.112262	-0.289738
517	-0.235245	0.886245	-0.112286	-0.289714
518	-0.235806	1.343806	-0.112309	-0.289691
519	-0.236367	1.344367	-0.112332	-0.289668
520	-0.236927	1.686927	-0.112355	-0.289645
521	-0.237488	1.687488	-0.112379	-0.439621
522	-0.238049	1.688049	-0.112402	-0.561598
523	-0.238609	1.314609	-0.112425	-0.940575
524	-0.239170	1.315170	-0.112448	-0.561552
525	-0.239730	1.315730	-0.112472	-0.561528
526	-0.240291	1.316291	-0.112495	-0.747505
527	-0.240852	0.981852	-0.112518	-0.593482
528	-0.241412	1.581412	-0.112541	0.256541
529	-0.241973	1.581973	-0.112565	0.320565
530	-0.242534	0.983534	-0.112588	0.654588
531	-0.243094	1.481094	-0.112611	1.260611
532	-0.243655	1.481655	-0.112634	1.260634
533	-0.244215	0.740215	-0.112658	0.781658
534	-0.244776	0.744776	-0.112681	0.781681
535	-0.245337	0.887337	-0.112704	1.363704
536	-0.245897	0.745897	-0.112727	0.781727
537	-0.246458	0.888458	-0.112751	0.781751
538	-0.247019	0.889019	-0.112774	0.301774
539	-0.247579	1.277579	-0.112797	0.757797
540	-0.248140	1.278140	-0.112820	0.258820
541	-0.248700	1.278700	-0.112844	0.259844
542	-0.249261	0.549261	-0.112867	0.259867
543	-0.249822	0.549822	-0.112890	0.259890
544	-0.250382	0.550382	-0.112913	-0.198087
545	-0.250943	0.500943	-0.112937	-0.198063
546	-0.251504	0.597504	-0.112960	-0.208040
547	-0.252064	1.174064	-0.112983	-0.208017
548	-0.252625	1.365625	-0.113006	-0.207994
549	-0.253185	1.175185	-0.113030	-0.575970
550	-0.253746	1.175746	-0.113053	-0.207947
551	-0.254307	1.176307	-0.113076	-0.575924
552	-0.254867	1.174867	-0.113099	0.222099
553	-0.255428	0.965428	-0.113123	0.222123
554	-0.255989	1.175989	-0.113146	0.222146
555	-0.256549	1.176549	-0.113169	-0.928831
556	-0.257110	1.177110	-0.113192	0.222192
557	-0.257670	1.111670	-0.113216	0.258216
558	-0.258231	1.112231	-0.113239	0.258239
559	-0.258792	1.112792	-0.113262	0.631262
560	-0.259352	1.113352	-0.113285	0.631285
561	-0.259913	1.006913	-0.113309	0.631309
562	-0.260474	1.236474	-0.113332	0.631332
563	-0.261034	1.237034	-0.113355	0.631355
564	-0.261595	0.963595	-0.113378	-0.549622
565	-0.262155	1.141155	-0.113402	0.019402
566	-0.262716	1.141716	-0.113425	0.019425
567	-0.263277	0.965277	-0.113448	0.019448
568	-0.263837	1.142837	-0.113471	0.019471
569	-0.264398	1.255398	-0.113495	1.011495
570	-0.264959	1.255959	-0.113518	1.011518
571	-0.265519	1.352519	-0.113541	1.300541
572	-0.266080	1.353080	-0.113564	1.300564
573	-0.266640	1.257640	-0.113588	1.300588
574	-0.267201	1.222201	-0.113611	-0.432389
575	-0.267762	1.222762	-0.113634	-0.432366
576	-0.268322	1.185322	-0.113657	-0.432343
577	-0.268883	1.223883	-0.113681	0.066681
578	-0.269444	1.679444	-0.113704	0.066704
579	-0.270004	1.680004	-0.113727	0.066727
580	-0.270565	1.680565	-0.113751	0.066751
581	-0.271125	1.681125	-0.113774	-0.129226
582	-0.271686	1.150686	-0.113797	-0.454203
583	-0.272247	1.014247	-0.113820	-0.454180
584	-0.272807	1.000807	-0.113844	-0.769156
585	-0.273368	0.973368	-0.113867	0.667867
586	-0.273929	1.001929	-0.113890	0.667890
587	-0.274489	1.002489	-0.113913	0.667913
588	-0.275050	0.885050	-0.113937	0.286937
589	-0.275610	0.885610	-0.113960	0.463960
590	-0.276171	0.884171	-0.113983	0.286983
591	-0.276732	0.884732	-0.114006	0.464006
592	-0.277292	0.885292	-0.114030	0.464030
593	-0.277853	1.465853	-0.114053	0.464053
594	-0.278414	1.466414	-0.114076	0.026076
595	-0.278974	1.561974	-0.114099	0.857099
596	-0.279535	1.467535	-0.114123	0.819123
597	-0.280095	1.468095	-0.114146	0.830146
598	-0.280656	1.225656	-0.114169	0.830169
599	-0.281217	1.372217	-0.114192	0.830192
600	-0.281777	1.349777	-0.114216	0.819216
601	-0.282338	1.350338	-0.114239	0.261239
602	-0.282899	1.350899	-0.114262	-0.145738
603	-0.283459	1.351459	-0.114285	0.261285
604	-0.284020	1.294020	-0.114309	0.261309
605	-0.284580	1.198580	-0.114332	-0.474668
606	-0.285141	1.199141	-0.114355	0.395355
607	-0.285702	1.199702	-0.114378	0.395378
608	-0.286262	1.570262	-0.114402	0.395402
609	-0.286823	1.570823	-0.114425	0.395425
610	-0.287384	1.571384	-0.114448	0.850448
611	-0.287944	1.433944	-0.114471	0.850471
612	-0.288505	1.434505	-0.114495	0.850495
613	-0.289065	1.287065	-0.114518	0.776518
614	-0.289626	1.287626	-0.114541	0.776541
615	-0.290187	1.271187	-0.114564	0.776564
616	-0.290747	1.029747	-0.114588	0.951588
617	-0.291308	0.949308	-0.114611	0.951611
618	-0.291869	0.797869	-0.114634	0.951634
619	-0.292429	0.931429	-0.114657	0.951657
620	-0.292990	0.674990	-0.114681	0.862681
621	-0.293550	0.215550	-0.114704	0.058704
622	-0.294111	0.124111	-0.114727	0.058727
623	-0.294672	-0.091328	-0.114750	0.003750
624	-0.295232	-0.162768	-0.114774	0.058774
625	-0.295793	-0.102207	-0.114797	0.058797
626	-0.296354	-0.089646	-0.114820	0.003820
627	-0.296914	-0.101086	-0.114843	0.003843
628	-0.297475	0.001475	-0.114867	0.015867
629	-0.298035	0.002035	-0.114890	-0.005110
630	-0.298596	0.005596	-0.114913	0.015913
631	-0.299157	0.003157	-0.114936	0.015936
632	-0.299717	0.003717	-0.114960	0.015960
633	-0.300278	-0.002722	-0.114983	0.023983
634	-0.300839	-0.002161	-0.115006	0.024006
635	-0.301399	-0.001601	-0.115029	0.048029
636	-0.301960	-0.001040	-0.115053	0.048053
637	-0.302520	-0.006480	-0.115076	0.061076
638	-0.303081	0.001081	-0.115099	0.048099
639	-0.303642	0.001642	-0.115122	0.083122
640	-0.304202	-0.015798	-0.115146	0.083146
641	-0.304763	-0.004237	-0.115169	0.083169
642	-0.305324	-0.003676	-0.115192	0.042192
643	-0.305884	-0.093116	-0.115215	0.193215
644	-0.306445	-0.010555	-0.115239	0.137239
645	-0.307005	-0.009995	-0.115262	0.137262
646	-0.307566	-0.037434	-0.115285	0.137285
647	-0.308127	-0.008873	-0.115308	0.137308
648	-0.308687	0.019687	-0.115332	0.043332
649	-0.309248	0.020248	-0.115355	-0.048645
650	-0.309809	0.020809	-0.115378	0.043378
651	-0.310369	0.021369	-0.115401	0.043401
652	-0.310930	0.023930	-0.115425	-0.043575
653	-0.311490	0.002490	-0.115448	-0.043552
654	-0.312051	0.031051	-0.115471	0.042471
655	-0.312612	0.031612	-0.115494	0.042494
656	-0.313172	0.032172	-0.115518	0.068518
657	-0.313733	0.032733	-0.115541	0.068541
658	-0.314294	0.033294	-0.115564	0.068564
659	-0.314854	0.019854	-0.115588	0.068588
660	-0.315415	0.029415	-0.115611	0.046611
661	-0.315976	0.066976	-0.115634	-0.038366
662	-0.316536	0.030536	-0.115657	-0.107343
663	-0.317097	0.031097	-0.115681	-0.084319
664	-0.317657	0.031657	-0.115704	-0.047296
665	-0.318218	-0.009782	-0.115727	-0.066273
666	-0.318779	-0.019221	-0.115750	-0.066250
667	-0.319339	-0.021661	-0.115774	-0.066226
668	-0.319900	-0.018100	-0.115797	-0.066203
669	-0.320461	-0.013539	-0.115820	-0.081180
670	-0.321021	-0.012979	-0.115843	-0.086157
671	-0.321582	-0.012418	-0.115867	-0.081133
672	-0.322142	-0.007858	-0.115890	-0.081110
673	-0.322703	-0.005297	-0.115913	-0.065087
674	-0.323264	-0.004736	-0.115936	-0.055064
675	-0.323824	-0.004176	-0.115960	-0.055040
676	-0.324385	-0.003615	-0.115983	-0.055017
677	-0.324946	-0.014054	-0.116006	-0.054994
678	-0.325506	-0.016494	-0.116029	-0.054971
679	-0.326067	-0.012933	-0.116053	-0.060947
680	-0.326627	-0.012373	-0.116076	-0.060924
681	-0.327188	-0.014812	-0.116099	-0.054901
682	-0.327749	-0.002251	-0.116122	-0.060878
683	-0.328309	-0.001691	-0.116146	-0.064854
684	-0.328870	-0.003130	-0.116169	-0.055831
685	-0.329431	-0.002569	-0.116192	-0.055808
686	-0.329991	-0.002009	-0.116215	-0.061785
687	-0.330552	-0.011448	-0.116239	-0.061761
688	-0.331112	-0.010888	-0.116262	-0.061738
689	-0.331673	-0.012327	-0.116285	-0.063715
