0	-0.012	-0.012	0.772
1	-0.015	-0.013	0.771
2	-0.013	-0.009	0.767
3	-0.012	-0.009	0.766
4	-0.014	-0.009	0.767
5	-0.016	-0.010	0.769
6	-0.015	-0.013	0.764
7	-0.011	-0.013	0.768
8	-0.015	-0.014	0.767
9	-0.015	-0.009	0.770
10	-0.015	-0.009	0.765
11	-0.011	-0.006	0.766
12	-0.011	-0.011	0.765
13	-0.014	-0.009	0.771
14	-0.011	-0.011	0.768
15	-0.012	-0.012	0.768
16	-0.011	-0.011	0.769
17	-0.010	-0.009	0.770
18	-0.010	-0.009	0.766
19	-0.009	-0.007	0.765
20	-0.009	-0.008	0.769
21	-0.011	-0.008	0.767
22	-0.008	-0.009	0.768
23	-0.008	-0.009	0.770
24	-0.008	-0.013	0.770
25	-0.009	-0.011	0.768
26	-0.010	-0.007	0.767
27	-0.010	-0.008	0.769
28	-0.009	-0.006	0.770
29	-0.010	-0.009	0.765
30	-0.010	-0.009	0.769
31	-0.010	-0.009	0.766
32	-0.010	-0.011	0.768
33	-0.011	-0.008	0.768
34	-0.009	-0.005	0.768
35	-0.007	-0.006	0.769
36	-0.009	-0.006	0.763
37	-0.012	-0.007	0.765
38	-0.009	-0.007	0.767
39	-0.009	-0.009	0.767
40	-0.009	-0.007	0.765
41	-0.013	-0.007	0.769
42	-0.009	-0.005	0.768
43	-0.009	-0.002	0.767
44	-0.010	-0.002	0.766
45	-0.010	-0.002	0.768
46	-0.010	-0.004	0.768
47	-0.009	-0.004	0.766
48	-0.010	0.001	0.770
49	-0.010	-0.001	0.768
50	-0.010	0.004	0.769
51	-0.009	0.006	0.767
52	-0.008	0.003	0.768
53	-0.009	0.007	0.769
54	-0.010	0.005	0.770
55	-0.011	0.005	0.769
56	-0.010	0.004	0.769
57	-0.011	0.008	0.771
58	-0.013	0.007	0.767
59	-0.009	0.008	0.772
60	-0.010	0.009	0.768
61	-0.010	0.009	0.767
62	-0.012	0.006	0.765
63	-0.011	0.005	0.766
64	-0.014	0.002	0.767
65	-0.014	0.002	0.767
66	-0.012	-0.001	0.766
67	-0.011	0.002	0.768
68	-0.013	0.003	0.767
69	-0.012	0.003	0.767
70	-0.014	0.003	0.767
71	-0.013	0.004	0.767
72	-0.015	0.003	0.767
73	-0.014	0.003	0.768
74	-0.016	0.003	0.767
75	-0.012	0.004	0.765
76	-0.013	0.006	0.768
77	-0.012	0.004	0.769
78	-0.017	0.006	0.766
79	-0.016	-0.002	0.767
80	-0.012	0.002	0.767
81	-0.015	0.004	0.766
82	-0.015	0.003	0.764
83	-0.012	0.003	0.769
84	-0.012	0.003	0.768
85	-0.014	0.003	0.768
86	-0.016	0.000	0.768
87	-0.013	0.001	0.769
88	-0.013	0.001	0.765
89	-0.014	0.001	0.769
90	-0.013	0.001	0.768
91	-0.014	-0.001	0.770
92	-0.013	0.000	0.767
93	-0.015	-0.002	0.772
94	-0.017	-0.002	0.764
95	-0.014	-0.003	0.768
96	-0.016	-0.004	0.767
97	-0.014	-0.003	0.768
98	-0.015	-0.004	0.768
99	-0.015	-0.003	0.767
100	-0.013	-0.002	0.765
101	-0.015	-0.003	0.768
102	-0.014	-0.001	0.768
103	-0.013	-0.003	0.766
104	-0.010	-0.002	0.770
105	-0.011	-0.003	0.767
106	-0.014	-0.003	0.770
107	-0.013	-0.004	0.770
108	-0.011	-0.003	0.770
109	-0.012	-0.002	0.767
110	-0.015	-0.005	0.768
111	-0.014	-0.006	0.768
112	-0.011	-0.006	0.770
113	-0.012	-0.005	0.766
114	-0.015	-0.005	0.768
115	-0.015	-0.007	0.768
116	-0.012	-0.006	0.767
117	-0.014	-0.006	0.765
118	-0.017	-0.010	0.765
119	-0.012	-0.009	0.770
120	-0.015	-0.008	0.766
121	-0.018	-0.009	0.768
122	-0.018	-0.005	0.765
123	-0.015	-0.006	0.770
124	-0.016	-0.009	0.766
125	-0.015	-0.007	0.770
126	-0.015	-0.006	0.770
127	-0.019	-0.009	0.770
128	-0.013	-0.006	0.768
129	-0.017	-0.007	0.769
130	-0.015	-0.008	0.768
131	-0.016	-0.011	0.765
132	-0.015	-0.012	0.768
133	-0.018	-0.011	0.767
134	-0.016	-0.010	0.767
135	-0.017	-0.010	0.766
136	-0.017	-0.010	0.768
137	-0.019	-0.010	0.762
138	-0.017	-0.009	0.770
139	-0.018	-0.010	0.768
140	-0.017	-0.013	0.768
141	-0.015	-0.013	0.767
142	-0.019	-0.011	0.771
143	-0.015	-0.010	0.767
144	-0.015	-0.011	0.768
145	-0.016	-0.007	0.770
146	-0.018	-0.009	0.766
147	-0.016	-0.011	0.774
148	-0.016	-0.014	0.768
149	-0.013	-0.015	0.766
150	-0.015	-0.014	0.768
151	-0.016	-0.011	0.767
152	-0.016	-0.010	0.767
153	-0.015	-0.010	0.772
154	-0.018	-0.011	0.768
155	-0.016	-0.016	0.768
156	-0.015	-0.017	0.767
157	-0.019	-0.016	0.767
158	-0.019	-0.014	0.766
159	-0.016	-0.010	0.768
160	-0.018	-0.010	0.767
161	-0.016	-0.010	0.769
162	-0.019	-0.014	0.768
163	-0.016	-0.015	0.768
164	-0.016	-0.016	0.766
165	-0.013	-0.015	0.767
166	-0.014	-0.013	0.770
167	-0.015	-0.012	0.767
168	-0.014	-0.009	0.768
169	-0.013	-0.011	0.765
170	-0.013	-0.011	0.766
171	-0.014	-0.014	0.769
172	-0.014	-0.013	0.766
173	-0.013	-0.013	0.766
174	-0.012	-0.010	0.766
175	-0.014	-0.009	0.765
176	-0.011	-0.010	0.767
177	-0.012	-0.011	0.771
178	-0.012	-0.013	0.770
179	-0.012	-0.015	0.766
180	-0.010	-0.014	0.768
181	-0.010	-0.011	0.768
182	-0.013	-0.013	0.764
183	-0.013	-0.011	0.770
184	-0.011	-0.011	0.767
185	-0.013	-0.014	0.771
186	-0.015	-0.011	0.772
187	-0.011	-0.013	0.768
188	-0.012	-0.010	0.771
189	-0.011	-0.011	0.773
190	-0.013	-0.013	0.768
191	-0.013	-0.013	0.767
192	-0.012	-0.013	0.766
193	-0.012	-0.013	0.765
194	-0.011	-0.012	0.768
195	-0.013	-0.015	0.771
196	-0.012	-0.014	0.770
197	-0.013	-0.016	0.764
198	-0.014	-0.013	0.768
199	-0.013	-0.017	0.767
200	-0.012	-0.017	0.768
201	-0.014	-0.017	0.767
202	-0.013	-0.015	0.768
203	-0.013	-0.015	0.767
204	-0.012	-0.013	0.769
205	-0.013	-0.016	0.763
206	-0.015	-0.016	0.770
207	-0.014	-0.015	0.767
208	-0.015	-0.015	0.771
209	-0.013	-0.015	0.766
210	-0.014	-0.016	0.764
211	-0.014	-0.015	0.771
212	-0.015	-0.016	0.771
213	-0.017	-0.015	0.768
214	-0.015	-0.017	0.767
215	-0.013	-0.016	0.767
216	-0.016	-0.017	0.767
217	-0.014	-0.017	0.768
218	-0.018	-0.017	0.767
219	-0.014	-0.017	0.770
220	-0.014	-0.016	0.770
221	-0.015	-0.014	0.770
222	-0.018	-0.015	0.767
223	-0.015	-0.015	0.768
224	-0.016	-0.018	0.767
225	-0.016	-0.015	0.770
226	-0.015	-0.018	0.768
227	-0.014	-0.019	0.768
228	-0.014	-0.017	0.769
229	-0.016	-0.015	0.767
230	-0.017	-0.015	0.768
231	-0.016	-0.012	0.769
232	-0.016	-0.010	0.770
233	-0.015	-0.016	0.766
234	-0.016	-0.017	0.768
235	-0.017	-0.015	0.766
236	-0.012	-0.013	0.767
237	-0.017	-0.013	0.767
238	-0.014	-0.015	0.771
239	-0.015	-0.013	0.765
240	-0.015	-0.013	0.768
241	-0.017	-0.015	0.768
242	-0.016	-0.018	0.765
243	-0.018	-0.018	0.768
244	-0.017	-0.016	0.763
245	-0.017	-0.014	0.769
246	-0.016	-0.009	0.766
247	-0.013	-0.011	0.768
248	-0.013	-0.014	0.767
249	-0.015	-0.015	0.767
250	-0.016	-0.017	0.765
251	-0.015	-0.019	0.767
252	-0.013	-0.015	0.767
253	-0.013	-0.012	0.767
254	-0.013	-0.011	0.768
255	-0.011	-0.012	0.768
256	-0.013	-0.015	0.765
257	-0.014	-0.016	0.768
258	-0.013	-0.017	0.767
259	-0.011	-0.017	0.769
260	-0.012	-0.017	0.768
261	-0.014	-0.015	0.768
262	-0.013	-0.017	0.768
263	-0.011	-0.014	0.766
264	-0.013	-0.015	0.769
265	-0.013	-0.016	0.766
266	-0.014	-0.018	0.768
267	-0.015	-0.017	0.768
268	-0.012	-0.019	0.767
269	-0.015	-0.015	0.765
270	-0.015	-0.013	0.770
271	-0.013	-0.014	0.770
272	-0.012	-0.017	0.768
273	-0.015	-0.015	0.768
274	-0.015	-0.015	0.769
275	-0.015	-0.017	0.768
276	-0.017	-0.016	0.768
277	-0.017	-0.016	0.770
278	-0.017	-0.014	0.769
279	-0.018	-0.015	0.769
280	-0.017	-0.016	0.768
281	-0.016	-0.015	0.769
282	-0.017	-0.017	0.766
283	-0.018	-0.018	0.768
284	-0.018	-0.019	0.768
285	-0.017	-0.017	0.769
286	-0.017	-0.016	0.768
287	-0.015	-0.017	0.770
288	-0.016	-0.017	0.770
289	-0.019	-0.021	0.772
290	-0.019	-0.021	0.766
291	-0.018	-0.018	0.771
292	-0.014	-0.018	0.766
293	-0.015	-0.018	0.768
294	-0.019	-0.016	0.770
295	-0.018	-0.018	0.769
296	-0.016	-0.021	0.765
297	-0.019	-0.019	0.769
298	-0.016	-0.020	0.766
299	-0.017	-0.019	0.770
300	-0.016	-0.019	0.768
301	-0.018	-0.018	0.769
302	-0.019	-0.017	0.767
303	-0.018	-0.021	0.764
304	-0.016	-0.021	0.770
305	-0.018	-0.017	0.765
306	-0.019	-0.022	0.767
307	-0.019	-0.019	0.769
308	-0.017	-0.018	0.766
309	-0.015	-0.017	0.767
310	-0.020	-0.019	0.768
311	-0.015	-0.019	0.766
312	-0.017	-0.019	0.770
313	-0.017	-0.019	0.767
314	-0.015	-0.021	0.767
315	-0.015	-0.019	0.765
316	-0.016	-0.018	0.764
317	-0.018	-0.020	0.768
318	-0.017	-0.017	0.769
319	-0.016	-0.018	0.768
320	-0.017	-0.018	0.767
321	-0.017	-0.019	0.768
322	-0.014	-0.019	0.768
323	-0.017	-0.019	0.767
324	-0.018	-0.017	0.765
325	-0.017	-0.019	0.768
326	-0.020	-0.017	0.768
327	-0.018	-0.018	0.770
328	-0.018	-0.018	0.767
329	-0.019	-0.020	0.769
330	-0.018	-0.021	0.767
331	-0.015	-0.017	0.771
332	-0.017	-0.021	0.770
333	-0.020	-0.019	0.767
334	-0.017	-0.019	0.765
335	-0.016	-0.019	0.768
336	-0.018	-0.018	0.769
337	-0.020	-0.021	0.767
338	-0.018	-0.019	0.770
339	-0.019	-0.021	0.764
340	-0.017	-0.018	0.768
341	-0.018	-0.018	0.766
342	-0.017	-0.021	0.768
343	-0.017	-0.017	0.766
344	-0.018	-0.018	0.767
345	-0.021	-0.019	0.766
346	-0.018	-0.021	0.768
347	-0.018	-0.019	0.768
348	-0.020	-0.018	0.769
349	-0.018	-0.016	0.770
350	-0.018	-0.020	0.768
351	-0.019	-0.019	0.768
352	-0.018	-0.021	0.768
353	-0.020	-0.020	0.766
354	-0.018	-0.022	0.767
355	-0.017	-0.018	0.766
356	-0.018	-0.017	0.767
357	-0.018	-0.019	0.768
358	-0.016	-0.022	0.768
359	-0.017	-0.021	0.770
360	-0.018	-0.020	0.764
361	-0.018	-0.018	0.769
362	-0.015	-0.018	0.767
363	-0.016	-0.019	0.772
364	-0.018	-0.019	0.767
365	-0.016	-0.020	0.768
366	-0.015	-0.018	0.767
367	-0.017	-0.018	0.764
368	-0.017	-0.017	0.769
369	-0.018	-0.018	0.769
370	-0.017	-0.017	0.766
371	-0.013	-0.021	0.767
372	-0.018	-0.017	0.768
373	-0.018	-0.019	0.767
374	-0.015	-0.018	0.766
375	-0.015	-0.017	0.766
376	-0.018	-0.019	0.767
377	-0.015	-0.018	0.768
378	-0.016	-0.019	0.771
379	-0.014	-0.015	0.767
380	-0.016	-0.014	0.770
381	-0.017	-0.015	0.769
382	-0.014	-0.014	0.767
383	-0.013	-0.017	0.766
384	-0.015	-0.015	0.771
385	-0.015	-0.017	0.770
386	-0.014	-0.014	0.769
387	-0.012	-0.014	0.766
388	-0.013	-0.011	0.767
389	-0.012	-0.013	0.769
390	-0.012	-0.017	0.766
391	-0.011	-0.015	0.767
392	-0.015	-0.015	0.767
393	-0.016	-0.015	0.768
394	-0.012	-0.014	0.766
395	-0.013	-0.011	0.768
396	-0.013	-0.011	0.768
397	-0.014	-0.014	0.768
398	-0.011	-0.014	0.765
399	-0.013	-0.018	0.769
400	-0.014	-0.017	0.766
401	-0.013	-0.013	0.767
402	-0.011	-0.014	0.763
403	-0.012	-0.010	0.772
404	-0.014	-0.013	0.766
405	-0.014	-0.015	0.769
406	-0.011	-0.015	0.767
407	-0.012	-0.017	0.768
408	-0.015	-0.017	0.768
409	-0.014	-0.013	0.769
410	-0.011	-0.012	0.765
411	-0.013	-0.010	0.766
412	-0.013	-0.017	0.771
413	-0.013	-0.015	0.768
414	-0.012	-0.017	0.768
415	-0.010	-0.019	0.767
416	-0.013	-0.013	0.768
417	-0.013	-0.009	0.767
418	-0.010	-0.012	0.768
419	-0.009	-0.016	0.767
420	-0.013	-0.017	0.768
421	-0.012	-0.017	0.765
422	-0.011	-0.015	0.770
423	-0.009	-0.018	0.766
424	-0.013	-0.016	0.768
425	-0.011	-0.015	0.768
426	-0.014	-0.016	0.766
427	-0.011	-0.015	0.768
428	-0.013	-0.015	0.769
429	-0.014	-0.015	0.768
430	-0.013	-0.017	0.768
431	-0.011	-0.018	0.768
432	-0.013	-0.020	0.766
433	-0.014	-0.017	0.770
434	-0.012	-0.012	0.770
435	-0.011	-0.010	0.767
436	-0.013	-0.012	0.766
437	-0.015	-0.017	0.768
438	-0.015	-0.021	0.765
439	-0.012	-0.019	0.768
440	-0.013	-0.018	0.765
441	-0.013	-0.015	0.772
442	-0.012	-0.013	0.766
443	-0.012	-0.014	0.766
444	-0.009	-0.017	0.768
445	-0.013	-0.019	0.769
446	-0.010	-0.019	0.767
447	-0.011	-0.021	0.768
448	-0.011	-0.019	0.767
449	-0.013	-0.017	0.768
450	-0.012	-0.016	0.766
451	-0.007	-0.015	0.767
452	-0.013	-0.017	0.769
453	-0.013	-0.019	0.771
454	-0.010	-0.018	0.768
455	-0.011	-0.015	0.766
456	-0.012	-0.016	0.770
457	-0.011	-0.012	0.768
458	-0.008	-0.015	0.768
459	-0.009	-0.015	0.767
460	-0.011	-0.016	0.768
461	-0.009	-0.018	0.766
462	-0.010	-0.017	0.769
463	-0.012	-0.015	0.765
464	-0.012	-0.015	0.771
465	-0.011	-0.014	0.767
466	-0.011	-0.017	0.768
467	-0.012	-0.018	0.767
468	-0.014	-0.017	0.768
469	-0.013	-0.014	0.768
470	-0.013	-0.015	0.768
471	-0.014	-0.011	0.767
472	-0.014	-0.017	0.771
473	-0.015	-0.016	0.768
474	-0.012	-0.015	0.770
475	-0.017	-0.013	0.767
476	-0.018	-0.013	0.771
477	-0.015	-0.013	0.770
478	-0.016	-0.014	0.767
479	-0.012	-0.014	0.770
480	-0.015	-0.011	0.768
481	-0.018	-0.009	0.770
482	-0.013	-0.012	0.768
483	-0.015	-0.013	0.768
484	-0.013	-0.013	0.768
485	-0.014	-0.011	0.770
486	-0.011	-0.013	0.766
487	-0.011	-0.012	0.767
488	-0.014	-0.011	0.767
489	-0.014	-0.011	0.769
490	-0.014	-0.013	0.767
491	-0.013	-0.015	0.767
492	-0.015	-0.011	0.768
493	-0.015	-0.009	0.766
494	-0.010	-0.009	0.766
495	-0.012	-0.009	0.767
496	-0.013	-0.011	0.769
497	-0.014	-0.013	0.768
498	-0.011	-0.013	0.764
499	-0.012	-0.011	0.768
500	-0.013	-0.013	0.765
501	-0.015	-0.011	0.768
502	-0.014	-0.007	0.770
503	-0.014	-0.007	0.767
504	-0.017	-0.011	0.771
505	-0.015	-0.015	0.766
506	-0.017	-0.015	0.767
507	-0.018	-0.016	0.765
508	-0.019	-0.010	0.767
509	-0.017	-0.008	0.764
510	-0.017	-0.009	0.768
511	-0.015	-0.010	0.767
512	-0.016	-0.010	0.770
513	-0.018	-0.012	0.768
514	-0.015	-0.014	0.767
515	-0.016	-0.017	0.767
516	-0.018	-0.011	0.767
517	-0.016	-0.011	0.766
518	0.151	0.057	1.103
519	0.182	0.065	1.095
520	0.176	0.064	1.084
521	0.173	0.062	1.089
522	0.171	0.060	1.087
523	0.168	0.062	1.084
524	0.169	0.062	1.080
525	0.168	0.063	1.083
526	0.169	0.060	1.082
527	0.166	0.059	1.075
528	0.165	0.057	1.080
529	0.165	0.059	1.084
530	0.167	0.059	1.082
531	0.167	0.059	1.074
532	0.160	0.058	1.084
533	0.164	0.060	1.080
534	0.163	0.058	1.079
535	0.162	0.056	1.076
536	0.160	0.056	1.076
537	0.162	0.058	1.076
538	0.161	0.058	1.076
539	0.162	0.059	1.072
540	0.159	0.059	1.076
541	0.159	0.057	1.073
542	0.162	0.057	1.076
543	0.163	0.058	1.065
544	0.159	0.059	1.074
545	0.158	0.057	1.075
546	0.159	0.058	1.071
547	0.157	0.057	1.070
548	0.157	0.058	1.074
549	0.157	0.060	1.073
550	0.157	0.060	1.073
551	0.157	0.060	1.069
552	0.155	0.057	1.073
553	0.156	0.057	1.075
554	0.157	0.058	1.075
555	0.156	0.059	1.064
556	0.155	0.060	1.070
557	0.154	0.059	1.067
558	0.156	0.057	1.073
559	0.156	0.057	1.074
560	0.155	0.058	1.069
561	0.157	0.058	1.067
562	0.158	0.058	1.070
563	0.159	0.061	1.064
564	0.154	0.062	1.063
565	0.156	0.061	1.077
566	0.154	0.060	1.073
567	0.155	0.059	1.064
568	0.154	0.061	1.068
569	0.156	0.059	1.078
570	0.158	0.060	1.068
571	0.155	0.059	1.071
572	0.157	0.060	1.073
573	0.156	0.059	1.068
574	0.157	0.059	1.068
575	0.155	0.058	1.070
576	0.155	0.059	1.072
577	0.157	0.060	1.068
578	0.159	0.062	1.065
579	0.155	0.060	1.070
580	0.157	0.061	1.067
581	0.157	0.061	1.067
582	0.156	0.059	1.065
583	0.155	0.059	1.071
584	0.155	0.060	1.065
585	0.158	0.058	1.060
586	0.156	0.059	1.065
587	0.155	0.059	1.076
588	0.154	0.061	1.065
589	0.154	0.058	1.062
590	0.155	0.059	1.067
591	0.156	0.060	1.067
592	0.153	0.060	1.068
593	0.157	0.060	1.066
594	0.155	0.059	1.068
595	0.155	0.061	1.064
596	0.156	0.060	1.076
597	0.156	0.059	1.068
598	0.155	0.059	1.064
599	0.155	0.061	1.068
600	0.153	0.060	1.075
601	0.155	0.059	1.064
602	0.156	0.061	1.068
603	0.154	0.062	1.067
604	0.154	0.059	1.064
605	0.156	0.060	1.064
606	0.157	0.059	1.065
607	0.156	0.060	1.060
608	0.153	0.061	1.067
609	0.156	0.063	1.059
610	0.155	0.060	1.061
611	0.153	0.061	1.059
612	0.153	0.062	1.064
613	0.154	0.063	1.057
614	0.154	0.061	1.062
615	0.152	0.061	1.066
616	0.155	0.062	1.062
617	0.153	0.064	1.062
618	0.154	0.062	1.064
619	0.155	0.061	1.062
620	0.151	0.062	1.061
621	0.155	0.064	1.065
622	0.154	0.064	1.059
623	0.152	0.063	1.060
624	0.152	0.062	1.066
625	0.155	0.061	1.060
626	0.155	0.059	1.054
627	0.151	0.060	1.069
628	0.154	0.062	1.062
629	0.153	0.057	1.062
630	0.155	0.063	1.059
631	0.152	0.060	1.059
632	0.152	0.062	1.064
633	0.153	0.060	1.065
634	0.155	0.060	1.065
635	0.151	0.058	1.056
636	0.151	0.059	1.072
637	0.154	0.058	1.060
638	0.154	0.057	1.059
639	0.152	0.058	1.064
640	0.151	0.059	1.061
641	0.153	0.058	1.054
642	0.153	0.057	1.066
643	0.153	0.057	1.062
644	0.153	0.058	1.059
645	0.153	0.058	1.065
646	0.153	0.059	1.057
647	0.153	0.058	1.058
648	0.152	0.059	1.070
649	0.152	0.059	1.055
650	0.152	0.059	1.060
651	0.152	0.059	1.065
652	0.151	0.059	1.061
653	0.153	0.059	1.059
654	0.151	0.054	1.064
655	0.153	0.056	1.060
656	0.152	0.056	1.063
657	0.152	0.055	1.058
658	0.155	0.056	1.065
659	0.152	0.055	1.064
660	0.150	0.055	1.064
661	0.153	0.057	1.060
662	0.153	0.056	1.062
663	0.152	0.055	1.062
664	0.152	0.056	1.061
665	0.155	0.057	1.056
666	0.154	0.057	1.061
667	0.153	0.058	1.064
668	0.152	0.057	1.058
669	0.153	0.057	1.055
670	0.152	0.056	1.062
671	0.152	0.059	1.060
672	0.150	0.057	1.058
673	0.154	0.057	1.064
674	0.153	0.057	1.058
675	0.152	0.057	1.069
676	0.152	0.056	1.066
677	0.151	0.055	1.059
678	0.152	0.055	1.064
679	0.151	0.057	1.069
680	0.151	0.056	1.064
681	0.153	0.054	1.060
682	0.153	0.057	1.065
683	0.152	0.056	1.070
684	0.152	0.056	1.060
685	0.153	0.056	1.064
686	0.152	0.056	1.068
687	0.150	0.057	1.061
688	0.151	0.056	1.061
689	0.152	0.054	1.060
690	0.152	0.054	1.058
691	0.151	0.051	1.066
692	0.150	0.053	1.060
693	0.151	0.052	1.058
694	0.153	0.052	1.065
695	0.151	0.053	1.060
696	0.153	0.052	1.057
697	0.151	0.053	1.064
698	0.152	0.053	1.060
699	0.149	0.053	1.062
700	0.151	0.053	1.066
701	0.152	0.050	1.063
702	0.153	0.054	1.065
703	0.150	0.052	1.058
704	0.150	0.053	1.058
705	0.151	0.050	1.058
706	0.153	0.053	1.060
707	0.151	0.052	1.059
708	0.151	0.054	1.056
709	0.154	0.052	1.057
710	0.152	0.054	1.062
711	0.152	0.052	1.056
712	0.152	0.057	1.058
713	0.152	0.053	1.056
714	0.152	0.055	1.064
715	0.152	0.055	1.062
716	0.150	0.055	1.057
717	0.152	0.055	1.062
718	0.151	0.056	1.064
719	0.150	0.053	1.060
720	0.150	0.054	1.060
721	0.152	0.053	1.060
722	0.153	0.056	1.064
723	0.149	0.053	1.063
724	0.149	0.055	1.054
725	0.152	0.056	1.057
726	0.153	0.053	1.057
727	0.151	0.056	1.064
728	0.150	0.055	1.055
729	0.152	0.054	1.062
730	0.151	0.055	1.054
731	0.150	0.056	1.057
732	0.151	0.056	1.061
733	0.150	0.053	1.060
734	0.152	0.055	1.054
735	0.151	0.054	1.060
736	0.151	0.055	1.056
737	0.152	0.056	1.059
738	0.151	0.055	1.057
739	0.151	0.056	1.057
740	0.151	0.056	1.058
741	0.150	0.056	1.065
742	0.153	0.059	1.060
743	0.151	0.056	1.064
744	0.151	0.055	1.057
745	0.152	0.054	1.062
746	0.152	0.057	1.062
747	0.152	0.052	1.059
748	0.150	0.056	1.060
749	0.152	0.056	1.060
750	0.150	0.054	1.057
751	0.151	0.054	1.058
752	0.148	0.055	1.054
753	0.153	0.055	1.060
754	0.151	0.055	1.067
755	0.150	0.057	1.055
756	0.151	0.055	1.056
757	0.150	0.054	1.062
758	0.152	0.055	1.065
759	0.149	0.056	1.052
760	0.151	0.053	1.058
761	0.151	0.054	1.058
762	0.152	0.054	1.062
763	0.151	0.055	1.064
764	0.149	0.054	1.060
765	0.151	0.052	1.052
766	0.150	0.057	1.058
767	0.150	0.053	1.056
768	0.150	0.055	1.052
769	0.151	0.054	1.051
770	0.153	0.055	1.062
771	0.148	0.053	1.049
772	0.149	0.053	1.056
773	0.151	0.052	1.051
774	0.151	0.057	1.053
775	0.150	0.054	1.057
776	0.149	0.054	1.054
777	0.149	0.055	1.056
778	0.151	0.055	1.060
779	0.151	0.056	1.058
780	0.151	0.055	1.054
781	0.151	0.054	1.059
782	0.150	0.053	1.060
783	0.150	0.053	1.050
784	0.151	0.053	1.050
785	0.152	0.055	1.062
786	0.152	0.054	1.060
787	0.150	0.055	1.057
788	0.150	0.055	1.054
789	0.151	0.055	1.056
790	0.151	0.056	1.058
791	0.149	0.055	1.065
792	0.148	0.054	1.050
793	0.152	0.055	1.052
794	0.150	0.053	1.060
795	0.150	0.056	1.060
796	0.153	0.055	1.047
797	0.152	0.054	1.058
798	0.150	0.056	1.055
799	0.149	0.055	1.059
800	0.151	0.053	1.046
801	0.153	0.052	1.057
802	0.150	0.054	1.061
803	0.151	0.056	1.057
804	0.149	0.055	1.055
805	0.152	0.053	1.052
806	0.151	0.053	1.057
807	0.147	0.054	1.060
808	0.150	0.052	1.055
809	0.153	0.053	1.050
810	0.150	0.053	1.061
811	0.148	0.055	1.058
812	0.149	0.052	1.049
813	0.150	0.051	1.052
814	0.149	0.054	1.053
815	0.148	0.053	1.057
816	0.150	0.051	1.048
817	0.152	0.049	1.050
818	0.150	0.051	1.052
819	0.148	0.051	1.057
820	0.148	0.052	1.054
821	0.153	0.048	1.055
822	0.150	0.050	1.058
823	0.148	0.051	1.062
824	0.149	0.050	1.056
825	0.148	0.050	1.050
826	0.149	0.051	1.054
827	0.147	0.052	1.064
828	0.149	0.052	1.063
829	0.151	0.051	1.057
830	0.150	0.050	1.052
831	0.148	0.051	1.058
832	0.148	0.051	1.067
833	0.153	0.051	1.053
834	0.150	0.049	1.052
835	0.151	0.048	1.054
836	0.149	0.051	1.064
837	0.149	0.050	1.054
838	0.148	0.051	1.066
839	0.149	0.053	1.056
840	0.147	0.051	1.053
841	0.149	0.048	1.060
842	0.150	0.051	1.063
843	0.148	0.050	1.057
844	0.151	0.048	1.060
845	0.150	0.049	1.057
846	0.147	0.052	1.065
847	0.148	0.048	1.059
848	0.149	0.051	1.054
849	0.150	0.047	1.064
850	0.148	0.049	1.063
851	0.147	0.051	1.062
852	0.149	0.050	1.054
853	0.150	0.050	1.054
854	0.148	0.048	1.059
855	0.147	0.052	1.064
856	0.148	0.049	1.054
857	0.150	0.050	1.057
858	0.151	0.051	1.050
859	0.145	0.052	1.057
860	0.148	0.052	1.050
861	0.150	0.050	1.052
862	0.149	0.050	1.060
863	0.145	0.051	1.066
864	0.150	0.050	1.047
865	0.152	0.051	1.054
866	0.150	0.052	1.056
867	0.146	0.052	1.065
868	0.149	0.050	1.053
869	0.151	0.050	1.056
870	0.149	0.053	1.053
871	0.147	0.053	1.064
872	0.149	0.054	1.058
873	0.154	0.051	1.055
874	0.147	0.051	1.052
875	0.149	0.051	1.063
876	0.148	0.051	1.052
877	0.151	0.052	1.056
878	0.150	0.049	1.052
879	0.148	0.051	1.062
880	0.147	0.052	1.055
881	0.150	0.050	1.048
882	0.150	0.051	1.052
883	0.148	0.051	1.062
884	0.149	0.053	1.054
885	0.152	0.052	1.052
886	0.148	0.051	1.058
887	0.147	0.053	1.057
888	0.149	0.052	1.059
889	0.151	0.052	1.055
890	0.151	0.053	1.056
891	0.149	0.051	1.058
892	0.152	0.054	1.065
893	0.150	0.052	1.050
894	0.147	0.053	1.051
895	0.148	0.052	1.057
896	0.148	0.052	1.062
897	0.151	0.053	1.052
898	0.150	0.051	1.060
899	0.147	0.054	1.054
900	0.146	0.052	1.058
901	0.150	0.052	1.056
902	0.148	0.055	1.061
903	0.144	0.056	1.050
904	0.149	0.052	1.064
905	0.148	0.055	1.061
906	0.149	0.054	1.048
907	0.150	0.054	1.056
908	0.147	0.051	1.062
909	0.149	0.052	1.053
910	0.150	0.053	1.060
911	0.148	0.054	1.061
912	0.148	0.055	1.058
913	0.149	0.054	1.066
914	0.147	0.056	1.056
915	0.148	0.053	1.054
916	0.148	0.053	1.057
917	0.149	0.054	1.052
918	0.147	0.052	1.050
919	0.147	0.053	1.055
920	0.147	0.053	1.060
921	0.147	0.052	1.058
922	0.145	0.053	1.053
923	0.147	0.053	1.058
924	0.148	0.052	1.057
925	0.149	0.053	1.060
926	0.147	0.054	1.055
927	0.146	0.054	1.060
928	0.148	0.053	1.054
929	0.147	0.053	1.059
930	0.145	0.055	1.064
931	0.147	0.055	1.058
932	0.149	0.054	1.059
933	0.148	0.053	1.060
934	0.146	0.052	1.060
935	0.144	0.053	1.063
936	0.146	0.053	1.059
937	0.147	0.056	1.057
938	0.147	0.058	1.055
939	0.146	0.055	1.064
940	0.148	0.055	1.052
941	0.150	0.053	1.059
942	0.146	0.054	1.061
943	0.146	0.056	1.060
944	0.145	0.054	1.054
945	0.147	0.054	1.060
946	0.147	0.052	1.052
947	0.145	0.055	1.055
948	0.147	0.057	1.056
949	0.147	0.055	1.055
950	0.147	0.054	1.056
951	0.147	0.056	1.061
952	0.147	0.054	1.055
953	0.148	0.056	1.052
954	0.148	0.053	1.058
955	0.146	0.054	1.061
956	0.149	0.051	1.052
957	0.146	0.055	1.060
958	0.148	0.052	1.057
959	0.145	0.053	1.053
960	0.150	0.053	1.052
961	0.147	0.052	1.055
962	0.147	0.053	1.052
963	0.146	0.054	1.058
964	0.148	0.054	1.052
965	0.148	0.051	1.049
966	0.146	0.055	1.056
967	0.148	0.054	1.054
968	0.149	0.053	1.048
969	0.148	0.052	1.052
970	0.147	0.053	1.059
971	0.149	0.052	1.056
972	0.148	0.052	1.050
973	0.151	0.051	1.050
974	0.146	0.053	1.066
975	0.148	0.052	1.052
976	0.148	0.054	1.053
977	0.149	0.053	1.058
978	0.148	0.053	1.062
979	0.149	0.053	1.050
980	0.150	0.052	1.056
981	0.149	0.053	1.057
982	0.146	0.054	1.057
983	0.149	0.052	1.054
984	0.150	0.052	1.056
985	0.149	0.052	1.048
986	0.148	0.051	1.063
987	0.147	0.051	1.051
988	0.152	0.049	1.048
989	0.150	0.052	1.053
990	0.147	0.051	1.054
991	0.150	0.050	1.054
992	0.148	0.051	1.054
993	0.148	0.052	1.051
994	0.147	0.050	1.059
995	0.148	0.052	1.052
996	0.149	0.052	1.056
997	0.148	0.053	1.062
998	0.146	0.054	1.054
999	0.146	0.052	1.054
1000	0.149	0.052	1.057
1001	0.148	0.051	1.054
1002	0.146	0.053	1.053
1003	0.146	0.053	1.058
1004	0.150	0.052	1.055
1005	0.150	0.053	1.056
1006	0.146	0.051	1.058
1007	0.148	0.052	1.056
1008	0.149	0.051	1.056
1009	0.149	0.052	1.058
1010	0.149	0.053	1.052
1011	0.147	0.051	1.053
1012	0.148	0.053	1.054
1013	0.151	0.051	1.049
1014	0.148	0.053	1.060
1015	0.147	0.053	1.057
1016	0.149	0.053	1.051
1017	0.149	0.052	1.054
1018	0.148	0.052	0.989
1019	0.387	0.159	1.493
1020	0.394	0.161	1.463
1021	0.390	0.158	1.470
1022	0.385	0.160	1.482
1023	0.386	0.160	1.467
1024	0.385	0.156	1.463
1025	0.386	0.157	1.452
1026	0.382	0.158	1.468
1027	0.381	0.159	1.463
1028	0.385	0.155	1.455
1029	0.383	0.157	1.457
1030	0.379	0.159	1.469
1031	0.382	0.156	1.453
1032	0.381	0.155	1.456
1033	0.383	0.155	1.457
1034	0.382	0.158	1.462
1035	0.380	0.157	1.458
1036	0.380	0.155	1.460
1037	0.380	0.156	1.452
1038	0.376	0.158	1.460
1039	0.379	0.157	1.457
1040	0.381	0.159	1.450
1041	0.378	0.158	1.452
1042	0.377	0.157	1.457
1043	0.377	0.157	1.453
1044	0.378	0.156	1.452
1045	0.378	0.158	1.451
1046	0.378	0.158	1.448
1047	0.381	0.154	1.449
1048	0.378	0.157	1.451
1049	0.375	0.156	1.455
1050	0.376	0.155	1.448
1051	0.375	0.157	1.447
1052	0.377	0.159	1.448
1053	0.376	0.155	1.455
1054	0.376	0.157	1.454
1055	0.377	0.158	1.451
1056	0.376	0.157	1.447
1057	0.375	0.157	1.458
1058	0.373	0.157	1.453
1059	0.375	0.159	1.453
1060	0.375	0.156	1.443
1061	0.374	0.156	1.454
1062	0.372	0.159	1.450
1063	0.373	0.158	1.446
1064	0.375	0.158	1.446
1065	0.371	0.157	1.453
1066	0.373	0.158	1.443
1067	0.377	0.158	1.446
1068	0.376	0.159	1.448
1069	0.374	0.159	1.452
1070	0.371	0.157	1.451
1071	0.374	0.157	1.441
1072	0.373	0.159	1.439
1073	0.370	0.157	1.455
1074	0.370	0.158	1.448
1075	0.374	0.156	1.439
1076	0.373	0.157	1.443
1077	0.372	0.159	1.447
1078	0.372	0.157	1.453
1079	0.372	0.159	1.446
1080	0.372	0.156	1.440
1081	0.369	0.158	1.450
1082	0.371	0.156	1.458
1083	0.374	0.155	1.436
1084	0.373	0.158	1.438
1085	0.371	0.158	1.452
1086	0.371	0.156	1.455
1087	0.373	0.157	1.441
1088	0.372	0.156	1.443
1089	0.368	0.158	1.446
1090	0.371	0.158	1.448
1091	0.372	0.156	1.444
1092	0.371	0.156	1.442
1093	0.370	0.156	1.444
1094	0.370	0.154	1.447
1095	0.372	0.157	1.443
1096	0.371	0.157	1.443
1097	0.370	0.157	1.446
1098	0.371	0.157	1.445
1099	0.373	0.156	1.438
1100	0.369	0.155	1.442
1101	0.368	0.156	1.451
1102	0.370	0.156	1.443
1103	0.371	0.155	1.437
1104	0.371	0.154	1.446
1105	0.370	0.158	1.443
1106	0.371	0.158	1.441
1107	0.372	0.153	1.440
1108	0.369	0.154	1.446
1109	0.368	0.157	1.448
1110	0.372	0.154	1.438
1111	0.371	0.153	1.442
1112	0.370	0.157	1.440
1113	0.369	0.156	1.447
1114	0.369	0.154	1.447
1115	0.372	0.153	1.446
1116	0.371	0.156	1.436
1117	0.369	0.158	1.444
1118	0.371	0.157	1.446
1119	0.372	0.156	1.442
1120	0.371	0.155	1.443
1121	0.370	0.157	1.450
1122	0.370	0.154	1.442
1123	0.370	0.159	1.445
1124	0.370	0.154	1.441
1125	0.368	0.157	1.445
1126	0.370	0.154	1.442
1127	0.370	0.157	1.448
1128	0.369	0.158	1.435
1129	0.367	0.154	1.441
1130	0.371	0.154	1.443
1131	0.368	0.159	1.445
1132	0.369	0.158	1.429
1133	0.368	0.153	1.444
1134	0.371	0.160	1.450
1135	0.368	0.156	1.440
1136	0.368	0.157	1.432
1137	0.368	0.157	1.441
1138	0.368	0.156	1.450
1139	0.368	0.157	1.442
1140	0.370	0.157	1.435
1141	0.367	0.154	1.435
1142	0.369	0.156	1.448
1143	0.370	0.156	1.446
1144	0.369	0.155	1.438
1145	0.370	0.157	1.444
1146	0.370	0.154	1.450
1147	0.369	0.157	1.438
1148	0.370	0.157	1.436
1149	0.367	0.157	1.447
1150	0.370	0.156	1.447
1151	0.370	0.156	1.440
1152	0.369	0.158	1.431
1153	0.369	0.156	1.438
1154	0.370	0.155	1.443
1155	0.371	0.158	1.445
1156	0.370	0.158	1.442
1157	0.368	0.155	1.437
1158	0.371	0.155	1.442
1159	0.370	0.156	1.437
1160	0.370	0.155	1.443
1161	0.370	0.156	1.440
1162	0.371	0.155	1.439
1163	0.371	0.157	1.445
1164	0.367	0.158	1.442
1165	0.371	0.159	1.438
1166	0.370	0.154	1.439
1167	0.371	0.159	1.444
1168	0.367	0.154	1.444
1169	0.372	0.156	1.439
1170	0.370	0.154	1.443
1171	0.369	0.155	1.439
1172	0.370	0.155	1.444
1173	0.369	0.154	1.442
1174	0.371	0.153	1.441
1175	0.370	0.154	1.441
1176	0.369	0.153	1.442
1177	0.370	0.153	1.442
1178	0.371	0.156	1.439
1179	0.369	0.154	1.445
1180	0.368	0.154	1.438
1181	0.370	0.157	1.439
1182	0.371	0.154	1.443
1183	0.371	0.154	1.445
1184	0.371	0.154	1.442
1185	0.370	0.156	1.444
1186	0.372	0.156	1.442
1187	0.369	0.157	1.444
1188	0.370	0.159	1.448
1189	0.371	0.154	1.441
1190	0.370	0.153	1.437
1191	0.370	0.153	1.443
1192	0.369	0.154	1.446
1193	0.372	0.155	1.446
1194	0.371	0.157	1.435
1195	0.372	0.156	1.442
1196	0.370	0.157	1.439
1197	0.371	0.154	1.440
1198	0.374	0.155	1.441
1199	0.371	0.155	1.442
1200	0.372	0.154	1.440
1201	0.372	0.155	1.443
1202	0.375	0.154	1.434
1203	0.368	0.156	1.452
1204	0.371	0.157	1.447
1205	0.373	0.155	1.441
1206	0.372	0.154	1.441
1207	0.371	0.157	1.446
1208	0.372	0.157	1.447
1209	0.372	0.155	1.446
1210	0.374	0.155	1.435
1211	0.370	0.159	1.448
1212	0.372	0.156	1.444
1213	0.369	0.156	1.442
1214	0.375	0.158	1.441
1215	0.373	0.158	1.440
1216	0.371	0.154	1.442
1217	0.372	0.157	1.450
1218	0.370	0.157	1.440
1219	0.372	0.158	1.429
1220	0.376	0.156	1.443
1221	0.371	0.158	1.455
1222	0.372	0.157	1.435
1223	0.372	0.157	1.438
1224	0.371	0.156	1.448
1225	0.374	0.159	1.435
1226	0.371	0.159	1.436
1227	0.373	0.156	1.445
1228	0.372	0.157	1.463
1229	0.372	0.158	1.467
1230	0.371	0.157	1.437
1231	0.375	0.158	1.426
1232	0.373	0.156	1.457
1233	0.373	0.158	1.450
1234	0.370	0.159	1.438
1235	0.372	0.155	1.437
1236	0.375	0.157	1.441
1237	0.374	0.157	1.449
1238	0.370	0.157	1.455
1239	0.374	0.158	1.433
1240	0.375	0.156	1.431
1241	0.372	0.157	1.455
1242	0.370	0.160	1.445
1243	0.371	0.156	1.426
1244	0.373	0.156	1.439
1245	0.374	0.160	1.453
1246	0.372	0.159	1.439
1247	0.373	0.157	1.438
1248	0.374	0.155	1.450
1249	0.372	0.160	1.453
1250	0.373	0.159	1.445
1251	0.371	0.156	1.436
1252	0.374	0.158	1.445
1253	0.374	0.159	1.450
1254	0.371	0.158	1.444
1255	0.371	0.156	1.441
1256	0.376	0.160	1.445
1257	0.376	0.160	1.442
1258	0.371	0.159	1.442
1259	0.372	0.158	1.442
1260	0.374	0.158	1.437
1261	0.374	0.158	1.446
1262	0.371	0.156	1.446
1263	0.370	0.157	1.441
1264	0.374	0.161	1.440
1265	0.374	0.159	1.442
1266	0.371	0.159	1.452
1267	0.370	0.158	1.448
1268	0.373	0.158	1.435
1269	0.372	0.158	1.442
1270	0.371	0.157	1.450
1271	0.371	0.159	1.445
1272	0.374	0.157	1.442
1273	0.372	0.158	1.445
1274	0.370	0.159	1.453
1275	0.372	0.158	1.445
1276	0.372	0.159	1.444
1277	0.372	0.157	1.443
1278	0.370	0.161	1.442
1279	0.372	0.157	1.432
1280	0.372	0.154	1.429
1281	0.375	0.159	1.438
1282	0.372	0.161	1.453
1283	0.371	0.159	1.435
1284	0.374	0.157	1.427
1285	0.374	0.157	1.443
1286	0.367	0.160	1.451
1287	0.372	0.160	1.438
1288	0.374	0.158	1.443
1289	0.372	0.158	1.453
1290	0.371	0.159	1.451
1291	0.371	0.159	1.435
1292	0.374	0.155	1.433
1293	0.371	0.158	1.459
1294	0.371	0.158	1.448
1295	0.370	0.157	1.443
1296	0.371	0.159	1.440
1297	0.371	0.158	1.440
1298	0.369	0.157	1.442
1299	0.369	0.155	1.439
1300	0.373	0.156	1.454
1301	0.371	0.160	1.446
1302	0.369	0.157	1.435
1303	0.370	0.160	1.442
1304	0.373	0.156	1.435
1305	0.372	0.157	1.437
1306	0.372	0.157	1.437
1307	0.371	0.155	1.441
1308	0.370	0.156	1.454
1309	0.371	0.157	1.439
1310	0.371	0.154	1.417
1311	0.371	0.156	1.457
1312	0.370	0.155	1.447
1313	0.372	0.157	1.429
1314	0.373	0.157	1.451
1315	0.370	0.159	1.451
1316	0.371	0.159	1.445
1317	0.371	0.158	1.432
1318	0.371	0.156	1.425
1319	0.372	0.157	1.463
1320	0.371	0.160	1.434
1321	0.374	0.157	1.424
1322	0.373	0.160	1.460
1323	0.368	0.159	1.446
1324	0.373	0.159	1.409
1325	0.373	0.157	1.435
1326	0.371	0.158	1.467
1327	0.370	0.160	1.452
1328	0.373	0.158	1.418
1329	0.374	0.158	1.446
1330	0.372	0.158	1.447
1331	0.370	0.159	1.434
1332	0.371	0.158	1.432
1333	0.369	0.158	1.446
1334	0.373	0.154	1.443
1335	0.370	0.157	1.451
1336	0.370	0.157	1.436
1337	0.371	0.159	1.439
1338	0.370	0.157	1.440
1339	0.370	0.160	1.444
1340	0.372	0.158	1.431
1341	0.370	0.159	1.446
1342	0.371	0.156	1.435
1343	0.370	0.159	1.442
1344	0.370	0.157	1.438
1345	0.369	0.157	1.441
1346	0.370	0.158	1.438
1347	0.374	0.158	1.444
1348	0.370	0.156	1.441
1349	0.369	0.156	1.439
1350	0.371	0.156	1.438
1351	0.370	0.159	1.447
1352	0.371	0.159	1.444
1353	0.371	0.159	1.447
1354	0.370	0.157	1.448
1355	0.371	0.158	1.441
1356	0.372	0.159	1.441
1357	0.371	0.159	1.444
1358	0.370	0.160	1.441
1359	0.371	0.157	1.437
1360	0.370	0.158	1.443
1361	0.370	0.159	1.443
1362	0.372	0.157	1.431
1363	0.372	0.157	1.442
1364	0.372	0.159	1.440
1365	0.371	0.159	1.437
1366	0.370	0.159	1.440
1367	0.373	0.156	1.432
1368	0.370	0.157	1.441
1369	0.369	0.160	1.451
1370	0.371	0.159	1.437
1371	0.372	0.158	1.433
1372	0.371	0.159	1.442
1373	0.368	0.156	1.450
1374	0.372	0.158	1.441
1375	0.372	0.157	1.435
1376	0.369	0.157	1.444
1377	0.370	0.157	1.442
1378	0.370	0.159	1.435
1379	0.371	0.158	1.435
1380	0.369	0.158	1.449
1381	0.368	0.159	1.449
1382	0.370	0.157	1.437
1383	0.372	0.159	1.432
1384	0.370	0.158	1.446
1385	0.369	0.159	1.448
1386	0.371	0.162	1.432
1387	0.374	0.160	1.437
1388	0.370	0.159	1.448
1389	0.369	0.160	1.435
1390	0.372	0.158	1.438
1391	0.372	0.157	1.440
1392	0.370	0.161	1.441
1393	0.370	0.158	1.449
1394	0.370	0.158	1.437
1395	0.372	0.159	1.437
1396	0.371	0.157	1.449
1397	0.372	0.158	1.441
1398	0.371	0.158	1.438
1399	0.372	0.158	1.447
1400	0.371	0.160	1.446
1401	0.371	0.155	1.431
1402	0.371	0.155	1.440
1403	0.371	0.161	1.446
1404	0.369	0.159	1.442
1405	0.371	0.159	1.432
1406	0.371	0.157	1.442
1407	0.369	0.159	1.442
1408	0.370	0.160	1.437
1409	0.370	0.159	1.440
1410	0.370	0.159	1.440
1411	0.369	0.160	1.435
1412	0.370	0.159	1.445
1413	0.369	0.156	1.439
1414	0.370	0.159	1.441
1415	0.370	0.161	1.440
1416	0.371	0.160	1.439
1417	0.371	0.157	1.439
1418	0.372	0.160	1.451
1419	0.371	0.160	1.431
1420	0.371	0.160	1.441
1421	0.370	0.160	1.445
1422	0.372	0.158	1.443
1423	0.372	0.159	1.433
1424	0.371	0.158	1.440
1425	0.372	0.159	1.443
1426	0.373	0.159	1.446
1427	0.371	0.159	1.440
1428	0.370	0.159	1.444
1429	0.371	0.158	1.440
1430	0.373	0.160	1.440
1431	0.372	0.158	1.436
1432	0.371	0.160	1.447
1433	0.369	0.159	1.439
1434	0.372	0.160	1.444
1435	0.370	0.156	1.440
1436	0.371	0.157	1.435
1437	0.370	0.157	1.442
1438	0.372	0.158	1.437
1439	0.372	0.157	1.439
1440	0.370	0.158	1.449
1441	0.370	0.156	1.439
1442	0.370	0.157	1.437
1443	0.372	0.158	1.437
1444	0.371	0.157	1.447
1445	0.371	0.158	1.439
1446	0.372	0.158	1.435
1447	0.370	0.157	1.438
1448	0.369	0.155	1.445
1449	0.371	0.160	1.443
1450	0.371	0.157	1.435
1451	0.371	0.160	1.433
1452	0.372	0.159	1.441
1453	0.370	0.159	1.444
1454	0.372	0.159	1.438
1455	0.372	0.159	1.437
1456	0.370	0.158	1.449
1457	0.371	0.158	1.444
1458	0.372	0.156	1.435
1459	0.371	0.157	1.443
1460	0.372	0.160	1.440
1461	0.371	0.156	1.437
1462	0.374	0.155	1.443
1463	0.370	0.159	1.445
1464	0.368	0.160	1.437
1465	0.374	0.159	1.434
1466	0.373	0.158	1.438
1467	0.371	0.160	1.438
1468	0.371	0.160	1.448
1469	0.372	0.160	1.441
1470	0.372	0.159	1.434
1471	0.371	0.159	1.433
1472	0.369	0.161	1.446
1473	0.372	0.158	1.436
1474	0.373	0.157	1.442
1475	0.372	0.159	1.445
1476	0.372	0.158	1.441
1477	0.372	0.158	1.440
1478	0.372	0.160	1.447
1479	0.370	0.159	1.444
1480	0.370	0.157	1.441
1481	0.369	0.157	1.443
1482	0.372	0.155	1.447
1483	0.372	0.158	1.434
1484	0.371	0.157	1.441
1485	0.372	0.159	1.452
1486	0.372	0.158	1.440
1487	0.368	0.159	1.429
1488	0.371	0.159	1.444
1489	0.370	0.154	1.444
1490	0.373	0.155	1.440
1491	0.369	0.156	1.437
1492	0.371	0.156	1.444
1493	0.370	0.155	1.440
1494	0.371	0.158	1.438
1495	0.370	0.155	1.436
1496	0.370	0.158	1.433
1497	0.371	0.160	1.442
1498	0.371	0.155	1.441
1499	0.368	0.156	1.444
1500	0.371	0.158	1.434
1501	0.372	0.158	1.442
1502	0.371	0.160	1.440
1503	0.371	0.159	1.444
1504	0.371	0.158	1.439
1505	0.371	0.158	1.440
1506	0.370	0.157	1.441
1507	0.367	0.159	1.442
1508	0.371	0.157	1.437
1509	0.370	0.157	1.442
1510	0.371	0.156	1.442
1511	0.372	0.160	1.441
1512	0.372	0.159	1.430
1513	0.370	0.159	1.444
1514	0.370	0.161	1.450
1515	0.371	0.162	1.446
1516	0.369	0.161	1.435
1517	0.371	0.160	1.438
1518	0.371	0.161	1.445
1519	0.410	0.180	1.699
1520	0.664	0.311	1.965
1521	0.664	0.317	1.969
1522	0.662	0.316	1.975
1523	0.662	0.317	1.960
1524	0.660	0.316	1.946
1525	0.660	0.314	1.960
1526	0.658	0.313	1.954
1527	0.658	0.316	1.956
1528	0.657	0.313	1.940
1529	0.656	0.314	1.945
1530	0.655	0.314	1.958
1531	0.656	0.316	1.960
1532	0.652	0.316	1.936
1533	0.657	0.312	1.950
1534	0.654	0.315	1.959
1535	0.654	0.316	1.941
1536	0.656	0.316	1.943
1537	0.657	0.315	1.958
1538	0.651	0.311	1.950
1539	0.654	0.312	1.943
1540	0.654	0.314	1.945
1541	0.654	0.315	1.951
1542	0.656	0.314	1.954
1543	0.650	0.313	1.944
1544	0.654	0.311	1.938
1545	0.653	0.315	1.950
1546	0.654	0.315	1.955
1547	0.651	0.315	1.936
1548	0.652	0.312	1.942
1549	0.652	0.316	1.949
1550	0.652	0.316	1.944
1551	0.651	0.314	1.944
1552	0.652	0.313	1.943
1553	0.652	0.315	1.941
1554	0.650	0.315	1.948
1555	0.652	0.312	1.937
1556	0.649	0.314	1.940
1557	0.650	0.311	1.942
1558	0.649	0.314	1.942
1559	0.650	0.313	1.933
1560	0.649	0.313	1.944
1561	0.651	0.313	1.949
1562	0.647	0.311	1.943
1563	0.647	0.311	1.937
1564	0.650	0.312	1.938
1565	0.649	0.312	1.937
1566	0.648	0.313	1.944
1567	0.649	0.313	1.941
1568	0.647	0.313	1.941
1569	0.651	0.313	1.937
1570	0.646	0.313	1.940
1571	0.648	0.313	1.946
1572	0.645	0.313	1.937
1573	0.650	0.313	1.931
1574	0.647	0.311	1.942
1575	0.647	0.314	1.941
1576	0.649	0.309	1.933
1577	0.648	0.311	1.940
1578	0.647	0.314	1.943
1579	0.645	0.313	1.933
1580	0.647	0.313	1.936
1581	0.648	0.310	1.937
1582	0.646	0.313	1.929
1583	0.645	0.313	1.940
1584	0.647	0.311	1.941
1585	0.646	0.312	1.939
1586	0.647	0.312	1.942
1587	0.646	0.314	1.944
1588	0.649	0.312	1.929
1589	0.645	0.311	1.941
1590	0.647	0.312	1.949
1591	0.644	0.312	1.934
1592	0.646	0.312	1.936
1593	0.646	0.311	1.945
1594	0.646	0.312	1.937
1595	0.644	0.312	1.935
1596	0.645	0.314	1.942
1597	0.646	0.310	1.939
1598	0.645	0.314	1.930
1599	0.644	0.312	1.943
1600	0.646	0.314	1.925
1601	0.644	0.314	1.926
1602	0.646	0.312	1.940
1603	0.644	0.312	1.939
1604	0.644	0.311	1.925
1605	0.644	0.311	1.937
1606	0.645	0.314	1.929
1607	0.644	0.311	1.941
1608	0.645	0.310	1.935
1609	0.646	0.315	1.928
1610	0.644	0.313	1.925
1611	0.642	0.314	1.941
1612	0.645	0.312	1.929
1613	0.644	0.311	1.935
1614	0.645	0.312	1.931
1615	0.643	0.311	1.935
1616	0.644	0.312	1.929
1617	0.646	0.311	1.936
1618	0.645	0.310	1.928
1619	0.643	0.310	1.935
1620	0.644	0.310	1.935
1621	0.644	0.312	1.933
1622	0.645	0.315	1.929
1623	0.643	0.315	1.944
1624	0.644	0.311	1.935
1625	0.645	0.309	1.937
1626	0.645	0.311	1.939
1627	0.644	0.312	1.935
1628	0.646	0.311	1.929
1629	0.647	0.311	1.942
1630	0.646	0.312	1.945
1631	0.643	0.312	1.932
1632	0.646	0.310	1.929
1633	0.645	0.310	1.941
1634	0.644	0.313	1.936
1635	0.644	0.312	1.926
1636	0.646	0.310	1.929
1637	0.648	0.309	1.935
1638	0.644	0.312	1.935
1639	0.645	0.310	1.933
1640	0.646	0.313	1.935
1641	0.646	0.312	1.940
1642	0.645	0.310	1.933
1643	0.644	0.311	1.933
1644	0.646	0.311	1.935
1645	0.647	0.312	1.927
1646	0.645	0.311	1.938
1647	0.644	0.314	1.938
1648	0.646	0.311	1.932
1649	0.646	0.311	1.937
1650	0.643	0.310	1.941
1651	0.643	0.314	1.925
1652	0.644	0.312	1.929
1653	0.646	0.311	1.939
1654	0.643	0.310	1.937
1655	0.643	0.311	1.925
1656	0.647	0.312	1.937
1657	0.645	0.313	1.933
1658	0.645	0.311	1.933
1659	0.644	0.310	1.938
1660	0.646	0.312	1.935
1661	0.646	0.312	1.925
1662	0.646	0.313	1.933
1663	0.642	0.312	1.934
1664	0.646	0.309	1.932
1665	0.647	0.311	1.933
1666	0.644	0.311	1.935
1667	0.645	0.310	1.925
1668	0.646	0.309	1.932
1669	0.647	0.311	1.935
1670	0.648	0.314	1.925
1671	0.647	0.312	1.933
1672	0.648	0.311	1.939
1673	0.645	0.309	1.929
1674	0.645	0.311	1.929
1675	0.645	0.312	1.937
1676	0.646	0.309	1.931
1677	0.647	0.310	1.930
1678	0.645	0.309	1.934
1679	0.645	0.311	1.935
1680	0.647	0.312	1.935
1681	0.646	0.311	1.930
1682	0.644	0.312	1.937
1683	0.643	0.311	1.936
1684	0.645	0.311	1.931
1685	0.646	0.313	1.936
1686	0.644	0.310	1.933
1687	0.644	0.309	1.936
1688	0.647	0.310	1.937
1689	0.644	0.310	1.933
1690	0.647	0.310	1.931
1691	0.646	0.314	1.938
1692	0.646	0.312	1.928
1693	0.646	0.311	1.935
1694	0.647	0.309	1.927
1695	0.644	0.309	1.933
1696	0.643	0.312	1.932
1697	0.645	0.311	1.929
1698	0.644	0.311	1.925
1699	0.643	0.309	1.935
1700	0.646	0.310	1.928
1701	0.647	0.307	1.933
1702	0.645	0.312	1.933
1703	0.644	0.311	1.933
1704	0.646	0.310	1.921
1705	0.646	0.310	1.931
1706	0.643	0.309	1.924
1707	0.643	0.311	1.928
1708	0.647	0.309	1.935
1709	0.647	0.308	1.938
1710	0.644	0.311	1.921
1711	0.645	0.308	1.936
1712	0.646	0.310	1.936
1713	0.644	0.310	1.929
1714	0.646	0.307	1.932
1715	0.647	0.307	1.938
1716	0.647	0.308	1.929
1717	0.647	0.310	1.934
1718	0.645	0.308	1.928
1719	0.646	0.307	1.931
1720	0.645	0.310	1.934
1721	0.647	0.309	1.936
1722	0.646	0.310	1.927
1723	0.643	0.310	1.939
1724	0.646	0.309	1.925
1725	0.645	0.310	1.923
1726	0.642	0.309	1.931
1727	0.644	0.313	1.929
1728	0.643	0.313	1.931
1729	0.647	0.314	1.933
1730	0.643	0.314	1.927
1731	0.641	0.312	1.927
1732	0.644	0.312	1.927
1733	0.644	0.312	1.931
1734	0.644	0.310	1.924
1735	0.644	0.313	1.929
1736	0.643	0.312	1.930
1737	0.644	0.311	1.927
1738	0.645	0.312	1.927
1739	0.645	0.310	1.927
1740	0.644	0.309	1.928
1741	0.644	0.312	1.926
1742	0.645	0.311	1.921
1743	0.643	0.311	1.925
1744	0.643	0.311	1.932
1745	0.644	0.310	1.924
1746	0.645	0.312	1.919
1747	0.644	0.309	1.926
1748	0.645	0.310	1.925
1749	0.643	0.309	1.924
1750	0.642	0.311	1.923
1751	0.642	0.311	1.927
1752	0.643	0.310	1.926
1753	0.643	0.309	1.920
1754	0.643	0.310	1.927
1755	0.643	0.311	1.925
1756	0.643	0.311	1.928
1757	0.644	0.308	1.927
1758	0.644	0.312	1.923
1759	0.643	0.310	1.927
1760	0.644	0.311	1.926
1761	0.642	0.310	1.937
1762	0.643	0.311	1.923
1763	0.642	0.310	1.924
1764	0.640	0.310	1.933
1765	0.642	0.311	1.931
1766	0.643	0.309	1.928
1767	0.641	0.307	1.929
1768	0.643	0.310	1.929
1769	0.642	0.311	1.933
1770	0.641	0.314	1.925
1771	0.642	0.312	1.928
1772	0.643	0.311	1.931
1773	0.644	0.312	1.922
1774	0.643	0.313	1.923
1775	0.645	0.311	1.937
1776	0.644	0.311	1.919
1777	0.644	0.312	1.916
1778	0.644	0.311	1.934
1779	0.645	0.313	1.936
1780	0.644	0.310	1.908
1781	0.643	0.310	1.925
1782	0.642	0.311	1.935
1783	0.642	0.314	1.920
1784	0.643	0.313	1.913
1785	0.643	0.314	1.932
1786	0.643	0.315	1.925
1787	0.644	0.313	1.911
1788	0.644	0.317	1.924
1789	0.643	0.315	1.935
1790	0.644	0.317	1.917
1791	0.645	0.314	1.925
1792	0.644	0.314	1.929
1793	0.645	0.314	1.919
1794	0.644	0.314	1.917
1795	0.643	0.315	1.938
1796	0.644	0.316	1.925
1797	0.644	0.312	1.915
1798	0.642	0.317	1.929
1799	0.643	0.313	1.936
1800	0.643	0.313	1.907
1801	0.644	0.312	1.923
1802	0.641	0.314	1.936
1803	0.642	0.312	1.919
1804	0.641	0.310	1.914
1805	0.641	0.312	1.933
1806	0.641	0.315	1.920
1807	0.641	0.312	1.923
1808	0.642	0.310	1.920
1809	0.643	0.310	1.923
1810	0.639	0.309	1.916
1811	0.641	0.311	1.932
1812	0.642	0.312	1.920
1813	0.642	0.311	1.919
1814	0.642	0.309	1.927
1815	0.641	0.310	1.930
1816	0.643	0.311	1.919
1817	0.641	0.310	1.929
1818	0.643	0.311	1.921
1819	0.639	0.310	1.926
1820	0.643	0.308	1.929
1821	0.643	0.309	1.925
1822	0.642	0.312	1.921
1823	0.642	0.312	1.931
1824	0.643	0.312	1.921
1825	0.640	0.313	1.929
1826	0.641	0.309	1.926
1827	0.644	0.309	1.920
1828	0.642	0.311	1.919
1829	0.643	0.311	1.923
1830	0.643	0.311	1.923
1831	0.643	0.309	1.930
1832	0.643	0.311	1.919
1833	0.643	0.312	1.927
1834	0.644	0.311	1.920
1835	0.644	0.312	1.923
1836	0.644	0.312	1.921
1837	0.646	0.313	1.925
1838	0.643	0.311	1.920
1839	0.645	0.311	1.922
1840	0.646	0.311	1.921
1841	0.644	0.311	1.925
1842	0.644	0.311	1.921
1843	0.645	0.311	1.925
1844	0.646	0.311	1.923
1845	0.646	0.310	1.923
1846	0.645	0.309	1.927
1847	0.643	0.309	1.928
1848	0.647	0.311	1.923
1849	0.644	0.311	1.930
1850	0.646	0.310	1.931
1851	0.646	0.311	1.919
1852	0.647	0.309	1.918
1853	0.645	0.311	1.937
1854	0.644	0.310	1.921
1855	0.646	0.308	1.923
1856	0.646	0.308	1.929
1857	0.644	0.310	1.928
1858	0.644	0.311	1.928
1859	0.646	0.310	1.935
1860	0.646	0.312	1.921
1861	0.646	0.310	1.921
1862	0.644	0.312	1.935
1863	0.645	0.314	1.926
1864	0.645	0.312	1.917
1865	0.643	0.312	1.929
1866	0.644	0.315	1.919
1867	0.644	0.311	1.923
1868	0.647	0.311	1.924
1869	0.642	0.313	1.920
1870	0.643	0.313	1.934
1871	0.644	0.313	1.923
1872	0.644	0.312	1.920
1873	0.643	0.314	1.932
1874	0.642	0.313	1.927
1875	0.644	0.312	1.926
1876	0.643	0.312	1.932
1877	0.642	0.314	1.913
1878	0.643	0.314	1.927
1879	0.643	0.312	1.933
1880	0.644	0.314	1.914
1881	0.641	0.313	1.926
1882	0.640	0.310	1.933
1883	0.643	0.310	1.921
1884	0.643	0.312	1.920
1885	0.641	0.308	1.930
1886	0.641	0.312	1.930
1887	0.642	0.310	1.927
1888	0.644	0.311	1.918
1889	0.642	0.309	1.929
1890	0.643	0.310	1.934
1891	0.646	0.310	1.923
1892	0.643	0.309	1.927
1893	0.640	0.310	1.926
1894	0.643	0.309	1.923
1895	0.643	0.309	1.933
1896	0.642	0.308	1.927
1897	0.643	0.309	1.923
1898	0.642	0.308	1.927
1899	0.642	0.308	1.936
1900	0.642	0.308	1.927
1901	0.641	0.309	1.919
1902	0.643	0.307	1.928
1903	0.643	0.307	1.941
1904	0.641	0.310	1.918
1905	0.643	0.309	1.916
1906	0.642	0.308	1.926
1907	0.642	0.306	1.935
1908	0.642	0.308	1.929
1909	0.642	0.309	1.923
1910	0.641	0.308	1.924
1911	0.642	0.308	1.933
1912	0.642	0.309	1.932
1913	0.642	0.309	1.930
1914	0.642	0.308	1.920
1915	0.643	0.309	1.920
1916	0.642	0.310	1.935
1917	0.642	0.308	1.932
1918	0.642	0.310	1.921
1919	0.644	0.308	1.931
1920	0.643	0.308	1.930
1921	0.644	0.311	1.923
1922	0.643	0.309	1.927
1923	0.644	0.311	1.930
1924	0.644	0.310	1.923
1925	0.645	0.311	1.921
1926	0.643	0.309	1.925
1927	0.644	0.310	1.929
1928	0.643	0.311	1.929
1929	0.645	0.310	1.922
1930	0.643	0.312	1.923
1931	0.644	0.309	1.923
1932	0.645	0.310	1.929
1933	0.645	0.309	1.924
1934	0.643	0.311	1.925
1935	0.644	0.310	1.921
1936	0.647	0.311	1.926
1937	0.645	0.307	1.924
1938	0.642	0.310	1.921
1939	0.643	0.311	1.931
1940	0.644	0.308	1.934
1941	0.643	0.312	1.920
1942	0.642	0.310	1.925
1943	0.645	0.311	1.933
1944	0.645	0.309	1.927
1945	0.643	0.311	1.918
1946	0.645	0.311	1.923
1947	0.643	0.311	1.931
1948	0.644	0.310	1.927
1949	0.644	0.312	1.924
1950	0.644	0.309	1.927
1951	0.642	0.309	1.928
1952	0.647	0.311	1.922
1953	0.644	0.311	1.922
1954	0.643	0.313	1.929
1955	0.645	0.310	1.922
1956	0.645	0.309	1.928
1957	0.644	0.311	1.939
1958	0.645	0.309	1.927
1959	0.646	0.311	1.919
1960	0.646	0.310	1.931
1961	0.646	0.312	1.920
1962	0.646	0.312	1.924
1963	0.646	0.309	1.935
1964	0.646	0.312	1.923
1965	0.647	0.311	1.917
1966	0.647	0.310	1.938
1967	0.646	0.309	1.933
1968	0.646	0.310	1.925
1969	0.645	0.311	1.929
1970	0.648	0.311	1.927
1971	0.648	0.309	1.925
1972	0.646	0.313	1.936
1973	0.646	0.311	1.918
1974	0.647	0.311	1.928
1975	0.645	0.313	1.927
1976	0.646	0.310	1.935
1977	0.647	0.313	1.927
1978	0.648	0.312	1.928
1979	0.647	0.311	1.927
1980	0.646	0.313	1.935
1981	0.643	0.309	1.922
1982	0.648	0.313	1.926
1983	0.647	0.310	1.927
1984	0.646	0.314	1.934
1985	0.644	0.311	1.923
1986	0.646	0.310	1.927
1987	0.647	0.311	1.926
1988	0.645	0.311	1.927
1989	0.645	0.309	1.924
1990	0.646	0.311	1.931
1991	0.647	0.310	1.931
1992	0.643	0.313	1.921
1993	0.646	0.312	1.920
1994	0.647	0.311	1.926
1995	0.646	0.309	1.929
1996	0.643	0.312	1.926
1997	0.646	0.310	1.920
1998	0.647	0.313	1.927
1999	0.646	0.311	1.919
2000	0.644	0.314	1.921
2001	0.644	0.311	1.925
2002	0.645	0.311	1.921
2003	0.645	0.311	1.932
2004	0.645	0.314	1.927
2005	0.644	0.312	1.921
2006	0.645	0.310	1.927
2007	0.644	0.309	1.931
2008	0.642	0.312	1.925
2009	0.644	0.308	1.931
2010	0.645	0.309	1.927
2011	0.643	0.310	1.919
2012	0.641	0.308	1.928
2013	0.640	0.310	1.940
2014	0.643	0.310	1.919
2015	0.644	0.309	1.926
2016	0.641	0.310	1.931
2017	0.642	0.310	1.923
2018	0.644	0.311	1.928
2019	0.644	0.311	1.926
2020	0.794	0.385	2.257
2021	0.943	0.470	2.446
2022	0.941	0.468	2.436
2023	0.940	0.466	2.454
2024	0.934	0.466	2.459
2025	0.934	0.467	2.440
2026	0.935	0.468	2.437
2027	0.935	0.468	2.448
2028	0.930	0.468	2.443
2029	0.931	0.465	2.446
2030	0.932	0.466	2.446
2031	0.928	0.465	2.432
2032	0.928	0.467	2.449
2033	0.928	0.465	2.443
2034	0.928	0.466	2.432
2035	0.932	0.464	2.441
2036	0.926	0.467	2.445
2037	0.928	0.466	2.442
2038	0.929	0.464	2.438
2039	0.928	0.466	2.433
2040	0.925	0.468	2.443
2041	0.926	0.466	2.444
2042	0.926	0.467	2.434
2043	0.928	0.467	2.431
2044	0.926	0.468	2.439
2045	0.924	0.467	2.440
2046	0.927	0.464	2.433
2047	0.927	0.465	2.434
2048	0.924	0.468	2.437
2049	0.927	0.470	2.433
2050	0.926	0.467	2.432
2051	0.926	0.468	2.431
2052	0.924	0.467	2.435
2053	0.924	0.468	2.436
2054	0.925	0.469	2.431
2055	0.925	0.467	2.429
2056	0.925	0.467	2.442
2057	0.927	0.468	2.426
2058	0.925	0.467	2.423
2059	0.927	0.467	2.437
2060	0.922	0.469	2.433
2061	0.924	0.466	2.426
2062	0.926	0.467	2.432
2063	0.925	0.466	2.430
2064	0.925	0.467	2.428
2065	0.926	0.469	2.429
2066	0.924	0.470	2.437
2067	0.924	0.469	2.428
2068	0.923	0.469	2.432
2069	0.924	0.471	2.431
2070	0.924	0.467	2.427
2071	0.924	0.470	2.430
2072	0.925	0.469	2.430
2073	0.925	0.468	2.429
2074	0.924	0.468	2.438
2075	0.927	0.469	2.426
2076	0.924	0.468	2.428
2077	0.924	0.468	2.430
2078	0.927	0.469	2.432
2079	0.924	0.470	2.427
2080	0.924	0.467	2.430
2081	0.926	0.470	2.433
2082	0.924	0.469	2.427
2083	0.922	0.465	2.426
2084	0.923	0.468	2.437
2085	0.923	0.468	2.418
2086	0.924	0.468	2.428
2087	0.921	0.468	2.434
2088	0.921	0.468	2.420
2089	0.924	0.469	2.422
2090	0.923	0.469	2.438
2091	0.921	0.469	2.425
2092	0.922	0.466	2.425
2093	0.922	0.469	2.433
2094	0.922	0.468	2.429
2095	0.922	0.469	2.425
2096	0.919	0.468	2.431
2097	0.921	0.469	2.425
2098	0.924	0.468	2.423
2099	0.920	0.470	2.430
2100	0.921	0.471	2.435
2101	0.922	0.468	2.424
2102	0.922	0.470	2.433
2103	0.918	0.472	2.426
2104	0.921	0.470	2.421
2105	0.921	0.469	2.431
2106	0.922	0.471	2.432
2107	0.920	0.469	2.421
2108	0.920	0.469	2.426
2109	0.922	0.470	2.431
2110	0.922	0.469	2.428
2111	0.922	0.468	2.425
2112	0.921	0.467	2.424
2113	0.920	0.467	2.425
2114	0.922	0.470	2.420
2115	0.920	0.468	2.425
2116	0.920	0.469	2.436
2117	0.919	0.468	2.422
2118	0.921	0.468	2.418
2119	0.920	0.468	2.430
2120	0.921	0.467	2.427
2121	0.921	0.466	2.417
2122	0.918	0.468	2.422
2123	0.922	0.468	2.428
2124	0.921	0.467	2.432
2125	0.919	0.469	2.424
2126	0.919	0.467	2.422
2127	0.919	0.469	2.424
2128	0.919	0.468	2.424
2129	0.920	0.468	2.426
2130	0.919	0.468	2.426
2131	0.918	0.471	2.428
2132	0.920	0.468	2.424
2133	0.919	0.468	2.421
2134	0.919	0.469	2.430
2135	0.918	0.470	2.425
2136	0.919	0.471	2.416
2137	0.919	0.470	2.425
2138	0.920	0.470	2.430
2139	0.917	0.473	2.423
2140	0.919	0.471	2.421
2141	0.920	0.470	2.419
2142	0.919	0.470	2.419
2143	0.919	0.471	2.431
2144	0.919	0.471	2.419
2145	0.920	0.472	2.415
2146	0.920	0.471	2.425
2147	0.917	0.471	2.428
2148	0.917	0.469	2.414
2149	0.919	0.470	2.415
2150	0.918	0.470	2.420
2151	0.920	0.471	2.425
2152	0.917	0.470	2.427
2153	0.919	0.469	2.425
2154	0.918	0.471	2.418
2155	0.917	0.472	2.428
2156	0.918	0.471	2.421
2157	0.918	0.470	2.420
2158	0.918	0.471	2.413
2159	0.919	0.472	2.427
2160	0.919	0.472	2.421
2161	0.919	0.472	2.418
2162	0.920	0.472	2.421
2163	0.917	0.472	2.425
2164	0.917	0.471	2.425
2165	0.920	0.472	2.425
2166	0.919	0.471	2.412
2167	0.918	0.472	2.418
2168	0.920	0.472	2.424
2169	0.919	0.472	2.420
2170	0.918	0.472	2.412
2171	0.919	0.471	2.428
2172	0.919	0.469	2.419
2173	0.917	0.471	2.413
2174	0.917	0.472	2.418
2175	0.918	0.469	2.419
2176	0.918	0.469	2.414
2177	0.917	0.470	2.417
2178	0.917	0.470	2.420
2179	0.917	0.470	2.421
2180	0.921	0.472	2.415
2181	0.919	0.471	2.417
2182	0.918	0.472	2.422
2183	0.919	0.472	2.417
2184	0.919	0.471	2.413
2185	0.917	0.467	2.418
2186	0.918	0.469	2.420
2187	0.917	0.468	2.417
2188	0.918	0.469	2.420
2189	0.917	0.468	2.420
2190	0.918	0.468	2.413
2191	0.918	0.469	2.426
2192	0.919	0.468	2.420
2193	0.916	0.469	2.419
2194	0.918	0.469	2.423
2195	0.919	0.470	2.421
2196	0.918	0.468	2.413
2197	0.917	0.468	2.421
2198	0.916	0.467	2.423
2199	0.919	0.469	2.413
2200	0.915	0.469	2.414
2201	0.916	0.469	2.422
2202	0.917	0.467	2.410
2203	0.918	0.469	2.413
2204	0.918	0.468	2.425
2205	0.916	0.468	2.418
2206	0.916	0.466	2.408
2207	0.919	0.467	2.423
2208	0.918	0.467	2.421
2209	0.914	0.465	2.409
2210	0.916	0.467	2.417
2211	0.917	0.468	2.415
2212	0.918	0.465	2.413
2213	0.915	0.465	2.420
2214	0.915	0.465	2.417
2215	0.917	0.470	2.421
2216	0.919	0.469	2.415
2217	0.915	0.469	2.418
2218	0.914	0.467	2.423
2219	0.917	0.468	2.420
2220	0.917	0.467	2.411
2221	0.914	0.466	2.417
2222	0.917	0.469	2.427
2223	0.916	0.468	2.419
2224	0.918	0.467	2.415
2225	0.918	0.468	2.418
2226	0.916	0.466	2.422
2227	0.917	0.468	2.419
2228	0.917	0.468	2.412
2229	0.916	0.466	2.417
2230	0.915	0.467	2.428
2231	0.919	0.468	2.414
2232	0.918	0.467	2.412
2233	0.917	0.468	2.422
2234	0.916	0.466	2.418
2235	0.918	0.467	2.419
2236	0.916	0.468	2.421
2237	0.918	0.468	2.407
2238	0.915	0.465	2.421
2239	0.918	0.467	2.421
2240	0.918	0.466	2.413
2241	0.918	0.469	2.425
2242	0.918	0.468	2.417
2243	0.918	0.468	2.414
2244	0.918	0.469	2.420
2245	0.917	0.469	2.413
2246	0.918	0.464	2.419
2247	0.920	0.464	2.425
2248	0.918	0.467	2.412
2249	0.917	0.466	2.411
2250	0.918	0.466	2.420
2251	0.920	0.465	2.413
2252	0.918	0.469	2.415
2253	0.919	0.466	2.420
2254	0.918	0.467	2.417
2255	0.917	0.464	2.412
2256	0.920	0.465	2.418
2257	0.918	0.466	2.419
2258	0.919	0.465	2.421
2259	0.920	0.464	2.410
2260	0.920	0.464	2.419
2261	0.919	0.468	2.413
2262	0.919	0.465	2.422
2263	0.922	0.466	2.419
2264	0.921	0.468	2.420
2265	0.918	0.467	2.414
2266	0.919	0.468	2.431
2267	0.919	0.466	2.412
2268	0.919	0.465	2.410
2269	0.918	0.467	2.427
2270	0.919	0.466	2.420
2271	0.919	0.466	2.409
2272	0.917	0.467	2.429
2273	0.917	0.468	2.414
2274	0.918	0.468	2.419
2275	0.919	0.467	2.429
2276	0.918	0.469	2.416
2277	0.916	0.467	2.407
2278	0.918	0.465	2.421
2279	0.916	0.465	2.415
2280	0.915	0.467	2.412
2281	0.916	0.466	2.413
2282	0.918	0.468	2.429
2283	0.917	0.466	2.422
2284	0.917	0.469	2.417
2285	0.915	0.469	2.413
2286	0.916	0.467	2.421
2287	0.918	0.468	2.411
2288	0.916	0.469	2.425
2289	0.918	0.468	2.416
2290	0.915	0.468	2.422
2291	0.918	0.467	2.412
2292	0.918	0.465	2.413
2293	0.917	0.465	2.421
2294	0.916	0.467	2.428
2295	0.917	0.466	2.408
2296	0.917	0.467	2.420
2297	0.918	0.469	2.423
2298	0.918	0.466	2.414
2299	0.916	0.465	2.409
2300	0.918	0.467	2.427
2301	0.916	0.466	2.412
2302	0.917	0.466	2.405
2303	0.917	0.468	2.416
2304	0.917	0.468	2.428
2305	0.915	0.465	2.406
2306	0.917	0.466	2.421
2307	0.916	0.466	2.417
2308	0.914	0.466	2.419
2309	0.916	0.466	2.410
2310	0.918	0.468	2.426
2311	0.917	0.468	2.407
2312	0.916	0.468	2.418
2313	0.917	0.468	2.424
2314	0.917	0.466	2.412
2315	0.916	0.467	2.413
2316	0.915	0.467	2.425
2317	0.914	0.467	2.410
2318	0.918	0.465	2.410
2319	0.915	0.465	2.419
2320	0.914	0.466	2.419
2321	0.914	0.466	2.407
2322	0.915	0.464	2.417
2323	0.914	0.466	2.411
2324	0.914	0.466	2.412
2325	0.915	0.465	2.417
2326	0.915	0.467	2.418
2327	0.914	0.470	2.410
2328	0.912	0.467	2.407
2329	0.913	0.468	2.418
2330	0.916	0.468	2.419
2331	0.914	0.469	2.413
2332	0.913	0.466	2.411
2333	0.915	0.467	2.416
2334	0.917	0.464	2.409
2335	0.914	0.465	2.407
2336	0.913	0.465	2.420
2337	0.914	0.465	2.417
2338	0.914	0.464	2.405
2339	0.912	0.465	2.417
2340	0.913	0.465	2.416
2341	0.915	0.465	2.407
2342	0.914	0.466	2.417
2343	0.911	0.466	2.410
2344	0.913	0.465	2.406
2345	0.916	0.463	2.412
2346	0.914	0.462	2.414
2347	0.911	0.463	2.405
2348	0.913	0.466	2.415
2349	0.914	0.463	2.416
2350	0.914	0.468	2.408
2351	0.914	0.464	2.405
2352	0.913	0.465	2.422
2353	0.914	0.464	2.406
2354	0.914	0.462	2.413
2355	0.911	0.466	2.413
2356	0.912	0.466	2.416
2357	0.911	0.465	2.413
2358	0.915	0.466	2.413
2359	0.913	0.463	2.406
2360	0.913	0.463	2.413
2361	0.913	0.463	2.413
2362	0.913	0.464	2.414
2363	0.913	0.464	2.408
2364	0.912	0.466	2.419
2365	0.912	0.466	2.411
2366	0.914	0.464	2.406
2367	0.914	0.464	2.413
2368	0.911	0.464	2.425
2369	0.913	0.467	2.402
2370	0.916	0.466	2.413
2371	0.914	0.465	2.413
2372	0.915	0.464	2.409
2373	0.917	0.464	2.412
2374	0.916	0.466	2.415
2375	0.915	0.465	2.413
2376	0.914	0.464	2.417
2377	0.915	0.462	2.410
2378	0.916	0.464	2.414
2379	0.915	0.465	2.412
2380	0.914	0.468	2.411
2381	0.915	0.465	2.413
2382	0.917	0.465	2.412
2383	0.914	0.464	2.414
2384	0.914	0.464	2.418
2385	0.915	0.464	2.416
2386	0.914	0.465	2.413
2387	0.913	0.465	2.406
2388	0.915	0.463	2.415
2389	0.917	0.462	2.414
2390	0.915	0.461	2.413
2391	0.915	0.464	2.413
2392	0.915	0.464	2.413
2393	0.914	0.462	2.417
2394	0.917	0.462	2.414
2395	0.914	0.463	2.405
2396	0.912	0.463	2.414
2397	0.913	0.461	2.417
2398	0.913	0.463	2.404
2399	0.914	0.464	2.422
2400	0.912	0.465	2.411
2401	0.913	0.463	2.409
2402	0.915	0.461	2.409
2403	0.914	0.463	2.418
2404	0.911	0.464	2.413
2405	0.915	0.463	2.410
2406	0.915	0.465	2.420
2407	0.912	0.463	2.412
2408	0.914	0.464	2.408
2409	0.913	0.465	2.419
2410	0.914	0.465	2.409
2411	0.913	0.465	2.419
2412	0.913	0.465	2.414
2413	0.914	0.462	2.401
2414	0.916	0.464	2.420
2415	0.911	0.465	2.422
2416	0.915	0.466	2.405
2417	0.917	0.464	2.411
2418	0.915	0.465	2.418
2419	0.913	0.464	2.422
2420	0.914	0.465	2.414
2421	0.915	0.464	2.411
2422	0.915	0.465	2.418
2423	0.914	0.467	2.417
2424	0.913	0.465	2.413
2425	0.915	0.464	2.410
2426	0.915	0.462	2.413
2427	0.915	0.465	2.418
2428	0.912	0.464	2.416
2429	0.917	0.465	2.413
2430	0.914	0.464	2.413
2431	0.914	0.464	2.417
2432	0.913	0.465	2.410
2433	0.914	0.461	2.407
2434	0.918	0.466	2.419
2435	0.915	0.464	2.419
2436	0.913	0.465	2.411
2437	0.913	0.464	2.411
2438	0.917	0.464	2.409
2439	0.915	0.465	2.427
2440	0.914	0.464	2.424
2441	0.914	0.464	2.407
2442	0.918	0.464	2.410
2443	0.914	0.466	2.419
2444	0.913	0.464	2.414
2445	0.914	0.463	2.413
2446	0.917	0.462	2.421
2447	0.915	0.463	2.412
2448	0.915	0.463	2.413
2449	0.915	0.463	2.421
2450	0.917	0.465	2.415
2451	0.915	0.465	2.413
2452	0.914	0.465	2.422
2453	0.917	0.464	2.410
2454	0.917	0.463	2.419
2455	0.914	0.462	2.422
2456	0.915	0.464	2.413
2457	0.912	0.464	2.410
2458	0.915	0.461	2.422
2459	0.915	0.461	2.423
2460	0.915	0.464	2.418
2461	0.914	0.463	2.420
2462	0.915	0.462	2.424
2463	0.914	0.462	2.409
2464	0.914	0.461	2.411
2465	0.915	0.462	2.430
2466	0.914	0.463	2.417
2467	0.916	0.463	2.417
2468	0.913	0.462	2.421
2469	0.917	0.463	2.408
2470	0.914	0.463	2.413
2471	0.916	0.463	2.429
2472	0.913	0.461	2.416
2473	0.913	0.461	2.416
2474	0.916	0.463	2.425
2475	0.915	0.464	2.417
2476	0.913	0.463	2.404
2477	0.915	0.461	2.420
2478	0.915	0.462	2.426
2479	0.914	0.465	2.412
2480	0.915	0.462	2.417
2481	0.913	0.463	2.419
2482	0.914	0.461	2.413
2483	0.915	0.462	2.418
2484	0.914	0.462	2.423
2485	0.914	0.464	2.410
2486	0.915	0.460	2.415
2487	0.914	0.464	2.424
2488	0.914	0.463	2.415
2489	0.916	0.463	2.413
2490	0.914	0.462	2.421
2491	0.915	0.463	2.414
2492	0.911	0.459	2.414
2493	0.914	0.463	2.420
2494	0.914	0.464	2.421
2495	0.918	0.461	2.420
2496	0.915	0.462	2.420
2497	0.912	0.464	2.411
2498	0.915	0.461	2.419
2499	0.915	0.460	2.421
2500	0.914	0.461	2.423
2501	0.914	0.461	2.421
2502	0.915	0.464	2.411
2503	0.915	0.461	2.419
2504	0.915	0.464	2.424
2505	0.914	0.462	2.415
2506	0.913	0.462	2.417
2507	0.916	0.460	2.426
2508	0.915	0.461	2.423
2509	0.912	0.462	2.413
2510	0.915	0.464	2.418
2511	0.914	0.464	2.424
2512	0.915	0.462	2.414
2513	0.913	0.461	2.412
2514	0.918	0.462	2.421
2515	0.916	0.464	2.416
2516	0.914	0.462	2.410
2517	0.915	0.463	2.417
2518	0.917	0.464	2.423
2519	0.915	0.465	2.418
2520	0.914	0.465	2.422
2521	0.587	0.308	1.702
2522	0.195	0.103	0.990
2523	-0.015	-0.010	0.768
2524	-0.017	-0.008	0.760
2525	-0.017	-0.009	0.771
2526	-0.015	-0.009	0.768
2527	-0.017	-0.014	0.764
2528	-0.018	-0.016	0.768
2529	-0.018	-0.015	0.773
2530	-0.017	-0.014	0.760
2531	-0.016	-0.013	0.760
2532	-0.017	-0.011	0.771
2533	-0.019	-0.012	0.771
2534	-0.020	-0.010	0.768
2535	-0.019	-0.013	0.771
2536	-0.021	-0.014	0.770
2537	-0.021	-0.011	0.763
2538	-0.019	-0.014	0.761
2539	-0.020	-0.013	0.767
2540	-0.018	-0.011	0.767
2541	-0.018	-0.011	0.763
2542	-0.020	-0.013	0.761
2543	-0.017	-0.014	0.764
2544	-0.019	-0.011	0.774
2545	-0.020	-0.012	0.768
2546	-0.017	-0.008	0.768
2547	-0.017	-0.008	0.766
2548	-0.018	-0.008	0.767
2549	-0.019	-0.009	0.765
2550	-0.018	-0.009	0.768
2551	-0.013	-0.011	0.765
2552	-0.015	-0.013	0.768
2553	-0.019	-0.013	0.768
2554	-0.018	-0.013	0.768
2555	-0.018	-0.011	0.767
2556	-0.020	-0.016	0.767
2557	-0.021	-0.019	0.769
2558	-0.020	-0.023	0.765
2559	-0.019	-0.028	0.767
2560	-0.023	-0.032	0.768
2561	-0.023	-0.032	0.765
2562	-0.022	-0.032	0.768
2563	-0.018	-0.032	0.768
2564	-0.022	-0.033	0.765
2565	-0.020	-0.034	0.768
2566	-0.021	-0.034	0.767
2567	-0.018	-0.032	0.764
2568	-0.018	-0.029	0.767
2569	-0.018	-0.026	0.768
2570	-0.016	-0.029	0.761
2571	-0.016	-0.023	0.766
2572	-0.017	-0.019	0.771
2573	-0.018	-0.017	0.768
2574	-0.016	-0.013	0.765
2575	-0.015	-0.011	0.768
2576	-0.013	-0.010	0.770
2577	-0.015	-0.006	0.767
2578	-0.013	-0.007	0.765
2579	-0.013	-0.006	0.765
2580	-0.011	-0.009	0.764
2581	-0.013	-0.011	0.765
2582	-0.013	-0.011	0.767
2583	-0.013	-0.008	0.770
2584	-0.015	-0.008	0.766
2585	-0.015	-0.007	0.766
2586	-0.013	-0.010	0.767
2587	-0.014	-0.012	0.768
2588	-0.015	-0.011	0.769
2589	-0.016	-0.014	0.768
2590	-0.017	-0.014	0.766
2591	-0.015	-0.011	0.768
2592	-0.018	-0.013	0.763
2593	-0.018	-0.015	0.767
2594	-0.018	-0.014	0.766
2595	-0.016	-0.014	0.768
2596	-0.015	-0.013	0.766
2597	-0.017	-0.015	0.769
2598	-0.018	-0.013	0.767
2599	-0.017	-0.015	0.769
2600	-0.018	-0.015	0.763
2601	-0.021	-0.017	0.770
2602	-0.018	-0.013	0.765
2603	-0.018	-0.013	0.770
2604	-0.018	-0.013	0.766
2605	-0.019	-0.013	0.772
2606	-0.018	-0.013	0.767
2607	-0.015	-0.015	0.768
2608	-0.015	-0.015	0.768
2609	-0.016	-0.011	0.771
2610	-0.018	-0.011	0.767
2611	-0.016	-0.011	0.768
2612	-0.020	-0.011	0.764
2613	-0.020	-0.009	0.770
2614	-0.017	-0.010	0.771
2615	-0.019	-0.010	0.766
2616	-0.018	-0.011	0.767
2617	-0.019	-0.010	0.767
2618	-0.019	-0.009	0.768
2619	-0.018	-0.011	0.767
2620	-0.019	-0.013	0.766
2621	-0.020	-0.012	0.771
2622	-0.022	-0.013	0.766
2623	-0.018	-0.011	0.770
2624	-0.020	-0.013	0.767
2625	-0.022	-0.013	0.767
2626	-0.022	-0.013	0.771
2627	-0.021	-0.013	0.770
2628	-0.020	-0.011	0.768
2629	-0.020	-0.011	0.767
2630	-0.020	-0.010	0.771
2631	-0.019	-0.011	0.768
2632	-0.018	-0.013	0.768
2633	-0.019	-0.011	0.766
2634	-0.019	-0.012	0.767
2635	-0.018	-0.017	0.768
2636	-0.018	-0.016	0.766
2637	-0.019	-0.017	0.768
2638	-0.021	-0.017	0.768
2639	-0.020	-0.013	0.765
2640	-0.018	-0.013	0.767
2641	-0.018	-0.014	0.765
2642	-0.014	-0.016	0.768
2643	-0.017	-0.017	0.768
2644	-0.016	-0.015	0.766
2645	-0.018	-0.013	0.766
2646	-0.019	-0.013	0.769
2647	-0.017	-0.014	0.767
2648	-0.021	-0.013	0.767
2649	-0.022	-0.011	0.765
2650	-0.020	-0.011	0.770
2651	-0.018	-0.012	0.768
2652	-0.018	-0.011	0.768
2653	-0.018	-0.009	0.767
2654	-0.016	-0.010	0.769
2655	-0.018	-0.012	0.770
2656	-0.018	-0.011	0.768
2657	-0.018	-0.008	0.766
2658	-0.014	-0.009	0.767
2659	-0.015	-0.010	0.769
2660	-0.016	-0.013	0.768
2661	-0.018	-0.009	0.768
2662	-0.019	-0.012	0.769
2663	-0.015	-0.009	0.765
2664	-0.013	-0.010	0.771
2665	-0.015	-0.010	0.767
2666	-0.018	-0.013	0.766
2667	-0.017	-0.011	0.768
2668	-0.018	-0.014	0.768
2669	-0.016	-0.011	0.766
2670	-0.015	-0.011	0.769
2671	-0.017	-0.006	0.768
2672	-0.017	-0.011	0.770
2673	-0.017	-0.012	0.767
2674	-0.019	-0.007	0.771
2675	-0.017	-0.010	0.767
2676	-0.018	-0.007	0.768
2677	-0.018	-0.010	0.765
2678	-0.019	-0.011	0.772
2679	-0.018	-0.014	0.766
2680	-0.018	-0.012	0.770
2681	-0.018	-0.009	0.768
2682	-0.022	-0.010	0.769
2683	-0.018	-0.011	0.766
2684	-0.020	-0.013	0.767
2685	-0.022	-0.011	0.767
2686	-0.019	-0.010	0.772
2687	-0.019	-0.009	0.767
2688	-0.018	-0.009	0.770
2689	-0.022	-0.010	0.765
2690	-0.022	-0.010	0.767
2691	-0.020	-0.010	0.767
2692	-0.018	-0.012	0.767
2693	-0.019	-0.010	0.766
2694	-0.016	-0.010	0.769
2695	-0.019	-0.009	0.765
2696	-0.019	-0.010	0.767
2697	-0.020	-0.011	0.768
2698	-0.021	-0.010	0.768
2699	-0.017	-0.010	0.768
2700	-0.018	-0.012	0.770
2701	-0.015	-0.011	0.765
2702	-0.020	-0.011	0.769
2703	-0.020	-0.010	0.768
2704	-0.020	-0.009	0.768
2705	-0.020	-0.011	0.764
2706	-0.022	-0.011	0.767
2707	-0.021	-0.012	0.767
2708	-0.019	-0.011	0.766
2709	-0.021	-0.010	0.767
2710	-0.021	-0.008	0.765
2711	-0.020	-0.008	0.770
2712	-0.018	-0.010	0.771
2713	-0.019	-0.009	0.766
2714	-0.021	-0.010	0.767
2715	-0.020	-0.012	0.768
2716	-0.018	-0.011	0.766
2717	-0.018	-0.011	0.770
2718	-0.017	-0.011	0.766
2719	-0.018	-0.006	0.768
2720	-0.015	-0.009	0.770
2721	-0.018	-0.010	0.766
2722	-0.017	-0.009	0.769
2723	-0.018	-0.009	0.768
2724	-0.016	-0.005	0.768
2725	-0.018	-0.001	0.767
2726	-0.015	-0.001	0.767
2727	-0.018	-0.002	0.769
2728	-0.013	-0.002	0.767
2729	-0.017	-0.002	0.765
2730	-0.018	-0.001	0.765
2731	-0.017	-0.001	0.766
2732	-0.016	-0.003	0.767
2733	-0.017	-0.002	0.770
2734	-0.016	0.000	0.768
2735	-0.016	0.001	0.768
2736	-0.014	0.000	0.768
2737	-0.016	-0.002	0.766
2738	-0.017	-0.005	0.766
2739	-0.018	-0.006	0.767
2740	-0.014	-0.005	0.767
2741	-0.017	-0.005	0.769
2742	-0.015	-0.002	0.766
2743	-0.015	-0.001	0.769
2744	-0.015	-0.001	0.762
2745	-0.016	-0.002	0.768
2746	-0.019	-0.003	0.766
2747	-0.019	-0.003	0.767
2748	-0.018	-0.007	0.765
2749	-0.018	-0.004	0.766
2750	-0.020	-0.002	0.768
2751	-0.018	-0.004	0.768
2752	-0.016	-0.004	0.765
2753	-0.018	-0.008	0.767
2754	-0.021	-0.008	0.766
2755	-0.021	-0.006	0.766
2756	-0.018	-0.005	0.768
2757	-0.018	-0.006	0.767
2758	-0.018	-0.006	0.766
2759	-0.018	-0.008	0.769
2760	-0.017	-0.007	0.764
2761	-0.015	-0.011	0.771
2762	-0.019	-0.012	0.761
2763	-0.019	-0.009	0.768
2764	-0.017	-0.008	0.766
2765	-0.018	-0.010	0.769
2766	-0.015	-0.011	0.763
2767	-0.019	-0.011	0.766
2768	-0.018	-0.011	0.764
2769	-0.018	-0.011	0.764
2770	-0.018	-0.013	0.766
2771	-0.018	-0.012	0.768
2772	-0.017	-0.010	0.765
2773	-0.018	-0.011	0.770
2774	-0.020	-0.010	0.768
2775	-0.019	-0.012	0.766
2776	-0.019	-0.010	0.767
2777	-0.022	-0.011	0.767
2778	-0.022	-0.013	0.765
2779	-0.019	-0.011	0.764
2780	-0.020	-0.010	0.765
2781	-0.022	-0.010	0.765
2782	-0.022	-0.011	0.768
2783	-0.020	-0.014	0.768
2784	-0.019	-0.013	0.766
2785	-0.017	-0.010	0.771
2786	-0.018	-0.012	0.765
2787	-0.018	-0.011	0.768
2788	-0.018	-0.013	0.764
2789	-0.018	-0.013	0.771
2790	-0.020	-0.012	0.763
2791	-0.019	-0.014	0.767
2792	-0.017	-0.011	0.764
2793	-0.019	-0.010	0.770
2794	-0.022	-0.014	0.767
2795	-0.020	-0.013	0.766
2796	-0.017	-0.011	0.768
2797	-0.018	-0.011	0.769
2798	-0.018	-0.012	0.766
2799	-0.020	-0.011	0.767
2800	-0.020	-0.011	0.766
2801	-0.020	-0.011	0.768
2802	-0.022	-0.011	0.767
2803	-0.023	-0.014	0.769
2804	-0.018	-0.013	0.768
2805	-0.021	-0.014	0.768
2806	-0.019	-0.012	0.766
2807	-0.018	-0.011	0.768
2808	-0.017	-0.011	0.763
2809	-0.019	-0.012	0.767
2810	-0.018	-0.011	0.767
2811	-0.020	-0.010	0.767
2812	-0.018	-0.014	0.766
2813	-0.017	-0.012	0.768
2814	-0.020	-0.013	0.768
2815	-0.018	-0.011	0.768
2816	-0.018	-0.010	0.766
2817	-0.020	-0.011	0.768
2818	-0.023	-0.010	0.767
2819	-0.020	-0.010	0.766
2820	-0.022	-0.008	0.763
2821	-0.022	-0.012	0.767
2822	-0.023	-0.013	0.768
2823	-0.023	-0.011	0.768
2824	-0.022	-0.010	0.766
2825	-0.023	-0.009	0.767
2826	-0.025	-0.012	0.771
2827	-0.023	-0.011	0.770
2828	-0.021	-0.010	0.764
2829	-0.021	-0.010	0.770
2830	-0.022	-0.012	0.767
2831	-0.024	-0.012	0.762
2832	-0.021	-0.010	0.767
2833	-0.017	-0.009	0.768
2834	-0.020	-0.011	0.768
2835	-0.020	-0.011	0.765
2836	-0.019	-0.011	0.765
2837	-0.020	-0.011	0.768
2838	-0.018	-0.010	0.767
2839	-0.017	-0.012	0.772
2840	-0.017	-0.009	0.764
2841	-0.015	-0.011	0.764
2842	-0.016	-0.011	0.768
2843	-0.018	-0.010	0.770
2844	-0.016	-0.011	0.764
2845	-0.016	-0.013	0.773
2846	-0.016	-0.011	0.765
2847	-0.020	-0.011	0.767
2848	-0.019	-0.007	0.767
2849	-0.018	-0.007	0.762
2850	-0.020	-0.011	0.767
2851	-0.020	-0.014	0.767
2852	-0.019	-0.013	0.766
2853	-0.020	-0.010	0.764
2854	-0.021	-0.011	0.768
2855	-0.022	-0.011	0.770
2856	-0.019	-0.011	0.767
2857	-0.018	-0.013	0.769
2858	-0.021	-0.013	0.767
2859	-0.022	-0.015	0.767
2860	-0.019	-0.013	0.764
2861	-0.020	-0.014	0.767
2862	-0.021	-0.011	0.768
2863	-0.020	-0.013	0.767
2864	-0.017	-0.016	0.767
2865	-0.019	-0.016	0.768
2866	-0.020	-0.016	0.767
2867	-0.018	-0.015	0.764
2868	-0.017	-0.015	0.770
2869	-0.013	-0.012	0.766
2870	-0.017	-0.014	0.768
2871	-0.018	-0.016	0.769
2872	-0.018	-0.018	0.768
2873	-0.017	-0.017	0.773
2874	-0.018	-0.015	0.768
2875	-0.016	-0.013	0.766
2876	-0.016	-0.013	0.766
2877	-0.016	-0.017	0.765
2878	-0.017	-0.013	0.767
2879	-0.016	-0.015	0.766
2880	-0.017	-0.017	0.769
2881	-0.016	-0.017	0.767
2882	-0.018	-0.017	0.770
2883	-0.018	-0.013	0.766
2884	-0.015	-0.011	0.770
2885	-0.015	-0.012	0.765
2886	-0.017	-0.015	0.767
2887	-0.019	-0.014	0.768
2888	-0.017	-0.018	0.766
2889	-0.016	-0.014	0.766
2890	-0.019	-0.010	0.768
2891	-0.020	-0.013	0.765
2892	-0.019	-0.012	0.769
2893	-0.018	-0.015	0.765
2894	-0.019	-0.014	0.767
2895	-0.021	-0.016	0.766
2896	-0.018	-0.013	0.766
2897	-0.018	-0.014	0.765
2898	-0.018	-0.011	0.767
2899	-0.019	-0.009	0.767
2900	-0.018	-0.013	0.770
2901	-0.018	-0.014	0.760
2902	-0.018	-0.013	0.771
2903	-0.018	-0.013	0.767
2904	-0.017	-0.014	0.766
2905	-0.018	-0.013	0.767
2906	-0.018	-0.013	0.766
2907	-0.017	-0.012	0.764
2908	-0.018	-0.012	0.768
2909	-0.017	-0.012	0.767
2910	-0.017	-0.013	0.768
2911	-0.023	-0.014	0.767
2912	-0.018	-0.012	0.770
2913	-0.018	-0.011	0.766
2914	-0.019	-0.011	0.768
2915	-0.020	-0.013	0.766
2916	-0.016	-0.013	0.770
2917	-0.019	-0.013	0.767
2918	-0.019	-0.011	0.770
2919	-0.021	-0.013	0.767
2920	-0.019	-0.009	0.770
2921	-0.018	-0.012	0.767
2922	-0.019	-0.010	0.769
2923	-0.020	-0.012	0.768
2924	-0.020	-0.009	0.768
2925	-0.018	-0.009	0.766
2926	-0.020	-0.013	0.767
2927	-0.019	-0.014	0.767
2928	-0.016	-0.011	0.766
2929	-0.018	-0.011	0.763
2930	-0.020	-0.009	0.767
2931	-0.020	-0.008	0.765
2932	-0.019	-0.013	0.767
2933	-0.019	-0.014	0.766
2934	-0.018	-0.009	0.765
2935	-0.019	-0.008	0.764
2936	-0.020	-0.009	0.767
2937	-0.022	-0.012	0.764
2938	-0.025	-0.010	0.765
2939	-0.025	-0.011	0.765
2940	-0.021	-0.013	0.766
2941	-0.020	-0.014	0.765
2942	-0.022	-0.011	0.766
2943	-0.022	-0.011	0.763
2944	-0.024	-0.009	0.765
2945	-0.023	-0.013	0.763
2946	-0.021	-0.011	0.767
2947	-0.024	-0.014	0.765
2948	-0.021	-0.013	0.766
2949	-0.020	-0.014	0.764
2950	-0.021	-0.013	0.768
2951	-0.022	-0.012	0.764
2952	-0.020	-0.011	0.768
2953	-0.018	-0.013	0.766
2954	-0.021	-0.014	0.770
2955	-0.021	-0.015	0.764
2956	-0.021	-0.015	0.768
2957	-0.019	-0.012	0.766
2958	-0.020	-0.011	0.766
2959	-0.023	-0.012	0.765
2960	-0.020	-0.015	0.767
2961	-0.019	-0.013	0.768
2962	-0.022	-0.014	0.766
2963	-0.022	-0.015	0.766
2964	-0.019	-0.013	0.769
2965	-0.022	-0.013	0.764
2966	-0.021	-0.013	0.764
2967	-0.021	-0.015	0.764
2968	-0.022	-0.013	0.770
2969	-0.018	-0.016	0.764
2970	-0.020	-0.013	0.769
2971	-0.022	-0.014	0.765
2972	-0.021	-0.015	0.766
2973	-0.017	-0.015	0.766
2974	-0.019	-0.015	0.766
2975	-0.019	-0.015	0.768
2976	-0.019	-0.013	0.767
2977	-0.019	-0.015	0.765
2978	-0.022	-0.013	0.765
2979	-0.019	-0.013	0.766
2980	-0.016	-0.015	0.768
2981	-0.018	-0.016	0.768
2982	-0.020	-0.015	0.768
2983	-0.022	-0.017	0.766
2984	-0.021	-0.015	0.766
2985	-0.017	-0.017	0.767
2986	-0.021	-0.014	0.767
2987	-0.022	-0.016	0.765
2988	-0.021	-0.015	0.767
2989	-0.021	-0.017	0.767
2990	-0.023	-0.013	0.771
2991	-0.022	-0.015	0.766
2992	-0.022	-0.014	0.768
2993	-0.020	-0.015	0.768
2994	-0.018	-0.016	0.766
2995	-0.022	-0.015	0.767
2996	-0.022	-0.015	0.768
2997	-0.021	-0.014	0.765
2998	-0.019	-0.013	0.769
2999	-0.022	-0.015	0.765
3000	-0.018	-0.015	0.765
3001	-0.017	-0.017	0.765
3002	-0.018	-0.017	0.767
3003	-0.019	-0.015	0.767
3004	-0.017	-0.016	0.765
3005	-0.016	-0.016	0.766
3006	-0.017	-0.015	0.768
3007	-0.018	-0.015	0.767
3008	-0.018	-0.015	0.765
3009	-0.018	-0.015	0.767
3010	-0.018	-0.013	0.764
3011	-0.017	-0.015	0.767
3012	-0.018	-0.013	0.768
