0	-0.007	-0.006	0.780	0.0
1	-0.007	-0.004	0.778	0.2
2	-0.011	-0.008	0.775	0.4
3	-0.009	-0.009	0.774	0.6
4	-0.010	-0.006	0.779	0.8
5	-0.009	-0.007	0.777	1.0
6	-0.007	-0.007	0.780	1.2
7	-0.007	-0.007	0.777	1.4
8	-0.007	-0.005	0.776	1.6
9	-0.007	-0.003	0.775	1.8
10	-0.005	-0.006	0.778	2.0
11	-0.005	-0.005	0.775	2.2
12	-0.003	-0.005	0.776	2.4
13	0.000	-0.006	0.777	2.6
14	-0.001	-0.005	0.780	2.8
15	0.000	-0.006	0.778	3.0
16	-0.001	-0.005	0.773	3.2
17	-0.001	-0.004	0.775	3.4
18	0.002	-0.007	0.779	3.6
19	0.001	-0.007	0.777	3.8
20	0.000	-0.007	0.778	4.0
21	0.001	-0.008	0.778	4.2
22	-0.001	-0.007	0.777	4.4
23	0.002	-0.007	0.777	4.6
24	0.001	-0.005	0.777	4.8
25	0.002	-0.006	0.779	5.0
26	0.001	-0.005	0.779	5.2
27	-0.004	-0.006	0.781	5.4
28	-0.001	-0.004	0.779	5.6
29	-0.005	-0.005	0.780	5.8
30	-0.004	-0.006	0.780	6.0
31	-0.005	-0.004	0.776	6.2
32	-0.005	-0.006	0.780	6.4
33	-0.006	-0.006	0.776	6.6
34	-0.005	-0.003	0.776	6.8
35	-0.004	-0.005	0.780	7.0
36	-0.002	-0.006	0.776	7.2
37	-0.005	-0.005	0.775	7.4
38	-0.003	-0.006	0.775	7.6
39	-0.006	-0.005	0.777	7.8
40	-0.005	-0.005	0.776	8.0
41	-0.007	-0.007	0.781	8.2
42	-0.005	-0.005	0.781	8.4
43	-0.003	-0.007	0.778	8.6
44	-0.004	-0.009	0.775	8.8
45	-0.004	-0.007	0.777	9.0
46	-0.006	-0.007	0.779	9.2
47	-0.007	-0.007	0.777	9.4
48	-0.006	-0.007	0.777	9.6
49	-0.005	-0.006	0.778	9.8
50	-0.005	-0.003	0.778	10.0
51	-0.007	-0.006	0.780	10.2
52	-0.007	-0.006	0.776	10.4
53	-0.005	-0.007	0.773	10.6
54	-0.007	-0.005	0.776	10.8
55	-0.005	-0.008	0.780	11.0
56	-0.006	-0.008	0.780	11.2
57	-0.004	-0.006	0.781	11.4
58	-0.004	-0.005	0.778	11.6
59	-0.004	-0.006	0.776	11.8
60	-0.005	-0.007	0.777	12.0
61	-0.002	-0.006	0.777	12.2
62	-0.002	-0.007	0.777	12.4
63	-0.003	-0.007	0.774	12.6
64	0.000	-0.007	0.775	12.8
65	-0.002	-0.007	0.779	13.0
66	-0.001	-0.007	0.777	13.2
67	-0.003	-0.008	0.775	13.4
68	0.003	-0.008	0.775	13.6
69	0.001	-0.007	0.777	13.8
70	0.001	-0.008	0.778	14.0
71	0.003	-0.007	0.778	14.2
72	-0.001	-0.009	0.780	14.4
73	-0.001	-0.008	0.779	14.6
74	-0.001	-0.005	0.774	14.8
75	-0.002	-0.006	0.776	15.0
76	-0.001	-0.007	0.778	15.2
77	-0.001	-0.008	0.781	15.4
78	-0.001	-0.005	0.778	15.6
79	-0.003	-0.005	0.776	15.8
80	-0.003	-0.007	0.780	16.0
81	-0.003	-0.008	0.781	16.2
82	-0.005	-0.007	0.778	16.4
83	-0.005	-0.007	0.778	16.6
84	-0.004	-0.008	0.777	16.8
85	-0.007	-0.005	0.776	17.0
86	-0.009	-0.006	0.779	17.2
87	-0.007	-0.006	0.780	17.4
88	-0.007	-0.008	0.780	17.6
89	-0.007	-0.005	0.775	17.8
90	-0.007	-0.007	0.777	18.0
91	-0.007	-0.006	0.773	18.2
92	-0.009	-0.005	0.779	18.4
93	-0.006	-0.007	0.780	18.6
94	-0.005	-0.007	0.778	18.8
95	-0.003	-0.005	0.778	19.0
96	-0.003	-0.007	0.782	19.2
97	-0.003	-0.009	0.778	19.4
98	-0.003	-0.006	0.777	19.6
99	-0.003	-0.007	0.777	19.8
100	0.002	-0.008	0.778	20.0
101	0.002	-0.007	0.778	20.2
102	0.004	-0.008	0.778	20.4
103	0.004	-0.007	0.779	20.6
104	0.002	-0.009	0.776	20.8
105	0.002	-0.009	0.775	21.0
106	0.001	-0.002	0.780	21.2
107	0.002	-0.009	0.778	21.4
108	0.001	-0.008	0.778	21.6
109	0.005	-0.006	0.778	21.8
110	0.002	-0.007	0.782	22.0
111	0.000	-0.005	0.779	22.2
112	0.000	-0.008	0.778	22.4
113	0.001	-0.006	0.776	22.6
114	0.002	-0.007	0.771	22.8
115	0.002	-0.006	0.775	23.0
116	0.000	-0.004	0.779	23.2
117	-0.002	-0.009	0.780	23.4
118	0.000	-0.007	0.776	23.6
119	0.002	-0.006	0.777	23.8
120	0.002	-0.007	0.776	24.0
121	0.001	-0.005	0.777	24.2
122	0.001	-0.007	0.778	24.4
123	0.000	-0.007	0.778	24.6
124	0.000	-0.008	0.776	24.8
125	-0.002	-0.006	0.776	25.0
126	-0.003	-0.008	0.781	25.2
127	-0.003	-0.007	0.777	25.4
128	-0.003	-0.008	0.778	25.6
129	0.001	-0.005	0.778	25.8
130	-0.002	-0.007	0.776	26.0
131	-0.003	-0.009	0.780	26.2
132	-0.004	-0.007	0.780	26.4
133	-0.001	-0.008	0.783	26.6
134	0.000	-0.007	0.779	26.8
135	-0.002	-0.009	0.779	27.0
136	0.000	-0.007	0.774	27.2
137	-0.003	-0.007	0.778	27.4
138	-0.002	-0.007	0.778	27.6
139	-0.001	-0.006	0.778	27.8
140	0.001	-0.007	0.777	28.0
141	-0.003	-0.007	0.777	28.2
142	-0.002	-0.009	0.777	28.4
143	-0.001	-0.009	0.778	28.6
144	-0.002	-0.007	0.777	28.8
145	-0.003	-0.007	0.777	29.0
146	-0.002	-0.007	0.779	29.2
147	-0.002	-0.007	0.779	29.4
148	-0.001	-0.007	0.781	29.6
149	-0.003	-0.006	0.778	29.8
150	-0.002	-0.009	0.775	30.0
151	-0.003	-0.005	0.777	30.2
152	-0.002	-0.007	0.776	30.4
153	-0.001	-0.005	0.782	30.6
154	-0.002	-0.006	0.781	30.8
155	-0.005	-0.006	0.780	31.0
156	-0.001	-0.007	0.780	31.2
157	-0.001	-0.006	0.779	31.4
158	-0.001	-0.011	0.779	31.6
159	0.000	-0.006	0.775	31.8
160	-0.001	-0.007	0.774	32.0
161	-0.002	-0.006	0.778	32.2
162	-0.001	-0.005	0.777	32.4
163	0.001	-0.005	0.782	32.6
164	0.002	-0.004	0.777	32.8
165	-0.004	-0.005	0.783	33.0
166	-0.002	-0.007	0.772	33.2
167	-0.004	-0.009	0.778	33.4
168	-0.003	-0.006	0.784	33.6
169	-0.004	-0.005	0.779	33.8
170	-0.004	-0.006	0.776	34.0
171	-0.007	-0.007	0.779	34.2
172	-0.010	-0.006	0.778	34.4
173	-0.009	-0.009	0.779	34.6
174	-0.009	-0.009	0.777	34.8
175	-0.009	-0.010	0.777	35.0
176	-0.011	-0.008	0.779	35.2
177	-0.011	-0.007	0.778	35.4
178	-0.010	-0.006	0.780	35.6
179	-0.011	-0.002	0.779	35.8
180	-0.012	-0.005	0.780	36.0
181	-0.014	-0.007	0.776	36.2
182	-0.012	-0.009	0.778	36.4
183	-0.010	-0.008	0.782	36.6
184	-0.011	-0.007	0.782	36.8
185	-0.010	-0.009	0.779	37.0
186	-0.011	-0.005	0.776	37.2
187	-0.008	-0.007	0.779	37.4
188	-0.006	-0.005	0.782	37.6
189	-0.007	-0.007	0.774	37.8
190	-0.007	-0.007	0.775	38.0
191	-0.003	-0.007	0.777	38.2
192	-0.005	-0.011	0.779	38.4
193	-0.002	-0.006	0.782	38.6
194	0.001	-0.005	0.779	38.8
195	-0.001	-0.007	0.777	39.0
196	-0.001	-0.006	0.773	39.2
197	-0.001	-0.007	0.774	39.4
198	-0.001	-0.007	0.779	39.6
199	0.002	-0.006	0.779	39.8
200	-0.001	-0.006	0.779	40.0
201	0.001	-0.008	0.778	40.2
202	0.000	-0.007	0.780	40.4
203	-0.001	-0.006	0.779	40.6
204	0.000	-0.005	0.779	40.8
205	-0.001	-0.005	0.779	41.0
206	-0.004	-0.007	0.775	41.2
207	-0.003	-0.004	0.776	41.4
208	-0.005	-0.005	0.783	41.6
209	-0.005	-0.004	0.781	41.8
210	-0.006	-0.002	0.777	42.0
211	-0.007	-0.005	0.775	42.2
212	-0.005	-0.007	0.776	42.4
213	-0.007	-0.008	0.779	42.6
214	-0.007	-0.007	0.778	42.8
215	-0.007	-0.004	0.775	43.0
216	-0.009	-0.007	0.776	43.2
217	-0.009	-0.007	0.778	43.4
218	-0.008	-0.005	0.778	43.6
219	-0.011	-0.006	0.774	43.8
220	-0.009	-0.005	0.775	44.0
221	-0.010	-0.005	0.776	44.2
222	-0.011	-0.005	0.778	44.4
223	-0.007	-0.006	0.782	44.6
224	-0.011	-0.006	0.780	44.8
225	-0.010	-0.005	0.778	45.0
226	-0.011	-0.006	0.776	45.2
227	-0.011	-0.005	0.773	45.4
228	-0.010	-0.007	0.776	45.6
229	-0.011	-0.005	0.779	45.8
230	-0.009	-0.005	0.779	46.0
231	-0.007	-0.005	0.777	46.2
232	-0.010	-0.003	0.780	46.4
233	-0.011	-0.006	0.781	46.6
234	-0.010	-0.009	0.774	46.8
235	-0.009	-0.008	0.772	47.0
236	-0.009	-0.009	0.777	47.2
237	-0.008	-0.005	0.778	47.4
238	-0.007	-0.005	0.773	47.6
239	-0.009	-0.006	0.778	47.8
240	-0.010	-0.006	0.778	48.0
241	-0.008	-0.005	0.779	48.2
242	-0.008	-0.007	0.776	48.4
243	-0.008	-0.005	0.778	48.6
244	-0.009	-0.006	0.777	48.8
245	-0.009	-0.002	0.777	49.0
246	-0.007	-0.006	0.775	49.2
247	-0.005	-0.004	0.778	49.4
248	-0.005	-0.005	0.781	49.6
249	-0.007	-0.007	0.778	49.8
250	-0.007	-0.007	0.774	50.0
251	-0.005	-0.007	0.774	50.2
252	-0.004	-0.007	0.779	50.4
253	-0.002	-0.007	0.778	50.6
254	-0.003	-0.004	0.779	50.8
255	-0.003	-0.007	0.778	51.0
256	-0.005	-0.007	0.776	51.2
257	-0.001	-0.007	0.776	51.4
258	-0.001	-0.006	0.778	51.6
259	0.000	-0.005	0.782	51.8
260	-0.001	-0.007	0.778	52.0
261	0.002	-0.005	0.778	52.2
262	-0.002	-0.006	0.779	52.4
263	-0.001	-0.009	0.783	52.6
264	0.003	-0.010	0.781	52.8
265	-0.002	-0.007	0.779	53.0
266	-0.002	-0.007	0.776	53.2
267	-0.002	-0.009	0.776	53.4
268	-0.001	-0.006	0.778	53.6
269	-0.002	-0.008	0.779	53.8
270	-0.001	-0.006	0.777	54.0
271	-0.001	-0.009	0.775	54.2
272	-0.004	-0.010	0.778	54.4
273	-0.005	-0.007	0.775	54.6
274	-0.002	-0.008	0.779	54.8
275	-0.006	-0.007	0.780	55.0
276	-0.005	-0.008	0.779	55.2
277	-0.005	-0.007	0.780	55.4
278	-0.005	-0.008	0.780	55.6
279	-0.005	-0.007	0.776	55.8
280	-0.006	-0.008	0.780	56.0
281	-0.008	-0.006	0.775	56.2
282	-0.010	-0.007	0.778	56.4
283	-0.005	-0.009	0.781	56.6
284	-0.008	-0.009	0.783	56.8
285	-0.010	-0.008	0.780	57.0
286	-0.009	-0.008	0.779	57.2
287	-0.007	-0.009	0.772	57.4
288	-0.009	-0.007	0.776	57.6
289	-0.008	-0.003	0.779	57.8
290	-0.008	-0.007	0.778	58.0
291	-0.008	-0.011	0.775	58.2
292	-0.007	-0.009	0.779	58.4
293	-0.009	-0.006	0.779	58.6
294	-0.008	-0.005	0.782	58.8
295	-0.007	-0.006	0.780	59.0
296	-0.006	-0.007	0.775	59.2
297	-0.006	-0.007	0.775	59.4
298	-0.005	-0.006	0.776	59.6
299	-0.007	-0.007	0.778	59.8
300	-0.006	-0.009	0.781	60.0
301	-0.003	-0.008	0.780	60.2
302	-0.003	-0.005	0.778	60.4
303	-0.005	-0.009	0.778	60.6
304	-0.003	-0.006	0.777	60.8
305	-0.002	-0.007	0.776	61.0
306	-0.002	-0.006	0.779	61.2
307	-0.004	-0.005	0.778	61.4
308	-0.003	-0.006	0.778	61.6
309	-0.004	-0.009	0.780	61.8
310	-0.003	-0.011	0.778	62.0
311	-0.002	-0.011	0.778	62.2
312	-0.005	-0.008	0.775	62.4
313	-0.003	-0.004	0.777	62.6
314	-0.005	-0.002	0.780	62.8
315	-0.007	-0.003	0.778	63.0
316	-0.004	-0.006	0.777	63.2
317	-0.009	-0.008	0.776	63.4
318	-0.009	-0.007	0.781	63.6
319	-0.007	-0.010	0.779	63.8
320	-0.007	-0.008	0.778	64.0
321	-0.006	-0.005	0.773	64.2
322	-0.009	-0.002	0.780	64.4
323	-0.010	-0.002	0.779	64.6
324	-0.009	-0.004	0.782	64.8
325	-0.009	-0.010	0.779	65.0
326	-0.007	-0.007	0.776	65.2
327	-0.007	-0.008	0.776	65.4
328	-0.008	-0.009	0.776	65.6
329	-0.009	-0.005	0.780	65.8
330	-0.009	-0.006	0.778	66.0
331	-0.009	-0.004	0.777	66.2
332	-0.006	-0.005	0.779	66.4
333	-0.010	-0.005	0.780	66.6
334	-0.007	-0.009	0.777	66.8
335	-0.009	-0.010	0.779	67.0
336	-0.009	-0.009	0.775	67.2
337	-0.009	-0.004	0.776	67.4
338	-0.008	-0.002	0.780	67.6
339	-0.010	-0.003	0.777	67.8
340	-0.009	-0.004	0.782	68.0
341	-0.010	-0.006	0.778	68.2
342	-0.011	-0.007	0.778	68.4
343	-0.011	-0.006	0.775	68.6
344	-0.011	-0.007	0.777	68.8
345	-0.009	-0.006	0.776	69.0
346	-0.011	-0.005	0.778	69.2
347	-0.013	-0.004	0.775	69.4
348	-0.009	-0.004	0.779	69.6
349	-0.008	-0.006	0.780	69.8
350	-0.010	-0.007	0.774	70.0
351	-0.009	-0.010	0.777	70.2
352	-0.009	-0.007	0.778	70.4
353	-0.009	-0.010	0.776	70.6
354	-0.010	-0.007	0.777	70.8
355	-0.006	-0.008	0.782	71.0
356	-0.006	-0.008	0.781	71.2
357	-0.003	-0.006	0.777	71.4
358	-0.004	-0.008	0.776	71.6
359	-0.002	-0.009	0.779	71.8
360	-0.005	-0.007	0.776	72.0
361	-0.003	-0.008	0.779	72.2
362	-0.002	-0.009	0.779	72.4
363	-0.002	-0.008	0.778	72.6
364	0.001	-0.009	0.779	72.8
365	0.003	-0.011	0.779	73.0
366	0.001	-0.009	0.775	73.2
367	0.000	-0.010	0.775	73.4
368	0.002	-0.013	0.774	73.6
369	-0.001	-0.010	0.778	73.8
370	-0.001	-0.008	0.778	74.0
371	-0.003	-0.008	0.778	74.2
372	-0.002	-0.007	0.779	74.4
373	-0.004	-0.009	0.776	74.6
374	0.000	-0.006	0.781	74.8
375	-0.001	-0.010	0.776	75.0
376	-0.001	-0.012	0.777	75.2
377	-0.004	-0.013	0.779	75.4
378	-0.005	-0.009	0.780	75.6
379	-0.005	-0.009	0.779	75.8
380	-0.006	-0.007	0.779	76.0
381	-0.004	-0.007	0.782	76.2
382	-0.003	-0.006	0.776	76.4
383	-0.002	-0.007	0.777	76.6
384	-0.002	-0.011	0.779	76.8
385	-0.002	-0.011	0.781	77.0
386	-0.004	-0.010	0.778	77.2
387	-0.003	-0.007	0.779	77.4
388	-0.006	-0.005	0.778	77.6
389	-0.001	-0.007	0.776	77.8
390	-0.002	-0.006	0.776	78.0
391	-0.002	-0.010	0.774	78.2
392	-0.002	-0.010	0.776	78.4
393	-0.002	-0.009	0.778	78.6
394	-0.004	-0.009	0.779	78.8
395	0.001	-0.007	0.779	79.0
396	-0.003	-0.004	0.778	79.2
397	-0.002	-0.004	0.777	79.4
398	-0.001	-0.003	0.776	79.6
399	-0.001	-0.006	0.779	79.8
400	-0.001	-0.009	0.775	80.0
401	-0.001	-0.008	0.778	80.2
402	-0.002	-0.009	0.776	80.4
403	0.000	-0.005	0.778	80.6
404	-0.002	-0.006	0.779	80.8
405	-0.002	-0.006	0.780	81.0
406	-0.004	-0.007	0.774	81.2
407	-0.003	-0.009	0.773	81.4
408	-0.003	-0.009	0.778	81.6
409	-0.003	-0.009	0.780	81.8
410	-0.002	-0.009	0.777	82.0
411	-0.005	-0.008	0.780	82.2
412	-0.004	-0.006	0.776	82.4
413	-0.002	-0.006	0.778	82.6
414	-0.005	-0.008	0.778	82.8
415	-0.005	-0.009	0.778	83.0
416	-0.005	-0.010	0.777	83.2
417	-0.006	-0.010	0.775	83.4
418	-0.007	-0.007	0.781	83.6
419	-0.006	-0.006	0.780	83.8
420	-0.009	-0.006	0.779	84.0
421	-0.004	-0.006	0.776	84.2
422	-0.004	-0.007	0.775	84.4
423	-0.004	-0.007	0.775	84.6
424	-0.006	-0.010	0.779	84.8
425	-0.005	-0.006	0.779	85.0
426	-0.005	-0.006	0.776	85.2
427	-0.003	-0.009	0.778	85.4
428	-0.004	-0.006	0.779	85.6
429	-0.003	-0.007	0.782	85.8
430	-0.002	-0.007	0.777	86.0
431	-0.002	-0.009	0.776	86.2
432	-0.001	-0.007	0.779	86.4
433	-0.001	-0.009	0.779	86.6
434	-0.003	-0.007	0.780	86.8
435	-0.003	-0.009	0.779	87.0
436	-0.003	-0.004	0.779	87.2
437	-0.002	-0.008	0.774	87.4
438	-0.004	-0.006	0.774	87.6
439	-0.005	-0.007	0.776	87.8
440	-0.006	-0.006	0.780	88.0
441	-0.006	-0.008	0.780	88.2
442	-0.006	-0.007	0.778	88.4
443	-0.007	-0.004	0.778	88.6
444	-0.006	-0.003	0.776	88.8
445	-0.008	-0.004	0.778	89.0
446	-0.010	-0.002	0.777	89.2
447	-0.010	-0.003	0.779	89.4
448	-0.010	-0.003	0.779	89.6
449	-0.013	-0.003	0.780	89.8
450	-0.010	-0.004	0.779	90.0
451	-0.013	-0.007	0.774	90.2
452	-0.011	-0.007	0.773	90.4
453	-0.011	-0.007	0.781	90.6
454	-0.012	-0.008	0.781	90.8
455	-0.010	-0.007	0.780	91.0
456	-0.009	-0.008	0.780	91.2
457	-0.011	-0.007	0.779	91.4
458	-0.009	-0.006	0.774	91.6
459	-0.010	-0.007	0.777	91.8
460	-0.009	-0.006	0.779	92.0
461	-0.006	-0.006	0.782	92.2
462	-0.006	-0.006	0.781	92.4
463	-0.005	-0.008	0.779	92.6
464	-0.007	-0.008	0.774	92.8
465	-0.004	-0.007	0.778	93.0
466	-0.003	-0.005	0.779	93.2
467	-0.005	-0.007	0.779	93.4
468	-0.005	-0.007	0.778	93.6
469	-0.003	-0.007	0.779	93.8
470	-0.003	-0.007	0.779	94.0
471	-0.004	-0.004	0.777	94.2
472	-0.003	-0.004	0.779	94.4
473	-0.004	-0.007	0.775	94.6
474	-0.003	-0.005	0.779	94.8
475	-0.003	-0.009	0.779	95.0
476	-0.005	-0.005	0.779	95.2
477	-0.002	-0.005	0.779	95.4
478	-0.004	-0.006	0.775	95.6
479	-0.004	-0.006	0.776	95.8
480	-0.006	-0.007	0.778	96.0
481	-0.003	-0.008	0.778	96.2
482	-0.004	-0.008	0.784	96.4
483	-0.005	-0.007	0.781	96.6
484	-0.004	-0.006	0.774	96.8
485	-0.004	-0.009	0.777	97.0
486	-0.004	-0.006	0.776	97.2
487	-0.003	-0.007	0.781	97.4
488	-0.005	-0.007	0.783	97.6
489	-0.007	-0.005	0.779	97.8
490	-0.009	-0.008	0.775	98.0
491	-0.007	-0.006	0.777	98.2
492	-0.009	-0.009	0.778	98.4
493	-0.010	-0.008	0.779	98.6
494	-0.010	-0.008	0.778	98.8
495	-0.012	-0.005	0.778	99.0
496	-0.007	-0.005	0.779	99.2
497	-0.011	-0.006	0.781	99.4
498	-0.009	-0.006	0.782	99.6
499	-0.008	-0.008	0.776	99.8
500	-0.011	-0.006	0.776	100.0
501	-0.010	-0.010	0.778	100.2
502	-0.007	-0.008	0.782	100.4
503	-0.007	-0.007	0.782	100.6
504	-0.007	-0.005	0.780	100.8
505	-0.008	-0.007	0.778	101.0
506	-0.007	-0.005	0.776	101.2
507	-0.006	-0.009	0.778	101.4
508	-0.007	-0.007	0.778	101.6
509	-0.006	-0.006	0.780	101.8
510	-0.007	-0.011	0.781	102.0
511	-0.007	-0.006	0.777	102.2
512	-0.008	-0.007	0.775	102.4
513	-0.007	-0.005	0.778	102.6
514	-0.007	-0.007	0.779	102.8
515	-0.006	-0.010	0.776	103.0
516	-0.006	-0.006	0.777	103.2
517	-0.067	0.147	1.090	103.4
518	-0.089	0.196	1.109	103.6
519	-0.083	0.187	1.109	103.8
520	-0.083	0.181	1.101	104.0
521	-0.083	0.179	1.093	104.2
522	-0.082	0.177	1.088	104.4
523	-0.080	0.177	1.097	104.6
524	-0.078	0.175	1.089	104.8
525	-0.079	0.173	1.086	105.0
526	-0.080	0.172	1.080	105.2
527	-0.079	0.171	1.082	105.4
528	-0.081	0.172	1.082	105.6
529	-0.078	0.170	1.082	105.8
530	-0.080	0.169	1.081	106.0
531	-0.080	0.169	1.081	106.2
532	-0.077	0.170	1.077	106.4
533	-0.078	0.169	1.068	106.6
534	-0.079	0.168	1.077	106.8
535	-0.075	0.166	1.075	107.0
536	-0.078	0.165	1.071	107.2
537	-0.077	0.165	1.077	107.4
538	-0.077	0.163	1.067	107.6
539	-0.077	0.163	1.065	107.8
540	-0.077	0.163	1.073	108.0
541	-0.076	0.163	1.067	108.2
542	-0.077	0.164	1.060	108.4
543	-0.076	0.161	1.070	108.6
544	-0.076	0.163	1.068	108.8
545	-0.074	0.163	1.066	109.0
546	-0.079	0.163	1.070	109.2
547	-0.074	0.163	1.066	109.4
548	-0.076	0.161	1.062	109.6
549	-0.076	0.163	1.065	109.8
550	-0.077	0.162	1.063	110.0
551	-0.075	0.161	1.067	110.2
552	-0.075	0.163	1.064	110.4
553	-0.077	0.163	1.062	110.6
554	-0.077	0.161	1.058	110.8
555	-0.075	0.160	1.060	111.0
556	-0.077	0.161	1.069	111.2
557	-0.075	0.160	1.056	111.4
558	-0.076	0.159	1.057	111.6
559	-0.076	0.159	1.061	111.8
560	-0.075	0.160	1.056	112.0
561	-0.077	0.160	1.054	112.2
562	-0.075	0.160	1.065	112.4
563	-0.075	0.156	1.062	112.6
564	-0.074	0.159	1.052	112.8
565	-0.077	0.158	1.059	113.0
566	-0.076	0.156	1.064	113.2
567	-0.074	0.158	1.051	113.4
568	-0.074	0.159	1.052	113.6
569	-0.073	0.156	1.054	113.8
570	-0.076	0.156	1.066	114.0
571	-0.074	0.153	1.056	114.2
572	-0.076	0.154	1.049	114.4
573	-0.074	0.154	1.058	114.6
574	-0.072	0.155	1.056	114.8
575	-0.075	0.154	1.049	115.0
576	-0.074	0.155	1.048	115.2
577	-0.074	0.154	1.058	115.4
578	-0.076	0.153	1.059	115.6
579	-0.076	0.156	1.053	115.8
580	-0.076	0.155	1.048	116.0
581	-0.075	0.154	1.054	116.2
582	-0.072	0.154	1.050	116.4
583	-0.076	0.155	1.052	116.6
584	-0.075	0.153	1.052	116.8
585	-0.074	0.155	1.050	117.0
586	-0.076	0.154	1.056	117.2
587	-0.077	0.154	1.053	117.4
588	-0.075	0.157	1.052	117.6
589	-0.075	0.155	1.050	117.8
590	-0.076	0.153	1.045	118.0
591	-0.075	0.153	1.053	118.2
592	-0.074	0.154	1.056	118.4
593	-0.075	0.153	1.050	118.6
594	-0.072	0.151	1.054	118.8
595	-0.076	0.152	1.055	119.0
596	-0.075	0.153	1.049	119.2
597	-0.075	0.154	1.046	119.4
598	-0.075	0.155	1.054	119.6
599	-0.074	0.157	1.053	119.8
600	-0.075	0.154	1.058	120.0
601	-0.073	0.154	1.050	120.2
602	-0.073	0.154	1.046	120.4
603	-0.074	0.153	1.052	120.6
604	-0.075	0.153	1.050	120.8
605	-0.074	0.152	1.047	121.0
606	-0.075	0.152	1.048	121.2
607	-0.075	0.152	1.055	121.4
608	-0.078	0.149	1.048	121.6
609	-0.076	0.151	1.046	121.8
610	-0.077	0.150	1.048	122.0
611	-0.076	0.151	1.052	122.2
612	-0.074	0.152	1.050	122.4
613	-0.075	0.154	1.047	122.6
614	-0.077	0.150	1.054	122.8
615	-0.074	0.150	1.060	123.0
616	-0.074	0.150	1.046	123.2
617	-0.078	0.153	1.040	123.4
618	-0.077	0.153	1.053	123.6
619	-0.074	0.151	1.053	123.8
620	-0.074	0.152	1.042	124.0
621	-0.076	0.152	1.046	124.2
622	-0.076	0.152	1.049	124.4
623	-0.074	0.153	1.048	124.6
624	-0.074	0.150	1.048	124.8
625	-0.074	0.151	1.046	125.0
626	-0.076	0.151	1.050	125.2
627	-0.076	0.152	1.050	125.4
628	-0.075	0.153	1.052	125.6
629	-0.076	0.151	1.050	125.8
630	-0.075	0.152	1.052	126.0
631	-0.076	0.152	1.044	126.2
632	-0.076	0.153	1.049	126.4
633	-0.074	0.151	1.055	126.6
634	-0.076	0.151	1.045	126.8
635	-0.076	0.149	1.052	127.0
636	-0.076	0.152	1.041	127.2
637	-0.074	0.155	1.050	127.4
638	-0.072	0.153	1.050	127.6
639	-0.076	0.151	1.045	127.8
640	-0.074	0.151	1.051	128.0
641	-0.076	0.151	1.057	128.2
642	-0.075	0.151	1.051	128.4
643	-0.073	0.152	1.050	128.6
644	-0.076	0.153	1.044	128.8
645	-0.075	0.150	1.050	129.0
646	-0.075	0.151	1.053	129.2
647	-0.075	0.152	1.046	129.4
648	-0.076	0.153	1.048	129.6
649	-0.074	0.150	1.053	129.8
650	-0.077	0.150	1.052	130.0
651	-0.077	0.149	1.046	130.2
652	-0.076	0.150	1.044	130.4
653	-0.075	0.153	1.048	130.6
654	-0.075	0.150	1.053	130.8
655	-0.075	0.152	1.050	131.0
656	-0.073	0.154	1.048	131.2
657	-0.075	0.149	1.052	131.4
658	-0.074	0.150	1.056	131.6
659	-0.075	0.149	1.042	131.8
660	-0.075	0.150	1.047	132.0
661	-0.075	0.151	1.053	132.2
662	-0.077	0.151	1.054	132.4
663	-0.075	0.152	1.044	132.6
664	-0.076	0.151	1.044	132.8
665	-0.077	0.151	1.055	133.0
666	-0.075	0.150	1.051	133.2
667	-0.078	0.148	1.044	133.4
668	-0.076	0.151	1.040	133.6
669	-0.075	0.150	1.048	133.8
670	-0.077	0.152	1.050	134.0
671	-0.076	0.151	1.046	134.2
672	-0.077	0.150	1.045	134.4
673	-0.076	0.149	1.044	134.6
674	-0.076	0.149	1.047	134.8
675	-0.078	0.150	1.043	135.0
676	-0.075	0.150	1.051	135.2
677	-0.077	0.151	1.050	135.4
678	-0.076	0.149	1.050	135.6
679	-0.075	0.150	1.046	135.8
680	-0.075	0.148	1.049	136.0
681	-0.074	0.149	1.047	136.2
682	-0.074	0.150	1.047	136.4
683	-0.076	0.150	1.045	136.6
684	-0.076	0.150	1.052	136.8
685	-0.076	0.149	1.043	137.0
686	-0.075	0.150	1.046	137.2
687	-0.076	0.148	1.049	137.4
688	-0.076	0.151	1.045	137.6
689	-0.075	0.151	1.040	137.8
690	-0.075	0.150	1.044	138.0
691	-0.074	0.149	1.046	138.2
692	-0.074	0.148	1.049	138.4
693	-0.076	0.145	1.044	138.6
694	-0.077	0.150	1.042	138.8
695	-0.076	0.148	1.044	139.0
696	-0.075	0.151	1.055	139.2
697	-0.075	0.150	1.045	139.4
698	-0.076	0.148	1.048	139.6
699	-0.075	0.150	1.048	139.8
700	-0.075	0.150	1.042	140.0
701	-0.076	0.148	1.050	140.2
702	-0.075	0.151	1.047	140.4
703	-0.076	0.147	1.042	140.6
704	-0.077	0.149	1.047	140.8
705	-0.076	0.150	1.047	141.0
706	-0.076	0.149	1.049	141.2
707	-0.075	0.148	1.049	141.4
708	-0.076	0.149	1.045	141.6
709	-0.076	0.148	1.042	141.8
710	-0.076	0.149	1.044	142.0
711	-0.077	0.148	1.043	142.2
712	-0.077	0.147	1.051	142.4
713	-0.074	0.146	1.045	142.6
714	-0.074	0.149	1.042	142.8
715	-0.077	0.150	1.041	143.0
716	-0.076	0.147	1.042	143.2
717	-0.078	0.146	1.044	143.4
718	-0.075	0.151	1.049	143.6
719	-0.076	0.149	1.048	143.8
720	-0.074	0.153	1.044	144.0
721	-0.077	0.148	1.042	144.2
722	-0.077	0.150	1.042	144.4
723	-0.077	0.148	1.050	144.6
724	-0.075	0.149	1.052	144.8
725	-0.076	0.147	1.042	145.0
726	-0.075	0.147	1.046	145.2
727	-0.075	0.150	1.048	145.4
728	-0.075	0.148	1.050	145.6
729	-0.075	0.148	1.042	145.8
730	-0.076	0.148	1.041	146.0
731	-0.077	0.150	1.046	146.2
732	-0.076	0.149	1.040	146.4
733	-0.077	0.146	1.043	146.6
734	-0.078	0.146	1.048	146.8
735	-0.074	0.148	1.046	147.0
736	-0.078	0.148	1.040	147.2
737	-0.076	0.148	1.045	147.4
738	-0.077	0.149	1.041	147.6
739	-0.075	0.148	1.047	147.8
740	-0.077	0.144	1.050	148.0
741	-0.077	0.146	1.046	148.2
742	-0.076	0.147	1.041	148.4
743	-0.077	0.147	1.045	148.6
744	-0.075	0.146	1.048	148.8
745	-0.074	0.148	1.047	149.0
746	-0.076	0.148	1.036	149.2
747	-0.077	0.148	1.045	149.4
748	-0.076	0.146	1.055	149.6
749	-0.075	0.146	1.045	149.8
750	-0.074	0.148	1.044	150.0
751	-0.076	0.148	1.047	150.2
752	-0.078	0.148	1.045	150.4
753	-0.078	0.150	1.044	150.6
754	-0.077	0.148	1.041	150.8
755	-0.077	0.145	1.046	151.0
756	-0.078	0.148	1.045	151.2
757	-0.077	0.148	1.040	151.4
758	-0.079	0.147	1.034	151.6
759	-0.078	0.150	1.042	151.8
760	-0.077	0.147	1.040	152.0
761	-0.076	0.146	1.035	152.2
762	-0.079	0.148	1.042	152.4
763	-0.077	0.148	1.044	152.6
764	-0.076	0.146	1.044	152.8
765	-0.077	0.147	1.040	153.0
766	-0.077	0.148	1.037	153.2
767	-0.077	0.150	1.040	153.4
768	-0.076	0.144	1.048	153.6
769	-0.077	0.148	1.039	153.8
770	-0.076	0.147	1.046	154.0
771	-0.076	0.146	1.041	154.2
772	-0.076	0.148	1.041	154.4
773	-0.076	0.146	1.039	154.6
774	-0.077	0.147	1.043	154.8
775	-0.077	0.146	1.050	155.0
776	-0.076	0.146	1.040	155.2
777	-0.078	0.147	1.039	155.4
778	-0.078	0.147	1.041	155.6
779	-0.077	0.143	1.042	155.8
780	-0.077	0.145	1.047	156.0
781	-0.075	0.147	1.038	156.2
782	-0.077	0.147	1.039	156.4
783	-0.077	0.145	1.039	156.6
784	-0.075	0.146	1.043	156.8
785	-0.077	0.146	1.042	157.0
786	-0.076	0.145	1.042	157.2
787	-0.075	0.146	1.034	157.4
788	-0.076	0.144	1.037	157.6
789	-0.076	0.147	1.032	157.8
790	-0.077	0.145	1.037	158.0
791	-0.075	0.147	1.042	158.2
792	-0.076	0.148	1.038	158.4
793	-0.075	0.144	1.042	158.6
794	-0.077	0.146	1.043	158.8
795	-0.077	0.147	1.042	159.0
796	-0.076	0.144	1.047	159.2
797	-0.076	0.146	1.034	159.4
798	-0.075	0.145	1.042	159.6
799	-0.075	0.146	1.046	159.8
800	-0.076	0.146	1.043	160.0
801	-0.077	0.145	1.040	160.2
802	-0.076	0.147	1.040	160.4
803	-0.076	0.148	1.040	160.6
804	-0.073	0.144	1.045	160.8
805	-0.076	0.146	1.044	161.0
806	-0.075	0.145	1.040	161.2
807	-0.074	0.147	1.041	161.4
808	-0.075	0.145	1.044	161.6
809	-0.073	0.145	1.044	161.8
810	-0.075	0.147	1.044	162.0
811	-0.077	0.145	1.038	162.2
812	-0.075	0.145	1.040	162.4
813	-0.075	0.146	1.044	162.6
814	-0.077	0.145	1.038	162.8
815	-0.076	0.146	1.041	163.0
816	-0.074	0.146	1.044	163.2
817	-0.076	0.144	1.039	163.4
818	-0.076	0.145	1.034	163.6
819	-0.077	0.142	1.038	163.8
820	-0.077	0.144	1.041	164.0
821	-0.076	0.145	1.044	164.2
822	-0.074	0.146	1.040	164.4
823	-0.078	0.146	1.035	164.6
824	-0.077	0.145	1.038	164.8
825	-0.076	0.146	1.042	165.0
826	-0.075	0.144	1.040	165.2
827	-0.076	0.145	1.040	165.4
828	-0.074	0.143	1.041	165.6
829	-0.077	0.145	1.039	165.8
830	-0.075	0.144	1.043	166.0
831	-0.075	0.145	1.042	166.2
832	-0.077	0.144	1.040	166.4
833	-0.075	0.144	1.039	166.6
834	-0.077	0.145	1.034	166.8
835	-0.073	0.144	1.040	167.0
836	-0.075	0.143	1.044	167.2
837	-0.076	0.143	1.040	167.4
838	-0.075	0.145	1.031	167.6
839	-0.076	0.142	1.039	167.8
840	-0.076	0.147	1.042	168.0
841	-0.075	0.143	1.039	168.2
842	-0.078	0.145	1.030	168.4
843	-0.076	0.144	1.037	168.6
844	-0.074	0.146	1.046	168.8
845	-0.074	0.144	1.044	169.0
846	-0.075	0.141	1.033	169.2
847	-0.076	0.145	1.041	169.4
848	-0.075	0.144	1.044	169.6
849	-0.075	0.143	1.037	169.8
850	-0.076	0.146	1.036	170.0
851	-0.076	0.143	1.040	170.2
852	-0.074	0.143	1.043	170.4
853	-0.077	0.144	1.040	170.6
854	-0.076	0.144	1.035	170.8
855	-0.077	0.143	1.040	171.0
856	-0.073	0.144	1.040	171.2
857	-0.076	0.142	1.043	171.4
858	-0.075	0.145	1.035	171.6
859	-0.073	0.140	1.042	171.8
860	-0.074	0.143	1.042	172.0
861	-0.076	0.142	1.040	172.2
862	-0.074	0.144	1.041	172.4
863	-0.074	0.142	1.034	172.6
864	-0.074	0.143	1.032	172.8
865	-0.074	0.144	1.036	173.0
866	-0.074	0.144	1.044	173.2
867	-0.073	0.144	1.033	173.4
868	-0.075	0.141	1.035	173.6
869	-0.073	0.144	1.036	173.8
870	-0.074	0.143	1.040	174.0
871	-0.074	0.145	1.036	174.2
872	-0.075	0.143	1.038	174.4
873	-0.074	0.143	1.034	174.6
874	-0.075	0.143	1.038	174.8
875	-0.073	0.143	1.037	175.0
876	-0.073	0.144	1.040	175.2
877	-0.074	0.143	1.035	175.4
878	-0.073	0.143	1.040	175.6
879	-0.076	0.141	1.038	175.8
880	-0.075	0.144	1.026	176.0
881	-0.073	0.141	1.041	176.2
882	-0.073	0.144	1.048	176.4
883	-0.074	0.141	1.030	176.6
884	-0.075	0.143	1.036	176.8
885	-0.073	0.141	1.034	177.0
886	-0.075	0.143	1.036	177.2
887	-0.074	0.141	1.044	177.4
888	-0.075	0.143	1.030	177.6
889	-0.076	0.143	1.032	177.8
890	-0.074	0.141	1.042	178.0
891	-0.075	0.143	1.036	178.2
892	-0.074	0.141	1.033	178.4
893	-0.073	0.142	1.033	178.6
894	-0.076	0.142	1.032	178.8
895	-0.075	0.142	1.037	179.0
896	-0.072	0.143	1.033	179.2
897	-0.074	0.144	1.034	179.4
898	-0.075	0.140	1.045	179.6
899	-0.074	0.139	1.037	179.8
900	-0.074	0.143	1.028	180.0
901	-0.073	0.141	1.034	180.2
902	-0.072	0.141	1.040	180.4
903	-0.074	0.142	1.040	180.6
904	-0.073	0.144	1.028	180.8
905	-0.073	0.142	1.037	181.0
906	-0.072	0.143	1.040	181.2
907	-0.073	0.142	1.034	181.4
908	-0.074	0.145	1.031	181.6
909	-0.072	0.141	1.035	181.8
910	-0.075	0.141	1.037	182.0
911	-0.073	0.140	1.036	182.2
912	-0.074	0.144	1.032	182.4
913	-0.073	0.140	1.038	182.6
914	-0.073	0.142	1.037	182.8
915	-0.074	0.141	1.029	183.0
916	-0.074	0.142	1.030	183.2
917	-0.075	0.139	1.038	183.4
918	-0.072	0.140	1.035	183.6
919	-0.074	0.140	1.033	183.8
920	-0.073	0.142	1.034	184.0
921	-0.073	0.144	1.037	184.2
922	-0.074	0.141	1.035	184.4
923	-0.075	0.144	1.033	184.6
924	-0.073	0.140	1.030	184.8
925	-0.070	0.143	1.034	185.0
926	-0.073	0.142	1.030	185.2
927	-0.075	0.143	1.035	185.4
928	-0.072	0.140	1.041	185.6
929	-0.073	0.143	1.034	185.8
930	-0.074	0.140	1.036	186.0
931	-0.074	0.141	1.035	186.2
932	-0.072	0.139	1.032	186.4
933	-0.075	0.140	1.032	186.6
934	-0.075	0.143	1.038	186.8
935	-0.075	0.142	1.034	187.0
936	-0.073	0.143	1.037	187.2
937	-0.071	0.140	1.030	187.4
938	-0.072	0.143	1.041	187.6
939	-0.074	0.140	1.036	187.8
940	-0.073	0.140	1.027	188.0
941	-0.074	0.139	1.026	188.2
942	-0.073	0.141	1.032	188.4
943	-0.073	0.141	1.034	188.6
944	-0.072	0.140	1.035	188.8
945	-0.074	0.142	1.036	189.0
946	-0.073	0.140	1.030	189.2
947	-0.076	0.141	1.030	189.4
948	-0.074	0.139	1.036	189.6
949	-0.075	0.142	1.029	189.8
950	-0.076	0.139	1.029	190.0
951	-0.074	0.140	1.036	190.2
952	-0.074	0.139	1.042	190.4
953	-0.073	0.142	1.032	190.6
954	-0.074	0.139	1.029	190.8
955	-0.072	0.141	1.034	191.0
956	-0.075	0.141	1.032	191.2
957	-0.073	0.137	1.034	191.4
958	-0.072	0.142	1.032	191.6
959	-0.073	0.141	1.038	191.8
960	-0.074	0.140	1.029	192.0
961	-0.073	0.139	1.031	192.2
962	-0.072	0.138	1.027	192.4
963	-0.073	0.140	1.027	192.6
964	-0.073	0.140	1.032	192.8
965	-0.073	0.139	1.022	193.0
966	-0.075	0.139	1.026	193.2
967	-0.074	0.138	1.030	193.4
968	-0.073	0.140	1.028	193.6
969	-0.072	0.137	1.024	193.8
970	-0.074	0.140	1.026	194.0
971	-0.073	0.140	1.023	194.2
972	-0.075	0.138	1.029	194.4
973	-0.074	0.140	1.031	194.6
974	-0.074	0.139	1.030	194.8
975	-0.073	0.139	1.028	195.0
976	-0.074	0.135	1.032	195.2
977	-0.073	0.138	1.029	195.4
978	-0.072	0.139	1.027	195.6
979	-0.074	0.139	1.029	195.8
980	-0.072	0.138	1.033	196.0
981	-0.073	0.138	1.027	196.2
982	-0.073	0.139	1.032	196.4
983	-0.072	0.137	1.031	196.6
984	-0.073	0.139	1.025	196.8
985	-0.072	0.139	1.028	197.0
986	-0.073	0.138	1.029	197.2
987	-0.072	0.137	1.026	197.4
988	-0.073	0.136	1.032	197.6
989	-0.073	0.139	1.027	197.8
990	-0.072	0.136	1.024	198.0
991	-0.072	0.137	1.026	198.2
992	-0.073	0.137	1.022	198.4
993	-0.074	0.136	1.027	198.6
994	-0.072	0.138	1.031	198.8
995	-0.072	0.135	1.023	199.0
996	-0.072	0.139	1.028	199.2
997	-0.071	0.137	1.027	199.4
998	-0.074	0.140	1.033	199.6
999	-0.073	0.138	1.030	199.8
1000	-0.072	0.135	1.026	200.0
1001	-0.074	0.137	1.035	200.2
1002	-0.072	0.136	1.036	200.4
1003	-0.071	0.138	1.024	200.6
1004	-0.075	0.139	1.020	200.8
1005	-0.073	0.136	1.045	201.0
1006	-0.071	0.136	1.031	201.2
1007	-0.076	0.138	1.022	201.4
1008	-0.074	0.136	1.037	201.6
1009	-0.069	0.136	1.022	201.8
1010	-0.074	0.137	1.029	202.0
1011	-0.072	0.136	1.029	202.2
1012	-0.073	0.138	1.020	202.4
1013	-0.074	0.135	1.040	202.6
1014	-0.071	0.135	1.026	202.8
1015	-0.072	0.138	1.020	203.0
1016	-0.074	0.136	1.031	203.2
1017	-0.069	0.138	1.030	203.4
1018	-0.161	0.370	1.384	203.6
1019	-0.144	0.356	1.398	203.8
1020	-0.143	0.348	1.368	204.0
1021	-0.140	0.344	1.365	204.2
1022	-0.137	0.338	1.363	204.4
1023	-0.137	0.337	1.356	204.6
1024	-0.135	0.338	1.347	204.8
1025	-0.136	0.333	1.351	205.0
1026	-0.133	0.331	1.350	205.2
1027	-0.134	0.332	1.345	205.4
1028	-0.132	0.332	1.346	205.6
1029	-0.134	0.332	1.341	205.8
1030	-0.133	0.328	1.339	206.0
1031	-0.132	0.328	1.342	206.2
1032	-0.132	0.329	1.333	206.4
1033	-0.129	0.326	1.329	206.6
1034	-0.132	0.325	1.338	206.8
1035	-0.130	0.325	1.344	207.0
1036	-0.131	0.326	1.339	207.2
1037	-0.130	0.326	1.325	207.4
1038	-0.132	0.326	1.333	207.6
1039	-0.130	0.324	1.333	207.8
1040	-0.130	0.322	1.329	208.0
1041	-0.129	0.321	1.327	208.2
1042	-0.130	0.323	1.321	208.4
1043	-0.131	0.322	1.329	208.6
1044	-0.130	0.319	1.325	208.8
1045	-0.130	0.320	1.324	209.0
1046	-0.129	0.322	1.322	209.2
1047	-0.129	0.319	1.314	209.4
1048	-0.129	0.318	1.320	209.6
1049	-0.125	0.319	1.325	209.8
1050	-0.129	0.318	1.328	210.0
1051	-0.129	0.320	1.317	210.2
1052	-0.128	0.319	1.315	210.4
1053	-0.127	0.318	1.324	210.6
1054	-0.129	0.317	1.318	210.8
1055	-0.129	0.316	1.312	211.0
1056	-0.127	0.317	1.311	211.2
1057	-0.128	0.314	1.325	211.4
1058	-0.126	0.316	1.311	211.6
1059	-0.127	0.316	1.309	211.8
1060	-0.128	0.313	1.323	212.0
1061	-0.126	0.315	1.323	212.2
1062	-0.128	0.314	1.305	212.4
1063	-0.125	0.315	1.310	212.6
1064	-0.128	0.315	1.321	212.8
1065	-0.126	0.311	1.320	213.0
1066	-0.129	0.312	1.309	213.2
1067	-0.126	0.315	1.306	213.4
1068	-0.126	0.312	1.319	213.6
1069	-0.126	0.312	1.312	213.8
1070	-0.127	0.314	1.298	214.0
1071	-0.126	0.311	1.302	214.2
1072	-0.124	0.312	1.312	214.4
1073	-0.124	0.311	1.312	214.6
1074	-0.124	0.308	1.304	214.8
1075	-0.126	0.312	1.316	215.0
1076	-0.124	0.311	1.318	215.2
1077	-0.123	0.308	1.311	215.4
1078	-0.126	0.312	1.298	215.6
1079	-0.126	0.311	1.310	215.8
1080	-0.124	0.309	1.325	216.0
1081	-0.122	0.309	1.311	216.2
1082	-0.127	0.310	1.299	216.4
1083	-0.123	0.311	1.306	216.6
1084	-0.123	0.308	1.325	216.8
1085	-0.122	0.306	1.318	217.0
1086	-0.125	0.309	1.302	217.2
1087	-0.125	0.308	1.306	217.4
1088	-0.125	0.307	1.318	217.6
1089	-0.123	0.308	1.314	217.8
1090	-0.122	0.309	1.300	218.0
1091	-0.125	0.309	1.302	218.2
1092	-0.123	0.307	1.306	218.4
1093	-0.124	0.308	1.302	218.6
1094	-0.125	0.306	1.292	218.8
1095	-0.122	0.307	1.298	219.0
1096	-0.123	0.307	1.307	219.2
1097	-0.123	0.307	1.303	219.4
1098	-0.123	0.308	1.294	219.6
1099	-0.124	0.308	1.301	219.8
1100	-0.122	0.303	1.310	220.0
1101	-0.122	0.307	1.301	220.2
1102	-0.124	0.307	1.295	220.4
1103	-0.123	0.305	1.305	220.6
1104	-0.122	0.306	1.311	220.8
1105	-0.122	0.305	1.307	221.0
1106	-0.124	0.307	1.301	221.2
1107	-0.122	0.308	1.303	221.4
1108	-0.122	0.304	1.311	221.6
1109	-0.125	0.307	1.300	221.8
1110	-0.121	0.305	1.300	222.0
1111	-0.123	0.307	1.304	222.2
1112	-0.124	0.305	1.301	222.4
1113	-0.121	0.305	1.300	222.6
1114	-0.123	0.305	1.304	222.8
1115	-0.123	0.304	1.308	223.0
1116	-0.125	0.304	1.296	223.2
1117	-0.122	0.307	1.298	223.4
1118	-0.123	0.304	1.303	223.6
1119	-0.124	0.304	1.293	223.8
1120	-0.124	0.303	1.307	224.0
1121	-0.120	0.304	1.301	224.2
1122	-0.126	0.305	1.296	224.4
1123	-0.123	0.303	1.296	224.6
1124	-0.122	0.305	1.291	224.8
1125	-0.123	0.301	1.303	225.0
1126	-0.123	0.302	1.298	225.2
1127	-0.123	0.303	1.290	225.4
1128	-0.121	0.301	1.304	225.6
1129	-0.123	0.301	1.301	225.8
1130	-0.122	0.303	1.289	226.0
1131	-0.122	0.302	1.304	226.2
1132	-0.122	0.301	1.300	226.4
1133	-0.123	0.302	1.286	226.6
1134	-0.122	0.301	1.294	226.8
1135	-0.122	0.300	1.309	227.0
1136	-0.119	0.303	1.301	227.2
1137	-0.125	0.299	1.290	227.4
1138	-0.122	0.301	1.296	227.6
1139	-0.121	0.303	1.309	227.8
1140	-0.122	0.301	1.299	228.0
1141	-0.123	0.301	1.288	228.2
1142	-0.124	0.301	1.297	228.4
1143	-0.122	0.298	1.302	228.6
1144	-0.120	0.301	1.294	228.8
1145	-0.123	0.303	1.284	229.0
1146	-0.122	0.300	1.299	229.2
1147	-0.121	0.299	1.298	229.4
1148	-0.122	0.300	1.282	229.6
1149	-0.122	0.301	1.282	229.8
1150	-0.120	0.302	1.290	230.0
1151	-0.121	0.296	1.302	230.2
1152	-0.122	0.301	1.297	230.4
1153	-0.122	0.302	1.280	230.6
1154	-0.121	0.300	1.297	230.8
1155	-0.119	0.301	1.298	231.0
1156	-0.119	0.301	1.292	231.2
1157	-0.121	0.302	1.290	231.4
1158	-0.120	0.299	1.292	231.6
1159	-0.120	0.300	1.303	231.8
1160	-0.121	0.300	1.293	232.0
1161	-0.121	0.300	1.288	232.2
1162	-0.119	0.300	1.290	232.4
1163	-0.120	0.298	1.289	232.6
1164	-0.121	0.301	1.292	232.8
1165	-0.120	0.299	1.287	233.0
1166	-0.120	0.301	1.301	233.2
1167	-0.120	0.296	1.292	233.4
1168	-0.122	0.301	1.272	233.6
1169	-0.121	0.299	1.284	233.8
1170	-0.122	0.298	1.292	234.0
1171	-0.120	0.299	1.283	234.2
1172	-0.119	0.299	1.282	234.4
1173	-0.122	0.297	1.294	234.6
1174	-0.122	0.300	1.288	234.8
1175	-0.122	0.300	1.282	235.0
1176	-0.119	0.300	1.300	235.2
1177	-0.119	0.296	1.306	235.4
1178	-0.119	0.299	1.295	235.6
1179	-0.122	0.301	1.271	235.8
1180	-0.121	0.299	1.286	236.0
1181	-0.119	0.297	1.309	236.2
1182	-0.120	0.295	1.287	236.4
1183	-0.121	0.297	1.276	236.6
1184	-0.120	0.296	1.298	236.8
1185	-0.120	0.298	1.301	237.0
1186	-0.119	0.300	1.278	237.2
1187	-0.122	0.299	1.273	237.4
1188	-0.120	0.296	1.294	237.6
1189	-0.120	0.296	1.301	237.8
1190	-0.120	0.297	1.278	238.0
1191	-0.120	0.301	1.278	238.2
1192	-0.119	0.296	1.302	238.4
1193	-0.120	0.295	1.297	238.6
1194	-0.120	0.298	1.265	238.8
1195	-0.121	0.299	1.287	239.0
1196	-0.119	0.294	1.306	239.2
1197	-0.120	0.295	1.289	239.4
1198	-0.121	0.296	1.268	239.6
1199	-0.120	0.295	1.292	239.8
1200	-0.118	0.296	1.306	240.0
1201	-0.120	0.297	1.281	240.2
1202	-0.122	0.295	1.267	240.4
1203	-0.119	0.297	1.293	240.6
1204	-0.118	0.294	1.298	240.8
1205	-0.121	0.296	1.276	241.0
1206	-0.121	0.296	1.280	241.2
1207	-0.117	0.294	1.302	241.4
1208	-0.118	0.292	1.293	241.6
1209	-0.121	0.294	1.274	241.8
1210	-0.120	0.293	1.276	242.0
1211	-0.120	0.293	1.294	242.2
1212	-0.120	0.294	1.293	242.4
1213	-0.121	0.295	1.274	242.6
1214	-0.118	0.297	1.279	242.8
1215	-0.119	0.291	1.296	243.0
1216	-0.120	0.296	1.288	243.2
1217	-0.120	0.296	1.274	243.4
1218	-0.120	0.296	1.281	243.6
1219	-0.118	0.294	1.294	243.8
1220	-0.119	0.293	1.288	244.0
1221	-0.120	0.295	1.278	244.2
1222	-0.120	0.295	1.282	244.4
1223	-0.119	0.295	1.291	244.6
1224	-0.119	0.294	1.285	244.8
1225	-0.119	0.297	1.273	245.0
1226	-0.119	0.294	1.277	245.2
1227	-0.119	0.295	1.288	245.4
1228	-0.119	0.295	1.288	245.6
1229	-0.120	0.295	1.280	245.8
1230	-0.118	0.297	1.288	246.0
1231	-0.120	0.295	1.288	246.2
1232	-0.119	0.295	1.282	246.4
1233	-0.119	0.293	1.279	246.6
1234	-0.119	0.295	1.281	246.8
1235	-0.120	0.291	1.288	247.0
1236	-0.119	0.295	1.284	247.2
1237	-0.120	0.295	1.278	247.4
1238	-0.119	0.293	1.282	247.6
1239	-0.119	0.293	1.285	247.8
1240	-0.118	0.294	1.276	248.0
1241	-0.119	0.292	1.274	248.2
1242	-0.121	0.293	1.289	248.4
1243	-0.117	0.292	1.288	248.6
1244	-0.120	0.293	1.275	248.8
1245	-0.119	0.295	1.281	249.0
1246	-0.117	0.294	1.292	249.2
1247	-0.118	0.294	1.288	249.4
1248	-0.119	0.293	1.278	249.6
1249	-0.119	0.295	1.274	249.8
1250	-0.119	0.292	1.288	250.0
1251	-0.119	0.294	1.289	250.2
1252	-0.120	0.292	1.280	250.4
1253	-0.120	0.297	1.276	250.6
1254	-0.119	0.293	1.290	250.8
1255	-0.120	0.294	1.283	251.0
1256	-0.120	0.293	1.274	251.2
1257	-0.119	0.290	1.281	251.4
1258	-0.120	0.294	1.285	251.6
1259	-0.120	0.289	1.281	251.8
1260	-0.121	0.292	1.278	252.0
1261	-0.118	0.290	1.283	252.2
1262	-0.120	0.292	1.286	252.4
1263	-0.120	0.293	1.278	252.6
1264	-0.120	0.289	1.273	252.8
1265	-0.119	0.293	1.280	253.0
1266	-0.120	0.293	1.282	253.2
1267	-0.122	0.289	1.282	253.4
1268	-0.120	0.293	1.272	253.6
1269	-0.120	0.292	1.276	253.8
1270	-0.122	0.291	1.285	254.0
1271	-0.118	0.290	1.279	254.2
1272	-0.122	0.292	1.273	254.4
1273	-0.120	0.293	1.272	254.6
1274	-0.118	0.291	1.274	254.8
1275	-0.120	0.290	1.282	255.0
1276	-0.120	0.291	1.282	255.2
1277	-0.120	0.293	1.280	255.4
1278	-0.121	0.291	1.285	255.6
1279	-0.120	0.290	1.276	255.8
1280	-0.120	0.295	1.273	256.0
1281	-0.118	0.293	1.280	256.2
1282	-0.120	0.292	1.281	256.4
1283	-0.121	0.291	1.280	256.6
1284	-0.121	0.292	1.274	256.8
1285	-0.119	0.291	1.282	257.0
1286	-0.120	0.291	1.278	257.2
1287	-0.121	0.291	1.280	257.4
1288	-0.119	0.290	1.274	257.6
1289	-0.119	0.292	1.272	257.8
1290	-0.119	0.293	1.280	258.0
1291	-0.118	0.292	1.270	258.2
1292	-0.120	0.289	1.270	258.4
1293	-0.119	0.290	1.280	258.6
1294	-0.121	0.291	1.278	258.8
1295	-0.120	0.290	1.264	259.0
1296	-0.121	0.290	1.275	259.2
1297	-0.120	0.290	1.280	259.4
1298	-0.118	0.292	1.277	259.6
1299	-0.120	0.291	1.278	259.8
1300	-0.119	0.291	1.274	260.0
1301	-0.120	0.289	1.280	260.2
1302	-0.119	0.288	1.280	260.4
1303	-0.119	0.291	1.274	260.6
1304	-0.118	0.291	1.269	260.8
1305	-0.119	0.291	1.278	261.0
1306	-0.118	0.291	1.281	261.2
1307	-0.119	0.292	1.276	261.4
1308	-0.119	0.290	1.275	261.6
1309	-0.118	0.289	1.276	261.8
1310	-0.116	0.289	1.274	262.0
1311	-0.117	0.288	1.271	262.2
1312	-0.120	0.287	1.273	262.4
1313	-0.118	0.287	1.274	262.6
1314	-0.120	0.287	1.277	262.8
1315	-0.117	0.290	1.272	263.0
1316	-0.118	0.289	1.272	263.2
1317	-0.120	0.289	1.276	263.4
1318	-0.119	0.289	1.277	263.6
1319	-0.118	0.289	1.267	263.8
1320	-0.118	0.289	1.274	264.0
1321	-0.117	0.287	1.282	264.2
1322	-0.118	0.287	1.280	264.4
1323	-0.117	0.289	1.276	264.6
1324	-0.120	0.286	1.275	264.8
1325	-0.119	0.286	1.276	265.0
1326	-0.118	0.288	1.273	265.2
1327	-0.118	0.288	1.272	265.4
1328	-0.120	0.285	1.274	265.6
1329	-0.118	0.287	1.278	265.8
1330	-0.118	0.289	1.273	266.0
1331	-0.119	0.286	1.274	266.2
1332	-0.120	0.287	1.277	266.4
1333	-0.122	0.287	1.275	266.6
1334	-0.120	0.288	1.274	266.8
1335	-0.121	0.284	1.268	267.0
1336	-0.119	0.285	1.277	267.2
1337	-0.121	0.286	1.277	267.4
1338	-0.119	0.288	1.276	267.6
1339	-0.120	0.287	1.277	267.8
1340	-0.119	0.286	1.272	268.0
1341	-0.119	0.288	1.268	268.2
1342	-0.119	0.289	1.275	268.4
1343	-0.119	0.288	1.269	268.6
1344	-0.119	0.288	1.269	268.8
1345	-0.121	0.289	1.275	269.0
1346	-0.120	0.288	1.276	269.2
1347	-0.121	0.286	1.275	269.4
1348	-0.120	0.289	1.276	269.6
1349	-0.117	0.287	1.268	269.8
1350	-0.121	0.288	1.266	270.0
1351	-0.120	0.288	1.271	270.2
1352	-0.120	0.287	1.271	270.4
1353	-0.120	0.287	1.276	270.6
1354	-0.120	0.286	1.274	270.8
1355	-0.119	0.287	1.266	271.0
1356	-0.121	0.289	1.273	271.2
1357	-0.120	0.288	1.269	271.4
1358	-0.120	0.287	1.270	271.6
1359	-0.121	0.286	1.267	271.8
1360	-0.120	0.288	1.271	272.0
1361	-0.121	0.284	1.277	272.2
1362	-0.121	0.286	1.269	272.4
1363	-0.121	0.286	1.270	272.6
1364	-0.121	0.285	1.274	272.8
1365	-0.122	0.287	1.268	273.0
1366	-0.120	0.282	1.264	273.2
1367	-0.120	0.286	1.273	273.4
1368	-0.119	0.286	1.277	273.6
1369	-0.121	0.284	1.270	273.8
1370	-0.121	0.286	1.265	274.0
1371	-0.122	0.285	1.269	274.2
1372	-0.120	0.286	1.274	274.4
1373	-0.120	0.283	1.270	274.6
1374	-0.120	0.285	1.261	274.8
1375	-0.121	0.285	1.273	275.0
1376	-0.120	0.284	1.270	275.2
1377	-0.120	0.283	1.265	275.4
1378	-0.120	0.287	1.270	275.6
1379	-0.119	0.286	1.278	275.8
1380	-0.118	0.285	1.266	276.0
1381	-0.120	0.285	1.266	276.2
1382	-0.118	0.284	1.269	276.4
1383	-0.120	0.285	1.271	276.6
1384	-0.119	0.285	1.271	276.8
1385	-0.118	0.283	1.276	277.0
1386	-0.119	0.283	1.268	277.2
1387	-0.120	0.286	1.270	277.4
1388	-0.119	0.284	1.269	277.6
1389	-0.120	0.284	1.267	277.8
1390	-0.118	0.284	1.268	278.0
1391	-0.120	0.286	1.266	278.2
1392	-0.120	0.283	1.260	278.4
1393	-0.120	0.283	1.268	278.6
1394	-0.119	0.283	1.272	278.8
1395	-0.121	0.282	1.265	279.0
1396	-0.120	0.285	1.256	279.2
1397	-0.120	0.283	1.264	279.4
1398	-0.120	0.282	1.274	279.6
1399	-0.120	0.285	1.266	279.8
1400	-0.121	0.286	1.262	280.0
1401	-0.120	0.284	1.272	280.2
1402	-0.120	0.283	1.268	280.4
1403	-0.120	0.286	1.268	280.6
1404	-0.120	0.285	1.268	280.8
1405	-0.119	0.282	1.264	281.0
1406	-0.120	0.283	1.268	281.2
1407	-0.121	0.282	1.268	281.4
1408	-0.124	0.283	1.263	281.6
1409	-0.120	0.282	1.270	281.8
1410	-0.122	0.280	1.272	282.0
1411	-0.123	0.284	1.266	282.2
1412	-0.123	0.282	1.264	282.4
1413	-0.122	0.283	1.263	282.6
1414	-0.121	0.282	1.266	282.8
1415	-0.120	0.283	1.264	283.0
1416	-0.121	0.282	1.260	283.2
1417	-0.121	0.282	1.270	283.4
1418	-0.121	0.284	1.268	283.6
1419	-0.122	0.283	1.264	283.8
1420	-0.121	0.284	1.263	284.0
1421	-0.121	0.281	1.263	284.2
1422	-0.123	0.279	1.268	284.4
1423	-0.122	0.283	1.260	284.6
1424	-0.120	0.282	1.264	284.8
1425	-0.122	0.284	1.273	285.0
1426	-0.121	0.284	1.260	285.2
1427	-0.122	0.283	1.268	285.4
1428	-0.120	0.284	1.270	285.6
1429	-0.120	0.283	1.260	285.8
1430	-0.121	0.283	1.260	286.0
1431	-0.123	0.286	1.265	286.2
1432	-0.121	0.287	1.266	286.4
1433	-0.120	0.286	1.261	286.6
1434	-0.121	0.283	1.268	286.8
1435	-0.121	0.283	1.262	287.0
1436	-0.121	0.282	1.256	287.2
1437	-0.120	0.282	1.263	287.4
1438	-0.121	0.280	1.263	287.6
1439	-0.121	0.284	1.258	287.8
1440	-0.120	0.283	1.261	288.0
1441	-0.121	0.284	1.268	288.2
1442	-0.121	0.283	1.266	288.4
1443	-0.121	0.281	1.261	288.6
1444	-0.121	0.279	1.269	288.8
1445	-0.119	0.282	1.265	289.0
1446	-0.122	0.282	1.256	289.2
1447	-0.120	0.281	1.267	289.4
1448	-0.120	0.281	1.271	289.6
1449	-0.119	0.281	1.267	289.8
1450	-0.118	0.280	1.261	290.0
1451	-0.119	0.282	1.265	290.2
1452	-0.120	0.282	1.268	290.4
1453	-0.120	0.282	1.265	290.6
1454	-0.120	0.282	1.259	290.8
1455	-0.119	0.283	1.262	291.0
1456	-0.121	0.282	1.264	291.2
1457	-0.119	0.280	1.268	291.4
1458	-0.120	0.280	1.259	291.6
1459	-0.120	0.282	1.260	291.8
1460	-0.120	0.280	1.266	292.0
1461	-0.119	0.284	1.255	292.2
1462	-0.120	0.281	1.260	292.4
1463	-0.116	0.282	1.272	292.6
1464	-0.118	0.281	1.265	292.8
1465	-0.120	0.281	1.261	293.0
1466	-0.118	0.281	1.266	293.2
1467	-0.118	0.283	1.262	293.4
1468	-0.119	0.278	1.261	293.6
1469	-0.118	0.280	1.262	293.8
1470	-0.118	0.280	1.261	294.0
1471	-0.120	0.279	1.270	294.2
1472	-0.119	0.277	1.267	294.4
1473	-0.120	0.282	1.256	294.6
1474	-0.119	0.282	1.268	294.8
1475	-0.118	0.283	1.264	295.0
1476	-0.119	0.282	1.257	295.2
1477	-0.119	0.280	1.262	295.4
1478	-0.117	0.281	1.265	295.6
1479	-0.118	0.282	1.269	295.8
1480	-0.119	0.280	1.266	296.0
1481	-0.120	0.281	1.253	296.2
1482	-0.120	0.280	1.266	296.4
1483	-0.119	0.278	1.264	296.6
1484	-0.120	0.281	1.251	296.8
1485	-0.120	0.282	1.264	297.0
1486	-0.120	0.281	1.261	297.2
1487	-0.120	0.280	1.258	297.4
1488	-0.121	0.280	1.271	297.6
1489	-0.120	0.280	1.263	297.8
1490	-0.121	0.281	1.260	298.0
1491	-0.121	0.279	1.261	298.2
1492	-0.122	0.279	1.260	298.4
1493	-0.121	0.277	1.268	298.6
1494	-0.120	0.282	1.262	298.8
1495	-0.122	0.282	1.255	299.0
1496	-0.121	0.281	1.269	299.2
1497	-0.120	0.280	1.259	299.4
1498	-0.120	0.279	1.259	299.6
1499	-0.121	0.281	1.266	299.8
1500	-0.123	0.279	1.256	300.0
1501	-0.121	0.279	1.259	300.2
1502	-0.121	0.279	1.265	300.4
1503	-0.121	0.282	1.255	300.6
1504	-0.121	0.282	1.262	300.8
1505	-0.121	0.282	1.262	301.0
1506	-0.123	0.281	1.252	301.2
1507	-0.121	0.279	1.256	301.4
1508	-0.123	0.282	1.264	301.6
1509	-0.122	0.284	1.254	301.8
1510	-0.124	0.281	1.255	302.0
1511	-0.122	0.282	1.258	302.2
1512	-0.120	0.280	1.261	302.4
1513	-0.120	0.279	1.260	302.6
1514	-0.121	0.281	1.257	302.8
1515	-0.121	0.281	1.257	303.0
1516	-0.122	0.281	1.255	303.2
1517	-0.122	0.277	1.256	303.4
1518	-0.120	0.284	1.378	303.6
1519	-0.207	0.513	1.673	303.8
1520	-0.200	0.511	1.635	304.0
1521	-0.196	0.505	1.637	304.2
1522	-0.193	0.504	1.631	304.4
1523	-0.191	0.502	1.617	304.6
1524	-0.189	0.500	1.618	304.8
1525	-0.191	0.495	1.619	305.0
1526	-0.190	0.494	1.611	305.2
1527	-0.188	0.494	1.608	305.4
1528	-0.188	0.494	1.617	305.6
1529	-0.188	0.490	1.613	305.8
1530	-0.187	0.492	1.601	306.0
1531	-0.185	0.493	1.599	306.2
1532	-0.187	0.488	1.598	306.4
1533	-0.187	0.487	1.609	306.6
1534	-0.183	0.488	1.596	306.8
1535	-0.183	0.487	1.592	307.0
1536	-0.183	0.485	1.599	307.2
1537	-0.184	0.487	1.598	307.4
1538	-0.182	0.486	1.593	307.6
1539	-0.182	0.484	1.590	307.8
1540	-0.184	0.482	1.594	308.0
1541	-0.182	0.485	1.589	308.2
1542	-0.182	0.484	1.592	308.4
1543	-0.182	0.481	1.599	308.6
1544	-0.180	0.483	1.595	308.8
1545	-0.182	0.481	1.589	309.0
1546	-0.181	0.481	1.590	309.2
1547	-0.181	0.480	1.589	309.4
1548	-0.180	0.480	1.594	309.6
1549	-0.180	0.480	1.587	309.8
1550	-0.181	0.478	1.590	310.0
1551	-0.181	0.480	1.587	310.2
1552	-0.182	0.478	1.595	310.4
1553	-0.179	0.477	1.587	310.6
1554	-0.178	0.479	1.584	310.8
1555	-0.179	0.478	1.587	311.0
1556	-0.181	0.477	1.589	311.2
1557	-0.179	0.479	1.576	311.4
1558	-0.178	0.476	1.582	311.6
1559	-0.179	0.478	1.588	311.8
1560	-0.180	0.478	1.578	312.0
1561	-0.179	0.475	1.577	312.2
1562	-0.181	0.476	1.582	312.4
1563	-0.178	0.474	1.583	312.6
1564	-0.179	0.473	1.579	312.8
1565	-0.180	0.477	1.578	313.0
1566	-0.181	0.474	1.581	313.2
1567	-0.178	0.472	1.578	313.4
1568	-0.179	0.477	1.583	313.6
1569	-0.179	0.475	1.579	313.8
1570	-0.179	0.473	1.577	314.0
1571	-0.179	0.475	1.570	314.2
1572	-0.178	0.472	1.580	314.4
1573	-0.179	0.473	1.590	314.6
1574	-0.178	0.473	1.575	314.8
1575	-0.180	0.473	1.574	315.0
1576	-0.179	0.472	1.581	315.2
1577	-0.178	0.473	1.579	315.4
1578	-0.178	0.473	1.569	315.6
1579	-0.179	0.475	1.574	315.8
1580	-0.179	0.472	1.582	316.0
1581	-0.178	0.472	1.580	316.2
1582	-0.179	0.473	1.563	316.4
1583	-0.177	0.471	1.567	316.6
1584	-0.178	0.473	1.581	316.8
1585	-0.179	0.471	1.574	317.0
1586	-0.175	0.471	1.559	317.2
1587	-0.178	0.473	1.571	317.4
1588	-0.178	0.470	1.578	317.6
1589	-0.178	0.470	1.566	317.8
1590	-0.176	0.472	1.571	318.0
1591	-0.175	0.468	1.574	318.2
1592	-0.176	0.468	1.576	318.4
1593	-0.178	0.469	1.568	318.6
1594	-0.178	0.471	1.570	318.8
1595	-0.175	0.469	1.571	319.0
1596	-0.175	0.467	1.571	319.2
1597	-0.175	0.469	1.574	319.4
1598	-0.176	0.468	1.566	319.6
1599	-0.176	0.469	1.573	319.8
1600	-0.176	0.466	1.570	320.0
1601	-0.174	0.470	1.562	320.2
1602	-0.176	0.466	1.569	320.4
1603	-0.175	0.467	1.571	320.6
1604	-0.173	0.468	1.570	320.8
1605	-0.175	0.467	1.572	321.0
1606	-0.175	0.469	1.566	321.2
1607	-0.175	0.466	1.566	321.4
1608	-0.172	0.468	1.568	321.6
1609	-0.174	0.466	1.558	321.8
1610	-0.176	0.465	1.565	322.0
1611	-0.174	0.468	1.572	322.2
1612	-0.172	0.465	1.558	322.4
1613	-0.176	0.467	1.558	322.6
1614	-0.171	0.466	1.577	322.8
1615	-0.171	0.466	1.567	323.0
1616	-0.175	0.467	1.565	323.2
1617	-0.172	0.466	1.557	323.4
1618	-0.174	0.466	1.555	323.6
1619	-0.171	0.468	1.567	323.8
1620	-0.171	0.467	1.565	324.0
1621	-0.174	0.465	1.561	324.2
1622	-0.172	0.466	1.570	324.4
1623	-0.171	0.463	1.566	324.6
1624	-0.173	0.465	1.566	324.8
1625	-0.171	0.466	1.565	325.0
1626	-0.172	0.463	1.555	325.2
1627	-0.171	0.465	1.562	325.4
1628	-0.171	0.465	1.562	325.6
1629	-0.172	0.464	1.562	325.8
1630	-0.171	0.465	1.559	326.0
1631	-0.172	0.464	1.561	326.2
1632	-0.170	0.464	1.554	326.4
1633	-0.172	0.463	1.559	326.6
1634	-0.170	0.464	1.554	326.8
1635	-0.172	0.462	1.560	327.0
1636	-0.171	0.465	1.558	327.2
1637	-0.172	0.465	1.558	327.4
1638	-0.169	0.463	1.565	327.6
1639	-0.170	0.466	1.566	327.8
1640	-0.168	0.463	1.564	328.0
1641	-0.170	0.466	1.567	328.2
1642	-0.168	0.466	1.564	328.4
1643	-0.170	0.465	1.561	328.6
1644	-0.169	0.464	1.564	328.8
1645	-0.168	0.463	1.556	329.0
1646	-0.170	0.464	1.550	329.2
1647	-0.170	0.464	1.554	329.4
1648	-0.168	0.466	1.558	329.6
1649	-0.169	0.463	1.552	329.8
1650	-0.170	0.464	1.559	330.0
1651	-0.171	0.462	1.560	330.2
1652	-0.171	0.465	1.567	330.4
1653	-0.172	0.463	1.562	330.6
1654	-0.170	0.464	1.560	330.8
1655	-0.170	0.463	1.565	331.0
1656	-0.170	0.464	1.560	331.2
1657	-0.170	0.464	1.558	331.4
1658	-0.171	0.466	1.557	331.6
1659	-0.171	0.466	1.559	331.8
1660	-0.172	0.465	1.555	332.0
1661	-0.171	0.465	1.557	332.2
1662	-0.169	0.463	1.557	332.4
1663	-0.173	0.466	1.561	332.6
1664	-0.172	0.466	1.555	332.8
1665	-0.171	0.467	1.562	333.0
1666	-0.172	0.462	1.569	333.2
1667	-0.170	0.464	1.558	333.4
1668	-0.171	0.462	1.556	333.6
1669	-0.171	0.466	1.560	333.8
1670	-0.171	0.463	1.557	334.0
1671	-0.172	0.463	1.554	334.2
1672	-0.169	0.465	1.556	334.4
1673	-0.172	0.463	1.558	334.6
1674	-0.171	0.463	1.566	334.8
1675	-0.170	0.462	1.559	335.0
1676	-0.171	0.461	1.553	335.2
1677	-0.171	0.462	1.556	335.4
1678	-0.170	0.463	1.560	335.6
1679	-0.170	0.463	1.549	335.8
1680	-0.173	0.461	1.554	336.0
1681	-0.172	0.461	1.560	336.2
1682	-0.171	0.460	1.561	336.4
1683	-0.171	0.462	1.550	336.6
1684	-0.168	0.461	1.554	336.8
1685	-0.167	0.461	1.556	337.0
1686	-0.168	0.460	1.559	337.2
1687	-0.167	0.460	1.554	337.4
1688	-0.168	0.459	1.550	337.6
1689	-0.170	0.458	1.558	337.8
1690	-0.168	0.458	1.558	338.0
1691	-0.169	0.459	1.547	338.2
1692	-0.169	0.458	1.544	338.4
1693	-0.167	0.458	1.556	338.6
1694	-0.168	0.460	1.554	338.8
1695	-0.169	0.458	1.548	339.0
1696	-0.167	0.462	1.550	339.2
1697	-0.167	0.460	1.552	339.4
1698	-0.165	0.458	1.551	339.6
1699	-0.165	0.460	1.551	339.8
1700	-0.167	0.457	1.551	340.0
1701	-0.164	0.459	1.565	340.2
1702	-0.165	0.458	1.550	340.4
1703	-0.164	0.460	1.548	340.6
1704	-0.165	0.457	1.552	340.8
1705	-0.163	0.458	1.557	341.0
1706	-0.165	0.459	1.551	341.2
1707	-0.165	0.459	1.540	341.4
1708	-0.164	0.458	1.544	341.6
1709	-0.163	0.457	1.550	341.8
1710	-0.166	0.459	1.548	342.0
1711	-0.165	0.458	1.544	342.2
1712	-0.165	0.456	1.544	342.4
1713	-0.163	0.458	1.552	342.6
1714	-0.164	0.457	1.554	342.8
1715	-0.165	0.462	1.540	343.0
1716	-0.166	0.457	1.549	343.2
1717	-0.165	0.459	1.563	343.4
1718	-0.165	0.457	1.546	343.6
1719	-0.168	0.458	1.543	343.8
1720	-0.168	0.456	1.559	344.0
1721	-0.165	0.454	1.556	344.2
1722	-0.167	0.460	1.529	344.4
1723	-0.167	0.459	1.536	344.6
1724	-0.166	0.458	1.551	344.8
1725	-0.167	0.456	1.551	345.0
1726	-0.169	0.458	1.544	345.2
1727	-0.166	0.457	1.532	345.4
1728	-0.168	0.455	1.546	345.6
1729	-0.168	0.457	1.546	345.8
1730	-0.168	0.454	1.539	346.0
1731	-0.169	0.456	1.539	346.2
1732	-0.167	0.453	1.552	346.4
1733	-0.168	0.455	1.543	346.6
1734	-0.168	0.454	1.532	346.8
1735	-0.169	0.456	1.542	347.0
1736	-0.166	0.454	1.552	347.2
1737	-0.169	0.452	1.536	347.4
1738	-0.170	0.454	1.533	347.6
1739	-0.167	0.451	1.540	347.8
1740	-0.168	0.452	1.540	348.0
1741	-0.168	0.454	1.539	348.2
1742	-0.170	0.452	1.545	348.4
1743	-0.168	0.453	1.544	348.6
1744	-0.166	0.453	1.536	348.8
1745	-0.169	0.452	1.526	349.0
1746	-0.168	0.454	1.542	349.2
1747	-0.168	0.450	1.547	349.4
1748	-0.168	0.452	1.544	349.6
1749	-0.167	0.453	1.548	349.8
1750	-0.168	0.450	1.543	350.0
1751	-0.167	0.452	1.542	350.2
1752	-0.169	0.451	1.548	350.4
1753	-0.167	0.452	1.542	350.6
1754	-0.169	0.453	1.531	350.8
1755	-0.168	0.452	1.542	351.0
1756	-0.166	0.449	1.560	351.2
1757	-0.166	0.453	1.547	351.4
1758	-0.167	0.453	1.524	351.6
1759	-0.169	0.452	1.540	351.8
1760	-0.163	0.453	1.550	352.0
1761	-0.166	0.451	1.532	352.2
1762	-0.169	0.450	1.535	352.4
1763	-0.166	0.451	1.566	352.6
1764	-0.165	0.451	1.542	352.8
1765	-0.170	0.453	1.510	353.0
1766	-0.167	0.451	1.539	353.2
1767	-0.164	0.448	1.564	353.4
1768	-0.166	0.449	1.547	353.6
1769	-0.169	0.451	1.517	353.8
1770	-0.167	0.450	1.543	354.0
1771	-0.166	0.448	1.561	354.2
1772	-0.166	0.450	1.535	354.4
1773	-0.171	0.452	1.525	354.6
1774	-0.168	0.449	1.549	354.8
1775	-0.167	0.449	1.541	355.0
1776	-0.168	0.452	1.538	355.2
1777	-0.169	0.450	1.532	355.4
1778	-0.166	0.449	1.548	355.6
1779	-0.165	0.448	1.551	355.8
1780	-0.167	0.450	1.518	356.0
1781	-0.168	0.451	1.524	356.2
1782	-0.165	0.450	1.558	356.4
1783	-0.166	0.446	1.547	356.6
1784	-0.168	0.451	1.522	356.8
1785	-0.169	0.449	1.537	357.0
1786	-0.164	0.447	1.552	357.2
1787	-0.166	0.448	1.538	357.4
1788	-0.167	0.449	1.526	357.6
1789	-0.167	0.450	1.533	357.8
1790	-0.165	0.446	1.548	358.0
1791	-0.166	0.449	1.539	358.2
1792	-0.168	0.451	1.526	358.4
1793	-0.167	0.449	1.542	358.6
1794	-0.165	0.449	1.550	358.8
1795	-0.169	0.448	1.534	359.0
1796	-0.166	0.449	1.520	359.2
1797	-0.167	0.451	1.548	359.4
1798	-0.167	0.446	1.539	359.6
1799	-0.170	0.446	1.523	359.8
1800	-0.168	0.447	1.532	360.0
1801	-0.167	0.448	1.542	360.2
1802	-0.168	0.446	1.534	360.4
1803	-0.169	0.447	1.526	360.6
1804	-0.169	0.446	1.529	360.8
1805	-0.167	0.448	1.538	361.0
1806	-0.168	0.446	1.537	361.2
1807	-0.167	0.445	1.530	361.4
1808	-0.166	0.447	1.534	361.6
1809	-0.166	0.445	1.541	361.8
1810	-0.168	0.443	1.528	362.0
1811	-0.168	0.445	1.526	362.2
1812	-0.167	0.448	1.541	362.4
1813	-0.165	0.445	1.536	362.6
1814	-0.167	0.445	1.527	362.8
1815	-0.168	0.443	1.531	363.0
1816	-0.165	0.446	1.534	363.2
1817	-0.165	0.446	1.533	363.4
1818	-0.165	0.446	1.530	363.6
1819	-0.165	0.446	1.532	363.8
1820	-0.168	0.445	1.535	364.0
1821	-0.165	0.447	1.531	364.2
1822	-0.167	0.443	1.523	364.4
1823	-0.167	0.442	1.534	364.6
1824	-0.165	0.443	1.530	364.8
1825	-0.165	0.444	1.525	365.0
1826	-0.165	0.442	1.520	365.2
1827	-0.165	0.444	1.529	365.4
1828	-0.166	0.442	1.528	365.6
1829	-0.166	0.444	1.527	365.8
1830	-0.168	0.443	1.530	366.0
1831	-0.164	0.442	1.526	366.2
1832	-0.166	0.443	1.526	366.4
1833	-0.165	0.440	1.524	366.6
1834	-0.167	0.443	1.528	366.8
1835	-0.165	0.440	1.530	367.0
1836	-0.167	0.442	1.528	367.2
1837	-0.166	0.443	1.522	367.4
1838	-0.167	0.442	1.530	367.6
1839	-0.167	0.440	1.532	367.8
1840	-0.166	0.442	1.520	368.0
1841	-0.168	0.442	1.526	368.2
1842	-0.165	0.444	1.526	368.4
1843	-0.166	0.442	1.534	368.6
1844	-0.165	0.442	1.532	368.8
1845	-0.165	0.442	1.527	369.0
1846	-0.166	0.442	1.522	369.2
1847	-0.165	0.442	1.530	369.4
1848	-0.165	0.442	1.534	369.6
1849	-0.164	0.446	1.522	369.8
1850	-0.166	0.443	1.531	370.0
1851	-0.164	0.442	1.530	370.2
1852	-0.167	0.441	1.518	370.4
1853	-0.166	0.443	1.525	370.6
1854	-0.166	0.443	1.524	370.8
1855	-0.165	0.443	1.522	371.0
1856	-0.165	0.442	1.529	371.2
1857	-0.164	0.443	1.523	371.4
1858	-0.164	0.444	1.527	371.6
1859	-0.167	0.442	1.530	371.8
1860	-0.163	0.441	1.524	372.0
1861	-0.165	0.444	1.525	372.2
1862	-0.165	0.439	1.527	372.4
1863	-0.165	0.441	1.529	372.6
1864	-0.163	0.439	1.530	372.8
1865	-0.164	0.440	1.532	373.0
1866	-0.165	0.440	1.524	373.2
1867	-0.164	0.440	1.522	373.4
1868	-0.164	0.440	1.532	373.6
1869	-0.164	0.438	1.524	373.8
1870	-0.166	0.438	1.520	374.0
1871	-0.165	0.440	1.532	374.2
1872	-0.165	0.440	1.525	374.4
1873	-0.164	0.440	1.521	374.6
1874	-0.164	0.437	1.527	374.8
1875	-0.163	0.440	1.522	375.0
1876	-0.165	0.441	1.518	375.2
1877	-0.162	0.439	1.522	375.4
1878	-0.165	0.438	1.526	375.6
1879	-0.164	0.440	1.520	375.8
1880	-0.164	0.440	1.521	376.0
1881	-0.167	0.440	1.522	376.2
1882	-0.166	0.439	1.524	376.4
1883	-0.166	0.436	1.524	376.6
1884	-0.168	0.438	1.520	376.8
1885	-0.168	0.440	1.516	377.0
1886	-0.167	0.440	1.527	377.2
1887	-0.164	0.438	1.524	377.4
1888	-0.167	0.439	1.515	377.6
1889	-0.164	0.439	1.515	377.8
1890	-0.163	0.439	1.524	378.0
1891	-0.163	0.439	1.529	378.2
1892	-0.165	0.438	1.520	378.4
1893	-0.164	0.438	1.522	378.6
1894	-0.165	0.439	1.528	378.8
1895	-0.164	0.438	1.523	379.0
1896	-0.164	0.439	1.516	379.2
1897	-0.164	0.438	1.517	379.4
1898	-0.164	0.438	1.525	379.6
1899	-0.166	0.436	1.519	379.8
1900	-0.164	0.439	1.523	380.0
1901	-0.164	0.439	1.519	380.2
1902	-0.163	0.436	1.517	380.4
1903	-0.165	0.437	1.516	380.6
1904	-0.165	0.436	1.509	380.8
1905	-0.162	0.437	1.522	381.0
1906	-0.163	0.435	1.518	381.2
1907	-0.163	0.436	1.521	381.4
1908	-0.164	0.434	1.517	381.6
1909	-0.164	0.437	1.517	381.8
1910	-0.162	0.439	1.516	382.0
1911	-0.164	0.439	1.517	382.2
1912	-0.160	0.437	1.524	382.4
1913	-0.163	0.435	1.524	382.6
1914	-0.164	0.435	1.518	382.8
1915	-0.163	0.437	1.516	383.0
1916	-0.164	0.438	1.518	383.2
1917	-0.163	0.437	1.516	383.4
1918	-0.162	0.435	1.512	383.6
1919	-0.162	0.434	1.521	383.8
1920	-0.162	0.436	1.522	384.0
1921	-0.162	0.436	1.516	384.2
1922	-0.163	0.435	1.518	384.4
1923	-0.163	0.436	1.524	384.6
1924	-0.163	0.435	1.510	384.8
1925	-0.163	0.434	1.512	385.0
1926	-0.164	0.433	1.517	385.2
1927	-0.163	0.430	1.517	385.4
1928	-0.165	0.434	1.518	385.6
1929	-0.163	0.433	1.520	385.8
1930	-0.162	0.435	1.513	386.0
1931	-0.163	0.434	1.512	386.2
1932	-0.162	0.433	1.517	386.4
1933	-0.162	0.433	1.515	386.6
1934	-0.161	0.431	1.521	386.8
1935	-0.161	0.431	1.520	387.0
1936	-0.161	0.433	1.521	387.2
1937	-0.160	0.434	1.514	387.4
1938	-0.160	0.432	1.516	387.6
1939	-0.161	0.433	1.511	387.8
1940	-0.160	0.433	1.519	388.0
1941	-0.160	0.433	1.512	388.2
1942	-0.161	0.431	1.517	388.4
1943	-0.162	0.429	1.521	388.6
1944	-0.161	0.431	1.516	388.8
1945	-0.159	0.431	1.506	389.0
1946	-0.161	0.431	1.513	389.2
1947	-0.159	0.432	1.519	389.4
1948	-0.159	0.432	1.513	389.6
1949	-0.160	0.431	1.512	389.8
1950	-0.158	0.432	1.519	390.0
1951	-0.159	0.433	1.512	390.2
1952	-0.160	0.433	1.510	390.4
1953	-0.161	0.433	1.511	390.6
1954	-0.160	0.432	1.517	390.8
1955	-0.161	0.432	1.518	391.0
1956	-0.159	0.432	1.513	391.2
1957	-0.162	0.433	1.513	391.4
1958	-0.161	0.433	1.518	391.6
1959	-0.160	0.433	1.512	391.8
1960	-0.159	0.432	1.510	392.0
1961	-0.160	0.432	1.514	392.2
1962	-0.160	0.433	1.520	392.4
1963	-0.160	0.431	1.513	392.6
1964	-0.161	0.432	1.513	392.8
1965	-0.160	0.430	1.516	393.0
1966	-0.161	0.432	1.508	393.2
1967	-0.159	0.432	1.513	393.4
1968	-0.160	0.432	1.512	393.6
1969	-0.162	0.432	1.513	393.8
1970	-0.161	0.430	1.512	394.0
1971	-0.159	0.432	1.508	394.2
1972	-0.161	0.431	1.505	394.4
1973	-0.164	0.432	1.511	394.6
1974	-0.160	0.432	1.514	394.8
1975	-0.161	0.433	1.506	395.0
1976	-0.162	0.433	1.502	395.2
1977	-0.161	0.433	1.514	395.4
1978	-0.161	0.430	1.508	395.6
1979	-0.162	0.429	1.517	395.8
1980	-0.161	0.429	1.510	396.0
1981	-0.159	0.432	1.512	396.2
1982	-0.163	0.432	1.512	396.4
1983	-0.161	0.430	1.510	396.6
1984	-0.161	0.432	1.515	396.8
1985	-0.160	0.433	1.518	397.0
1986	-0.162	0.432	1.510	397.2
1987	-0.161	0.432	1.507	397.4
1988	-0.163	0.432	1.519	397.6
1989	-0.164	0.434	1.514	397.8
1990	-0.163	0.430	1.515	398.0
1991	-0.162	0.432	1.509	398.2
1992	-0.162	0.431	1.507	398.4
1993	-0.164	0.432	1.509	398.6
1994	-0.163	0.433	1.509	398.8
1995	-0.164	0.433	1.509	399.0
1996	-0.164	0.433	1.512	399.2
1997	-0.164	0.431	1.508	399.4
1998	-0.164	0.431	1.512	399.6
1999	-0.165	0.430	1.507	399.8
2000	-0.164	0.432	1.507	400.0
2001	-0.165	0.430	1.510	400.2
2002	-0.165	0.431	1.516	400.4
2003	-0.165	0.432	1.505	400.6
2004	-0.166	0.431	1.514	400.8
2005	-0.164	0.432	1.521	401.0
2006	-0.165	0.433	1.506	401.2
2007	-0.163	0.433	1.509	401.4
2008	-0.165	0.434	1.513	401.6
2009	-0.165	0.433	1.512	401.8
2010	-0.166	0.430	1.512	402.0
2011	-0.164	0.431	1.513	402.2
2012	-0.165	0.432	1.508	402.4
2013	-0.167	0.433	1.518	402.6
2014	-0.166	0.432	1.505	402.8
2015	-0.164	0.433	1.511	403.0
2016	-0.164	0.433	1.518	403.2
2017	-0.163	0.434	1.507	403.4
2018	-0.164	0.433	1.505	403.6
2019	-0.205	0.524	1.786	403.8
2020	-0.292	0.738	2.056	404.0
2021	-0.288	0.735	1.980	404.2
2022	-0.286	0.731	2.019	404.4
2023	-0.284	0.729	1.995	404.6
2024	-0.281	0.725	2.014	404.8
2025	-0.281	0.726	1.997	405.0
2026	-0.282	0.724	1.986	405.2
2027	-0.280	0.722	1.994	405.4
2028	-0.280	0.721	2.002	405.6
2029	-0.279	0.722	1.986	405.8
2030	-0.280	0.722	1.991	406.0
2031	-0.277	0.719	1.996	406.2
2032	-0.277	0.718	1.996	406.4
2033	-0.278	0.715	1.976	406.6
2034	-0.279	0.716	1.977	406.8
2035	-0.276	0.714	1.992	407.0
2036	-0.277	0.716	1.991	407.2
2037	-0.276	0.714	1.981	407.4
2038	-0.278	0.712	1.981	407.6
2039	-0.275	0.713	1.986	407.8
2040	-0.274	0.714	1.980	408.0
2041	-0.277	0.715	1.971	408.2
2042	-0.273	0.714	1.983	408.4
2043	-0.273	0.713	1.982	408.6
2044	-0.276	0.711	1.979	408.8
2045	-0.274	0.710	1.970	409.0
2046	-0.273	0.709	1.969	409.2
2047	-0.274	0.709	1.973	409.4
2048	-0.273	0.710	1.971	409.6
2049	-0.273	0.709	1.967	409.8
2050	-0.272	0.709	1.979	410.0
2051	-0.273	0.708	1.971	410.2
2052	-0.272	0.709	1.965	410.4
2053	-0.272	0.708	1.968	410.6
2054	-0.269	0.708	1.970	410.8
2055	-0.269	0.708	1.964	411.0
2056	-0.269	0.708	1.962	411.2
2057	-0.271	0.707	1.969	411.4
2058	-0.268	0.703	1.975	411.6
2059	-0.268	0.704	1.965	411.8
2060	-0.271	0.704	1.963	412.0
2061	-0.269	0.702	1.964	412.2
2062	-0.269	0.705	1.959	412.4
2063	-0.268	0.705	1.971	412.6
2064	-0.268	0.703	1.964	412.8
2065	-0.268	0.703	1.958	413.0
2066	-0.267	0.705	1.964	413.2
2067	-0.267	0.703	1.960	413.4
2068	-0.268	0.699	1.957	413.6
2069	-0.267	0.701	1.962	413.8
2070	-0.268	0.704	1.959	414.0
2071	-0.266	0.702	1.964	414.2
2072	-0.267	0.701	1.955	414.4
2073	-0.265	0.703	1.952	414.6
2074	-0.267	0.700	1.954	414.8
2075	-0.265	0.705	1.962	415.0
2076	-0.264	0.700	1.956	415.2
2077	-0.262	0.701	1.956	415.4
2078	-0.265	0.700	1.954	415.6
2079	-0.262	0.701	1.960	415.8
2080	-0.264	0.700	1.956	416.0
2081	-0.263	0.700	1.949	416.2
2082	-0.265	0.703	1.952	416.4
2083	-0.263	0.700	1.955	416.6
2084	-0.262	0.700	1.959	416.8
2085	-0.259	0.698	1.954	417.0
2086	-0.259	0.697	1.948	417.2
2087	-0.262	0.698	1.951	417.4
2088	-0.262	0.696	1.951	417.6
2089	-0.260	0.699	1.950	417.8
2090	-0.261	0.698	1.957	418.0
2091	-0.260	0.696	1.941	418.2
2092	-0.260	0.697	1.944	418.4
2093	-0.260	0.694	1.947	418.6
2094	-0.259	0.696	1.946	418.8
2095	-0.257	0.695	1.942	419.0
2096	-0.259	0.697	1.943	419.2
2097	-0.258	0.696	1.948	419.4
2098	-0.257	0.694	1.940	419.6
2099	-0.257	0.692	1.940	419.8
2100	-0.256	0.696	1.938	420.0
2101	-0.257	0.696	1.940	420.2
2102	-0.256	0.695	1.953	420.4
2103	-0.254	0.696	1.941	420.6
2104	-0.256	0.695	1.938	420.8
2105	-0.253	0.695	1.946	421.0
2106	-0.255	0.693	1.939	421.2
2107	-0.255	0.693	1.941	421.4
2108	-0.255	0.693	1.938	421.6
2109	-0.255	0.690	1.939	421.8
2110	-0.257	0.693	1.945	422.0
2111	-0.253	0.694	1.939	422.2
2112	-0.255	0.692	1.938	422.4
2113	-0.256	0.692	1.940	422.6
2114	-0.251	0.691	1.938	422.8
2115	-0.251	0.691	1.933	423.0
2116	-0.252	0.689	1.940	423.2
2117	-0.253	0.691	1.941	423.4
2118	-0.255	0.692	1.929	423.6
2119	-0.253	0.692	1.937	423.8
2120	-0.254	0.692	1.926	424.0
2121	-0.254	0.687	1.931	424.2
2122	-0.252	0.691	1.945	424.4
2123	-0.252	0.688	1.929	424.6
2124	-0.250	0.689	1.933	424.8
2125	-0.252	0.689	1.937	425.0
2126	-0.250	0.692	1.924	425.2
2127	-0.250	0.690	1.925	425.4
2128	-0.251	0.688	1.940	425.6
2129	-0.251	0.687	1.929	425.8
2130	-0.251	0.687	1.936	426.0
2131	-0.249	0.689	1.928	426.2
2132	-0.249	0.686	1.931	426.4
2133	-0.249	0.686	1.932	426.6
2134	-0.249	0.689	1.925	426.8
2135	-0.251	0.687	1.924	427.0
2136	-0.249	0.687	1.934	427.2
2137	-0.248	0.686	1.933	427.4
2138	-0.249	0.689	1.925	427.6
2139	-0.248	0.687	1.935	427.8
2140	-0.247	0.687	1.929	428.0
2141	-0.248	0.688	1.921	428.2
2142	-0.249	0.686	1.933	428.4
2143	-0.248	0.686	1.928	428.6
2144	-0.248	0.681	1.915	428.8
2145	-0.247	0.685	1.928	429.0
2146	-0.247	0.686	1.923	429.2
2147	-0.247	0.687	1.925	429.4
2148	-0.248	0.682	1.936	429.6
2149	-0.245	0.683	1.929	429.8
2150	-0.244	0.684	1.919	430.0
2151	-0.246	0.683	1.925	430.2
2152	-0.245	0.683	1.922	430.4
2153	-0.248	0.685	1.922	430.6
2154	-0.248	0.683	1.928	430.8
2155	-0.245	0.686	1.926	431.0
2156	-0.248	0.685	1.928	431.2
2157	-0.246	0.682	1.924	431.4
2158	-0.246	0.685	1.920	431.6
2159	-0.246	0.685	1.921	431.8
2160	-0.245	0.684	1.931	432.0
2161	-0.245	0.687	1.928	432.2
2162	-0.245	0.685	1.918	432.4
2163	-0.246	0.685	1.925	432.6
2164	-0.242	0.683	1.917	432.8
2165	-0.245	0.684	1.922	433.0
2166	-0.246	0.684	1.917	433.2
2167	-0.246	0.682	1.920	433.4
2168	-0.246	0.683	1.914	433.6
2169	-0.244	0.684	1.927	433.8
2170	-0.243	0.683	1.923	434.0
2171	-0.246	0.684	1.914	434.2
2172	-0.244	0.681	1.918	434.4
2173	-0.244	0.682	1.915	434.6
2174	-0.244	0.683	1.924	434.8
2175	-0.246	0.683	1.926	435.0
2176	-0.244	0.683	1.913	435.2
2177	-0.246	0.680	1.915	435.4
2178	-0.243	0.682	1.928	435.6
2179	-0.245	0.681	1.913	435.8
2180	-0.242	0.682	1.921	436.0
2181	-0.243	0.682	1.917	436.2
2182	-0.242	0.680	1.910	436.4
2183	-0.244	0.680	1.921	436.6
2184	-0.245	0.681	1.920	436.8
2185	-0.244	0.678	1.909	437.0
2186	-0.244	0.678	1.917	437.2
2187	-0.244	0.680	1.919	437.4
2188	-0.244	0.679	1.916	437.6
2189	-0.244	0.680	1.915	437.8
2190	-0.244	0.679	1.911	438.0
2191	-0.245	0.681	1.912	438.2
2192	-0.244	0.677	1.913	438.4
2193	-0.244	0.677	1.916	438.6
2194	-0.247	0.678	1.911	438.8
2195	-0.244	0.676	1.913	439.0
2196	-0.242	0.675	1.913	439.2
2197	-0.245	0.676	1.909	439.4
2198	-0.244	0.674	1.913	439.6
2199	-0.247	0.678	1.909	439.8
2200	-0.244	0.675	1.914	440.0
2201	-0.245	0.676	1.917	440.2
2202	-0.243	0.675	1.913	440.4
2203	-0.246	0.676	1.917	440.6
2204	-0.245	0.677	1.913	440.8
2205	-0.245	0.678	1.916	441.0
2206	-0.246	0.676	1.916	441.2
2207	-0.246	0.678	1.921	441.4
2208	-0.246	0.676	1.914	441.6
2209	-0.245	0.676	1.906	441.8
2210	-0.245	0.675	1.907	442.0
2211	-0.245	0.676	1.913	442.2
2212	-0.245	0.675	1.914	442.4
2213	-0.245	0.673	1.909	442.6
2214	-0.246	0.676	1.911	442.8
2215	-0.243	0.675	1.905	443.0
2216	-0.245	0.674	1.911	443.2
2217	-0.246	0.673	1.914	443.4
2218	-0.246	0.675	1.913	443.6
2219	-0.242	0.674	1.907	443.8
2220	-0.246	0.677	1.907	444.0
2221	-0.244	0.674	1.911	444.2
2222	-0.244	0.675	1.905	444.4
2223	-0.246	0.672	1.909	444.6
2224	-0.246	0.674	1.901	444.8
2225	-0.246	0.674	1.905	445.0
2226	-0.243	0.673	1.916	445.2
2227	-0.243	0.673	1.910	445.4
2228	-0.246	0.674	1.904	445.6
2229	-0.245	0.675	1.907	445.8
2230	-0.244	0.675	1.912	446.0
2231	-0.247	0.675	1.909	446.2
2232	-0.246	0.673	1.908	446.4
2233	-0.246	0.673	1.909	446.6
2234	-0.246	0.670	1.906	446.8
2235	-0.244	0.672	1.912	447.0
2236	-0.248	0.673	1.911	447.2
2237	-0.247	0.673	1.904	447.4
2238	-0.246	0.673	1.904	447.6
2239	-0.245	0.673	1.910	447.8
2240	-0.246	0.673	1.903	448.0
2241	-0.246	0.671	1.905	448.2
2242	-0.245	0.670	1.905	448.4
2243	-0.247	0.672	1.899	448.6
2244	-0.245	0.674	1.908	448.8
2245	-0.245	0.674	1.908	449.0
2246	-0.245	0.672	1.901	449.2
2247	-0.246	0.671	1.899	449.4
2248	-0.243	0.672	1.905	449.6
2249	-0.246	0.670	1.905	449.8
2250	-0.246	0.672	1.901	450.0
2251	-0.245	0.672	1.900	450.2
2252	-0.243	0.671	1.908	450.4
2253	-0.245	0.669	1.905	450.6
2254	-0.245	0.669	1.891	450.8
2255	-0.247	0.669	1.901	451.0
2256	-0.244	0.671	1.914	451.2
2257	-0.243	0.671	1.903	451.4
2258	-0.246	0.669	1.899	451.6
2259	-0.246	0.668	1.900	451.8
2260	-0.245	0.669	1.901	452.0
2261	-0.245	0.668	1.901	452.2
2262	-0.245	0.669	1.900	452.4
2263	-0.245	0.670	1.898	452.6
2264	-0.244	0.669	1.899	452.8
2265	-0.244	0.667	1.900	453.0
2266	-0.243	0.668	1.893	453.2
2267	-0.245	0.670	1.901	453.4
2268	-0.244	0.668	1.905	453.6
2269	-0.243	0.669	1.897	453.8
2270	-0.244	0.669	1.897	454.0
2271	-0.244	0.670	1.893	454.2
2272	-0.244	0.666	1.894	454.4
2273	-0.244	0.667	1.901	454.6
2274	-0.244	0.667	1.901	454.8
2275	-0.241	0.668	1.901	455.0
2276	-0.245	0.666	1.897	455.2
2277	-0.244	0.667	1.898	455.4
2278	-0.242	0.669	1.893	455.6
2279	-0.243	0.669	1.901	455.8
2280	-0.242	0.666	1.901	456.0
2281	-0.244	0.665	1.891	456.2
2282	-0.242	0.668	1.903	456.4
2283	-0.242	0.669	1.896	456.6
2284	-0.242	0.667	1.888	456.8
2285	-0.244	0.666	1.895	457.0
2286	-0.243	0.668	1.890	457.2
2287	-0.243	0.667	1.901	457.4
2288	-0.242	0.668	1.891	457.6
2289	-0.242	0.665	1.893	457.8
2290	-0.243	0.665	1.900	458.0
2291	-0.241	0.667	1.893	458.2
2292	-0.240	0.668	1.886	458.4
2293	-0.241	0.666	1.900	458.6
2294	-0.242	0.666	1.900	458.8
2295	-0.242	0.667	1.896	459.0
2296	-0.242	0.666	1.893	459.2
2297	-0.241	0.670	1.898	459.4
2298	-0.244	0.665	1.891	459.6
2299	-0.242	0.666	1.899	459.8
2300	-0.242	0.666	1.889	460.0
2301	-0.244	0.665	1.897	460.2
2302	-0.243	0.666	1.903	460.4
2303	-0.244	0.665	1.885	460.6
2304	-0.245	0.665	1.887	460.8
2305	-0.242	0.664	1.896	461.0
2306	-0.240	0.665	1.893	461.2
2307	-0.241	0.666	1.892	461.4
2308	-0.243	0.667	1.887	461.6
2309	-0.241	0.665	1.892	461.8
2310	-0.241	0.663	1.892	462.0
2311	-0.242	0.666	1.893	462.2
2312	-0.243	0.665	1.889	462.4
2313	-0.242	0.664	1.897	462.6
2314	-0.240	0.665	1.892	462.8
2315	-0.241	0.666	1.886	463.0
2316	-0.243	0.665	1.889	463.2
2317	-0.241	0.664	1.893	463.4
2318	-0.240	0.666	1.894	463.6
2319	-0.239	0.666	1.895	463.8
2320	-0.240	0.662	1.887	464.0
2321	-0.242	0.663	1.887	464.2
2322	-0.239	0.665	1.886	464.4
2323	-0.242	0.664	1.893	464.6
2324	-0.241	0.664	1.893	464.8
2325	-0.240	0.662	1.888	465.0
2326	-0.240	0.665	1.887	465.2
2327	-0.241	0.662	1.883	465.4
2328	-0.240	0.662	1.891	465.6
2329	-0.239	0.663	1.893	465.8
2330	-0.241	0.664	1.893	466.0
2331	-0.240	0.663	1.880	466.2
2332	-0.241	0.661	1.888	466.4
2333	-0.240	0.664	1.892	466.6
2334	-0.238	0.665	1.887	466.8
2335	-0.241	0.661	1.882	467.0
2336	-0.238	0.663	1.884	467.2
2337	-0.240	0.662	1.891	467.4
2338	-0.238	0.663	1.887	467.6
2339	-0.240	0.660	1.885	467.8
2340	-0.241	0.661	1.881	468.0
2341	-0.239	0.662	1.889	468.2
2342	-0.239	0.663	1.882	468.4
2343	-0.239	0.663	1.882	468.6
2344	-0.239	0.661	1.889	468.8
2345	-0.240	0.662	1.884	469.0
2346	-0.240	0.662	1.882	469.2
2347	-0.239	0.662	1.887	469.4
2348	-0.238	0.660	1.894	469.6
2349	-0.237	0.663	1.885	469.8
2350	-0.239	0.664	1.891	470.0
2351	-0.238	0.659	1.887	470.2
2352	-0.239	0.660	1.884	470.4
2353	-0.238	0.664	1.890	470.6
2354	-0.238	0.661	1.888	470.8
2355	-0.237	0.659	1.893	471.0
2356	-0.239	0.660	1.887	471.2
2357	-0.237	0.662	1.875	471.4
2358	-0.239	0.662	1.880	471.6
2359	-0.238	0.663	1.897	471.8
2360	-0.238	0.660	1.883	472.0
2361	-0.241	0.662	1.874	472.2
2362	-0.239	0.662	1.888	472.4
2363	-0.240	0.659	1.893	472.6
2364	-0.238	0.660	1.884	472.8
2365	-0.240	0.666	1.880	473.0
2366	-0.238	0.663	1.896	473.2
2367	-0.237	0.661	1.890	473.4
2368	-0.238	0.662	1.881	473.6
2369	-0.237	0.662	1.877	473.8
2370	-0.238	0.660	1.889	474.0
2371	-0.237	0.661	1.889	474.2
2372	-0.238	0.662	1.881	474.4
2373	-0.239	0.660	1.887	474.6
2374	-0.237	0.661	1.890	474.8
2375	-0.238	0.661	1.883	475.0
2376	-0.238	0.663	1.884	475.2
2377	-0.238	0.660	1.883	475.4
2378	-0.237	0.662	1.889	475.6
2379	-0.238	0.663	1.889	475.8
2380	-0.239	0.661	1.881	476.0
2381	-0.236	0.660	1.876	476.2
2382	-0.236	0.660	1.889	476.4
2383	-0.238	0.661	1.883	476.6
2384	-0.236	0.663	1.890	476.8
2385	-0.236	0.662	1.883	477.0
2386	-0.237	0.662	1.883	477.2
2387	-0.238	0.660	1.882	477.4
2388	-0.240	0.662	1.889	477.6
2389	-0.237	0.661	1.884	477.8
2390	-0.235	0.662	1.881	478.0
2391	-0.237	0.659	1.890	478.2
2392	-0.237	0.661	1.879	478.4
2393	-0.238	0.662	1.878	478.6
2394	-0.238	0.659	1.876	478.8
2395	-0.238	0.662	1.899	479.0
2396	-0.238	0.662	1.883	479.2
2397	-0.239	0.659	1.875	479.4
2398	-0.238	0.663	1.880	479.6
2399	-0.238	0.661	1.892	479.8
2400	-0.237	0.660	1.883	480.0
2401	-0.239	0.659	1.873	480.2
2402	-0.236	0.660	1.890	480.4
2403	-0.236	0.659	1.875	480.6
2404	-0.239	0.660	1.875	480.8
2405	-0.236	0.661	1.883	481.0
2406	-0.236	0.659	1.876	481.2
2407	-0.238	0.656	1.882	481.4
2408	-0.237	0.662	1.889	481.6
2409	-0.236	0.658	1.873	481.8
2410	-0.239	0.658	1.876	482.0
2411	-0.236	0.659	1.878	482.2
2412	-0.238	0.658	1.877	482.4
2413	-0.236	0.657	1.887	482.6
2414	-0.236	0.660	1.880	482.8
2415	-0.237	0.658	1.885	483.0
2416	-0.238	0.658	1.879	483.2
2417	-0.238	0.660	1.867	483.4
2418	-0.237	0.658	1.872	483.6
2419	-0.237	0.657	1.894	483.8
2420	-0.237	0.659	1.875	484.0
2421	-0.235	0.660	1.874	484.2
2422	-0.236	0.657	1.889	484.4
2423	-0.234	0.656	1.879	484.6
2424	-0.237	0.659	1.871	484.8
2425	-0.237	0.660	1.881	485.0
2426	-0.235	0.656	1.887	485.2
2427	-0.235	0.660	1.884	485.4
2428	-0.237	0.659	1.874	485.6
2429	-0.236	0.658	1.863	485.8
2430	-0.238	0.662	1.887	486.0
2431	-0.235	0.658	1.882	486.2
2432	-0.238	0.658	1.871	486.4
2433	-0.237	0.660	1.878	486.6
2434	-0.235	0.662	1.881	486.8
2435	-0.236	0.657	1.867	487.0
2436	-0.237	0.659	1.880	487.2
2437	-0.235	0.660	1.888	487.4
2438	-0.235	0.657	1.881	487.6
2439	-0.236	0.660	1.875	487.8
2440	-0.234	0.660	1.874	488.0
2441	-0.235	0.657	1.885	488.2
2442	-0.233	0.660	1.885	488.4
2443	-0.235	0.660	1.879	488.6
2444	-0.236	0.658	1.875	488.8
2445	-0.237	0.660	1.881	489.0
2446	-0.234	0.660	1.885	489.2
2447	-0.235	0.658	1.875	489.4
2448	-0.236	0.658	1.878	489.6
2449	-0.235	0.660	1.879	489.8
2450	-0.235	0.659	1.886	490.0
2451	-0.235	0.658	1.880	490.2
2452	-0.236	0.658	1.872	490.4
2453	-0.235	0.658	1.876	490.6
2454	-0.234	0.658	1.890	490.8
2455	-0.236	0.659	1.873	491.0
2456	-0.236	0.661	1.870	491.2
2457	-0.234	0.658	1.877	491.4
2458	-0.235	0.659	1.878	491.6
2459	-0.235	0.659	1.879	491.8
2460	-0.235	0.656	1.873	492.0
2461	-0.236	0.658	1.881	492.2
2462	-0.234	0.660	1.884	492.4
2463	-0.235	0.658	1.875	492.6
2464	-0.234	0.661	1.862	492.8
2465	-0.235	0.658	1.884	493.0
2466	-0.233	0.656	1.884	493.2
2467	-0.233	0.661	1.874	493.4
2468	-0.234	0.658	1.878	493.6
2469	-0.233	0.657	1.884	493.8
2470	-0.234	0.656	1.879	494.0
2471	-0.235	0.656	1.875	494.2
2472	-0.234	0.658	1.875	494.4
2473	-0.233	0.659	1.880	494.6
2474	-0.234	0.659	1.880	494.8
2475	-0.234	0.656	1.873	495.0
2476	-0.235	0.659	1.874	495.2
2477	-0.233	0.656	1.880	495.4
2478	-0.235	0.656	1.879	495.6
2479	-0.236	0.659	1.869	495.8
2480	-0.234	0.655	1.880	496.0
2481	-0.235	0.655	1.883	496.2
2482	-0.235	0.658	1.872	496.4
2483	-0.234	0.657	1.883	496.6
2484	-0.234	0.656	1.879	496.8
2485	-0.235	0.658	1.880	497.0
2486	-0.235	0.656	1.875	497.2
2487	-0.233	0.659	1.871	497.4
2488	-0.232	0.659	1.880	497.6
2489	-0.234	0.656	1.880	497.8
2490	-0.234	0.658	1.871	498.0
2491	-0.231	0.658	1.873	498.2
2492	-0.232	0.656	1.884	498.4
2493	-0.232	0.656	1.870	498.6
2494	-0.232	0.658	1.879	498.8
2495	-0.233	0.656	1.874	499.0
2496	-0.232	0.657	1.873	499.2
2497	-0.233	0.657	1.872	499.4
2498	-0.234	0.658	1.873	499.6
2499	-0.232	0.659	1.877	499.8
2500	-0.234	0.655	1.868	500.0
2501	-0.233	0.658	1.870	500.2
2502	-0.233	0.659	1.874	500.4
2503	-0.234	0.657	1.877	500.6
2504	-0.234	0.655	1.869	500.8
2505	-0.233	0.656	1.870	501.0
2506	-0.234	0.657	1.871	501.2
2507	-0.232	0.658	1.876	501.4
2508	-0.233	0.654	1.875	501.6
2509	-0.233	0.657	1.870	501.8
2510	-0.232	0.657	1.868	502.0
2511	-0.232	0.655	1.870	502.2
2512	-0.233	0.658	1.879	502.4
2513	-0.233	0.655	1.870	502.6
2514	-0.233	0.657	1.878	502.8
2515	-0.231	0.654	1.870	503.0
2516	-0.233	0.656	1.873	503.2
2517	-0.233	0.657	1.873	503.4
2518	-0.230	0.655	1.875	503.6
2519	-0.233	0.654	1.877	503.8
2520	-0.119	0.390	1.302	504.0
2521	-0.023	0.073	0.791	504.2
2522	-0.022	-0.019	0.776	504.4
2523	-0.022	-0.015	0.783	504.6
2524	-0.024	-0.016	0.777	504.8
2525	-0.026	-0.017	0.776	505.0
2526	-0.025	-0.015	0.779	505.2
2527	-0.023	-0.017	0.778	505.4
2528	-0.023	-0.019	0.779	505.6
2529	-0.025	-0.019	0.778	505.8
2530	-0.023	-0.018	0.784	506.0
2531	-0.025	-0.018	0.779	506.2
2532	-0.024	-0.017	0.767	506.4
2533	-0.024	-0.015	0.772	506.6
2534	-0.025	-0.018	0.783	506.8
2535	-0.024	-0.016	0.780	507.0
2536	-0.026	-0.017	0.781	507.2
2537	-0.028	-0.018	0.782	507.4
2538	-0.029	-0.018	0.774	507.6
2539	-0.025	-0.018	0.768	507.8
2540	-0.030	-0.017	0.774	508.0
2541	-0.028	-0.015	0.788	508.2
2542	-0.028	-0.015	0.774	508.4
2543	-0.028	-0.015	0.771	508.6
2544	-0.027	-0.016	0.773	508.8
2545	-0.028	-0.016	0.774	509.0
2546	-0.030	-0.017	0.778	509.2
2547	-0.029	-0.016	0.780	509.4
2548	-0.026	-0.016	0.779	509.6
2549	-0.025	-0.015	0.778	509.8
2550	-0.029	-0.016	0.774	510.0
2551	-0.028	-0.017	0.775	510.2
2552	-0.029	-0.015	0.779	510.4
2553	-0.025	-0.017	0.782	510.6
2554	-0.026	-0.018	0.778	510.8
2555	-0.025	-0.016	0.777	511.0
2556	-0.025	-0.018	0.773	511.2
2557	-0.027	-0.019	0.775	511.4
2558	-0.026	-0.015	0.780	511.6
2559	-0.027	-0.017	0.779	511.8
2560	-0.026	-0.017	0.776	512.0
2561	-0.026	-0.017	0.775	512.2
2562	-0.026	-0.017	0.777	512.4
2563	-0.024	-0.018	0.778	512.6
2564	-0.024	-0.016	0.780	512.8
2565	-0.028	-0.018	0.780	513.0
2566	-0.025	-0.015	0.776	513.2
2567	-0.025	-0.015	0.774	513.4
2568	-0.025	-0.019	0.776	513.6
2569	-0.026	-0.015	0.779	513.8
2570	-0.024	-0.018	0.780	514.0
2571	-0.024	-0.015	0.776	514.2
2572	-0.026	-0.014	0.778	514.4
2573	-0.026	-0.014	0.776	514.6
2574	-0.025	-0.015	0.779	514.8
2575	-0.025	-0.018	0.779	515.0
2576	-0.025	-0.015	0.779	515.2
2577	-0.025	-0.016	0.776	515.4
2578	-0.026	-0.015	0.779	515.6
2579	-0.026	-0.016	0.780	515.8
2580	-0.026	-0.016	0.779	516.0
2581	-0.026	-0.014	0.780	516.2
2582	-0.024	-0.017	0.777	516.4
2583	-0.025	-0.017	0.778	516.6
2584	-0.026	-0.015	0.778	516.8
2585	-0.025	-0.018	0.780	517.0
2586	-0.025	-0.015	0.779	517.2
2587	-0.026	-0.015	0.778	517.4
2588	-0.026	-0.015	0.776	517.6
2589	-0.024	-0.016	0.777	517.8
2590	-0.025	-0.016	0.776	518.0
2591	-0.024	-0.015	0.780	518.2
2592	-0.025	-0.018	0.779	518.4
2593	-0.020	-0.014	0.780	518.6
2594	-0.026	-0.018	0.777	518.8
2595	-0.024	-0.018	0.774	519.0
2596	-0.024	-0.018	0.778	519.2
2597	-0.025	-0.015	0.780	519.4
2598	-0.026	-0.017	0.783	519.6
2599	-0.025	-0.015	0.777	519.8
2600	-0.027	-0.016	0.776	520.0
2601	-0.027	-0.016	0.770	520.2
2602	-0.028	-0.016	0.777	520.4
2603	-0.029	-0.015	0.781	520.6
2604	-0.027	-0.015	0.779	520.8
2605	-0.030	-0.013	0.775	521.0
2606	-0.028	-0.017	0.779	521.2
2607	-0.028	-0.015	0.777	521.4
2608	-0.029	-0.016	0.779	521.6
2609	-0.028	-0.017	0.779	521.8
2610	-0.029	-0.017	0.778	522.0
2611	-0.029	-0.016	0.775	522.2
2612	-0.029	-0.015	0.778	522.4
2613	-0.031	-0.015	0.775	522.6
2614	-0.030	-0.014	0.776	522.8
2615	-0.029	-0.016	0.777	523.0
2616	-0.028	-0.015	0.778	523.2
2617	-0.029	-0.016	0.778	523.4
2618	-0.030	-0.017	0.780	523.6
2619	-0.029	-0.017	0.777	523.8
2620	-0.027	-0.016	0.779	524.0
2621	-0.027	-0.012	0.778	524.2
2622	-0.028	-0.013	0.778	524.4
2623	-0.029	-0.014	0.779	524.6
2624	-0.025	-0.015	0.775	524.8
2625	-0.026	-0.018	0.777	525.0
2626	-0.025	-0.015	0.776	525.2
2627	-0.026	-0.017	0.778	525.4
2628	-0.023	-0.017	0.780	525.6
2629	-0.025	-0.015	0.779	525.8
2630	-0.023	-0.013	0.776	526.0
2631	-0.024	-0.017	0.777	526.2
2632	-0.022	-0.018	0.776	526.4
2633	-0.020	-0.018	0.780	526.6
2634	-0.023	-0.015	0.779	526.8
2635	-0.022	-0.014	0.779	527.0
2636	-0.022	-0.016	0.776	527.2
2637	-0.022	-0.014	0.776	527.4
2638	-0.024	-0.016	0.775	527.6
2639	-0.022	-0.015	0.782	527.8
2640	-0.024	-0.018	0.781	528.0
2641	-0.024	-0.017	0.779	528.2
2642	-0.023	-0.013	0.775	528.4
2643	-0.024	-0.017	0.776	528.6
2644	-0.026	-0.014	0.778	528.8
2645	-0.025	-0.017	0.782	529.0
2646	-0.026	-0.018	0.780	529.2
2647	-0.025	-0.015	0.772	529.4
2648	-0.023	-0.016	0.778	529.6
2649	-0.026	-0.013	0.777	529.8
2650	-0.027	-0.017	0.778	530.0
2651	-0.027	-0.013	0.782	530.2
2652	-0.024	-0.015	0.779	530.4
2653	-0.024	-0.014	0.774	530.6
2654	-0.025	-0.016	0.776	530.8
2655	-0.025	-0.017	0.781	531.0
2656	-0.026	-0.014	0.783	531.2
2657	-0.025	-0.018	0.778	531.4
2658	-0.026	-0.013	0.774	531.6
2659	-0.024	-0.014	0.775	531.8
2660	-0.025	-0.014	0.779	532.0
2661	-0.025	-0.015	0.780	532.2
2662	-0.025	-0.014	0.779	532.4
2663	-0.025	-0.016	0.777	532.6
2664	-0.025	-0.018	0.772	532.8
2665	-0.025	-0.017	0.776	533.0
2666	-0.025	-0.019	0.781	533.2
2667	-0.028	-0.015	0.779	533.4
2668	-0.022	-0.016	0.779	533.6
2669	-0.027	-0.014	0.774	533.8
2670	-0.025	-0.015	0.776	534.0
2671	-0.025	-0.016	0.777	534.2
2672	-0.023	-0.014	0.783	534.4
2673	-0.025	-0.013	0.780	534.6
2674	-0.024	-0.017	0.778	534.8
2675	-0.026	-0.015	0.778	535.0
2676	-0.027	-0.017	0.778	535.2
2677	-0.028	-0.015	0.778	535.4
2678	-0.028	-0.013	0.779	535.6
2679	-0.026	-0.015	0.778	535.8
2680	-0.027	-0.015	0.779	536.0
2681	-0.027	-0.017	0.778	536.2
2682	-0.025	-0.017	0.779	536.4
2683	-0.028	-0.014	0.777	536.6
2684	-0.026	-0.017	0.778	536.8
2685	-0.026	-0.014	0.777	537.0
2686	-0.028	-0.015	0.777	537.2
2687	-0.028	-0.014	0.778	537.4
2688	-0.027	-0.017	0.777	537.6
2689	-0.028	-0.016	0.777	537.8
2690	-0.025	-0.018	0.776	538.0
2691	-0.025	-0.016	0.777	538.2
2692	-0.026	-0.014	0.781	538.4
2693	-0.026	-0.015	0.776	538.6
2694	-0.025	-0.016	0.776	538.8
2695	-0.026	-0.015	0.774	539.0
2696	-0.026	-0.017	0.775	539.2
2697	-0.024	-0.014	0.778	539.4
2698	-0.023	-0.015	0.782	539.6
2699	-0.023	-0.015	0.780	539.8
2700	-0.026	-0.013	0.776	540.0
2701	-0.023	-0.014	0.776	540.2
2702	-0.025	-0.015	0.778	540.4
2703	-0.023	-0.018	0.780	540.6
2704	-0.023	-0.016	0.778	540.8
2705	-0.024	-0.016	0.776	541.0
2706	-0.025	-0.016	0.772	541.2
2707	-0.025	-0.015	0.772	541.4
2708	-0.024	-0.015	0.777	541.6
2709	-0.025	-0.014	0.783	541.8
2710	-0.025	-0.019	0.780	542.0
2711	-0.025	-0.015	0.776	542.2
2712	-0.025	-0.015	0.776	542.4
2713	-0.025	-0.013	0.778	542.6
2714	-0.026	-0.015	0.780	542.8
2715	-0.026	-0.016	0.779	543.0
2716	-0.025	-0.016	0.776	543.2
2717	-0.023	-0.016	0.777	543.4
2718	-0.026	-0.016	0.775	543.6
2719	-0.026	-0.015	0.783	543.8
2720	-0.023	-0.015	0.779	544.0
2721	-0.025	-0.015	0.775	544.2
2722	-0.024	-0.014	0.776	544.4
2723	-0.025	-0.014	0.772	544.6
2724	-0.026	-0.014	0.777	544.8
2725	-0.024	-0.016	0.779	545.0
2726	-0.023	-0.016	0.780	545.2
2727	-0.023	-0.018	0.775	545.4
2728	-0.025	-0.019	0.774	545.6
2729	-0.022	-0.018	0.776	545.8
2730	-0.024	-0.018	0.780	546.0
2731	-0.025	-0.014	0.779	546.2
2732	-0.022	-0.013	0.777	546.4
2733	-0.024	-0.010	0.777	546.6
2734	-0.023	-0.013	0.776	546.8
2735	-0.023	-0.015	0.779	547.0
2736	-0.022	-0.022	0.780	547.2
2737	-0.024	-0.019	0.781	547.4
2738	-0.020	-0.019	0.777	547.6
2739	-0.020	-0.014	0.775	547.8
2740	-0.022	-0.015	0.776	548.0
2741	-0.020	-0.013	0.778	548.2
2742	-0.021	-0.011	0.779	548.4
2743	-0.019	-0.015	0.778	548.6
2744	-0.019	-0.014	0.778	548.8
2745	-0.020	-0.021	0.775	549.0
2746	-0.020	-0.018	0.778	549.2
2747	-0.022	-0.018	0.780	549.4
2748	-0.019	-0.011	0.779	549.6
2749	-0.022	-0.016	0.780	549.8
2750	-0.021	-0.017	0.776	550.0
2751	-0.021	-0.018	0.779	550.2
2752	-0.023	-0.017	0.779	550.4
2753	-0.024	-0.019	0.778	550.6
2754	-0.022	-0.018	0.777	550.8
2755	-0.023	-0.017	0.778	551.0
2756	-0.025	-0.013	0.781	551.2
2757	-0.026	-0.013	0.776	551.4
2758	-0.024	-0.015	0.776	551.6
2759	-0.024	-0.014	0.773	551.8
2760	-0.026	-0.018	0.779	552.0
2761	-0.026	-0.016	0.777	552.2
2762	-0.025	-0.017	0.780	552.4
2763	-0.027	-0.014	0.779	552.6
2764	-0.027	-0.015	0.773	552.8
2765	-0.023	-0.014	0.776	553.0
2766	-0.025	-0.015	0.780	553.2
2767	-0.027	-0.015	0.783	553.4
2768	-0.025	-0.017	0.780	553.6
2769	-0.026	-0.018	0.779	553.8
2770	-0.026	-0.014	0.774	554.0
2771	-0.025	-0.016	0.772	554.2
2772	-0.026	-0.014	0.781	554.4
2773	-0.024	-0.018	0.776	554.6
2774	-0.026	-0.015	0.777	554.8
2775	-0.027	-0.015	0.773	555.0
2776	-0.025	-0.013	0.776	555.2
2777	-0.027	-0.014	0.777	555.4
2778	-0.027	-0.013	0.778	555.6
2779	-0.027	-0.016	0.779	555.8
2780	-0.027	-0.015	0.776	556.0
2781	-0.026	-0.016	0.776	556.2
2782	-0.024	-0.014	0.777	556.4
2783	-0.026	-0.016	0.781	556.6
2784	-0.026	-0.014	0.779	556.8
2785	-0.025	-0.015	0.778	557.0
2786	-0.024	-0.014	0.776	557.2
2787	-0.025	-0.018	0.776	557.4
2788	-0.026	-0.016	0.776	557.6
2789	-0.026	-0.015	0.780	557.8
2790	-0.025	-0.015	0.780	558.0
2791	-0.025	-0.013	0.777	558.2
2792	-0.023	-0.015	0.778	558.4
2793	-0.026	-0.016	0.778	558.6
2794	-0.027	-0.016	0.780	558.8
2795	-0.025	-0.015	0.781	559.0
2796	-0.027	-0.014	0.774	559.2
2797	-0.026	-0.014	0.778	559.4
2798	-0.025	-0.015	0.776	559.6
2799	-0.026	-0.017	0.780	559.8
2800	-0.027	-0.017	0.777	560.0
2801	-0.026	-0.015	0.781	560.2
2802	-0.027	-0.015	0.776	560.4
2803	-0.026	-0.013	0.776	560.6
2804	-0.026	-0.012	0.778	560.8
2805	-0.029	-0.013	0.780	561.0
2806	-0.026	-0.014	0.777	561.2
2807	-0.026	-0.015	0.780	561.4
2808	-0.025	-0.015	0.775	561.6
2809	-0.026	-0.017	0.778	561.8
2810	-0.026	-0.017	0.775	562.0
2811	-0.024	-0.014	0.777	562.2
2812	-0.023	-0.015	0.778	562.4
2813	-0.024	-0.014	0.777	562.6
2814	-0.025	-0.013	0.776	562.8
2815	-0.024	-0.014	0.776	563.0
2816	-0.022	-0.017	0.773	563.2
2817	-0.025	-0.016	0.774	563.4
2818	-0.022	-0.018	0.772	563.6
2819	-0.025	-0.014	0.779	563.8
2820	-0.025	-0.017	0.774	564.0
2821	-0.025	-0.013	0.774	564.2
2822	-0.024	-0.014	0.773	564.4
2823	-0.025	-0.014	0.773	564.6
2824	-0.024	-0.015	0.775	564.8
2825	-0.026	-0.016	0.779	565.0
2826	-0.028	-0.014	0.781	565.2
2827	-0.027	-0.016	0.778	565.4
2828	-0.027	-0.015	0.777	565.6
2829	-0.026	-0.015	0.775	565.8
2830	-0.028	-0.013	0.778	566.0
2831	-0.026	-0.015	0.779	566.2
2832	-0.026	-0.014	0.778	566.4
2833	-0.026	-0.014	0.779	566.6
2834	-0.026	-0.013	0.779	566.8
2835	-0.025	-0.015	0.779	567.0
2836	-0.026	-0.018	0.780	567.2
2837	-0.028	-0.017	0.781	567.4
2838	-0.026	-0.017	0.776	567.6
2839	-0.027	-0.017	0.771	567.8
2840	-0.024	-0.011	0.778	568.0
2841	-0.023	-0.011	0.778	568.2
2842	-0.025	-0.014	0.780	568.4
2843	-0.024	-0.015	0.776	568.6
2844	-0.024	-0.018	0.776	568.8
2845	-0.024	-0.019	0.776	569.0
2846	-0.026	-0.016	0.779	569.2
2847	-0.023	-0.011	0.779	569.4
2848	-0.022	-0.013	0.779	569.6
2849	-0.024	-0.012	0.779	569.8
2850	-0.022	-0.017	0.774	570.0
2851	-0.024	-0.018	0.777	570.2
2852	-0.023	-0.018	0.779	570.4
2853	-0.021	-0.015	0.782	570.6
2854	-0.022	-0.018	0.780	570.8
2855	-0.022	-0.015	0.776	571.0
2856	-0.024	-0.014	0.776	571.2
2857	-0.022	-0.014	0.779	571.4
2858	-0.023	-0.015	0.780	571.6
2859	-0.024	-0.017	0.779	571.8
2860	-0.024	-0.015	0.776	572.0
2861	-0.023	-0.018	0.780	572.2
2862	-0.024	-0.014	0.777	572.4
2863	-0.023	-0.014	0.778	572.6
2864	-0.023	-0.013	0.778	572.8
2865	-0.024	-0.016	0.779	573.0
2866	-0.022	-0.015	0.779	573.2
2867	-0.023	-0.015	0.778	573.4
2868	-0.024	-0.017	0.778	573.6
2869	-0.025	-0.017	0.773	573.8
2870	-0.023	-0.017	0.778	574.0
2871	-0.022	-0.015	0.778	574.2
2872	-0.023	-0.015	0.779	574.4
2873	-0.023	-0.018	0.776	574.6
2874	-0.022	-0.014	0.778	574.8
2875	-0.023	-0.017	0.775	575.0
2876	-0.026	-0.017	0.779	575.2
2877	-0.025	-0.017	0.780	575.4
2878	-0.024	-0.017	0.780	575.6
2879	-0.023	-0.019	0.779	575.8
2880	-0.024	-0.017	0.775	576.0
2881	-0.024	-0.014	0.779	576.2
2882	-0.027	-0.014	0.778	576.4
2883	-0.026	-0.011	0.779	576.6
2884	-0.026	-0.014	0.779	576.8
2885	-0.027	-0.014	0.774	577.0
2886	-0.026	-0.017	0.774	577.2
2887	-0.026	-0.016	0.776	577.4
2888	-0.026	-0.016	0.780	577.6
2889	-0.025	-0.013	0.778	577.8
2890	-0.028	-0.012	0.776	578.0
2891	-0.025	-0.011	0.776	578.2
2892	-0.028	-0.015	0.776	578.4
2893	-0.026	-0.014	0.779	578.6
2894	-0.026	-0.018	0.779	578.8
2895	-0.028	-0.018	0.776	579.0
2896	-0.026	-0.018	0.774	579.2
2897	-0.024	-0.014	0.775	579.4
2898	-0.027	-0.012	0.777	579.6
2899	-0.026	-0.013	0.777	579.8
2900	-0.024	-0.014	0.779	580.0
2901	-0.025	-0.019	0.782	580.2
2902	-0.025	-0.019	0.773	580.4
2903	-0.026	-0.018	0.777	580.6
2904	-0.025	-0.017	0.778	580.8
2905	-0.022	-0.015	0.778	581.0
2906	-0.022	-0.009	0.778	581.2
2907	-0.024	-0.014	0.779	581.4
2908	-0.025	-0.016	0.777	581.6
2909	-0.024	-0.017	0.777	581.8
2910	-0.023	-0.017	0.776	582.0
2911	-0.024	-0.017	0.776	582.2
2912	-0.025	-0.015	0.780	582.4
2913	-0.024	-0.015	0.779	582.6
2914	-0.024	-0.015	0.779	582.8
2915	-0.023	-0.015	0.778	583.0
2916	-0.024	-0.015	0.778	583.2
2917	-0.023	-0.017	0.777	583.4
2918	-0.023	-0.019	0.781	583.6
2919	-0.025	-0.019	0.783	583.8
2920	-0.023	-0.015	0.779	584.0
2921	-0.021	-0.015	0.773	584.2
2922	-0.026	-0.014	0.776	584.4
2923	-0.024	-0.017	0.777	584.6
2924	-0.023	-0.018	0.782	584.8
2925	-0.025	-0.018	0.781	585.0
2926	-0.021	-0.018	0.774	585.2
2927	-0.025	-0.018	0.776	585.4
2928	-0.027	-0.016	0.777	585.6
2929	-0.023	-0.016	0.778	585.8
2930	-0.023	-0.016	0.780	586.0
2931	-0.024	-0.015	0.779	586.2
2932	-0.023	-0.015	0.773	586.4
2933	-0.023	-0.015	0.776	586.6
2934	-0.025	-0.016	0.780	586.8
2935	-0.024	-0.017	0.779	587.0
2936	-0.022	-0.017	0.779	587.2
2937	-0.025	-0.015	0.779	587.4
2938	-0.024	-0.013	0.775	587.6
2939	-0.021	-0.013	0.775	587.8
2940	-0.023	-0.015	0.781	588.0
2941	-0.022	-0.015	0.778	588.2
2942	-0.023	-0.017	0.776	588.4
2943	-0.025	-0.017	0.777	588.6
2944	-0.023	-0.018	0.776	588.8
2945	-0.024	-0.013	0.779	589.0
2946	-0.023	-0.015	0.777	589.2
2947	-0.023	-0.013	0.779	589.4
2948	-0.027	-0.017	0.778	589.6
2949	-0.024	-0.015	0.780	589.8
2950	-0.024	-0.017	0.780	590.0
2951	-0.026	-0.014	0.772	590.2
2952	-0.023	-0.017	0.776	590.4
2953	-0.024	-0.013	0.776	590.6
2954	-0.022	-0.017	0.781	590.8
2955	-0.026	-0.016	0.779	591.0
2956	-0.025	-0.018	0.775	591.2
2957	-0.026	-0.019	0.775	591.4
2958	-0.024	-0.015	0.775	591.6
2959	-0.024	-0.016	0.778	591.8
2960	-0.024	-0.013	0.782	592.0
2961	-0.024	-0.015	0.780	592.2
2962	-0.024	-0.013	0.776	592.4
2963	-0.023	-0.016	0.773	592.6
2964	-0.025	-0.018	0.780	592.8
2965	-0.026	-0.022	0.781	593.0
2966	-0.025	-0.018	0.783	593.2
2967	-0.023	-0.017	0.775	593.4
2968	-0.023	-0.010	0.775	593.6
2969	-0.023	-0.009	0.779	593.8
2970	-0.024	-0.009	0.780	594.0
2971	-0.023	-0.019	0.781	594.2
2972	-0.026	-0.021	0.777	594.4
2973	-0.025	-0.022	0.777	594.6
2974	-0.026	-0.018	0.775	594.8
2975	-0.024	-0.010	0.777	595.0
2976	-0.024	-0.007	0.779	595.2
2977	-0.026	-0.009	0.780	595.4
2978	-0.026	-0.017	0.779	595.6
2979	-0.029	-0.018	0.778	595.8
2980	-0.025	-0.022	0.776	596.0
2981	-0.025	-0.017	0.778	596.2
2982	-0.027	-0.016	0.778	596.4
2983	-0.026	-0.009	0.778	596.6
2984	-0.026	-0.006	0.774	596.8
2985	-0.026	-0.008	0.779	597.0
2986	-0.026	-0.017	0.775	597.2
2987	-0.026	-0.020	0.776	597.4
2988	-0.026	-0.028	0.777	597.6
2989	-0.025	-0.021	0.777	597.8
2990	-0.026	-0.015	0.780	598.0
2991	-0.024	-0.008	0.780	598.2
2992	-0.022	-0.007	0.775	598.4
2993	-0.024	-0.009	0.776	598.6
2994	-0.025	-0.018	0.780	598.8
2995	-0.023	-0.022	0.779	599.0
2996	-0.024	-0.023	0.781	599.2
2997	-0.025	-0.021	0.779	599.4
2998	-0.023	-0.014	0.776	599.6
2999	-0.025	-0.010	0.778	599.8
3000	-0.025	-0.007	0.778	600.0
3001	-0.025	-0.010	0.780	600.2
3002	-0.026	-0.018	0.775	600.4
3003	-0.028	-0.024	0.776	600.6
3004	-0.028	-0.022	0.776	600.8
3005	-0.030	-0.023	0.780	601.0
3006	-0.030	-0.011	0.782	601.2
3007	-0.026	-0.007	0.780	601.4
3008	-0.026	-0.007	0.779	601.6
3009	-0.030	-0.009	0.778	601.8
3010	-0.027	-0.014	0.777	602.0
3011	-0.029	-0.021	0.780	602.2
3012	-0.031	-0.022	0.781	602.4
