0	-0.005	-0.003	0.779	0.0
1	-0.007	-0.004	0.778	0.2
2	-0.007	-0.001	0.778	0.4
3	-0.007	-0.002	0.777	0.6
4	-0.005	-0.002	0.778	0.8
5	-0.005	-0.003	0.774	1.0
6	-0.006	-0.004	0.771	1.2
7	-0.007	-0.006	0.774	1.4
8	-0.004	-0.003	0.773	1.6
9	-0.006	-0.002	0.776	1.8
10	-0.004	-0.001	0.780	2.0
11	-0.006	-0.001	0.778	2.2
12	-0.004	-0.002	0.779	2.4
13	-0.004	-0.003	0.781	2.6
14	-0.004	-0.002	0.780	2.8
15	-0.007	-0.003	0.777	3.0
16	-0.006	-0.002	0.777	3.2
17	-0.003	-0.002	0.772	3.4
18	-0.005	-0.003	0.776	3.6
19	-0.006	-0.002	0.775	3.8
20	-0.005	-0.003	0.776	4.0
21	-0.005	-0.002	0.775	4.2
22	-0.005	-0.002	0.780	4.4
23	-0.006	0.002	0.781	4.6
24	-0.007	-0.004	0.778	4.8
25	-0.005	-0.004	0.778	5.0
26	-0.005	0.001	0.778	5.2
27	-0.007	-0.002	0.775	5.4
28	-0.005	-0.002	0.777	5.6
29	-0.004	0.001	0.775	5.8
30	-0.006	-0.004	0.775	6.0
31	-0.005	-0.005	0.778	6.2
32	-0.007	-0.007	0.779	6.4
33	-0.007	0.001	0.778	6.6
34	-0.007	-0.001	0.783	6.8
35	-0.006	-0.001	0.778	7.0
36	-0.006	-0.004	0.780	7.2
37	-0.007	-0.002	0.775	7.4
38	-0.007	-0.005	0.775	7.6
39	-0.006	-0.002	0.772	7.8
40	-0.009	-0.004	0.772	8.0
41	-0.007	-0.004	0.773	8.2
42	-0.005	0.001	0.777	8.4
43	-0.007	-0.002	0.777	8.6
44	-0.008	-0.002	0.777	8.8
45	-0.008	-0.003	0.776	9.0
46	-0.007	-0.002	0.779	9.2
47	-0.009	-0.004	0.779	9.4
48	-0.007	-0.005	0.776	9.6
49	-0.009	-0.004	0.776	9.8
50	-0.005	-0.004	0.774	10.0
51	-0.005	-0.005	0.773	10.2
52	-0.006	0.001	0.776	10.4
53	-0.005	-0.002	0.775	10.6
54	-0.006	-0.005	0.776	10.8
55	-0.006	-0.005	0.780	11.0
56	-0.010	-0.003	0.778	11.2
57	-0.005	-0.004	0.780	11.4
58	-0.007	0.002	0.778	11.6
59	-0.007	-0.002	0.774	11.8
60	-0.007	-0.004	0.776	12.0
61	-0.006	-0.006	0.773	12.2
62	-0.007	-0.007	0.776	12.4
63	-0.009	-0.008	0.777	12.6
64	-0.007	-0.003	0.779	12.8
65	-0.008	-0.001	0.778	13.0
66	-0.007	0.002	0.780	13.2
67	-0.005	-0.003	0.781	13.4
68	-0.006	-0.002	0.778	13.6
69	-0.005	-0.005	0.779	13.8
70	-0.007	-0.003	0.778	14.0
71	-0.006	-0.005	0.774	14.2
72	-0.005	-0.002	0.771	14.4
73	-0.005	-0.002	0.772	14.6
74	-0.006	-0.004	0.776	14.8
75	-0.004	-0.006	0.775	15.0
76	-0.007	-0.005	0.778	15.2
77	-0.008	-0.001	0.780	15.4
78	-0.005	-0.005	0.778	15.6
79	-0.005	-0.004	0.783	15.8
80	-0.006	-0.006	0.776	16.0
81	-0.005	-0.003	0.776	16.2
82	-0.006	-0.005	0.775	16.4
83	-0.005	-0.002	0.774	16.6
84	-0.007	-0.003	0.774	16.8
85	-0.006	-0.005	0.778	17.0
86	-0.009	-0.004	0.775	17.2
87	-0.007	-0.002	0.777	17.4
88	-0.009	-0.005	0.775	17.6
89	-0.009	0.000	0.778	17.8
90	-0.007	-0.002	0.781	18.0
91	-0.008	-0.004	0.777	18.2
92	-0.007	-0.005	0.776	18.4
93	-0.009	-0.006	0.774	18.6
94	-0.007	-0.005	0.774	18.8
95	-0.007	-0.004	0.775	19.0
96	-0.005	-0.003	0.774	19.2
97	-0.005	-0.002	0.777	19.4
98	-0.006	0.001	0.776	19.6
99	-0.005	-0.004	0.779	19.8
100	-0.006	-0.006	0.780	20.0
101	-0.004	-0.007	0.780	20.2
102	-0.007	-0.004	0.777	20.4
103	-0.006	-0.003	0.778	20.6
104	-0.005	-0.002	0.773	20.8
105	-0.004	-0.005	0.774	21.0
106	-0.007	0.000	0.775	21.2
107	-0.006	-0.002	0.773	21.4
108	-0.005	-0.005	0.775	21.6
109	-0.007	-0.005	0.779	21.8
110	-0.008	-0.004	0.780	22.0
111	-0.006	-0.006	0.778	22.2
112	-0.009	-0.002	0.778	22.4
113	-0.007	-0.002	0.777	22.6
114	-0.007	-0.002	0.777	22.8
115	-0.007	-0.002	0.773	23.0
116	-0.006	-0.002	0.772	23.2
117	-0.007	-0.003	0.776	23.4
118	-0.007	-0.007	0.775	23.6
119	-0.005	-0.008	0.777	23.8
120	-0.006	-0.003	0.778	24.0
121	-0.004	-0.002	0.780	24.2
122	-0.003	-0.001	0.779	24.4
123	-0.004	0.000	0.779	24.6
124	-0.003	-0.005	0.777	24.8
125	-0.002	-0.007	0.776	25.0
126	-0.002	-0.005	0.775	25.2
127	-0.002	-0.007	0.771	25.4
128	-0.005	-0.002	0.773	25.6
129	-0.002	0.000	0.775	25.8
130	-0.004	-0.003	0.773	26.0
131	-0.002	-0.001	0.780	26.2
132	-0.003	-0.005	0.778	26.4
133	-0.007	-0.006	0.779	26.6
134	-0.007	-0.005	0.776	26.8
135	-0.005	-0.005	0.778	27.0
136	-0.005	-0.003	0.775	27.2
137	-0.006	-0.001	0.776	27.4
138	-0.006	-0.004	0.775	27.6
139	-0.005	-0.005	0.778	27.8
140	-0.007	-0.005	0.772	28.0
141	-0.005	-0.006	0.776	28.2
142	-0.007	-0.001	0.778	28.4
143	-0.004	-0.004	0.778	28.6
144	-0.007	-0.005	0.778	28.8
145	-0.006	-0.004	0.778	29.0
146	-0.005	-0.004	0.777	29.2
147	-0.005	-0.003	0.778	29.4
148	-0.007	-0.004	0.774	29.6
149	-0.005	0.001	0.774	29.8
150	-0.003	-0.004	0.777	30.0
151	-0.006	-0.006	0.774	30.2
152	-0.006	-0.003	0.773	30.4
153	-0.007	-0.006	0.776	30.6
154	-0.007	-0.004	0.778	30.8
155	-0.007	-0.004	0.779	31.0
156	-0.007	-0.002	0.782	31.2
157	-0.007	-0.002	0.783	31.4
158	-0.006	-0.004	0.776	31.6
159	-0.007	-0.004	0.777	31.8
160	-0.007	-0.006	0.773	32.0
161	-0.008	-0.004	0.774	32.2
162	-0.007	-0.006	0.772	32.4
163	-0.009	-0.003	0.773	32.6
164	-0.009	-0.004	0.775	32.8
165	-0.007	-0.001	0.775	33.0
166	-0.007	-0.005	0.776	33.2
167	-0.009	-0.004	0.781	33.4
168	-0.007	-0.003	0.780	33.6
169	-0.008	-0.006	0.775	33.8
170	-0.009	-0.004	0.773	34.0
171	-0.007	-0.004	0.774	34.2
172	-0.007	-0.001	0.772	34.4
173	-0.005	-0.004	0.776	34.6
174	-0.006	-0.005	0.775	34.8
175	-0.009	-0.004	0.775	35.0
176	-0.007	-0.004	0.775	35.2
177	-0.006	-0.004	0.779	35.4
178	-0.008	-0.004	0.777	35.6
179	-0.006	-0.005	0.777	35.8
180	-0.005	-0.002	0.776	36.0
181	-0.006	-0.003	0.775	36.2
182	-0.005	-0.002	0.776	36.4
183	-0.007	-0.005	0.772	36.6
184	-0.007	-0.004	0.774	36.8
185	-0.005	-0.005	0.773	37.0
186	-0.005	-0.004	0.776	37.2
187	-0.006	-0.002	0.776	37.4
188	-0.006	-0.002	0.778	37.6
189	-0.007	-0.004	0.779	37.8
190	-0.008	-0.003	0.777	38.0
191	-0.005	-0.004	0.782	38.2
192	-0.007	-0.004	0.775	38.4
193	-0.006	-0.005	0.774	38.6
194	-0.007	-0.006	0.773	38.8
195	-0.007	-0.002	0.775	39.0
196	-0.009	-0.005	0.776	39.2
197	-0.007	-0.005	0.774	39.4
198	-0.008	-0.003	0.776	39.6
199	-0.007	-0.005	0.777	39.8
200	-0.009	-0.006	0.780	40.0
201	-0.010	-0.006	0.780	40.2
202	-0.009	-0.004	0.779	40.4
203	-0.008	-0.004	0.780	40.6
204	-0.007	-0.003	0.777	40.8
205	-0.009	-0.002	0.774	41.0
206	-0.008	-0.005	0.775	41.2
207	-0.009	-0.006	0.774	41.4
208	-0.009	-0.006	0.772	41.6
209	-0.009	-0.005	0.778	41.8
210	-0.009	-0.005	0.777	42.0
211	-0.006	-0.004	0.778	42.2
212	-0.010	-0.004	0.777	42.4
213	-0.007	-0.004	0.777	42.6
214	-0.009	-0.007	0.775	42.8
215	-0.007	-0.005	0.778	43.0
216	-0.007	-0.003	0.776	43.2
217	-0.009	-0.006	0.774	43.4
218	-0.007	-0.005	0.776	43.6
219	-0.007	-0.005	0.772	43.8
220	-0.007	-0.005	0.778	44.0
221	-0.006	-0.003	0.779	44.2
222	-0.007	-0.005	0.778	44.4
223	-0.009	-0.005	0.779	44.6
224	-0.006	-0.005	0.780	44.8
225	-0.007	-0.003	0.780	45.0
226	-0.005	-0.003	0.778	45.2
227	-0.005	-0.002	0.777	45.4
228	-0.005	-0.004	0.775	45.6
229	-0.006	-0.004	0.776	45.8
230	-0.004	-0.005	0.774	46.0
231	-0.005	-0.005	0.774	46.2
232	-0.006	-0.004	0.778	46.4
233	-0.003	-0.004	0.776	46.6
234	-0.006	-0.003	0.779	46.8
235	-0.004	-0.005	0.780	47.0
236	-0.004	-0.004	0.780	47.2
237	-0.006	-0.002	0.778	47.4
238	-0.005	-0.004	0.777	47.6
239	-0.002	-0.003	0.775	47.8
240	-0.005	-0.004	0.778	48.0
241	-0.005	-0.006	0.776	48.2
242	-0.006	-0.005	0.774	48.4
243	-0.005	-0.005	0.772	48.6
244	-0.005	-0.003	0.781	48.8
245	-0.005	-0.003	0.780	49.0
246	-0.003	-0.005	0.776	49.2
247	-0.006	-0.006	0.779	49.4
248	-0.005	-0.007	0.778	49.6
249	-0.006	-0.004	0.778	49.8
250	-0.005	-0.003	0.774	50.0
251	-0.006	-0.003	0.777	50.2
252	-0.004	-0.005	0.773	50.4
253	-0.006	-0.002	0.772	50.6
254	-0.007	-0.003	0.774	50.8
255	-0.007	-0.004	0.779	51.0
256	-0.005	-0.005	0.779	51.2
257	-0.006	-0.006	0.782	51.4
258	-0.007	-0.006	0.780	51.6
259	-0.006	-0.005	0.778	51.8
260	-0.007	-0.003	0.777	52.0
261	-0.006	-0.006	0.778	52.2
262	-0.010	-0.004	0.773	52.4
263	-0.006	-0.002	0.775	52.6
264	-0.005	-0.005	0.772	52.8
265	-0.007	-0.003	0.776	53.0
266	-0.007	-0.005	0.776	53.2
267	-0.008	-0.005	0.778	53.4
268	-0.006	-0.005	0.776	53.6
269	-0.007	-0.002	0.778	53.8
270	-0.006	-0.003	0.779	54.0
271	-0.007	-0.004	0.777	54.2
272	-0.007	-0.006	0.776	54.4
273	-0.003	-0.007	0.779	54.6
274	-0.007	-0.005	0.775	54.8
275	-0.005	-0.003	0.771	55.0
276	-0.005	-0.004	0.773	55.2
277	-0.005	-0.005	0.777	55.4
278	-0.005	0.001	0.774	55.6
279	-0.003	-0.002	0.774	55.8
280	-0.005	-0.004	0.778	56.0
281	-0.002	-0.005	0.780	56.2
282	-0.004	-0.005	0.779	56.4
283	-0.003	-0.004	0.778	56.6
284	-0.003	-0.003	0.776	56.8
285	-0.005	-0.004	0.775	57.0
286	-0.004	-0.005	0.775	57.2
287	-0.003	-0.005	0.777	57.4
288	-0.003	-0.004	0.775	57.6
289	-0.004	-0.003	0.776	57.8
290	-0.001	-0.003	0.779	58.0
291	-0.004	-0.007	0.776	58.2
292	-0.005	-0.006	0.778	58.4
293	-0.004	-0.005	0.783	58.6
294	-0.005	-0.002	0.777	58.8
295	-0.004	-0.005	0.776	59.0
296	-0.003	-0.004	0.778	59.2
297	-0.003	-0.004	0.774	59.4
298	-0.002	-0.004	0.775	59.6
299	-0.004	-0.004	0.775	59.8
300	-0.003	-0.005	0.775	60.0
301	-0.001	-0.005	0.778	60.2
302	-0.001	-0.003	0.778	60.4
303	-0.004	-0.003	0.780	60.6
304	-0.005	-0.002	0.779	60.8
305	-0.004	-0.006	0.775	61.0
306	-0.003	-0.006	0.778	61.2
307	-0.001	-0.004	0.777	61.4
308	-0.002	-0.002	0.775	61.6
309	-0.005	-0.005	0.772	61.8
310	-0.003	-0.005	0.775	62.0
311	-0.002	-0.005	0.774	62.2
312	-0.005	-0.004	0.776	62.4
313	-0.003	-0.002	0.776	62.6
314	-0.005	-0.003	0.778	62.8
315	-0.007	-0.004	0.778	63.0
316	-0.005	-0.006	0.779	63.2
317	-0.005	-0.005	0.779	63.4
318	-0.008	-0.003	0.777	63.6
319	-0.007	-0.001	0.775	63.8
320	-0.004	-0.001	0.775	64.0
321	-0.008	-0.005	0.772	64.2
322	-0.008	-0.006	0.779	64.4
323	-0.006	-0.003	0.776	64.6
324	-0.008	-0.004	0.776	64.8
325	-0.004	-0.004	0.776	65.0
326	-0.005	-0.006	0.778	65.2
327	-0.006	-0.003	0.782	65.4
328	-0.007	-0.004	0.780	65.6
329	-0.005	-0.005	0.778	65.8
330	-0.007	-0.007	0.780	66.0
331	-0.008	-0.006	0.777	66.2
332	-0.005	-0.004	0.777	66.4
333	-0.006	-0.005	0.774	66.6
334	-0.006	-0.003	0.776	66.8
335	-0.007	-0.002	0.776	67.0
336	-0.004	-0.006	0.776	67.2
337	-0.007	-0.005	0.775	67.4
338	-0.007	-0.005	0.781	67.6
339	-0.006	-0.005	0.778	67.8
340	-0.005	-0.004	0.780	68.0
341	-0.006	-0.004	0.779	68.2
342	-0.004	-0.002	0.775	68.4
343	-0.004	-0.001	0.776	68.6
344	-0.007	-0.005	0.774	68.8
345	-0.006	-0.007	0.774	69.0
346	-0.004	-0.008	0.776	69.2
347	-0.004	-0.005	0.774	69.4
348	-0.005	-0.006	0.777	69.6
349	-0.004	-0.004	0.780	69.8
350	-0.004	-0.002	0.780	70.0
351	-0.005	-0.004	0.778	70.2
352	-0.005	-0.003	0.779	70.4
353	-0.006	-0.003	0.780	70.6
354	-0.005	-0.007	0.777	70.8
355	-0.005	-0.006	0.775	71.0
356	-0.006	-0.007	0.773	71.2
357	-0.007	-0.003	0.773	71.4
358	-0.005	0.001	0.773	71.6
359	-0.006	-0.001	0.775	71.8
360	-0.007	-0.001	0.776	72.0
361	-0.006	-0.005	0.778	72.2
362	-0.007	-0.007	0.781	72.4
363	-0.006	-0.007	0.780	72.6
364	-0.007	-0.006	0.778	72.8
365	-0.005	-0.003	0.777	73.0
366	-0.006	-0.004	0.776	73.2
367	-0.007	-0.003	0.774	73.4
368	-0.005	-0.001	0.774	73.6
369	-0.006	-0.005	0.773	73.8
370	-0.006	-0.008	0.776	74.0
371	-0.008	-0.004	0.774	74.2
372	-0.006	-0.005	0.777	74.4
373	-0.006	-0.003	0.780	74.6
374	-0.006	-0.001	0.778	74.8
375	-0.007	-0.001	0.779	75.0
376	-0.005	0.001	0.776	75.2
377	-0.007	-0.003	0.775	75.4
378	-0.007	-0.005	0.776	75.6
379	-0.007	-0.008	0.774	75.8
380	-0.009	-0.005	0.776	76.0
381	-0.006	-0.004	0.773	76.2
382	-0.007	-0.003	0.774	76.4
383	-0.007	-0.001	0.776	76.6
384	-0.004	-0.001	0.778	76.8
385	-0.007	-0.005	0.778	77.0
386	-0.005	-0.007	0.782	77.2
387	-0.003	-0.005	0.777	77.4
388	-0.006	-0.005	0.775	77.6
389	-0.004	-0.003	0.775	77.8
390	-0.003	-0.003	0.776	78.0
391	-0.005	-0.004	0.772	78.2
392	-0.004	0.001	0.776	78.4
393	-0.004	-0.004	0.773	78.6
394	-0.004	-0.004	0.773	78.8
395	-0.003	-0.007	0.776	79.0
396	-0.005	-0.005	0.776	79.2
397	-0.006	-0.007	0.778	79.4
398	-0.005	-0.002	0.779	79.6
399	-0.006	-0.002	0.778	79.8
400	-0.005	-0.004	0.776	80.0
401	-0.005	-0.004	0.774	80.2
402	-0.007	-0.002	0.776	80.4
403	-0.007	-0.005	0.774	80.6
404	-0.009	-0.007	0.775	80.8
405	-0.009	-0.005	0.772	81.0
406	-0.006	-0.002	0.778	81.2
407	-0.007	-0.004	0.778	81.4
408	-0.008	-0.001	0.778	81.6
409	-0.006	-0.005	0.778	81.8
410	-0.005	0.001	0.778	82.0
411	-0.006	-0.005	0.778	82.2
412	-0.007	-0.005	0.779	82.4
413	-0.006	-0.005	0.775	82.6
414	-0.007	-0.006	0.773	82.8
415	-0.006	-0.004	0.772	83.0
416	-0.006	0.001	0.774	83.2
417	-0.007	-0.001	0.776	83.4
418	-0.006	-0.003	0.774	83.6
419	-0.007	-0.007	0.777	83.8
420	-0.006	-0.006	0.779	84.0
421	-0.006	-0.005	0.779	84.2
422	-0.007	-0.002	0.780	84.4
423	-0.007	-0.001	0.782	84.6
424	-0.007	-0.004	0.778	84.8
425	-0.007	-0.006	0.772	85.0
426	-0.007	-0.003	0.774	85.2
427	-0.005	-0.002	0.773	85.4
428	-0.005	-0.007	0.772	85.6
429	-0.005	-0.006	0.772	85.8
430	-0.006	-0.004	0.776	86.0
431	-0.007	-0.002	0.776	86.2
432	-0.007	-0.003	0.775	86.4
433	-0.006	-0.004	0.776	86.6
434	-0.005	-0.006	0.779	86.8
435	-0.007	-0.006	0.778	87.0
436	-0.005	-0.003	0.779	87.2
437	-0.005	-0.005	0.778	87.4
438	-0.004	-0.005	0.775	87.6
439	-0.005	-0.005	0.771	87.8
440	-0.003	-0.001	0.776	88.0
441	-0.003	-0.003	0.774	88.2
442	-0.004	-0.005	0.778	88.4
443	-0.005	-0.005	0.777	88.6
444	-0.004	-0.003	0.779	88.8
445	-0.005	-0.003	0.779	89.0
446	-0.005	-0.003	0.780	89.2
447	-0.001	-0.003	0.779	89.4
448	-0.003	-0.004	0.781	89.6
449	-0.004	-0.004	0.778	89.8
450	-0.004	-0.004	0.773	90.0
451	-0.004	0.000	0.776	90.2
452	-0.004	-0.004	0.776	90.4
453	-0.006	-0.006	0.774	90.6
454	-0.005	-0.004	0.777	90.8
455	-0.003	-0.006	0.783	91.0
456	-0.005	-0.006	0.778	91.2
457	-0.005	-0.006	0.777	91.4
458	-0.005	-0.003	0.780	91.6
459	-0.005	-0.003	0.779	91.8
460	-0.005	-0.005	0.778	92.0
461	-0.005	-0.002	0.779	92.2
462	-0.006	-0.005	0.774	92.4
463	-0.005	-0.005	0.773	92.6
464	-0.004	-0.008	0.774	92.8
465	-0.005	-0.006	0.773	93.0
466	-0.004	-0.003	0.777	93.2
467	-0.006	-0.005	0.778	93.4
468	-0.005	-0.003	0.780	93.6
469	-0.006	-0.004	0.782	93.8
470	-0.006	-0.001	0.780	94.0
471	-0.007	-0.002	0.778	94.2
472	-0.007	-0.003	0.778	94.4
473	-0.005	-0.006	0.775	94.6
474	-0.004	-0.004	0.775	94.8
475	-0.003	-0.002	0.776	95.0
476	-0.003	-0.004	0.776	95.2
477	-0.005	-0.002	0.775	95.4
478	-0.005	-0.003	0.778	95.6
479	-0.005	-0.002	0.775	95.8
480	-0.005	-0.005	0.780	96.0
481	-0.005	-0.006	0.779	96.2
482	-0.007	-0.004	0.779	96.4
483	-0.009	-0.003	0.778	96.6
484	-0.004	-0.001	0.780	96.8
485	-0.006	-0.002	0.775	97.0
486	-0.007	0.000	0.774	97.2
487	-0.007	-0.002	0.776	97.4
488	-0.006	-0.004	0.774	97.6
489	-0.005	-0.005	0.775	97.8
490	-0.005	-0.004	0.778	98.0
491	-0.003	-0.001	0.778	98.2
492	-0.003	-0.003	0.780	98.4
493	-0.005	-0.001	0.777	98.6
494	-0.005	-0.005	0.781	98.8
495	-0.003	-0.003	0.779	99.0
496	-0.006	-0.006	0.779	99.2
497	-0.004	-0.007	0.777	99.4
498	-0.005	-0.003	0.779	99.6
499	-0.003	-0.001	0.775	99.8
500	-0.003	-0.001	0.774	100.0
501	-0.004	-0.001	0.774	100.2
502	-0.006	-0.005	0.775	100.4
503	-0.005	-0.004	0.776	100.6
504	-0.009	-0.002	0.777	100.8
505	-0.009	-0.005	0.778	101.0
506	-0.007	-0.003	0.779	101.2
507	-0.007	-0.002	0.779	101.4
508	-0.008	-0.002	0.779	101.6
509	-0.006	-0.001	0.777	101.8
510	-0.008	-0.004	0.775	102.0
511	-0.009	-0.003	0.774	102.2
512	-0.006	-0.005	0.775	102.4
513	-0.007	-0.003	0.773	102.6
514	-0.007	-0.003	0.776	102.8
515	-0.007	-0.002	0.775	103.0
516	-0.008	0.000	0.776	103.2
517	-0.198	0.069	1.099	103.4
518	-0.188	0.069	1.091	103.6
519	-0.185	0.064	1.080	103.8
520	-0.181	0.062	1.061	104.0
521	-0.179	0.061	1.062	104.2
522	-0.177	0.060	1.062	104.4
523	-0.178	0.062	1.064	104.6
524	-0.176	0.063	1.061	104.8
525	-0.176	0.059	1.050	105.0
526	-0.176	0.061	1.053	105.2
527	-0.174	0.060	1.052	105.4
528	-0.175	0.060	1.050	105.6
529	-0.175	0.060	1.054	105.8
530	-0.174	0.058	1.058	106.0
531	-0.176	0.058	1.061	106.2
532	-0.174	0.059	1.053	106.4
533	-0.172	0.060	1.049	106.6
534	-0.173	0.058	1.050	106.8
535	-0.174	0.060	1.052	107.0
536	-0.173	0.058	1.054	107.2
537	-0.174	0.059	1.052	107.4
538	-0.172	0.060	1.051	107.6
539	-0.173	0.059	1.057	107.8
540	-0.174	0.056	1.052	108.0
541	-0.171	0.057	1.043	108.2
542	-0.170	0.060	1.052	108.4
543	-0.171	0.058	1.064	108.6
544	-0.169	0.059	1.062	108.8
545	-0.171	0.057	1.054	109.0
546	-0.171	0.056	1.042	109.2
547	-0.171	0.056	1.044	109.4
548	-0.170	0.058	1.047	109.6
549	-0.167	0.060	1.050	109.8
550	-0.171	0.056	1.042	110.0
551	-0.171	0.057	1.045	110.2
552	-0.169	0.060	1.040	110.4
553	-0.168	0.057	1.038	110.6
554	-0.167	0.057	1.049	110.8
555	-0.171	0.057	1.052	111.0
556	-0.167	0.058	1.048	111.2
557	-0.168	0.057	1.049	111.4
558	-0.168	0.058	1.046	111.6
559	-0.169	0.056	1.045	111.8
560	-0.170	0.057	1.049	112.0
561	-0.169	0.057	1.038	112.2
562	-0.168	0.058	1.035	112.4
563	-0.168	0.054	1.030	112.6
564	-0.168	0.057	1.036	112.8
565	-0.168	0.057	1.049	113.0
566	-0.166	0.055	1.056	113.2
567	-0.166	0.056	1.040	113.4
568	-0.169	0.057	1.042	113.6
569	-0.166	0.056	1.044	113.8
570	-0.167	0.057	1.042	114.0
571	-0.168	0.056	1.040	114.2
572	-0.165	0.056	1.044	114.4
573	-0.166	0.059	1.047	114.6
574	-0.166	0.056	1.042	114.8
575	-0.167	0.054	1.032	115.0
576	-0.167	0.057	1.035	115.2
577	-0.164	0.059	1.050	115.4
578	-0.166	0.058	1.053	115.6
579	-0.166	0.057	1.048	115.8
580	-0.165	0.055	1.046	116.0
581	-0.166	0.055	1.040	116.2
582	-0.165	0.057	1.039	116.4
583	-0.165	0.054	1.040	116.6
584	-0.165	0.057	1.046	116.8
585	-0.168	0.057	1.042	117.0
586	-0.165	0.053	1.037	117.2
587	-0.165	0.055	1.039	117.4
588	-0.165	0.058	1.039	117.6
589	-0.163	0.057	1.042	117.8
590	-0.167	0.056	1.038	118.0
591	-0.166	0.056	1.042	118.2
592	-0.164	0.055	1.041	118.4
593	-0.166	0.057	1.044	118.6
594	-0.166	0.056	1.040	118.8
595	-0.164	0.056	1.042	119.0
596	-0.164	0.060	1.047	119.2
597	-0.164	0.056	1.043	119.4
598	-0.164	0.057	1.032	119.6
599	-0.164	0.055	1.030	119.8
600	-0.164	0.056	1.043	120.0
601	-0.164	0.054	1.042	120.2
602	-0.162	0.056	1.041	120.4
603	-0.163	0.056	1.038	120.6
604	-0.165	0.055	1.038	120.8
605	-0.163	0.056	1.042	121.0
606	-0.165	0.054	1.038	121.2
607	-0.163	0.059	1.040	121.4
608	-0.163	0.056	1.050	121.6
609	-0.161	0.056	1.038	121.8
610	-0.163	0.056	1.029	122.0
611	-0.164	0.054	1.035	122.2
612	-0.162	0.055	1.039	122.4
613	-0.164	0.055	1.040	122.6
614	-0.162	0.053	1.035	122.8
615	-0.162	0.054	1.035	123.0
616	-0.162	0.053	1.036	123.2
617	-0.162	0.055	1.036	123.4
618	-0.161	0.056	1.042	123.6
619	-0.161	0.056	1.038	123.8
620	-0.163	0.054	1.032	124.0
621	-0.159	0.055	1.027	124.2
622	-0.160	0.056	1.035	124.4
623	-0.162	0.055	1.034	124.6
624	-0.160	0.056	1.033	124.8
625	-0.162	0.053	1.029	125.0
626	-0.163	0.055	1.031	125.2
627	-0.161	0.057	1.032	125.4
628	-0.165	0.055	1.035	125.6
629	-0.162	0.055	1.044	125.8
630	-0.163	0.053	1.040	126.0
631	-0.164	0.053	1.036	126.2
632	-0.163	0.056	1.029	126.4
633	-0.162	0.056	1.037	126.6
634	-0.164	0.055	1.042	126.8
635	-0.163	0.055	1.032	127.0
636	-0.164	0.052	1.031	127.2
637	-0.163	0.057	1.032	127.4
638	-0.162	0.056	1.034	127.6
639	-0.163	0.054	1.035	127.8
640	-0.162	0.055	1.042	128.0
641	-0.162	0.055	1.036	128.2
642	-0.161	0.054	1.030	128.4
643	-0.165	0.055	1.042	128.6
644	-0.162	0.054	1.044	128.8
645	-0.163	0.052	1.039	129.0
646	-0.162	0.056	1.031	129.2
647	-0.162	0.054	1.028	129.4
648	-0.163	0.056	1.030	129.6
649	-0.161	0.054	1.034	129.8
650	-0.160	0.055	1.029	130.0
651	-0.161	0.055	1.031	130.2
652	-0.161	0.055	1.030	130.4
653	-0.161	0.054	1.033	130.6
654	-0.161	0.056	1.035	130.8
655	-0.162	0.053	1.034	131.0
656	-0.161	0.056	1.035	131.2
657	-0.162	0.059	1.042	131.4
658	-0.161	0.054	1.025	131.6
659	-0.163	0.055	1.023	131.8
660	-0.161	0.054	1.036	132.0
661	-0.160	0.055	1.035	132.2
662	-0.161	0.052	1.035	132.4
663	-0.161	0.056	1.026	132.6
664	-0.164	0.052	1.027	132.8
665	-0.163	0.055	1.033	133.0
666	-0.162	0.051	1.034	133.2
667	-0.160	0.054	1.038	133.4
668	-0.162	0.053	1.034	133.6
669	-0.161	0.054	1.038	133.8
670	-0.163	0.054	1.031	134.0
671	-0.162	0.056	1.028	134.2
672	-0.160	0.053	1.039	134.4
673	-0.162	0.053	1.028	134.6
674	-0.162	0.054	1.028	134.8
675	-0.160	0.055	1.026	135.0
676	-0.162	0.056	1.028	135.2
677	-0.162	0.054	1.041	135.4
678	-0.161	0.055	1.035	135.6
679	-0.161	0.055	1.020	135.8
680	-0.164	0.056	1.037	136.0
681	-0.163	0.054	1.040	136.2
682	-0.164	0.054	1.046	136.4
683	-0.161	0.052	1.048	136.6
684	-0.160	0.055	1.033	136.8
685	-0.160	0.053	1.022	137.0
686	-0.161	0.056	1.029	137.2
687	-0.163	0.053	1.032	137.4
688	-0.162	0.053	1.032	137.6
689	-0.161	0.052	1.031	137.8
690	-0.161	0.055	1.034	138.0
691	-0.163	0.056	1.037	138.2
692	-0.162	0.056	1.036	138.4
693	-0.163	0.056	1.032	138.6
694	-0.161	0.057	1.026	138.8
695	-0.162	0.056	1.036	139.0
696	-0.161	0.053	1.037	139.2
697	-0.161	0.057	1.034	139.4
698	-0.160	0.056	1.045	139.6
699	-0.161	0.055	1.032	139.8
700	-0.161	0.056	1.019	140.0
701	-0.162	0.053	1.022	140.2
702	-0.161	0.055	1.042	140.4
703	-0.161	0.051	1.047	140.6
704	-0.160	0.055	1.036	140.8
705	-0.161	0.055	1.022	141.0
706	-0.160	0.057	1.018	141.2
707	-0.161	0.054	1.036	141.4
708	-0.160	0.056	1.041	141.6
709	-0.159	0.054	1.042	141.8
710	-0.159	0.058	1.030	142.0
711	-0.161	0.053	1.027	142.2
712	-0.160	0.056	1.029	142.4
713	-0.161	0.054	1.032	142.6
714	-0.160	0.056	1.046	142.8
715	-0.160	0.056	1.033	143.0
716	-0.161	0.054	1.037	143.2
717	-0.161	0.055	1.028	143.4
718	-0.161	0.053	1.024	143.6
719	-0.157	0.058	1.032	143.8
720	-0.160	0.054	1.046	144.0
721	-0.160	0.055	1.044	144.2
722	-0.160	0.052	1.026	144.4
723	-0.160	0.054	1.030	144.6
724	-0.158	0.053	1.028	144.8
725	-0.160	0.052	1.026	145.0
726	-0.158	0.054	1.032	145.2
727	-0.162	0.056	1.031	145.4
728	-0.158	0.054	1.030	145.6
729	-0.159	0.054	1.026	145.8
730	-0.161	0.053	1.031	146.0
731	-0.159	0.055	1.035	146.2
732	-0.158	0.053	1.039	146.4
733	-0.159	0.056	1.036	146.6
734	-0.161	0.053	1.030	146.8
735	-0.158	0.057	1.026	147.0
736	-0.160	0.053	1.027	147.2
737	-0.159	0.055	1.034	147.4
738	-0.159	0.053	1.033	147.6
739	-0.160	0.052	1.031	147.8
740	-0.161	0.054	1.022	148.0
741	-0.160	0.054	1.026	148.2
742	-0.158	0.054	1.038	148.4
743	-0.161	0.054	1.038	148.6
744	-0.159	0.053	1.038	148.8
745	-0.158	0.053	1.033	149.0
746	-0.160	0.057	1.026	149.2
747	-0.161	0.053	1.035	149.4
748	-0.159	0.051	1.032	149.6
749	-0.159	0.057	1.029	149.8
750	-0.160	0.052	1.028	150.0
751	-0.158	0.053	1.030	150.2
752	-0.158	0.054	1.028	150.4
753	-0.158	0.054	1.027	150.6
754	-0.159	0.055	1.030	150.8
755	-0.159	0.053	1.038	151.0
756	-0.161	0.055	1.032	151.2
757	-0.159	0.053	1.031	151.4
758	-0.158	0.052	1.033	151.6
759	-0.160	0.052	1.037	151.8
760	-0.159	0.053	1.044	152.0
761	-0.159	0.056	1.031	152.2
762	-0.162	0.053	1.026	152.4
763	-0.160	0.056	1.032	152.6
764	-0.159	0.054	1.032	152.8
765	-0.159	0.052	1.032	153.0
766	-0.161	0.054	1.028	153.2
767	-0.160	0.053	1.018	153.4
768	-0.161	0.053	1.026	153.6
769	-0.159	0.055	1.036	153.8
770	-0.161	0.052	1.027	154.0
771	-0.162	0.054	1.026	154.2
772	-0.160	0.052	1.033	154.4
773	-0.159	0.054	1.032	154.6
774	-0.161	0.053	1.034	154.8
775	-0.161	0.052	1.030	155.0
776	-0.160	0.052	1.029	155.2
777	-0.161	0.052	1.030	155.4
778	-0.162	0.054	1.031	155.6
779	-0.159	0.052	1.024	155.8
780	-0.161	0.053	1.032	156.0
781	-0.160	0.052	1.034	156.2
782	-0.159	0.054	1.030	156.4
783	-0.162	0.054	1.030	156.6
784	-0.161	0.054	1.033	156.8
785	-0.159	0.055	1.032	157.0
786	-0.163	0.054	1.034	157.2
787	-0.161	0.054	1.020	157.4
788	-0.161	0.055	1.022	157.6
789	-0.162	0.053	1.035	157.8
790	-0.161	0.054	1.036	158.0
791	-0.160	0.052	1.026	158.2
792	-0.161	0.054	1.020	158.4
793	-0.161	0.056	1.022	158.6
794	-0.161	0.052	1.044	158.8
795	-0.161	0.055	1.037	159.0
796	-0.160	0.055	1.033	159.2
797	-0.161	0.052	1.027	159.4
798	-0.161	0.055	1.030	159.6
799	-0.157	0.054	1.030	159.8
800	-0.161	0.055	1.032	160.0
801	-0.161	0.057	1.027	160.2
802	-0.158	0.052	1.032	160.4
803	-0.160	0.057	1.028	160.6
804	-0.160	0.058	1.024	160.8
805	-0.161	0.055	1.024	161.0
806	-0.160	0.058	1.032	161.2
807	-0.162	0.056	1.036	161.4
808	-0.161	0.054	1.030	161.6
809	-0.159	0.056	1.024	161.8
810	-0.163	0.056	1.022	162.0
811	-0.163	0.054	1.030	162.2
812	-0.160	0.057	1.041	162.4
813	-0.163	0.056	1.034	162.6
814	-0.161	0.055	1.026	162.8
815	-0.161	0.056	1.032	163.0
816	-0.161	0.054	1.036	163.2
817	-0.162	0.058	1.030	163.4
818	-0.160	0.055	1.030	163.6
819	-0.159	0.054	1.034	163.8
820	-0.161	0.056	1.042	164.0
821	-0.161	0.053	1.032	164.2
822	-0.161	0.054	1.026	164.4
823	-0.160	0.056	1.031	164.6
824	-0.161	0.057	1.041	164.8
825	-0.162	0.054	1.030	165.0
826	-0.162	0.057	1.032	165.2
827	-0.161	0.056	1.031	165.4
828	-0.162	0.055	1.028	165.6
829	-0.162	0.056	1.029	165.8
830	-0.160	0.054	1.031	166.0
831	-0.163	0.054	1.029	166.2
832	-0.161	0.056	1.029	166.4
833	-0.161	0.053	1.025	166.6
834	-0.162	0.054	1.037	166.8
835	-0.161	0.053	1.038	167.0
836	-0.160	0.055	1.026	167.2
837	-0.160	0.054	1.035	167.4
838	-0.163	0.057	1.040	167.6
839	-0.162	0.056	1.028	167.8
840	-0.161	0.055	1.025	168.0
841	-0.162	0.052	1.035	168.2
842	-0.161	0.056	1.034	168.4
843	-0.160	0.057	1.026	168.6
844	-0.160	0.055	1.024	168.8
845	-0.161	0.056	1.028	169.0
846	-0.161	0.056	1.032	169.2
847	-0.158	0.054	1.025	169.4
848	-0.159	0.056	1.023	169.6
849	-0.159	0.056	1.026	169.8
850	-0.160	0.054	1.033	170.0
851	-0.160	0.053	1.040	170.2
852	-0.158	0.056	1.028	170.4
853	-0.160	0.053	1.023	170.6
854	-0.160	0.052	1.023	170.8
855	-0.161	0.057	1.034	171.0
856	-0.160	0.053	1.034	171.2
857	-0.160	0.055	1.027	171.4
858	-0.160	0.055	1.018	171.6
859	-0.159	0.054	1.032	171.8
860	-0.160	0.054	1.028	172.0
861	-0.161	0.054	1.029	172.2
862	-0.160	0.053	1.042	172.4
863	-0.161	0.056	1.032	172.6
864	-0.160	0.056	1.019	172.8
865	-0.161	0.053	1.025	173.0
866	-0.160	0.054	1.034	173.2
867	-0.159	0.056	1.042	173.4
868	-0.159	0.054	1.029	173.6
869	-0.161	0.055	1.015	173.8
870	-0.160	0.057	1.022	174.0
871	-0.160	0.054	1.032	174.2
872	-0.160	0.054	1.037	174.4
873	-0.159	0.053	1.030	174.6
874	-0.159	0.055	1.025	174.8
875	-0.161	0.053	1.031	175.0
876	-0.160	0.051	1.036	175.2
877	-0.162	0.055	1.037	175.4
878	-0.161	0.052	1.034	175.6
879	-0.159	0.054	1.036	175.8
880	-0.160	0.054	1.036	176.0
881	-0.161	0.054	1.026	176.2
882	-0.160	0.052	1.019	176.4
883	-0.161	0.053	1.025	176.6
884	-0.160	0.054	1.037	176.8
885	-0.160	0.053	1.031	177.0
886	-0.161	0.054	1.025	177.2
887	-0.161	0.054	1.023	177.4
888	-0.163	0.053	1.023	177.6
889	-0.161	0.052	1.034	177.8
890	-0.161	0.056	1.043	178.0
891	-0.160	0.056	1.036	178.2
892	-0.160	0.056	1.028	178.4
893	-0.161	0.055	1.022	178.6
894	-0.162	0.055	1.024	178.8
895	-0.162	0.051	1.031	179.0
896	-0.161	0.057	1.037	179.2
897	-0.161	0.055	1.032	179.4
898	-0.161	0.052	1.022	179.6
899	-0.160	0.054	1.020	179.8
900	-0.160	0.055	1.019	180.0
901	-0.164	0.054	1.030	180.2
902	-0.161	0.054	1.042	180.4
903	-0.160	0.054	1.038	180.6
904	-0.160	0.055	1.022	180.8
905	-0.160	0.054	1.027	181.0
906	-0.161	0.053	1.037	181.2
907	-0.160	0.055	1.030	181.4
908	-0.159	0.055	1.025	181.6
909	-0.158	0.053	1.021	181.8
910	-0.159	0.053	1.027	182.0
911	-0.159	0.055	1.028	182.2
912	-0.160	0.055	1.026	182.4
913	-0.157	0.052	1.024	182.6
914	-0.160	0.053	1.032	182.8
915	-0.159	0.055	1.035	183.0
916	-0.158	0.055	1.035	183.2
917	-0.157	0.053	1.032	183.4
918	-0.157	0.054	1.032	183.6
919	-0.159	0.055	1.029	183.8
920	-0.158	0.053	1.032	184.0
921	-0.159	0.053	1.022	184.2
922	-0.159	0.055	1.020	184.4
923	-0.160	0.052	1.030	184.6
924	-0.159	0.052	1.032	184.8
925	-0.158	0.054	1.031	185.0
926	-0.159	0.055	1.026	185.2
927	-0.159	0.053	1.020	185.4
928	-0.158	0.054	1.020	185.6
929	-0.160	0.055	1.021	185.8
930	-0.159	0.056	1.021	186.0
931	-0.158	0.057	1.034	186.2
932	-0.156	0.057	1.042	186.4
933	-0.156	0.054	1.032	186.6
934	-0.159	0.056	1.025	186.8
935	-0.157	0.057	1.031	187.0
936	-0.156	0.054	1.032	187.2
937	-0.157	0.057	1.027	187.4
938	-0.158	0.056	1.015	187.6
939	-0.157	0.053	1.021	187.8
940	-0.159	0.053	1.034	188.0
941	-0.158	0.057	1.034	188.2
942	-0.157	0.054	1.030	188.4
943	-0.154	0.051	1.025	188.6
944	-0.157	0.051	1.030	188.8
945	-0.156	0.052	1.034	189.0
946	-0.159	0.053	1.032	189.2
947	-0.158	0.052	1.025	189.4
948	-0.158	0.052	1.027	189.6
949	-0.156	0.052	1.033	189.8
950	-0.157	0.050	1.028	190.0
951	-0.157	0.053	1.027	190.2
952	-0.158	0.052	1.025	190.4
953	-0.156	0.050	1.023	190.6
954	-0.157	0.052	1.020	190.8
955	-0.157	0.053	1.024	191.0
956	-0.156	0.052	1.034	191.2
957	-0.155	0.054	1.033	191.4
958	-0.155	0.052	1.031	191.6
959	-0.158	0.053	1.020	191.8
960	-0.155	0.053	1.020	192.0
961	-0.159	0.052	1.031	192.2
962	-0.160	0.049	1.030	192.4
963	-0.157	0.051	1.029	192.6
964	-0.158	0.053	1.020	192.8
965	-0.160	0.052	1.019	193.0
966	-0.158	0.052	1.026	193.2
967	-0.159	0.050	1.028	193.4
968	-0.157	0.052	1.025	193.6
969	-0.158	0.052	1.026	193.8
970	-0.160	0.052	1.030	194.0
971	-0.160	0.052	1.036	194.2
972	-0.159	0.051	1.029	194.4
973	-0.157	0.053	1.021	194.6
974	-0.158	0.053	1.020	194.8
975	-0.159	0.053	1.034	195.0
976	-0.157	0.051	1.036	195.2
977	-0.159	0.054	1.020	195.4
978	-0.158	0.053	1.016	195.6
979	-0.160	0.053	1.030	195.8
980	-0.157	0.056	1.034	196.0
981	-0.158	0.055	1.024	196.2
982	-0.157	0.053	1.024	196.4
983	-0.158	0.052	1.030	196.6
984	-0.156	0.053	1.026	196.8
985	-0.158	0.056	1.030	197.0
986	-0.158	0.052	1.027	197.2
987	-0.157	0.054	1.038	197.4
988	-0.158	0.055	1.035	197.6
989	-0.158	0.057	1.028	197.8
990	-0.159	0.053	1.019	198.0
991	-0.158	0.055	1.022	198.2
992	-0.157	0.054	1.031	198.4
993	-0.158	0.056	1.026	198.6
994	-0.159	0.056	1.026	198.8
995	-0.156	0.053	1.022	199.0
996	-0.159	0.053	1.022	199.2
997	-0.156	0.056	1.032	199.4
998	-0.156	0.056	1.038	199.6
999	-0.159	0.055	1.028	199.8
1000	-0.157	0.052	1.028	200.0
1001	-0.157	0.056	1.030	200.2
1002	-0.158	0.056	1.023	200.4
1003	-0.158	0.053	1.020	200.6
1004	-0.161	0.054	1.024	200.8
1005	-0.161	0.056	1.029	201.0
1006	-0.157	0.054	1.024	201.2
1007	-0.157	0.053	1.021	201.4
1008	-0.158	0.053	1.024	201.6
1009	-0.158	0.055	1.032	201.8
1010	-0.159	0.055	1.035	202.0
1011	-0.156	0.055	1.028	202.2
1012	-0.161	0.054	1.022	202.4
1013	-0.159	0.055	1.026	202.6
1014	-0.158	0.056	1.033	202.8
1015	-0.158	0.053	1.038	203.0
1016	-0.157	0.053	1.029	203.2
1017	-0.161	0.054	1.103	203.4
1018	-0.275	0.101	1.237	203.6
1019	-0.269	0.099	1.215	203.8
1020	-0.263	0.098	1.208	204.0
1021	-0.262	0.096	1.194	204.2
1022	-0.260	0.097	1.191	204.4
1023	-0.260	0.095	1.194	204.6
1024	-0.254	0.095	1.201	204.8
1025	-0.257	0.095	1.201	205.0
1026	-0.255	0.094	1.201	205.2
1027	-0.256	0.095	1.191	205.4
1028	-0.254	0.095	1.190	205.6
1029	-0.253	0.095	1.196	205.8
1030	-0.255	0.094	1.197	206.0
1031	-0.254	0.094	1.194	206.2
1032	-0.253	0.095	1.192	206.4
1033	-0.252	0.094	1.181	206.6
1034	-0.252	0.094	1.186	206.8
1035	-0.252	0.092	1.191	207.0
1036	-0.251	0.096	1.192	207.2
1037	-0.253	0.095	1.186	207.4
1038	-0.251	0.095	1.179	207.6
1039	-0.252	0.091	1.184	207.8
1040	-0.252	0.092	1.192	208.0
1041	-0.252	0.094	1.195	208.2
1042	-0.252	0.091	1.187	208.4
1043	-0.253	0.093	1.182	208.6
1044	-0.251	0.092	1.184	208.8
1045	-0.252	0.092	1.191	209.0
1046	-0.251	0.091	1.187	209.2
1047	-0.248	0.093	1.183	209.4
1048	-0.251	0.093	1.179	209.6
1049	-0.249	0.091	1.179	209.8
1050	-0.250	0.092	1.177	210.0
1051	-0.248	0.093	1.190	210.2
1052	-0.249	0.091	1.183	210.4
1053	-0.248	0.093	1.185	210.6
1054	-0.249	0.094	1.173	210.8
1055	-0.247	0.095	1.176	211.0
1056	-0.249	0.093	1.183	211.2
1057	-0.248	0.091	1.189	211.4
1058	-0.248	0.092	1.179	211.6
1059	-0.252	0.091	1.171	211.8
1060	-0.248	0.095	1.175	212.0
1061	-0.248	0.091	1.177	212.2
1062	-0.247	0.093	1.177	212.4
1063	-0.248	0.093	1.177	212.6
1064	-0.249	0.094	1.179	212.8
1065	-0.250	0.095	1.173	213.0
1066	-0.246	0.091	1.177	213.2
1067	-0.248	0.093	1.179	213.4
1068	-0.249	0.093	1.181	213.6
1069	-0.248	0.094	1.178	213.8
1070	-0.248	0.093	1.178	214.0
1071	-0.247	0.094	1.177	214.2
1072	-0.247	0.096	1.181	214.4
1073	-0.246	0.093	1.180	214.6
1074	-0.247	0.092	1.173	214.8
1075	-0.245	0.092	1.172	215.0
1076	-0.245	0.092	1.173	215.2
1077	-0.243	0.093	1.175	215.4
1078	-0.244	0.092	1.171	215.6
1079	-0.244	0.091	1.177	215.8
1080	-0.242	0.091	1.175	216.0
1081	-0.244	0.094	1.175	216.2
1082	-0.242	0.092	1.173	216.4
1083	-0.243	0.092	1.177	216.6
1084	-0.242	0.095	1.177	216.8
1085	-0.242	0.092	1.173	217.0
1086	-0.242	0.093	1.173	217.2
1087	-0.242	0.096	1.177	217.4
1088	-0.242	0.093	1.178	217.6
1089	-0.241	0.094	1.175	217.8
1090	-0.244	0.093	1.173	218.0
1091	-0.244	0.095	1.168	218.2
1092	-0.241	0.094	1.175	218.4
1093	-0.241	0.098	1.175	218.6
1094	-0.242	0.096	1.183	218.8
1095	-0.241	0.094	1.175	219.0
1096	-0.242	0.094	1.174	219.2
1097	-0.241	0.094	1.171	219.4
1098	-0.242	0.095	1.175	219.6
1099	-0.242	0.095	1.181	219.8
1100	-0.239	0.094	1.181	220.0
1101	-0.239	0.093	1.178	220.2
1102	-0.241	0.095	1.167	220.4
1103	-0.241	0.095	1.172	220.6
1104	-0.240	0.091	1.171	220.8
1105	-0.239	0.093	1.170	221.0
1106	-0.239	0.094	1.164	221.2
1107	-0.239	0.093	1.165	221.4
1108	-0.239	0.093	1.173	221.6
1109	-0.238	0.090	1.171	221.8
1110	-0.238	0.091	1.172	222.0
1111	-0.238	0.093	1.170	222.2
1112	-0.239	0.091	1.162	222.4
1113	-0.238	0.092	1.167	222.6
1114	-0.240	0.092	1.172	222.8
1115	-0.238	0.093	1.177	223.0
1116	-0.237	0.095	1.167	223.2
1117	-0.236	0.092	1.164	223.4
1118	-0.239	0.091	1.155	223.6
1119	-0.239	0.091	1.164	223.8
1120	-0.238	0.092	1.173	224.0
1121	-0.238	0.090	1.173	224.2
1122	-0.237	0.091	1.160	224.4
1123	-0.236	0.093	1.157	224.6
1124	-0.238	0.088	1.161	224.8
1125	-0.238	0.090	1.174	225.0
1126	-0.235	0.091	1.175	225.2
1127	-0.236	0.090	1.167	225.4
1128	-0.236	0.091	1.161	225.6
1129	-0.237	0.090	1.163	225.8
1130	-0.235	0.088	1.167	226.0
1131	-0.236	0.089	1.167	226.2
1132	-0.237	0.092	1.169	226.4
1133	-0.237	0.092	1.165	226.6
1134	-0.237	0.089	1.157	226.8
1135	-0.236	0.091	1.161	227.0
1136	-0.236	0.091	1.159	227.2
1137	-0.236	0.090	1.165	227.4
1138	-0.236	0.087	1.168	227.6
1139	-0.236	0.090	1.170	227.8
1140	-0.237	0.091	1.168	228.0
1141	-0.235	0.088	1.167	228.2
1142	-0.236	0.089	1.169	228.4
1143	-0.236	0.089	1.164	228.6
1144	-0.235	0.090	1.159	228.8
1145	-0.234	0.090	1.163	229.0
1146	-0.236	0.090	1.168	229.2
1147	-0.237	0.091	1.161	229.4
1148	-0.236	0.090	1.162	229.6
1149	-0.238	0.089	1.163	229.8
1150	-0.235	0.088	1.170	230.0
1151	-0.237	0.091	1.170	230.2
1152	-0.237	0.091	1.167	230.4
1153	-0.239	0.090	1.163	230.6
1154	-0.239	0.091	1.173	230.8
1155	-0.236	0.091	1.181	231.0
1156	-0.235	0.090	1.172	231.2
1157	-0.237	0.090	1.161	231.4
1158	-0.237	0.089	1.170	231.6
1159	-0.236	0.089	1.170	231.8
1160	-0.237	0.088	1.167	232.0
1161	-0.237	0.090	1.158	232.2
1162	-0.237	0.088	1.162	232.4
1163	-0.236	0.090	1.165	232.6
1164	-0.234	0.090	1.159	232.8
1165	-0.235	0.088	1.155	233.0
1166	-0.238	0.088	1.165	233.2
1167	-0.236	0.088	1.171	233.4
1168	-0.237	0.090	1.172	233.6
1169	-0.236	0.089	1.165	233.8
1170	-0.236	0.088	1.161	234.0
1171	-0.238	0.088	1.157	234.2
1172	-0.237	0.088	1.167	234.4
1173	-0.238	0.089	1.168	234.6
1174	-0.237	0.089	1.167	234.8
1175	-0.234	0.089	1.160	235.0
1176	-0.238	0.090	1.163	235.2
1177	-0.235	0.093	1.163	235.4
1178	-0.236	0.091	1.164	235.6
1179	-0.235	0.089	1.163	235.8
1180	-0.233	0.091	1.161	236.0
1181	-0.237	0.091	1.167	236.2
1182	-0.238	0.090	1.171	236.4
1183	-0.233	0.090	1.168	236.6
1184	-0.237	0.089	1.169	236.8
1185	-0.236	0.091	1.162	237.0
1186	-0.236	0.090	1.157	237.2
1187	-0.237	0.087	1.171	237.4
1188	-0.237	0.088	1.169	237.6
1189	-0.238	0.090	1.170	237.8
1190	-0.236	0.092	1.156	238.0
1191	-0.237	0.091	1.154	238.2
1192	-0.235	0.088	1.158	238.4
1193	-0.236	0.090	1.169	238.6
1194	-0.236	0.088	1.170	238.8
1195	-0.237	0.092	1.165	239.0
1196	-0.236	0.089	1.151	239.2
1197	-0.237	0.089	1.166	239.4
1198	-0.236	0.088	1.175	239.6
1199	-0.235	0.088	1.171	239.8
1200	-0.234	0.090	1.161	240.0
1201	-0.235	0.089	1.155	240.2
1202	-0.236	0.088	1.159	240.4
1203	-0.234	0.087	1.170	240.6
1204	-0.234	0.089	1.168	240.8
1205	-0.233	0.091	1.161	241.0
1206	-0.234	0.090	1.159	241.2
1207	-0.236	0.087	1.156	241.4
1208	-0.234	0.088	1.163	241.6
1209	-0.234	0.090	1.164	241.8
1210	-0.234	0.089	1.165	242.0
1211	-0.234	0.089	1.164	242.2
1212	-0.234	0.089	1.164	242.4
1213	-0.234	0.089	1.168	242.6
1214	-0.234	0.089	1.168	242.8
1215	-0.233	0.091	1.161	243.0
1216	-0.234	0.091	1.161	243.2
1217	-0.235	0.088	1.161	243.4
1218	-0.234	0.093	1.162	243.6
1219	-0.234	0.089	1.162	243.8
1220	-0.235	0.091	1.161	244.0
1221	-0.233	0.092	1.159	244.2
1222	-0.235	0.092	1.157	244.4
1223	-0.234	0.088	1.161	244.6
1224	-0.233	0.092	1.170	244.8
1225	-0.233	0.091	1.161	245.0
1226	-0.233	0.090	1.165	245.2
1227	-0.234	0.090	1.164	245.4
1228	-0.235	0.091	1.167	245.6
1229	-0.234	0.093	1.167	245.8
1230	-0.234	0.091	1.167	246.0
1231	-0.235	0.088	1.158	246.2
1232	-0.235	0.092	1.152	246.4
1233	-0.235	0.091	1.160	246.6
1234	-0.235	0.090	1.167	246.8
1235	-0.234	0.091	1.173	247.0
1236	-0.234	0.093	1.171	247.2
1237	-0.235	0.092	1.157	247.4
1238	-0.235	0.091	1.163	247.6
1239	-0.236	0.089	1.163	247.8
1240	-0.235	0.090	1.165	248.0
1241	-0.235	0.091	1.173	248.2
1242	-0.234	0.091	1.174	248.4
1243	-0.235	0.088	1.163	248.6
1244	-0.234	0.092	1.159	248.8
1245	-0.235	0.091	1.161	249.0
1246	-0.237	0.090	1.161	249.2
1247	-0.238	0.088	1.167	249.4
1248	-0.238	0.088	1.163	249.6
1249	-0.234	0.092	1.163	249.8
1250	-0.234	0.092	1.162	250.0
1251	-0.237	0.091	1.155	250.2
1252	-0.238	0.090	1.161	250.4
1253	-0.237	0.090	1.168	250.6
1254	-0.234	0.091	1.173	250.8
1255	-0.236	0.091	1.169	251.0
1256	-0.235	0.091	1.169	251.2
1257	-0.237	0.091	1.161	251.4
1258	-0.234	0.091	1.157	251.6
1259	-0.235	0.090	1.160	251.8
1260	-0.236	0.090	1.164	252.0
1261	-0.235	0.090	1.165	252.2
1262	-0.235	0.090	1.161	252.4
1263	-0.235	0.089	1.157	252.6
1264	-0.235	0.089	1.153	252.8
1265	-0.235	0.087	1.163	253.0
1266	-0.236	0.089	1.164	253.2
1267	-0.236	0.089	1.163	253.4
1268	-0.236	0.089	1.155	253.6
1269	-0.235	0.090	1.153	253.8
1270	-0.236	0.088	1.165	254.0
1271	-0.237	0.088	1.167	254.2
1272	-0.237	0.087	1.168	254.4
1273	-0.236	0.088	1.161	254.6
1274	-0.234	0.090	1.160	254.8
1275	-0.233	0.087	1.153	255.0
1276	-0.234	0.091	1.152	255.2
1277	-0.235	0.090	1.158	255.4
1278	-0.235	0.089	1.158	255.6
1279	-0.233	0.089	1.159	255.8
1280	-0.234	0.089	1.155	256.0
1281	-0.233	0.091	1.155	256.2
1282	-0.235	0.088	1.167	256.4
1283	-0.235	0.091	1.159	256.6
1284	-0.232	0.088	1.156	256.8
1285	-0.232	0.092	1.158	257.0
1286	-0.233	0.089	1.162	257.2
1287	-0.233	0.090	1.165	257.4
1288	-0.233	0.087	1.161	257.6
1289	-0.234	0.088	1.159	257.8
1290	-0.234	0.091	1.152	258.0
1291	-0.233	0.087	1.158	258.2
1292	-0.232	0.088	1.163	258.4
1293	-0.233	0.089	1.157	258.6
1294	-0.233	0.090	1.155	258.8
1295	-0.235	0.090	1.160	259.0
1296	-0.234	0.089	1.160	259.2
1297	-0.234	0.088	1.157	259.4
1298	-0.236	0.088	1.161	259.6
1299	-0.234	0.089	1.170	259.8
1300	-0.234	0.088	1.161	260.0
1301	-0.233	0.090	1.165	260.2
1302	-0.233	0.090	1.159	260.4
1303	-0.235	0.087	1.155	260.6
1304	-0.232	0.088	1.161	260.8
1305	-0.234	0.088	1.163	261.0
1306	-0.233	0.087	1.155	261.2
1307	-0.235	0.086	1.152	261.4
1308	-0.234	0.088	1.158	261.6
1309	-0.233	0.091	1.159	261.8
1310	-0.233	0.089	1.159	262.0
1311	-0.235	0.088	1.161	262.2
1312	-0.235	0.088	1.158	262.4
1313	-0.235	0.089	1.160	262.6
1314	-0.233	0.087	1.162	262.8
1315	-0.236	0.088	1.167	263.0
1316	-0.234	0.088	1.169	263.2
1317	-0.235	0.088	1.163	263.4
1318	-0.233	0.091	1.151	263.6
1319	-0.233	0.092	1.157	263.8
1320	-0.233	0.090	1.162	264.0
1321	-0.232	0.090	1.167	264.2
1322	-0.233	0.091	1.157	264.4
1323	-0.233	0.093	1.148	264.6
1324	-0.233	0.089	1.154	264.8
1325	-0.234	0.089	1.172	265.0
1326	-0.234	0.091	1.169	265.2
1327	-0.236	0.090	1.161	265.4
1328	-0.235	0.090	1.154	265.6
1329	-0.235	0.088	1.161	265.8
1330	-0.235	0.090	1.171	266.0
1331	-0.237	0.089	1.173	266.2
1332	-0.236	0.091	1.169	266.4
1333	-0.237	0.092	1.152	266.6
1334	-0.236	0.091	1.150	266.8
1335	-0.236	0.090	1.163	267.0
1336	-0.235	0.090	1.175	267.2
1337	-0.235	0.091	1.168	267.4
1338	-0.235	0.091	1.163	267.6
1339	-0.234	0.089	1.150	267.8
1340	-0.234	0.088	1.155	268.0
1341	-0.236	0.091	1.170	268.2
1342	-0.235	0.089	1.183	268.4
1343	-0.234	0.089	1.163	268.6
1344	-0.235	0.091	1.152	268.8
1345	-0.237	0.092	1.165	269.0
1346	-0.235	0.090	1.173	269.2
1347	-0.232	0.091	1.169	269.4
1348	-0.235	0.090	1.155	269.6
1349	-0.234	0.090	1.158	269.8
1350	-0.237	0.091	1.163	270.0
1351	-0.235	0.092	1.168	270.2
1352	-0.237	0.092	1.163	270.4
1353	-0.236	0.089	1.159	270.6
1354	-0.234	0.090	1.154	270.8
1355	-0.240	0.088	1.165	271.0
1356	-0.237	0.092	1.166	271.2
1357	-0.234	0.092	1.166	271.4
1358	-0.235	0.093	1.169	271.6
1359	-0.234	0.091	1.169	271.8
1360	-0.237	0.091	1.165	272.0
1361	-0.236	0.091	1.160	272.2
1362	-0.237	0.089	1.162	272.4
1363	-0.237	0.087	1.165	272.6
1364	-0.237	0.088	1.167	272.8
1365	-0.237	0.089	1.166	273.0
1366	-0.234	0.088	1.161	273.2
1367	-0.232	0.089	1.162	273.4
1368	-0.234	0.087	1.161	273.6
1369	-0.235	0.087	1.165	273.8
1370	-0.233	0.088	1.163	274.0
1371	-0.234	0.088	1.166	274.2
1372	-0.235	0.086	1.167	274.4
1373	-0.233	0.088	1.162	274.6
1374	-0.235	0.087	1.162	274.8
1375	-0.238	0.089	1.166	275.0
1376	-0.236	0.088	1.173	275.2
1377	-0.236	0.090	1.164	275.4
1378	-0.235	0.088	1.159	275.6
1379	-0.235	0.088	1.157	275.8
1380	-0.235	0.087	1.163	276.0
1381	-0.235	0.087	1.162	276.2
1382	-0.237	0.086	1.162	276.4
1383	-0.237	0.089	1.166	276.6
1384	-0.236	0.088	1.167	276.8
1385	-0.237	0.088	1.161	277.0
1386	-0.239	0.085	1.160	277.2
1387	-0.237	0.086	1.170	277.4
1388	-0.235	0.085	1.177	277.6
1389	-0.239	0.086	1.168	277.8
1390	-0.235	0.088	1.157	278.0
1391	-0.235	0.088	1.159	278.2
1392	-0.238	0.087	1.161	278.4
1393	-0.234	0.084	1.166	278.6
1394	-0.234	0.085	1.170	278.8
1395	-0.235	0.087	1.164	279.0
1396	-0.235	0.089	1.154	279.2
1397	-0.237	0.087	1.152	279.4
1398	-0.236	0.087	1.152	279.6
1399	-0.235	0.086	1.164	279.8
1400	-0.234	0.088	1.179	280.0
1401	-0.236	0.087	1.178	280.2
1402	-0.235	0.087	1.160	280.4
1403	-0.237	0.087	1.159	280.6
1404	-0.235	0.088	1.170	280.8
1405	-0.235	0.088	1.173	281.0
1406	-0.235	0.088	1.173	281.2
1407	-0.235	0.087	1.161	281.4
1408	-0.234	0.087	1.161	281.6
1409	-0.237	0.088	1.163	281.8
1410	-0.237	0.088	1.164	282.0
1411	-0.234	0.087	1.165	282.2
1412	-0.235	0.087	1.167	282.4
1413	-0.234	0.086	1.163	282.6
1414	-0.234	0.087	1.161	282.8
1415	-0.234	0.087	1.162	283.0
1416	-0.235	0.087	1.173	283.2
1417	-0.234	0.085	1.176	283.4
1418	-0.234	0.087	1.168	283.6
1419	-0.235	0.084	1.161	283.8
1420	-0.234	0.088	1.162	284.0
1421	-0.234	0.087	1.160	284.2
1422	-0.238	0.090	1.161	284.4
1423	-0.237	0.089	1.163	284.6
1424	-0.237	0.087	1.161	284.8
1425	-0.236	0.088	1.161	285.0
1426	-0.234	0.090	1.165	285.2
1427	-0.235	0.090	1.164	285.4
1428	-0.235	0.087	1.161	285.6
1429	-0.235	0.088	1.159	285.8
1430	-0.233	0.087	1.157	286.0
1431	-0.235	0.092	1.167	286.2
1432	-0.238	0.088	1.167	286.4
1433	-0.238	0.089	1.168	286.6
1434	-0.238	0.091	1.167	286.8
1435	-0.236	0.089	1.168	287.0
1436	-0.236	0.090	1.165	287.2
1437	-0.238	0.088	1.163	287.4
1438	-0.240	0.089	1.165	287.6
1439	-0.236	0.090	1.169	287.8
1440	-0.236	0.089	1.169	288.0
1441	-0.236	0.090	1.162	288.2
1442	-0.236	0.091	1.155	288.4
1443	-0.238	0.090	1.156	288.6
1444	-0.237	0.090	1.167	288.8
1445	-0.238	0.093	1.167	289.0
1446	-0.237	0.093	1.169	289.2
1447	-0.239	0.092	1.173	289.4
1448	-0.239	0.090	1.167	289.6
1449	-0.239	0.092	1.164	289.8
1450	-0.236	0.090	1.167	290.0
1451	-0.237	0.092	1.171	290.2
1452	-0.237	0.094	1.171	290.4
1453	-0.237	0.097	1.170	290.6
1454	-0.237	0.090	1.163	290.8
1455	-0.237	0.091	1.165	291.0
1456	-0.236	0.091	1.161	291.2
1457	-0.238	0.093	1.165	291.4
1458	-0.237	0.092	1.163	291.6
1459	-0.239	0.092	1.173	291.8
1460	-0.238	0.093	1.178	292.0
1461	-0.237	0.094	1.169	292.2
1462	-0.238	0.094	1.167	292.4
1463	-0.238	0.090	1.167	292.6
1464	-0.238	0.089	1.178	292.8
1465	-0.238	0.091	1.179	293.0
1466	-0.238	0.090	1.169	293.2
1467	-0.239	0.091	1.160	293.4
1468	-0.240	0.090	1.162	293.6
1469	-0.240	0.090	1.167	293.8
1470	-0.237	0.089	1.169	294.0
1471	-0.239	0.090	1.175	294.2
1472	-0.239	0.088	1.166	294.4
1473	-0.240	0.089	1.168	294.6
1474	-0.240	0.090	1.175	294.8
1475	-0.240	0.091	1.167	295.0
1476	-0.240	0.091	1.171	295.2
1477	-0.242	0.092	1.177	295.4
1478	-0.240	0.090	1.175	295.6
1479	-0.240	0.090	1.170	295.8
1480	-0.241	0.090	1.165	296.0
1481	-0.240	0.091	1.173	296.2
1482	-0.241	0.091	1.182	296.4
1483	-0.238	0.090	1.167	296.6
1484	-0.239	0.088	1.160	296.8
1485	-0.239	0.090	1.167	297.0
1486	-0.239	0.090	1.180	297.2
1487	-0.240	0.090	1.176	297.4
1488	-0.239	0.090	1.171	297.6
1489	-0.238	0.088	1.165	297.8
1490	-0.235	0.087	1.163	298.0
1491	-0.238	0.087	1.168	298.2
1492	-0.239	0.087	1.173	298.4
1493	-0.239	0.088	1.177	298.6
1494	-0.237	0.090	1.165	298.8
1495	-0.238	0.089	1.163	299.0
1496	-0.239	0.087	1.165	299.2
1497	-0.238	0.086	1.167	299.4
1498	-0.236	0.088	1.168	299.6
1499	-0.238	0.088	1.165	299.8
1500	-0.236	0.087	1.162	300.0
1501	-0.235	0.087	1.171	300.2
1502	-0.236	0.088	1.167	300.4
1503	-0.235	0.087	1.163	300.6
1504	-0.237	0.087	1.161	300.8
1505	-0.238	0.088	1.163	301.0
1506	-0.235	0.091	1.168	301.2
1507	-0.236	0.089	1.171	301.4
1508	-0.234	0.085	1.171	301.6
1509	-0.237	0.086	1.167	301.8
1510	-0.236	0.087	1.162	302.0
1511	-0.237	0.087	1.170	302.2
1512	-0.235	0.087	1.170	302.4
1513	-0.236	0.087	1.169	302.6
1514	-0.237	0.087	1.158	302.8
1515	-0.237	0.086	1.157	303.0
1516	-0.235	0.086	1.168	303.2
1517	-0.235	0.088	1.163	303.4
1518	-0.319	0.116	1.447	303.6
1519	-0.471	0.180	1.571	303.8
1520	-0.461	0.177	1.534	304.0
1521	-0.455	0.172	1.531	304.2
1522	-0.449	0.173	1.517	304.4
1523	-0.447	0.169	1.516	304.6
1524	-0.445	0.169	1.522	304.8
1525	-0.443	0.170	1.524	305.0
1526	-0.440	0.168	1.504	305.2
1527	-0.443	0.169	1.490	305.4
1528	-0.438	0.168	1.498	305.6
1529	-0.439	0.166	1.506	305.8
1530	-0.435	0.167	1.506	306.0
1531	-0.436	0.165	1.496	306.2
1532	-0.433	0.165	1.494	306.4
1533	-0.432	0.165	1.489	306.6
1534	-0.431	0.165	1.493	306.8
1535	-0.432	0.165	1.498	307.0
1536	-0.431	0.161	1.493	307.2
1537	-0.430	0.162	1.489	307.4
1538	-0.427	0.161	1.490	307.6
1539	-0.428	0.163	1.490	307.8
1540	-0.429	0.159	1.492	308.0
1541	-0.426	0.156	1.497	308.2
1542	-0.424	0.160	1.490	308.4
1543	-0.423	0.158	1.487	308.6
1544	-0.424	0.157	1.478	308.8
1545	-0.424	0.159	1.489	309.0
1546	-0.424	0.159	1.491	309.2
1547	-0.421	0.158	1.484	309.4
1548	-0.421	0.156	1.476	309.6
1549	-0.421	0.158	1.471	309.8
1550	-0.420	0.160	1.476	310.0
1551	-0.421	0.159	1.482	310.2
1552	-0.418	0.159	1.488	310.4
1553	-0.420	0.158	1.481	310.6
1554	-0.417	0.160	1.470	310.8
1555	-0.418	0.161	1.469	311.0
1556	-0.417	0.160	1.472	311.2
1557	-0.418	0.159	1.473	311.4
1558	-0.419	0.159	1.476	311.6
1559	-0.416	0.155	1.472	311.8
1560	-0.417	0.159	1.466	312.0
1561	-0.417	0.156	1.462	312.2
1562	-0.418	0.156	1.468	312.4
1563	-0.419	0.155	1.478	312.6
1564	-0.415	0.153	1.472	312.8
1565	-0.418	0.154	1.465	313.0
1566	-0.417	0.152	1.466	313.2
1567	-0.415	0.154	1.461	313.4
1568	-0.417	0.154	1.465	313.6
1569	-0.414	0.152	1.475	313.8
1570	-0.413	0.154	1.477	314.0
1571	-0.416	0.153	1.474	314.2
1572	-0.417	0.152	1.470	314.4
1573	-0.412	0.153	1.465	314.6
1574	-0.415	0.154	1.463	314.8
1575	-0.413	0.152	1.467	315.0
1576	-0.415	0.156	1.468	315.2
1577	-0.413	0.157	1.461	315.4
1578	-0.414	0.157	1.463	315.6
1579	-0.413	0.158	1.464	315.8
1580	-0.413	0.158	1.472	316.0
1581	-0.410	0.155	1.468	316.2
1582	-0.414	0.155	1.465	316.4
1583	-0.412	0.155	1.462	316.6
1584	-0.413	0.156	1.468	316.8
1585	-0.411	0.157	1.471	317.0
1586	-0.413	0.155	1.467	317.2
1587	-0.411	0.158	1.464	317.4
1588	-0.414	0.159	1.464	317.6
1589	-0.413	0.156	1.469	317.8
1590	-0.410	0.157	1.467	318.0
1591	-0.411	0.157	1.468	318.2
1592	-0.409	0.158	1.466	318.4
1593	-0.410	0.157	1.465	318.6
1594	-0.411	0.158	1.463	318.8
1595	-0.407	0.157	1.460	319.0
1596	-0.408	0.159	1.462	319.2
1597	-0.410	0.155	1.459	319.4
1598	-0.410	0.157	1.471	319.6
1599	-0.410	0.156	1.467	319.8
1600	-0.408	0.154	1.455	320.0
1601	-0.410	0.156	1.459	320.2
1602	-0.408	0.157	1.460	320.4
1603	-0.408	0.152	1.460	320.6
1604	-0.408	0.157	1.458	320.8
1605	-0.410	0.155	1.457	321.0
1606	-0.408	0.157	1.461	321.2
1607	-0.409	0.156	1.462	321.4
1608	-0.410	0.154	1.455	321.6
1609	-0.409	0.160	1.451	321.8
1610	-0.409	0.157	1.463	322.0
1611	-0.409	0.155	1.459	322.2
1612	-0.406	0.158	1.453	322.4
1613	-0.408	0.156	1.459	322.6
1614	-0.408	0.158	1.467	322.8
1615	-0.409	0.159	1.468	323.0
1616	-0.408	0.160	1.457	323.2
1617	-0.409	0.157	1.457	323.4
1618	-0.408	0.158	1.460	323.6
1619	-0.408	0.160	1.456	323.8
1620	-0.407	0.159	1.456	324.0
1621	-0.407	0.158	1.464	324.2
1622	-0.405	0.159	1.454	324.4
1623	-0.405	0.157	1.449	324.6
1624	-0.406	0.160	1.454	324.8
1625	-0.408	0.159	1.462	325.0
1626	-0.407	0.159	1.464	325.2
1627	-0.408	0.160	1.457	325.4
1628	-0.406	0.157	1.451	325.6
1629	-0.408	0.157	1.447	325.8
1630	-0.407	0.160	1.459	326.0
1631	-0.406	0.157	1.467	326.2
1632	-0.404	0.161	1.456	326.4
1633	-0.404	0.159	1.453	326.6
1634	-0.405	0.155	1.449	326.8
1635	-0.406	0.157	1.450	327.0
1636	-0.406	0.157	1.457	327.2
1637	-0.406	0.158	1.458	327.4
1638	-0.406	0.157	1.455	327.6
1639	-0.405	0.156	1.454	327.8
1640	-0.403	0.158	1.455	328.0
1641	-0.405	0.159	1.446	328.2
1642	-0.407	0.158	1.448	328.4
1643	-0.404	0.157	1.458	328.6
1644	-0.405	0.161	1.464	328.8
1645	-0.405	0.159	1.457	329.0
1646	-0.405	0.160	1.442	329.2
1647	-0.402	0.159	1.444	329.4
1648	-0.402	0.158	1.456	329.6
1649	-0.402	0.161	1.466	329.8
1650	-0.403	0.161	1.453	330.0
1651	-0.404	0.160	1.450	330.2
1652	-0.404	0.160	1.447	330.4
1653	-0.402	0.162	1.449	330.6
1654	-0.403	0.162	1.460	330.8
1655	-0.402	0.162	1.456	331.0
1656	-0.404	0.161	1.447	331.2
1657	-0.402	0.160	1.453	331.4
1658	-0.401	0.162	1.458	331.6
1659	-0.402	0.162	1.457	331.8
1660	-0.402	0.160	1.451	332.0
1661	-0.405	0.160	1.451	332.2
1662	-0.403	0.159	1.449	332.4
1663	-0.400	0.159	1.458	332.6
1664	-0.402	0.163	1.450	332.8
1665	-0.401	0.159	1.443	333.0
1666	-0.403	0.161	1.445	333.2
1667	-0.400	0.159	1.443	333.4
1668	-0.403	0.161	1.440	333.6
1669	-0.400	0.160	1.447	333.8
1670	-0.400	0.160	1.449	334.0
1671	-0.401	0.159	1.445	334.2
1672	-0.399	0.160	1.447	334.4
1673	-0.400	0.159	1.448	334.6
1674	-0.401	0.157	1.447	334.8
1675	-0.402	0.160	1.450	335.0
1676	-0.401	0.158	1.450	335.2
1677	-0.401	0.159	1.454	335.4
1678	-0.401	0.159	1.448	335.6
1679	-0.401	0.158	1.441	335.8
1680	-0.399	0.158	1.443	336.0
1681	-0.400	0.160	1.448	336.2
1682	-0.398	0.157	1.451	336.4
1683	-0.399	0.160	1.445	336.6
1684	-0.400	0.156	1.441	336.8
1685	-0.400	0.157	1.444	337.0
1686	-0.401	0.156	1.444	337.2
1687	-0.403	0.153	1.452	337.4
1688	-0.400	0.157	1.447	337.6
1689	-0.399	0.154	1.444	337.8
1690	-0.399	0.154	1.447	338.0
1691	-0.401	0.154	1.446	338.2
1692	-0.399	0.153	1.443	338.4
1693	-0.399	0.153	1.447	338.6
1694	-0.398	0.152	1.452	338.8
1695	-0.399	0.153	1.445	339.0
1696	-0.399	0.153	1.438	339.2
1697	-0.402	0.151	1.437	339.4
1698	-0.400	0.151	1.435	339.6
1699	-0.400	0.153	1.435	339.8
1700	-0.399	0.149	1.442	340.0
1701	-0.399	0.152	1.438	340.2
1702	-0.399	0.153	1.432	340.4
1703	-0.399	0.153	1.436	340.6
1704	-0.399	0.155	1.435	340.8
1705	-0.397	0.152	1.436	341.0
1706	-0.398	0.153	1.444	341.2
1707	-0.398	0.156	1.445	341.4
1708	-0.396	0.155	1.439	341.6
1709	-0.399	0.152	1.434	341.8
1710	-0.398	0.154	1.429	342.0
1711	-0.395	0.152	1.439	342.2
1712	-0.398	0.154	1.443	342.4
1713	-0.397	0.156	1.438	342.6
1714	-0.396	0.154	1.432	342.8
1715	-0.396	0.153	1.427	343.0
1716	-0.395	0.154	1.433	343.2
1717	-0.394	0.156	1.437	343.4
1718	-0.394	0.155	1.440	343.6
1719	-0.397	0.153	1.438	343.8
1720	-0.395	0.152	1.441	344.0
1721	-0.396	0.154	1.437	344.2
1722	-0.395	0.155	1.434	344.4
1723	-0.395	0.154	1.439	344.6
1724	-0.395	0.154	1.443	344.8
1725	-0.395	0.153	1.441	345.0
1726	-0.395	0.152	1.431	345.2
1727	-0.394	0.155	1.428	345.4
1728	-0.393	0.153	1.437	345.6
1729	-0.395	0.151	1.443	345.8
1730	-0.395	0.155	1.439	346.0
1731	-0.397	0.154	1.431	346.2
1732	-0.395	0.155	1.427	346.4
1733	-0.397	0.153	1.435	346.6
1734	-0.396	0.154	1.444	346.8
1735	-0.396	0.155	1.441	347.0
1736	-0.395	0.157	1.438	347.2
1737	-0.396	0.160	1.436	347.4
1738	-0.398	0.156	1.439	347.6
1739	-0.396	0.157	1.450	347.8
1740	-0.397	0.156	1.448	348.0
1741	-0.397	0.157	1.443	348.2
1742	-0.397	0.157	1.447	348.4
1743	-0.398	0.157	1.437	348.6
1744	-0.398	0.158	1.434	348.8
1745	-0.399	0.158	1.438	349.0
1746	-0.400	0.155	1.444	349.2
1747	-0.401	0.158	1.443	349.4
1748	-0.397	0.158	1.436	349.6
1749	-0.397	0.157	1.434	349.8
1750	-0.397	0.157	1.437	350.0
1751	-0.397	0.157	1.450	350.2
1752	-0.396	0.160	1.452	350.4
1753	-0.397	0.159	1.445	350.6
1754	-0.395	0.154	1.439	350.8
1755	-0.396	0.156	1.444	351.0
1756	-0.398	0.157	1.444	351.2
1757	-0.396	0.156	1.444	351.4
1758	-0.399	0.161	1.448	351.6
1759	-0.397	0.156	1.445	351.8
1760	-0.397	0.155	1.443	352.0
1761	-0.396	0.156	1.440	352.2
1762	-0.395	0.154	1.427	352.4
1763	-0.396	0.156	1.435	352.6
1764	-0.397	0.154	1.441	352.8
1765	-0.395	0.157	1.444	353.0
1766	-0.396	0.157	1.442	353.2
1767	-0.395	0.157	1.440	353.4
1768	-0.395	0.157	1.437	353.6
1769	-0.395	0.157	1.440	353.8
1770	-0.393	0.156	1.452	354.0
1771	-0.393	0.157	1.450	354.2
1772	-0.395	0.158	1.441	354.4
1773	-0.395	0.159	1.445	354.6
1774	-0.393	0.159	1.450	354.8
1775	-0.393	0.158	1.448	355.0
1776	-0.393	0.161	1.444	355.2
1777	-0.391	0.159	1.437	355.4
1778	-0.391	0.159	1.443	355.6
1779	-0.390	0.159	1.449	355.8
1780	-0.389	0.159	1.441	356.0
1781	-0.389	0.160	1.444	356.2
1782	-0.390	0.162	1.455	356.4
1783	-0.387	0.161	1.442	356.6
1784	-0.387	0.161	1.438	356.8
1785	-0.387	0.157	1.442	357.0
1786	-0.387	0.157	1.452	357.2
1787	-0.387	0.160	1.450	357.4
1788	-0.386	0.159	1.438	357.6
1789	-0.385	0.159	1.437	357.8
1790	-0.383	0.158	1.448	358.0
1791	-0.386	0.156	1.451	358.2
1792	-0.386	0.157	1.452	358.4
1793	-0.385	0.157	1.438	358.6
1794	-0.386	0.157	1.426	358.8
1795	-0.387	0.156	1.435	359.0
1796	-0.386	0.155	1.451	359.2
1797	-0.386	0.157	1.450	359.4
1798	-0.387	0.155	1.440	359.6
1799	-0.387	0.157	1.439	359.8
1800	-0.384	0.155	1.437	360.0
1801	-0.387	0.155	1.440	360.2
1802	-0.386	0.158	1.444	360.4
1803	-0.388	0.155	1.451	360.6
1804	-0.388	0.157	1.450	360.8
1805	-0.388	0.158	1.440	361.0
1806	-0.387	0.157	1.437	361.2
1807	-0.388	0.157	1.441	361.4
1808	-0.389	0.155	1.437	361.6
1809	-0.389	0.158	1.435	361.8
1810	-0.392	0.156	1.444	362.0
1811	-0.390	0.158	1.444	362.2
1812	-0.389	0.156	1.431	362.4
1813	-0.390	0.153	1.430	362.6
1814	-0.390	0.155	1.432	362.8
1815	-0.388	0.158	1.437	363.0
1816	-0.391	0.155	1.444	363.2
1817	-0.387	0.152	1.437	363.4
1818	-0.389	0.154	1.433	363.6
1819	-0.389	0.151	1.435	363.8
1820	-0.388	0.150	1.430	364.0
1821	-0.388	0.153	1.433	364.2
1822	-0.388	0.154	1.441	364.4
1823	-0.390	0.154	1.438	364.6
1824	-0.386	0.151	1.435	364.8
1825	-0.389	0.153	1.433	365.0
1826	-0.388	0.154	1.430	365.2
1827	-0.388	0.154	1.427	365.4
1828	-0.386	0.155	1.441	365.6
1829	-0.390	0.151	1.437	365.8
1830	-0.390	0.154	1.434	366.0
1831	-0.388	0.154	1.439	366.2
1832	-0.387	0.154	1.437	366.4
1833	-0.387	0.156	1.433	366.6
1834	-0.388	0.152	1.434	366.8
1835	-0.390	0.156	1.431	367.0
1836	-0.388	0.154	1.440	367.2
1837	-0.390	0.152	1.437	367.4
1838	-0.388	0.153	1.429	367.6
1839	-0.388	0.152	1.419	367.8
1840	-0.387	0.153	1.435	368.0
1841	-0.388	0.152	1.440	368.2
1842	-0.390	0.152	1.432	368.4
1843	-0.389	0.154	1.429	368.6
1844	-0.388	0.152	1.432	368.8
1845	-0.388	0.155	1.438	369.0
1846	-0.389	0.153	1.434	369.2
1847	-0.390	0.152	1.431	369.4
1848	-0.389	0.153	1.435	369.6
1849	-0.389	0.152	1.439	369.8
1850	-0.391	0.154	1.431	370.0
1851	-0.391	0.154	1.434	370.2
1852	-0.390	0.153	1.433	370.4
1853	-0.392	0.154	1.427	370.6
1854	-0.392	0.152	1.432	370.8
1855	-0.391	0.152	1.435	371.0
1856	-0.389	0.154	1.432	371.2
1857	-0.389	0.154	1.430	371.4
1858	-0.392	0.150	1.417	371.6
1859	-0.392	0.153	1.426	371.8
1860	-0.393	0.152	1.437	372.0
1861	-0.391	0.151	1.440	372.2
1862	-0.390	0.152	1.440	372.4
1863	-0.389	0.151	1.433	372.6
1864	-0.391	0.152	1.429	372.8
1865	-0.392	0.151	1.438	373.0
1866	-0.390	0.152	1.439	373.2
1867	-0.391	0.152	1.437	373.4
1868	-0.391	0.153	1.428	373.6
1869	-0.391	0.150	1.435	373.8
1870	-0.392	0.151	1.435	374.0
1871	-0.388	0.153	1.428	374.2
1872	-0.390	0.151	1.430	374.4
1873	-0.390	0.151	1.425	374.6
1874	-0.388	0.149	1.431	374.8
1875	-0.389	0.149	1.435	375.0
1876	-0.388	0.152	1.429	375.2
1877	-0.389	0.154	1.427	375.4
1878	-0.388	0.151	1.422	375.6
1879	-0.388	0.149	1.429	375.8
1880	-0.388	0.150	1.440	376.0
1881	-0.386	0.149	1.435	376.2
1882	-0.388	0.149	1.426	376.4
1883	-0.388	0.149	1.429	376.6
1884	-0.388	0.148	1.429	376.8
1885	-0.385	0.148	1.434	377.0
1886	-0.388	0.151	1.435	377.2
1887	-0.385	0.149	1.430	377.4
1888	-0.387	0.145	1.422	377.6
1889	-0.387	0.147	1.422	377.8
1890	-0.388	0.145	1.423	378.0
1891	-0.388	0.146	1.423	378.2
1892	-0.386	0.145	1.422	378.4
1893	-0.383	0.145	1.428	378.6
1894	-0.384	0.146	1.428	378.8
1895	-0.384	0.144	1.419	379.0
1896	-0.384	0.148	1.435	379.2
1897	-0.384	0.149	1.434	379.4
1898	-0.385	0.145	1.430	379.6
1899	-0.386	0.147	1.430	379.8
1900	-0.382	0.146	1.422	380.0
1901	-0.384	0.148	1.425	380.2
1902	-0.383	0.148	1.433	380.4
1903	-0.384	0.149	1.425	380.6
1904	-0.384	0.148	1.425	380.8
1905	-0.383	0.148	1.419	381.0
1906	-0.384	0.149	1.417	381.2
1907	-0.383	0.147	1.421	381.4
1908	-0.383	0.150	1.425	381.6
1909	-0.384	0.150	1.420	381.8
1910	-0.382	0.149	1.417	382.0
1911	-0.383	0.150	1.425	382.2
1912	-0.384	0.148	1.422	382.4
1913	-0.383	0.148	1.424	382.6
1914	-0.382	0.149	1.423	382.8
1915	-0.384	0.148	1.423	383.0
1916	-0.384	0.153	1.427	383.2
1917	-0.386	0.152	1.430	383.4
1918	-0.383	0.152	1.427	383.6
1919	-0.382	0.151	1.421	383.8
1920	-0.382	0.152	1.423	384.0
1921	-0.382	0.153	1.432	384.2
1922	-0.383	0.152	1.431	384.4
1923	-0.382	0.151	1.417	384.6
1924	-0.382	0.152	1.417	384.8
1925	-0.383	0.151	1.429	385.0
1926	-0.383	0.151	1.428	385.2
1927	-0.384	0.146	1.423	385.4
1928	-0.386	0.149	1.413	385.6
1929	-0.384	0.145	1.415	385.8
1930	-0.385	0.150	1.423	386.0
1931	-0.387	0.148	1.420	386.2
1932	-0.387	0.147	1.418	386.4
1933	-0.387	0.148	1.426	386.6
1934	-0.386	0.147	1.416	386.8
1935	-0.386	0.148	1.407	387.0
1936	-0.388	0.147	1.423	387.2
1937	-0.386	0.144	1.427	387.4
1938	-0.388	0.151	1.418	387.6
1939	-0.389	0.146	1.423	387.8
1940	-0.387	0.149	1.423	388.0
1941	-0.386	0.150	1.418	388.2
1942	-0.387	0.148	1.425	388.4
1943	-0.387	0.151	1.431	388.6
1944	-0.387	0.148	1.428	388.8
1945	-0.387	0.150	1.412	389.0
1946	-0.386	0.150	1.410	389.2
1947	-0.385	0.149	1.427	389.4
1948	-0.385	0.150	1.432	389.6
1949	-0.386	0.152	1.421	389.8
1950	-0.385	0.151	1.409	390.0
1951	-0.386	0.153	1.417	390.2
1952	-0.388	0.151	1.416	390.4
1953	-0.387	0.155	1.423	390.6
1954	-0.386	0.152	1.429	390.8
1955	-0.388	0.153	1.417	391.0
1956	-0.388	0.153	1.406	391.2
1957	-0.387	0.154	1.413	391.4
1958	-0.385	0.153	1.434	391.6
1959	-0.386	0.154	1.438	391.8
1960	-0.386	0.154	1.428	392.0
1961	-0.385	0.154	1.423	392.2
1962	-0.386	0.153	1.417	392.4
1963	-0.387	0.153	1.415	392.6
1964	-0.386	0.152	1.427	392.8
1965	-0.385	0.153	1.424	393.0
1966	-0.385	0.152	1.419	393.2
1967	-0.385	0.152	1.415	393.4
1968	-0.384	0.155	1.421	393.6
1969	-0.385	0.153	1.423	393.8
1970	-0.385	0.154	1.427	394.0
1971	-0.383	0.155	1.426	394.2
1972	-0.383	0.153	1.420	394.4
1973	-0.383	0.154	1.419	394.6
1974	-0.384	0.155	1.433	394.8
1975	-0.385	0.153	1.442	395.0
1976	-0.384	0.153	1.430	395.2
1977	-0.384	0.153	1.427	395.4
1978	-0.384	0.154	1.428	395.6
1979	-0.384	0.152	1.427	395.8
1980	-0.385	0.153	1.431	396.0
1981	-0.384	0.151	1.435	396.2
1982	-0.385	0.151	1.429	396.4
1983	-0.384	0.155	1.419	396.6
1984	-0.383	0.151	1.422	396.8
1985	-0.384	0.153	1.427	397.0
1986	-0.387	0.153	1.420	397.2
1987	-0.386	0.150	1.425	397.4
1988	-0.383	0.151	1.420	397.6
1989	-0.385	0.151	1.422	397.8
1990	-0.385	0.153	1.424	398.0
1991	-0.384	0.155	1.431	398.2
1992	-0.386	0.151	1.424	398.4
1993	-0.387	0.152	1.430	398.6
1994	-0.387	0.153	1.429	398.8
1995	-0.385	0.152	1.431	399.0
1996	-0.386	0.152	1.429	399.2
1997	-0.386	0.151	1.424	399.4
1998	-0.386	0.149	1.423	399.6
1999	-0.386	0.152	1.423	399.8
2000	-0.386	0.153	1.427	400.0
2001	-0.385	0.150	1.430	400.2
2002	-0.387	0.152	1.421	400.4
2003	-0.387	0.150	1.427	400.6
2004	-0.385	0.151	1.420	400.8
2005	-0.384	0.152	1.417	401.0
2006	-0.385	0.151	1.426	401.2
2007	-0.384	0.152	1.423	401.4
2008	-0.384	0.150	1.418	401.6
2009	-0.385	0.151	1.420	401.8
2010	-0.386	0.153	1.422	402.0
2011	-0.384	0.150	1.419	402.2
2012	-0.384	0.152	1.415	402.4
2013	-0.384	0.151	1.416	402.6
2014	-0.383	0.150	1.427	402.8
2015	-0.384	0.155	1.433	403.0
2016	-0.382	0.150	1.420	403.2
2017	-0.385	0.150	1.409	403.4
2018	-0.384	0.151	1.418	403.6
2019	-0.557	0.221	1.795	403.8
2020	-0.625	0.247	1.816	404.0
2021	-0.616	0.243	1.812	404.2
2022	-0.609	0.237	1.803	404.4
2023	-0.605	0.240	1.795	404.6
2024	-0.602	0.236	1.789	404.8
2025	-0.603	0.236	1.774	405.0
2026	-0.601	0.236	1.779	405.2
2027	-0.598	0.235	1.802	405.4
2028	-0.598	0.236	1.796	405.6
2029	-0.597	0.234	1.778	405.8
2030	-0.595	0.234	1.764	406.0
2031	-0.595	0.236	1.764	406.2
2032	-0.593	0.234	1.766	406.4
2033	-0.592	0.238	1.772	406.6
2034	-0.593	0.234	1.770	406.8
2035	-0.593	0.235	1.772	407.0
2036	-0.590	0.233	1.767	407.2
2037	-0.590	0.233	1.757	407.4
2038	-0.590	0.236	1.756	407.6
2039	-0.591	0.233	1.760	407.8
2040	-0.590	0.231	1.764	408.0
2041	-0.590	0.233	1.778	408.2
2042	-0.590	0.231	1.760	408.4
2043	-0.589	0.232	1.758	408.6
2044	-0.586	0.231	1.756	408.8
2045	-0.586	0.231	1.753	409.0
2046	-0.588	0.233	1.762	409.2
2047	-0.589	0.229	1.756	409.4
2048	-0.586	0.231	1.758	409.6
2049	-0.584	0.232	1.760	409.8
2050	-0.583	0.231	1.751	410.0
2051	-0.583	0.231	1.750	410.2
2052	-0.584	0.230	1.750	410.4
2053	-0.583	0.232	1.759	410.6
2054	-0.583	0.231	1.761	410.8
2055	-0.583	0.230	1.746	411.0
2056	-0.582	0.230	1.747	411.2
2057	-0.580	0.230	1.762	411.4
2058	-0.580	0.232	1.759	411.6
2059	-0.579	0.230	1.761	411.8
2060	-0.579	0.229	1.756	412.0
2061	-0.576	0.230	1.745	412.2
2062	-0.575	0.228	1.748	412.4
2063	-0.576	0.228	1.758	412.6
2064	-0.574	0.226	1.753	412.8
2065	-0.572	0.230	1.749	413.0
2066	-0.575	0.227	1.748	413.2
2067	-0.571	0.229	1.740	413.4
2068	-0.570	0.228	1.740	413.6
2069	-0.571	0.228	1.742	413.8
2070	-0.570	0.229	1.757	414.0
2071	-0.568	0.227	1.746	414.2
2072	-0.568	0.223	1.743	414.4
2073	-0.567	0.225	1.745	414.6
2074	-0.570	0.226	1.754	414.8
2075	-0.566	0.227	1.746	415.0
2076	-0.565	0.225	1.746	415.2
2077	-0.566	0.223	1.740	415.4
2078	-0.566	0.225	1.736	415.6
2079	-0.565	0.225	1.733	415.8
2080	-0.565	0.223	1.748	416.0
2081	-0.565	0.227	1.740	416.2
2082	-0.564	0.226	1.732	416.4
2083	-0.567	0.228	1.736	416.6
2084	-0.567	0.227	1.740	416.8
2085	-0.566	0.229	1.727	417.0
2086	-0.565	0.228	1.737	417.2
2087	-0.564	0.227	1.748	417.4
2088	-0.565	0.228	1.738	417.6
2089	-0.567	0.230	1.723	417.8
2090	-0.566	0.226	1.736	418.0
2091	-0.566	0.229	1.737	418.2
2092	-0.566	0.228	1.747	418.4
2093	-0.566	0.226	1.739	418.6
2094	-0.563	0.231	1.735	418.8
2095	-0.564	0.228	1.727	419.0
2096	-0.562	0.229	1.729	419.2
2097	-0.563	0.230	1.740	419.4
2098	-0.563	0.232	1.740	419.6
2099	-0.563	0.230	1.730	419.8
2100	-0.561	0.233	1.725	420.0
2101	-0.562	0.229	1.714	420.2
2102	-0.563	0.230	1.710	420.4
2103	-0.564	0.230	1.751	420.6
2104	-0.562	0.230	1.742	420.8
2105	-0.563	0.231	1.738	421.0
2106	-0.562	0.229	1.740	421.2
2107	-0.562	0.228	1.715	421.4
2108	-0.563	0.229	1.719	421.6
2109	-0.560	0.228	1.738	421.8
2110	-0.562	0.226	1.754	422.0
2111	-0.563	0.229	1.736	422.2
2112	-0.563	0.227	1.712	422.4
2113	-0.559	0.228	1.717	422.6
2114	-0.561	0.230	1.730	422.8
2115	-0.562	0.228	1.718	423.0
2116	-0.560	0.227	1.724	423.2
2117	-0.557	0.228	1.736	423.4
2118	-0.558	0.226	1.730	423.6
2119	-0.558	0.225	1.724	423.8
2120	-0.557	0.224	1.724	424.0
2121	-0.558	0.223	1.725	424.2
2122	-0.558	0.224	1.729	424.4
2123	-0.555	0.225	1.736	424.6
2124	-0.557	0.222	1.736	424.8
2125	-0.558	0.227	1.736	425.0
2126	-0.556	0.225	1.720	425.2
2127	-0.559	0.225	1.712	425.4
2128	-0.555	0.228	1.721	425.6
2129	-0.556	0.226	1.728	425.8
2130	-0.557	0.225	1.735	426.0
2131	-0.555	0.227	1.733	426.2
2132	-0.554	0.225	1.720	426.4
2133	-0.555	0.224	1.717	426.6
2134	-0.557	0.226	1.722	426.8
2135	-0.555	0.223	1.734	427.0
2136	-0.556	0.224	1.735	427.2
2137	-0.553	0.228	1.733	427.4
2138	-0.555	0.226	1.724	427.6
2139	-0.555	0.226	1.719	427.8
2140	-0.556	0.226	1.724	428.0
2141	-0.554	0.223	1.737	428.2
2142	-0.551	0.224	1.732	428.4
2143	-0.550	0.227	1.719	428.6
2144	-0.551	0.223	1.715	428.8
2145	-0.551	0.224	1.719	429.0
2146	-0.549	0.224	1.724	429.2
2147	-0.550	0.223	1.728	429.4
2148	-0.548	0.225	1.717	429.6
2149	-0.549	0.222	1.707	429.8
2150	-0.549	0.221	1.715	430.0
2151	-0.548	0.221	1.729	430.2
2152	-0.546	0.218	1.724	430.4
2153	-0.544	0.223	1.720	430.6
2154	-0.548	0.220	1.712	430.8
2155	-0.548	0.216	1.716	431.0
2156	-0.545	0.220	1.712	431.2
2157	-0.546	0.222	1.725	431.4
2158	-0.547	0.221	1.721	431.6
2159	-0.544	0.222	1.714	431.8
2160	-0.543	0.219	1.705	432.0
2161	-0.543	0.223	1.713	432.2
2162	-0.544	0.223	1.712	432.4
2163	-0.544	0.223	1.712	432.6
2164	-0.544	0.222	1.712	432.8
2165	-0.543	0.221	1.713	433.0
2166	-0.542	0.220	1.715	433.2
2167	-0.540	0.220	1.725	433.4
2168	-0.541	0.222	1.714	433.6
2169	-0.540	0.219	1.705	433.8
2170	-0.541	0.220	1.706	434.0
2171	-0.542	0.220	1.711	434.2
2172	-0.538	0.221	1.726	434.4
2173	-0.541	0.220	1.721	434.6
2174	-0.539	0.218	1.702	434.8
2175	-0.541	0.222	1.698	435.0
2176	-0.541	0.220	1.704	435.2
2177	-0.540	0.221	1.706	435.4
2178	-0.540	0.223	1.701	435.6
2179	-0.540	0.219	1.707	435.8
2180	-0.539	0.221	1.713	436.0
2181	-0.540	0.221	1.713	436.2
2182	-0.539	0.224	1.705	436.4
2183	-0.540	0.220	1.704	436.6
2184	-0.539	0.223	1.704	436.8
2185	-0.538	0.223	1.711	437.0
2186	-0.540	0.221	1.711	437.2
2187	-0.538	0.220	1.711	437.4
2188	-0.540	0.221	1.722	437.6
2189	-0.537	0.222	1.709	437.8
2190	-0.538	0.223	1.697	438.0
2191	-0.539	0.223	1.699	438.2
2192	-0.540	0.221	1.705	438.4
2193	-0.541	0.222	1.706	438.6
2194	-0.539	0.223	1.711	438.8
2195	-0.539	0.221	1.703	439.0
2196	-0.538	0.223	1.693	439.2
2197	-0.543	0.220	1.696	439.4
2198	-0.539	0.221	1.707	439.6
2199	-0.540	0.222	1.705	439.8
2200	-0.541	0.219	1.700	440.0
2201	-0.541	0.220	1.698	440.2
2202	-0.540	0.219	1.701	440.4
2203	-0.540	0.219	1.702	440.6
2204	-0.539	0.218	1.702	440.8
2205	-0.540	0.221	1.699	441.0
2206	-0.538	0.216	1.699	441.2
2207	-0.539	0.219	1.702	441.4
2208	-0.537	0.217	1.693	441.6
2209	-0.538	0.217	1.701	441.8
2210	-0.541	0.217	1.703	442.0
2211	-0.541	0.218	1.695	442.2
2212	-0.538	0.217	1.692	442.4
2213	-0.540	0.221	1.689	442.6
2214	-0.539	0.218	1.697	442.8
2215	-0.537	0.215	1.715	443.0
2216	-0.537	0.220	1.704	443.2
2217	-0.537	0.217	1.692	443.4
2218	-0.535	0.218	1.689	443.6
2219	-0.538	0.219	1.700	443.8
2220	-0.538	0.215	1.701	444.0
2221	-0.536	0.217	1.709	444.2
2222	-0.537	0.216	1.698	444.4
2223	-0.537	0.216	1.685	444.6
2224	-0.538	0.217	1.682	444.8
2225	-0.537	0.217	1.680	445.0
2226	-0.539	0.216	1.691	445.2
2227	-0.537	0.220	1.709	445.4
2228	-0.536	0.218	1.706	445.6
2229	-0.538	0.218	1.685	445.8
2230	-0.537	0.217	1.674	446.0
2231	-0.537	0.216	1.689	446.2
2232	-0.536	0.216	1.701	446.4
2233	-0.535	0.215	1.707	446.6
2234	-0.536	0.213	1.702	446.8
2235	-0.534	0.214	1.693	447.0
2236	-0.534	0.213	1.687	447.2
2237	-0.532	0.215	1.687	447.4
2238	-0.536	0.213	1.698	447.6
2239	-0.535	0.211	1.713	447.8
2240	-0.533	0.215	1.699	448.0
2241	-0.532	0.214	1.683	448.2
2242	-0.534	0.213	1.687	448.4
2243	-0.533	0.214	1.690	448.6
2244	-0.533	0.213	1.700	448.8
2245	-0.531	0.215	1.704	449.0
2246	-0.532	0.213	1.698	449.2
2247	-0.531	0.214	1.696	449.4
2248	-0.530	0.213	1.701	449.6
2249	-0.530	0.212	1.693	449.8
2250	-0.530	0.214	1.691	450.0
2251	-0.532	0.214	1.696	450.2
2252	-0.530	0.217	1.702	450.4
2253	-0.531	0.218	1.703	450.6
2254	-0.529	0.216	1.688	450.8
2255	-0.530	0.216	1.680	451.0
2256	-0.528	0.218	1.682	451.2
2257	-0.528	0.217	1.695	451.4
2258	-0.529	0.214	1.699	451.6
2259	-0.529	0.217	1.687	451.8
2260	-0.529	0.219	1.672	452.0
2261	-0.526	0.217	1.677	452.2
2262	-0.529	0.216	1.691	452.4
2263	-0.526	0.218	1.703	452.6
2264	-0.528	0.217	1.701	452.8
2265	-0.528	0.216	1.688	453.0
2266	-0.529	0.220	1.686	453.2
2267	-0.527	0.216	1.692	453.4
2268	-0.527	0.216	1.694	453.6
2269	-0.528	0.216	1.703	453.8
2270	-0.529	0.214	1.708	454.0
2271	-0.529	0.216	1.687	454.2
2272	-0.527	0.214	1.671	454.4
2273	-0.527	0.215	1.684	454.6
2274	-0.529	0.214	1.693	454.8
2275	-0.529	0.214	1.698	455.0
2276	-0.529	0.216	1.694	455.2
2277	-0.530	0.216	1.688	455.4
2278	-0.529	0.216	1.682	455.6
2279	-0.530	0.214	1.690	455.8
2280	-0.528	0.216	1.698	456.0
2281	-0.527	0.214	1.698	456.2
2282	-0.530	0.211	1.693	456.4
2283	-0.530	0.213	1.679	456.6
2284	-0.530	0.211	1.679	456.8
2285	-0.530	0.210	1.693	457.0
2286	-0.529	0.212	1.699	457.2
2287	-0.527	0.212	1.691	457.4
2288	-0.529	0.212	1.687	457.6
2289	-0.528	0.215	1.678	457.8
2290	-0.530	0.212	1.683	458.0
2291	-0.528	0.213	1.697	458.2
2292	-0.529	0.215	1.694	458.4
2293	-0.527	0.212	1.687	458.6
2294	-0.529	0.214	1.689	458.8
2295	-0.528	0.214	1.693	459.0
2296	-0.528	0.214	1.694	459.2
2297	-0.527	0.215	1.701	459.4
2298	-0.526	0.216	1.697	459.6
2299	-0.528	0.214	1.681	459.8
2300	-0.527	0.214	1.681	460.0
2301	-0.528	0.215	1.684	460.2
2302	-0.529	0.215	1.689	460.4
2303	-0.525	0.212	1.699	460.6
2304	-0.527	0.215	1.685	460.8
2305	-0.527	0.213	1.677	461.0
2306	-0.530	0.214	1.687	461.2
2307	-0.528	0.215	1.690	461.4
2308	-0.529	0.213	1.685	461.6
2309	-0.529	0.213	1.683	461.8
2310	-0.528	0.214	1.687	462.0
2311	-0.530	0.214	1.689	462.2
2312	-0.530	0.212	1.692	462.4
2313	-0.531	0.212	1.697	462.6
2314	-0.528	0.214	1.683	462.8
2315	-0.529	0.211	1.682	463.0
2316	-0.530	0.212	1.691	463.2
2317	-0.528	0.214	1.687	463.4
2318	-0.530	0.211	1.693	463.6
2319	-0.530	0.211	1.689	463.8
2320	-0.529	0.213	1.681	464.0
2321	-0.528	0.212	1.680	464.2
2322	-0.528	0.211	1.685	464.4
2323	-0.530	0.213	1.685	464.6
2324	-0.529	0.213	1.686	464.8
2325	-0.528	0.213	1.693	465.0
2326	-0.531	0.213	1.683	465.2
2327	-0.531	0.211	1.680	465.4
2328	-0.532	0.215	1.686	465.6
2329	-0.531	0.214	1.696	465.8
2330	-0.530	0.215	1.690	466.0
2331	-0.531	0.217	1.689	466.2
2332	-0.532	0.213	1.682	466.4
2333	-0.529	0.213	1.678	466.6
2334	-0.532	0.215	1.678	466.8
2335	-0.533	0.213	1.685	467.0
2336	-0.534	0.215	1.687	467.2
2337	-0.532	0.216	1.693	467.4
2338	-0.534	0.216	1.682	467.6
2339	-0.533	0.212	1.678	467.8
2340	-0.533	0.214	1.683	468.0
2341	-0.535	0.211	1.692	468.2
2342	-0.534	0.212	1.693	468.4
2343	-0.535	0.211	1.697	468.6
2344	-0.533	0.212	1.689	468.8
2345	-0.533	0.211	1.675	469.0
2346	-0.534	0.208	1.685	469.2
2347	-0.534	0.209	1.693	469.4
2348	-0.531	0.209	1.690	469.6
2349	-0.533	0.210	1.688	469.8
2350	-0.533	0.207	1.678	470.0
2351	-0.535	0.209	1.669	470.2
2352	-0.532	0.209	1.679	470.4
2353	-0.534	0.209	1.695	470.6
2354	-0.533	0.209	1.695	470.8
2355	-0.532	0.210	1.681	471.0
2356	-0.530	0.210	1.667	471.2
2357	-0.533	0.211	1.679	471.4
2358	-0.532	0.208	1.695	471.6
2359	-0.530	0.212	1.693	471.8
2360	-0.533	0.210	1.684	472.0
2361	-0.534	0.209	1.679	472.2
2362	-0.534	0.210	1.684	472.4
2363	-0.534	0.208	1.690	472.6
2364	-0.533	0.209	1.686	472.8
2365	-0.534	0.210	1.683	473.0
2366	-0.532	0.211	1.681	473.2
2367	-0.534	0.210	1.674	473.4
2368	-0.532	0.211	1.679	473.6
2369	-0.532	0.213	1.685	473.8
2370	-0.533	0.209	1.687	474.0
2371	-0.533	0.208	1.685	474.2
2372	-0.531	0.208	1.682	474.4
2373	-0.532	0.210	1.679	474.6
2374	-0.532	0.210	1.684	474.8
2375	-0.531	0.209	1.684	475.0
2376	-0.531	0.212	1.692	475.2
2377	-0.530	0.209	1.687	475.4
2378	-0.533	0.210	1.691	475.6
2379	-0.531	0.212	1.684	475.8
2380	-0.534	0.211	1.678	476.0
2381	-0.532	0.211	1.668	476.2
2382	-0.532	0.210	1.687	476.4
2383	-0.534	0.209	1.695	476.6
2384	-0.532	0.213	1.687	476.8
2385	-0.532	0.210	1.682	477.0
2386	-0.532	0.211	1.679	477.2
2387	-0.536	0.211	1.688	477.4
2388	-0.534	0.210	1.695	477.6
2389	-0.534	0.210	1.689	477.8
2390	-0.534	0.208	1.687	478.0
2391	-0.535	0.208	1.681	478.2
2392	-0.537	0.210	1.684	478.4
2393	-0.534	0.207	1.688	478.6
2394	-0.537	0.208	1.690	478.8
2395	-0.536	0.209	1.685	479.0
2396	-0.535	0.207	1.681	479.2
2397	-0.536	0.208	1.688	479.4
2398	-0.537	0.210	1.683	479.6
2399	-0.535	0.209	1.691	479.8
2400	-0.533	0.210	1.693	480.0
2401	-0.534	0.210	1.683	480.2
2402	-0.534	0.210	1.683	480.4
2403	-0.535	0.209	1.689	480.6
2404	-0.533	0.209	1.695	480.8
2405	-0.531	0.208	1.688	481.0
2406	-0.532	0.206	1.687	481.2
2407	-0.534	0.207	1.680	481.4
2408	-0.533	0.208	1.684	481.6
2409	-0.531	0.207	1.688	481.8
2410	-0.532	0.206	1.683	482.0
2411	-0.533	0.208	1.684	482.2
2412	-0.533	0.208	1.687	482.4
2413	-0.532	0.209	1.687	482.6
2414	-0.532	0.208	1.685	482.8
2415	-0.533	0.208	1.677	483.0
2416	-0.530	0.211	1.681	483.2
2417	-0.529	0.210	1.684	483.4
2418	-0.530	0.209	1.684	483.6
2419	-0.532	0.210	1.684	483.8
2420	-0.530	0.212	1.673	484.0
2421	-0.529	0.210	1.677	484.2
2422	-0.530	0.209	1.679	484.4
2423	-0.530	0.211	1.671	484.6
2424	-0.528	0.210	1.675	484.8
2425	-0.527	0.211	1.687	485.0
2426	-0.528	0.211	1.679	485.2
2427	-0.528	0.209	1.673	485.4
2428	-0.528	0.207	1.675	485.6
2429	-0.528	0.209	1.679	485.8
2430	-0.528	0.210	1.681	486.0
2431	-0.526	0.208	1.679	486.2
2432	-0.525	0.208	1.675	486.4
2433	-0.524	0.211	1.671	486.6
2434	-0.527	0.212	1.689	486.8
2435	-0.527	0.209	1.691	487.0
2436	-0.524	0.211	1.689	487.2
2437	-0.525	0.212	1.684	487.4
2438	-0.524	0.209	1.672	487.6
2439	-0.525	0.214	1.681	487.8
2440	-0.526	0.215	1.679	488.0
2441	-0.524	0.213	1.683	488.2
2442	-0.525	0.216	1.682	488.4
2443	-0.525	0.214	1.685	488.6
2444	-0.524	0.211	1.672	488.8
2445	-0.522	0.216	1.676	489.0
2446	-0.524	0.213	1.670	489.2
2447	-0.523	0.211	1.681	489.4
2448	-0.521	0.212	1.694	489.6
2449	-0.521	0.210	1.683	489.8
2450	-0.522	0.212	1.679	490.0
2451	-0.521	0.213	1.675	490.2
2452	-0.521	0.211	1.672	490.4
2453	-0.519	0.211	1.667	490.6
2454	-0.520	0.211	1.678	490.8
2455	-0.519	0.213	1.685	491.0
2456	-0.519	0.214	1.681	491.2
2457	-0.520	0.214	1.668	491.4
2458	-0.520	0.212	1.673	491.6
2459	-0.520	0.211	1.675	491.8
2460	-0.520	0.212	1.685	492.0
2461	-0.523	0.214	1.687	492.2
2462	-0.520	0.210	1.685	492.4
2463	-0.519	0.212	1.672	492.6
2464	-0.520	0.211	1.675	492.8
2465	-0.520	0.210	1.672	493.0
2466	-0.521	0.209	1.678	493.2
2467	-0.519	0.211	1.689	493.4
2468	-0.519	0.210	1.694	493.6
2469	-0.519	0.210	1.680	493.8
2470	-0.517	0.208	1.671	494.0
2471	-0.520	0.212	1.676	494.2
2472	-0.519	0.210	1.681	494.4
2473	-0.517	0.211	1.686	494.6
2474	-0.517	0.211	1.672	494.8
2475	-0.519	0.213	1.673	495.0
2476	-0.517	0.211	1.671	495.2
2477	-0.517	0.209	1.672	495.4
2478	-0.520	0.209	1.673	495.6
2479	-0.517	0.211	1.681	495.8
2480	-0.517	0.211	1.688	496.0
2481	-0.517	0.213	1.681	496.2
2482	-0.519	0.213	1.669	496.4
2483	-0.518	0.211	1.677	496.6
2484	-0.517	0.213	1.684	496.8
2485	-0.521	0.214	1.676	497.0
2486	-0.519	0.212	1.674	497.2
2487	-0.521	0.211	1.677	497.4
2488	-0.520	0.211	1.681	497.6
2489	-0.520	0.210	1.685	497.8
2490	-0.520	0.210	1.682	498.0
2491	-0.519	0.214	1.667	498.2
2492	-0.521	0.213	1.667	498.4
2493	-0.523	0.210	1.671	498.6
2494	-0.521	0.210	1.673	498.8
2495	-0.522	0.212	1.680	499.0
2496	-0.523	0.210	1.683	499.2
2497	-0.521	0.210	1.681	499.4
2498	-0.524	0.211	1.676	499.6
2499	-0.522	0.212	1.669	499.8
2500	-0.522	0.211	1.660	500.0
2501	-0.524	0.209	1.675	500.2
2502	-0.522	0.212	1.696	500.4
2503	-0.522	0.210	1.684	500.6
2504	-0.522	0.210	1.664	500.8
2505	-0.522	0.212	1.659	501.0
2506	-0.524	0.213	1.669	501.2
2507	-0.522	0.212	1.683	501.4
2508	-0.524	0.211	1.688	501.6
2509	-0.523	0.213	1.677	501.8
2510	-0.523	0.211	1.669	502.0
2511	-0.523	0.212	1.673	502.2
2512	-0.521	0.212	1.675	502.4
2513	-0.524	0.211	1.683	502.6
2514	-0.524	0.210	1.674	502.8
2515	-0.525	0.208	1.678	503.0
2516	-0.524	0.210	1.679	503.2
2517	-0.524	0.210	1.675	503.4
2518	-0.525	0.208	1.668	503.6
2519	-0.523	0.210	1.542	503.8
2520	-0.214	0.086	1.036	504.0
2521	0.000	-0.005	0.778	504.2
2522	0.003	-0.008	0.775	504.4
2523	0.003	-0.010	0.778	504.6
2524	0.004	-0.009	0.767	504.8
2525	0.003	-0.005	0.778	505.0
2526	0.003	-0.007	0.788	505.2
2527	0.002	-0.007	0.779	505.4
2528	0.003	-0.004	0.774	505.6
2529	0.001	-0.005	0.790	505.8
2530	0.002	-0.007	0.785	506.0
2531	0.002	-0.006	0.765	506.2
2532	0.002	-0.008	0.777	506.4
2533	0.000	-0.010	0.781	506.6
2534	0.004	-0.011	0.775	506.8
2535	0.003	-0.008	0.780	507.0
2536	0.003	-0.008	0.776	507.2
2537	0.001	-0.009	0.776	507.4
2538	0.002	-0.009	0.771	507.6
2539	0.001	-0.008	0.770	507.8
2540	0.002	-0.008	0.777	508.0
2541	0.001	-0.008	0.778	508.2
2542	0.003	-0.010	0.783	508.4
2543	0.002	-0.010	0.779	508.6
2544	0.002	-0.008	0.777	508.8
2545	0.000	-0.007	0.777	509.0
2546	0.002	-0.007	0.779	509.2
2547	0.001	-0.005	0.779	509.4
2548	0.000	-0.007	0.776	509.6
2549	0.000	-0.007	0.778	509.8
2550	-0.002	-0.008	0.775	510.0
2551	-0.002	-0.004	0.775	510.2
2552	-0.003	-0.007	0.777	510.4
2553	-0.001	-0.005	0.775	510.6
2554	-0.001	-0.007	0.776	510.8
2555	-0.001	-0.006	0.775	511.0
2556	-0.001	-0.008	0.779	511.2
2557	-0.002	-0.007	0.779	511.4
2558	-0.004	-0.010	0.782	511.6
2559	-0.002	-0.006	0.780	511.8
2560	-0.003	-0.006	0.780	512.0
2561	-0.003	-0.005	0.779	512.2
2562	-0.002	-0.005	0.778	512.4
2563	-0.001	-0.005	0.776	512.6
2564	-0.004	-0.006	0.776	512.8
2565	0.000	-0.008	0.776	513.0
2566	-0.003	-0.006	0.776	513.2
2567	-0.003	-0.007	0.774	513.4
2568	-0.002	-0.006	0.775	513.6
2569	-0.001	-0.005	0.775	513.8
2570	0.000	-0.005	0.777	514.0
2571	0.000	-0.005	0.779	514.2
2572	-0.003	-0.009	0.782	514.4
2573	-0.001	-0.008	0.783	514.6
2574	-0.002	-0.008	0.782	514.8
2575	-0.002	-0.006	0.781	515.0
2576	-0.002	-0.006	0.779	515.2
2577	-0.003	-0.005	0.779	515.4
2578	0.001	-0.005	0.776	515.6
2579	0.000	-0.006	0.776	515.8
2580	-0.002	-0.005	0.779	516.0
2581	-0.002	-0.007	0.774	516.2
2582	-0.001	-0.009	0.773	516.4
2583	-0.002	-0.005	0.771	516.6
2584	-0.002	-0.005	0.777	516.8
2585	-0.004	-0.006	0.776	517.0
2586	-0.005	-0.005	0.778	517.2
2587	-0.003	-0.005	0.778	517.4
2588	-0.001	-0.007	0.781	517.6
2589	-0.001	-0.007	0.780	517.8
2590	-0.002	-0.003	0.781	518.0
2591	-0.001	-0.006	0.777	518.2
2592	0.000	-0.006	0.777	518.4
2593	0.000	-0.006	0.779	518.6
2594	0.001	-0.003	0.776	518.8
2595	0.002	-0.007	0.776	519.0
2596	0.003	-0.005	0.776	519.2
2597	0.002	-0.007	0.778	519.4
2598	0.003	-0.007	0.772	519.6
2599	0.002	-0.007	0.775	519.8
2600	0.003	-0.003	0.776	520.0
2601	0.002	-0.004	0.777	520.2
2602	0.003	-0.005	0.779	520.4
2603	0.002	-0.005	0.777	520.6
2604	0.003	-0.005	0.779	520.8
2605	0.004	-0.004	0.779	521.0
2606	0.002	-0.002	0.778	521.2
2607	0.002	-0.003	0.780	521.4
2608	0.001	-0.002	0.778	521.6
2609	0.003	-0.003	0.777	521.8
2610	0.001	-0.001	0.776	522.0
2611	0.003	-0.001	0.776	522.2
2612	0.002	-0.001	0.775	522.4
2613	0.001	-0.001	0.777	522.6
2614	0.005	-0.001	0.777	522.8
2615	0.004	-0.004	0.776	523.0
2616	0.004	-0.002	0.776	523.2
2617	0.004	0.001	0.778	523.4
2618	0.005	0.000	0.782	523.6
2619	0.005	-0.001	0.780	523.8
2620	0.005	-0.002	0.778	524.0
2621	0.005	0.001	0.778	524.2
2622	0.007	-0.002	0.777	524.4
2623	0.008	-0.002	0.776	524.6
2624	0.007	-0.001	0.777	524.8
2625	0.007	0.000	0.775	525.0
2626	0.007	-0.001	0.774	525.2
2627	0.007	-0.003	0.776	525.4
2628	0.008	-0.002	0.775	525.6
2629	0.009	0.003	0.774	525.8
2630	0.009	-0.001	0.779	526.0
2631	0.009	0.002	0.777	526.2
2632	0.007	-0.001	0.777	526.4
2633	0.009	-0.005	0.780	526.6
2634	0.009	-0.006	0.779	526.8
2635	0.007	-0.001	0.779	527.0
2636	0.008	-0.002	0.783	527.2
2637	0.008	-0.003	0.780	527.4
2638	0.008	0.001	0.780	527.6
2639	0.009	0.001	0.775	527.8
2640	0.008	-0.001	0.778	528.0
2641	0.007	-0.002	0.775	528.2
2642	0.007	-0.006	0.774	528.4
2643	0.008	-0.006	0.777	528.6
2644	0.009	-0.007	0.775	528.8
2645	0.008	-0.004	0.778	529.0
2646	0.007	-0.001	0.777	529.2
2647	0.007	-0.002	0.780	529.4
2648	0.009	-0.001	0.778	529.6
2649	0.009	-0.003	0.779	529.8
2650	0.009	-0.006	0.781	530.0
2651	0.009	-0.009	0.779	530.2
2652	0.007	-0.007	0.776	530.4
2653	0.007	-0.007	0.774	530.6
2654	0.007	-0.005	0.778	530.8
2655	0.005	-0.003	0.775	531.0
2656	0.006	-0.002	0.776	531.2
2657	0.008	-0.006	0.773	531.4
2658	0.006	-0.006	0.777	531.6
2659	0.007	-0.006	0.777	531.8
2660	0.005	-0.007	0.776	532.0
2661	0.006	-0.005	0.778	532.2
2662	0.005	-0.002	0.780	532.4
2663	0.004	-0.003	0.779	532.6
2664	0.005	-0.005	0.780	532.8
2665	0.004	-0.002	0.776	533.0
2666	0.003	-0.005	0.777	533.2
2667	0.006	-0.010	0.779	533.4
2668	0.002	-0.007	0.777	533.6
2669	0.001	-0.005	0.776	533.8
2670	0.003	-0.005	0.776	534.0
2671	0.002	-0.002	0.776	534.2
2672	0.002	-0.002	0.779	534.4
2673	0.005	-0.004	0.778	534.6
2674	0.003	-0.004	0.773	534.8
2675	0.002	-0.009	0.777	535.0
2676	0.001	-0.009	0.779	535.2
2677	0.001	-0.007	0.776	535.4
2678	-0.001	-0.003	0.779	535.6
2679	0.004	-0.003	0.780	535.8
2680	0.005	0.000	0.777	536.0
2681	0.003	-0.002	0.778	536.2
2682	0.003	-0.004	0.778	536.4
2683	0.003	-0.007	0.776	536.6
2684	0.004	-0.006	0.774	536.8
2685	0.004	-0.002	0.776	537.0
2686	0.006	-0.003	0.773	537.2
2687	0.005	-0.003	0.776	537.4
2688	0.004	0.002	0.775	537.6
2689	0.006	0.001	0.775	537.8
2690	0.005	-0.001	0.779	538.0
2691	0.005	0.001	0.779	538.2
2692	0.005	-0.003	0.779	538.4
2693	0.005	-0.002	0.781	538.6
2694	0.007	0.002	0.781	538.8
2695	0.005	0.000	0.781	539.0
2696	0.007	0.000	0.778	539.2
2697	0.007	0.002	0.778	539.4
2698	0.005	0.001	0.777	539.6
2699	0.004	0.000	0.776	539.8
2700	0.005	0.001	0.774	540.0
2701	0.005	-0.002	0.775	540.2
2702	0.005	-0.002	0.773	540.4
2703	0.006	-0.002	0.776	540.6
2704	0.006	0.002	0.777	540.8
2705	0.005	0.000	0.781	541.0
2706	0.005	0.001	0.780	541.2
2707	0.007	0.002	0.782	541.4
2708	0.004	0.003	0.780	541.6
2709	0.005	-0.001	0.779	541.8
2710	0.007	-0.002	0.780	542.0
2711	0.005	0.000	0.777	542.2
2712	0.006	-0.003	0.779	542.4
2713	0.007	-0.001	0.775	542.6
2714	0.006	0.001	0.779	542.8
2715	0.005	0.000	0.774	543.0
2716	0.007	0.002	0.776	543.2
2717	0.005	0.003	0.777	543.4
2718	0.005	0.002	0.776	543.6
2719	0.007	0.002	0.779	543.8
2720	0.006	0.002	0.780	544.0
2721	0.005	0.002	0.781	544.2
2722	0.007	0.002	0.779	544.4
2723	0.006	0.002	0.783	544.6
2724	0.005	0.005	0.779	544.8
2725	0.005	0.003	0.779	545.0
2726	0.005	0.002	0.779	545.2
2727	0.005	0.004	0.779	545.4
2728	0.004	0.004	0.774	545.6
2729	0.004	0.001	0.773	545.8
2730	0.002	0.004	0.777	546.0
2731	0.002	0.002	0.777	546.2
2732	0.001	-0.001	0.777	546.4
2733	0.002	-0.004	0.778	546.6
2734	0.004	-0.005	0.780	546.8
2735	0.000	-0.007	0.780	547.0
2736	-0.003	-0.009	0.779	547.2
2737	0.001	-0.010	0.777	547.4
2738	-0.001	-0.008	0.779	547.6
2739	-0.001	-0.009	0.779	547.8
2740	-0.002	-0.009	0.778	548.0
2741	-0.001	-0.006	0.777	548.2
2742	-0.001	-0.009	0.772	548.4
2743	0.000	-0.009	0.775	548.6
2744	0.001	-0.006	0.772	548.8
2745	0.005	-0.009	0.774	549.0
2746	0.004	-0.007	0.772	549.2
2747	0.004	-0.008	0.777	549.4
2748	0.004	-0.005	0.776	549.6
2749	0.006	-0.006	0.774	549.8
2750	0.007	-0.007	0.777	550.0
2751	0.008	-0.003	0.778	550.2
2752	0.007	-0.003	0.779	550.4
2753	0.009	-0.003	0.778	550.6
2754	0.011	-0.002	0.776	550.8
2755	0.010	-0.003	0.779	551.0
2756	0.011	-0.004	0.776	551.2
2757	0.012	-0.003	0.778	551.4
2758	0.011	0.000	0.775	551.6
2759	0.011	0.000	0.776	551.8
2760	0.011	0.001	0.774	552.0
2761	0.011	0.001	0.776	552.2
2762	0.013	-0.002	0.776	552.4
2763	0.012	0.000	0.778	552.6
2764	0.011	0.001	0.779	552.8
2765	0.010	-0.001	0.778	553.0
2766	0.011	0.000	0.778	553.2
2767	0.011	0.003	0.778	553.4
2768	0.013	0.000	0.778	553.6
2769	0.011	0.005	0.774	553.8
2770	0.013	0.003	0.777	554.0
2771	0.011	0.003	0.778	554.2
2772	0.012	-0.002	0.776	554.4
2773	0.012	0.001	0.775	554.6
2774	0.009	0.001	0.774	554.8
2775	0.011	0.000	0.776	555.0
2776	0.013	0.005	0.776	555.2
2777	0.011	0.004	0.777	555.4
2778	0.013	0.001	0.776	555.6
2779	0.012	0.002	0.778	555.8
2780	0.015	-0.003	0.778	556.0
2781	0.012	-0.004	0.779	556.2
2782	0.012	0.000	0.776	556.4
2783	0.015	0.000	0.778	556.6
2784	0.013	0.001	0.777	556.8
2785	0.015	0.004	0.779	557.0
2786	0.011	0.000	0.775	557.2
2787	0.013	0.001	0.774	557.4
2788	0.012	-0.002	0.778	557.6
2789	0.014	-0.003	0.776	557.8
2790	0.011	-0.002	0.775	558.0
2791	0.012	-0.001	0.778	558.2
2792	0.011	0.003	0.777	558.4
2793	0.011	0.003	0.779	558.6
2794	0.012	0.004	0.779	558.8
2795	0.011	0.003	0.779	559.0
2796	0.009	0.003	0.774	559.2
2797	0.011	0.003	0.779	559.4
2798	0.009	0.001	0.778	559.6
2799	0.009	0.002	0.782	559.8
2800	0.010	0.003	0.775	560.0
2801	0.011	0.002	0.777	560.2
2802	0.007	0.005	0.778	560.4
2803	0.006	0.003	0.775	560.6
2804	0.007	0.003	0.775	560.8
2805	0.005	-0.001	0.775	561.0
2806	0.005	-0.002	0.777	561.2
2807	0.005	0.000	0.778	561.4
2808	0.005	0.004	0.777	561.6
2809	0.008	0.003	0.779	561.8
2810	0.003	0.004	0.778	562.0
2811	0.005	0.004	0.779	562.2
2812	0.006	0.001	0.779	562.4
2813	0.007	-0.002	0.780	562.6
2814	0.003	0.001	0.780	562.8
2815	0.005	0.000	0.776	563.0
2816	0.002	-0.001	0.775	563.2
2817	0.004	0.003	0.776	563.4
2818	0.006	0.003	0.776	563.6
2819	0.006	0.002	0.775	563.8
2820	0.003	0.001	0.775	564.0
2821	0.004	-0.002	0.778	564.2
2822	0.003	-0.004	0.782	564.4
2823	0.003	-0.001	0.779	564.6
2824	0.007	-0.002	0.782	564.8
2825	0.006	-0.001	0.780	565.0
2826	0.005	-0.001	0.779	565.2
2827	0.005	0.001	0.778	565.4
2828	0.005	-0.002	0.780	565.6
2829	0.003	-0.002	0.774	565.8
2830	0.005	-0.005	0.773	566.0
2831	0.005	-0.007	0.774	566.2
2832	0.003	-0.002	0.775	566.4
2833	0.005	-0.004	0.778	566.6
2834	0.004	-0.003	0.776	566.8
2835	0.004	-0.002	0.777	567.0
2836	0.003	-0.003	0.780	567.2
2837	0.005	-0.004	0.778	567.4
2838	0.005	-0.004	0.779	567.6
2839	0.003	-0.005	0.779	567.8
2840	0.003	-0.005	0.781	568.0
2841	0.003	-0.001	0.778	568.2
2842	0.004	-0.004	0.778	568.4
2843	0.005	-0.001	0.776	568.6
2844	0.005	-0.001	0.775	568.8
2845	0.003	-0.002	0.775	569.0
2846	0.005	-0.005	0.773	569.2
2847	0.004	-0.003	0.773	569.4
2848	0.002	-0.003	0.776	569.6
2849	0.001	-0.001	0.777	569.8
2850	0.002	-0.001	0.778	570.0
2851	0.001	-0.002	0.782	570.2
2852	-0.001	-0.001	0.778	570.4
2853	0.002	-0.002	0.779	570.6
2854	0.001	-0.003	0.778	570.8
2855	0.001	-0.003	0.779	571.0
2856	0.001	0.000	0.778	571.2
2857	0.001	0.000	0.774	571.4
2858	0.001	0.002	0.777	571.6
2859	0.000	0.004	0.773	571.8
2860	0.001	0.001	0.777	572.0
2861	0.002	0.001	0.772	572.2
2862	0.002	0.001	0.777	572.4
2863	0.004	0.005	0.773	572.6
2864	0.001	0.001	0.776	572.8
2865	0.000	0.003	0.777	573.0
2866	0.001	0.002	0.776	573.2
2867	0.001	0.002	0.782	573.4
2868	0.001	0.004	0.781	573.6
2869	-0.002	0.002	0.780	573.8
2870	0.002	0.001	0.780	574.0
2871	0.000	0.004	0.778	574.2
2872	0.001	0.004	0.778	574.4
2873	0.001	0.003	0.775	574.6
2874	0.001	0.004	0.774	574.8
2875	0.002	0.003	0.774	575.0
2876	0.000	0.001	0.779	575.2
2877	0.002	0.001	0.777	575.4
2878	0.003	0.002	0.781	575.6
2879	0.004	0.001	0.780	575.8
2880	0.005	0.001	0.781	576.0
2881	0.005	0.003	0.780	576.2
2882	0.005	0.001	0.780	576.4
2883	0.005	0.004	0.778	576.6
2884	0.006	0.002	0.779	576.8
2885	0.004	-0.001	0.778	577.0
2886	0.005	0.001	0.777	577.2
2887	0.005	0.001	0.774	577.4
2888	0.006	-0.001	0.776	577.6
2889	0.006	-0.001	0.775	577.8
2890	0.009	0.001	0.778	578.0
2891	0.006	0.002	0.775	578.2
2892	0.004	-0.001	0.779	578.4
2893	0.005	0.003	0.780	578.6
2894	0.006	0.002	0.778	578.8
2895	0.006	0.005	0.780	579.0
2896	0.005	0.005	0.781	579.2
2897	0.007	-0.001	0.777	579.4
2898	0.007	0.005	0.779	579.6
2899	0.005	0.005	0.780	579.8
2900	0.005	0.006	0.779	580.0
2901	0.007	0.004	0.776	580.2
2902	0.006	0.003	0.777	580.4
2903	0.006	0.003	0.775	580.6
2904	0.007	0.003	0.775	580.8
2905	0.004	0.005	0.778	581.0
2906	0.004	0.005	0.778	581.2
2907	0.008	0.004	0.782	581.4
2908	0.006	0.006	0.783	581.6
2909	0.004	0.009	0.780	581.8
2910	0.005	0.005	0.778	582.0
2911	0.004	0.004	0.777	582.2
2912	0.005	0.003	0.778	582.4
2913	0.006	0.002	0.777	582.6
2914	0.004	0.003	0.778	582.8
2915	0.003	0.006	0.776	583.0
2916	0.003	0.006	0.774	583.2
2917	0.005	0.009	0.777	583.4
2918	0.002	0.007	0.774	583.6
2919	0.002	0.005	0.776	583.8
2920	0.003	0.005	0.777	584.0
2921	0.003	0.005	0.778	584.2
2922	0.003	0.006	0.779	584.4
2923	0.003	0.006	0.780	584.6
2924	0.003	0.008	0.783	584.8
2925	0.001	0.007	0.779	585.0
2926	0.001	0.007	0.781	585.2
2927	0.003	0.004	0.777	585.4
2928	0.004	0.005	0.775	585.6
2929	0.000	0.003	0.777	585.8
2930	0.001	0.002	0.779	586.0
2931	0.003	0.004	0.774	586.2
2932	0.002	0.007	0.778	586.4
2933	0.002	0.007	0.775	586.6
2934	0.001	0.005	0.775	586.8
2935	0.001	0.004	0.778	587.0
2936	-0.001	0.007	0.777	587.2
2937	-0.001	0.001	0.782	587.4
2938	-0.001	0.004	0.780	587.6
2939	0.000	0.006	0.780	587.8
2940	0.002	0.007	0.775	588.0
2941	-0.003	0.007	0.777	588.2
2942	0.001	0.005	0.779	588.4
2943	-0.001	0.004	0.775	588.6
2944	-0.001	0.004	0.775	588.8
2945	-0.001	0.003	0.777	589.0
2946	0.002	0.004	0.777	589.2
2947	-0.002	0.006	0.780	589.4
2948	0.001	0.006	0.775	589.6
2949	0.001	0.007	0.780	589.8
2950	0.002	0.005	0.779	590.0
2951	0.002	0.003	0.779	590.2
2952	0.001	0.004	0.778	590.4
2953	-0.002	0.003	0.779	590.6
2954	0.002	0.005	0.778	590.8
2955	0.002	0.005	0.778	591.0
2956	0.001	0.006	0.775	591.2
2957	0.001	0.002	0.776	591.4
2958	0.002	0.006	0.778	591.6
2959	0.005	0.005	0.777	591.8
2960	0.002	0.001	0.776	592.0
2961	0.004	0.005	0.777	592.2
2962	0.004	0.005	0.779	592.4
2963	0.004	0.005	0.781	592.6
2964	0.005	0.005	0.778	592.8
2965	0.006	0.007	0.782	593.0
2966	0.005	0.007	0.780	593.2
2967	0.005	0.006	0.779	593.4
2968	0.004	0.001	0.781	593.6
2969	0.003	0.004	0.779	593.8
2970	0.005	0.001	0.776	594.0
2971	0.003	0.005	0.781	594.2
2972	0.005	0.003	0.777	594.4
2973	0.003	0.004	0.774	594.6
2974	0.006	0.004	0.777	594.8
2975	0.003	0.001	0.774	595.0
2976	0.005	0.001	0.777	595.2
2977	0.003	0.001	0.777	595.4
2978	0.003	0.002	0.778	595.6
2979	0.003	0.004	0.780	595.8
2980	0.004	0.003	0.778	596.0
2981	0.005	0.002	0.777	596.2
2982	0.003	0.003	0.779	596.4
2983	0.005	0.003	0.777	596.6
2984	0.004	0.002	0.774	596.8
2985	0.005	0.004	0.773	597.0
2986	0.004	0.003	0.776	597.2
2987	0.005	0.002	0.775	597.4
2988	0.003	0.005	0.775	597.6
2989	0.004	0.003	0.777	597.8
2990	0.004	0.005	0.776	598.0
2991	0.005	0.001	0.777	598.2
2992	0.005	0.001	0.782	598.4
2993	0.005	0.006	0.781	598.6
2994	0.005	0.007	0.778	598.8
2995	0.002	0.006	0.782	599.0
2996	0.005	0.006	0.778	599.2
2997	0.005	0.004	0.780	599.4
2998	0.005	0.005	0.776	599.6
2999	0.004	0.006	0.776	599.8
3000	0.006	0.003	0.777	600.0
3001	0.005	0.003	0.774	600.2
3002	0.006	0.009	0.776	600.4
3003	0.007	0.007	0.776	600.6
3004	0.007	0.006	0.776	600.8
3005	0.008	0.008	0.778	601.0
3006	0.007	0.004	0.780	601.2
3007	0.006	0.006	0.776	601.4
3008	0.007	0.006	0.780	601.6
3009	0.008	0.007	0.778	601.8
3010	0.008	0.006	0.779	602.0
3011	0.006	0.009	0.777	602.2
3012	0.007	0.007	0.778	602.4
