0	-0.006	-0.007	0.775	0.0
1	-0.005	-0.005	0.775	0.2
2	-0.004	-0.006	0.775	0.4
3	-0.005	-0.007	0.775	0.6
4	-0.005	-0.006	0.772	0.8
5	-0.003	-0.010	0.771	1.0
6	-0.005	-0.009	0.776	1.2
7	-0.005	-0.009	0.775	1.4
8	-0.004	-0.010	0.776	1.6
9	-0.005	-0.007	0.772	1.8
10	-0.006	-0.007	0.778	2.0
11	-0.003	-0.008	0.774	2.2
12	-0.004	-0.006	0.777	2.4
13	-0.005	-0.008	0.777	2.6
14	-0.006	-0.007	0.777	2.8
15	-0.007	-0.008	0.776	3.0
16	-0.004	-0.009	0.778	3.2
17	-0.005	-0.008	0.775	3.4
18	-0.006	-0.008	0.774	3.6
19	-0.004	-0.005	0.779	3.8
20	-0.005	-0.006	0.769	4.0
21	-0.005	-0.005	0.776	4.2
22	-0.004	-0.006	0.776	4.4
23	-0.004	-0.010	0.778	4.6
24	-0.005	-0.009	0.772	4.8
25	-0.006	-0.011	0.775	5.0
26	-0.005	-0.007	0.772	5.2
27	-0.007	-0.006	0.773	5.4
28	-0.006	-0.007	0.772	5.6
29	-0.005	-0.007	0.778	5.8
30	-0.006	-0.008	0.777	6.0
31	-0.003	-0.007	0.774	6.2
32	-0.005	-0.009	0.775	6.4
33	-0.005	-0.010	0.774	6.6
34	-0.003	-0.011	0.777	6.8
35	-0.003	-0.005	0.772	7.0
36	-0.005	-0.006	0.773	7.2
37	-0.002	-0.005	0.775	7.4
38	-0.003	-0.004	0.777	7.6
39	-0.005	-0.009	0.774	7.8
40	-0.003	-0.012	0.774	8.0
41	-0.003	-0.010	0.772	8.2
42	-0.003	-0.010	0.774	8.4
43	-0.002	-0.005	0.771	8.6
44	-0.003	-0.007	0.774	8.8
45	-0.005	-0.005	0.775	9.0
46	-0.003	-0.006	0.773	9.2
47	-0.002	-0.006	0.775	9.4
48	-0.003	-0.009	0.772	9.6
49	-0.003	-0.009	0.775	9.8
50	-0.006	-0.009	0.775	10.0
51	-0.005	-0.007	0.772	10.2
52	-0.002	-0.006	0.777	10.4
53	-0.004	-0.006	0.777	10.6
54	-0.006	-0.005	0.778	10.8
55	-0.005	-0.005	0.773	11.0
56	-0.007	-0.010	0.776	11.2
57	-0.005	-0.011	0.773	11.4
58	-0.007	-0.013	0.772	11.6
59	-0.007	-0.011	0.775	11.8
60	-0.006	-0.003	0.776	12.0
61	-0.005	-0.003	0.777	12.2
62	-0.007	-0.006	0.773	12.4
63	-0.009	-0.006	0.773	12.6
64	-0.006	-0.009	0.776	12.8
65	-0.009	-0.007	0.774	13.0
66	-0.008	-0.010	0.776	13.2
67	-0.007	-0.007	0.774	13.4
68	-0.008	-0.006	0.776	13.6
69	-0.006	-0.008	0.774	13.8
70	-0.007	-0.008	0.772	14.0
71	-0.008	-0.007	0.772	14.2
72	-0.009	-0.008	0.774	14.4
73	-0.009	-0.008	0.771	14.6
74	-0.009	-0.010	0.773	14.8
75	-0.007	-0.009	0.774	15.0
76	-0.007	-0.010	0.776	15.2
77	-0.010	-0.012	0.776	15.4
78	-0.010	-0.007	0.775	15.6
79	-0.009	-0.007	0.775	15.8
80	-0.006	-0.007	0.772	16.0
81	-0.009	-0.009	0.772	16.2
82	-0.007	-0.008	0.778	16.4
83	-0.008	-0.011	0.774	16.6
84	-0.008	-0.012	0.775	16.8
85	-0.005	-0.010	0.773	17.0
86	-0.006	-0.005	0.777	17.2
87	-0.007	-0.008	0.772	17.4
88	-0.006	-0.007	0.773	17.6
89	-0.006	-0.009	0.773	17.8
90	-0.006	-0.007	0.778	18.0
91	-0.005	-0.007	0.777	18.2
92	-0.007	-0.008	0.777	18.4
93	-0.007	-0.008	0.777	18.6
94	-0.005	-0.009	0.776	18.8
95	-0.005	-0.005	0.775	19.0
96	-0.006	-0.007	0.772	19.2
97	-0.005	-0.006	0.774	19.4
98	-0.006	-0.009	0.777	19.6
99	-0.005	-0.009	0.776	19.8
100	-0.004	-0.009	0.774	20.0
101	-0.006	-0.008	0.775	20.2
102	-0.005	-0.005	0.773	20.4
103	-0.005	-0.007	0.775	20.6
104	-0.004	-0.006	0.774	20.8
105	-0.006	-0.009	0.775	21.0
106	-0.005	-0.005	0.775	21.2
107	-0.006	-0.007	0.773	21.4
108	-0.005	-0.004	0.777	21.6
109	-0.007	-0.008	0.773	21.8
110	-0.006	-0.007	0.774	22.0
111	-0.005	-0.014	0.774	22.2
112	-0.007	-0.008	0.773	22.4
113	-0.005	-0.007	0.774	22.6
114	-0.007	-0.006	0.774	22.8
115	-0.005	-0.004	0.773	23.0
116	-0.006	-0.005	0.774	23.2
117	-0.005	-0.010	0.772	23.4
118	-0.008	-0.013	0.773	23.6
119	-0.009	-0.011	0.774	23.8
120	-0.005	-0.011	0.772	24.0
121	-0.005	-0.004	0.773	24.2
122	-0.007	-0.005	0.771	24.4
123	-0.005	-0.006	0.776	24.6
124	-0.006	-0.007	0.777	24.8
125	-0.007	-0.007	0.774	25.0
126	-0.006	-0.007	0.771	25.2
127	-0.009	-0.010	0.773	25.4
128	-0.007	-0.009	0.776	25.6
129	-0.007	-0.009	0.777	25.8
130	-0.007	-0.005	0.775	26.0
131	-0.006	-0.005	0.773	26.2
132	-0.008	-0.007	0.777	26.4
133	-0.009	-0.004	0.775	26.6
134	-0.009	-0.010	0.773	26.8
135	-0.009	-0.010	0.776	27.0
136	-0.007	-0.011	0.776	27.2
137	-0.007	-0.011	0.775	27.4
138	-0.007	-0.005	0.773	27.6
139	-0.006	-0.005	0.776	27.8
140	-0.006	-0.005	0.771	28.0
141	-0.007	-0.006	0.776	28.2
142	-0.005	-0.012	0.775	28.4
143	-0.009	-0.017	0.775	28.6
144	-0.006	-0.013	0.773	28.8
145	-0.007	-0.013	0.776	29.0
146	-0.004	-0.008	0.771	29.2
147	-0.006	-0.004	0.776	29.4
148	-0.006	-0.006	0.774	29.6
149	-0.005	-0.009	0.771	29.8
150	-0.005	-0.012	0.777	30.0
151	-0.006	-0.014	0.778	30.2
152	-0.006	-0.015	0.774	30.4
153	-0.006	-0.010	0.776	30.6
154	-0.006	-0.009	0.773	30.8
155	-0.005	-0.008	0.774	31.0
156	-0.005	-0.008	0.771	31.2
157	-0.005	-0.007	0.773	31.4
158	-0.005	-0.011	0.771	31.6
159	-0.005	-0.011	0.774	31.8
160	-0.007	-0.008	0.774	32.0
161	-0.005	-0.012	0.778	32.2
162	-0.005	-0.012	0.777	32.4
163	-0.006	-0.009	0.776	32.6
164	-0.003	-0.007	0.777	32.8
165	-0.005	-0.007	0.778	33.0
166	-0.005	-0.009	0.774	33.2
167	-0.008	-0.009	0.775	33.4
168	-0.006	-0.011	0.773	33.6
169	-0.005	-0.010	0.774	33.8
170	-0.006	-0.013	0.777	34.0
171	-0.006	-0.011	0.772	34.2
172	-0.006	-0.010	0.775	34.4
173	-0.003	-0.007	0.776	34.6
174	-0.007	-0.007	0.775	34.8
175	-0.004	-0.009	0.772	35.0
176	-0.005	-0.011	0.774	35.2
177	-0.004	-0.013	0.772	35.4
178	-0.005	-0.012	0.778	35.6
179	-0.005	-0.013	0.775	35.8
180	-0.004	-0.008	0.776	36.0
181	-0.003	-0.008	0.779	36.2
182	-0.003	-0.010	0.776	36.4
183	-0.003	-0.011	0.775	36.6
184	-0.004	-0.012	0.775	36.8
185	-0.005	-0.013	0.773	37.0
186	-0.004	-0.014	0.774	37.2
187	-0.005	-0.008	0.775	37.4
188	-0.005	-0.004	0.774	37.6
189	-0.004	-0.005	0.775	37.8
190	-0.005	-0.007	0.779	38.0
191	-0.006	-0.011	0.777	38.2
192	-0.005	-0.014	0.776	38.4
193	-0.005	-0.013	0.774	38.6
194	-0.004	-0.013	0.774	38.8
195	-0.005	-0.008	0.776	39.0
196	-0.005	-0.009	0.777	39.2
197	-0.005	-0.007	0.772	39.4
198	-0.006	-0.007	0.772	39.6
199	-0.007	-0.010	0.776	39.8
200	-0.006	-0.010	0.773	40.0
201	-0.007	-0.013	0.774	40.2
202	-0.006	-0.015	0.773	40.4
203	-0.005	-0.014	0.772	40.6
204	-0.007	-0.012	0.775	40.8
205	-0.006	-0.009	0.774	41.0
206	-0.002	-0.009	0.771	41.2
207	-0.004	-0.008	0.776	41.4
208	-0.005	-0.011	0.776	41.6
209	-0.004	-0.011	0.773	41.8
210	-0.001	-0.011	0.776	42.0
211	-0.005	-0.009	0.773	42.2
212	-0.004	-0.011	0.772	42.4
213	-0.005	-0.007	0.775	42.6
214	-0.003	-0.011	0.776	42.8
215	-0.005	-0.009	0.772	43.0
216	-0.005	-0.009	0.772	43.2
217	-0.004	-0.011	0.774	43.4
218	-0.002	-0.010	0.776	43.6
219	-0.004	-0.009	0.776	43.8
220	-0.005	-0.014	0.775	44.0
221	-0.004	-0.009	0.775	44.2
222	-0.002	-0.009	0.777	44.4
223	-0.002	-0.011	0.774	44.6
224	-0.002	-0.009	0.778	44.8
225	-0.001	-0.008	0.776	45.0
226	-0.004	-0.010	0.776	45.2
227	-0.005	-0.012	0.775	45.4
228	-0.005	-0.012	0.775	45.6
229	-0.005	-0.013	0.776	45.8
230	-0.002	-0.009	0.772	46.0
231	-0.004	-0.007	0.775	46.2
232	-0.002	-0.006	0.774	46.4
233	-0.003	-0.009	0.778	46.6
234	-0.004	-0.012	0.771	46.8
235	-0.003	-0.011	0.777	47.0
236	-0.003	-0.013	0.774	47.2
237	-0.005	-0.010	0.774	47.4
238	-0.002	-0.010	0.773	47.6
239	-0.006	-0.010	0.775	47.8
240	-0.003	-0.006	0.776	48.0
241	-0.001	-0.004	0.775	48.2
242	-0.003	-0.005	0.771	48.4
243	-0.004	-0.011	0.779	48.6
244	-0.005	-0.014	0.773	48.8
245	-0.005	-0.014	0.772	49.0
246	-0.006	-0.013	0.772	49.2
247	-0.006	-0.008	0.777	49.4
248	-0.004	-0.004	0.779	49.6
249	-0.005	-0.002	0.771	49.8
250	-0.005	-0.006	0.774	50.0
251	-0.007	-0.013	0.778	50.2
252	-0.007	-0.012	0.777	50.4
253	-0.005	-0.013	0.772	50.6
254	-0.009	-0.010	0.773	50.8
255	-0.007	-0.008	0.777	51.0
256	-0.007	-0.005	0.775	51.2
257	-0.007	-0.006	0.781	51.4
258	-0.005	-0.005	0.775	51.6
259	-0.007	-0.009	0.777	51.8
260	-0.006	-0.010	0.772	52.0
261	-0.008	-0.012	0.775	52.2
262	-0.007	-0.012	0.774	52.4
263	-0.006	-0.010	0.776	52.6
264	-0.005	-0.008	0.775	52.8
265	-0.005	-0.004	0.768	53.0
266	-0.005	-0.006	0.775	53.2
267	-0.006	-0.008	0.776	53.4
268	-0.006	-0.010	0.773	53.6
269	-0.004	-0.011	0.777	53.8
270	-0.003	-0.011	0.778	54.0
271	-0.002	-0.010	0.778	54.2
272	-0.005	-0.009	0.774	54.4
273	-0.005	-0.006	0.774	54.6
274	-0.005	-0.007	0.773	54.8
275	-0.004	-0.005	0.775	55.0
276	-0.005	-0.008	0.771	55.2
277	-0.005	-0.009	0.777	55.4
278	-0.005	-0.011	0.773	55.6
279	-0.006	-0.011	0.775	55.8
280	-0.006	-0.009	0.774	56.0
281	-0.005	-0.008	0.773	56.2
282	-0.004	-0.007	0.772	56.4
283	-0.003	-0.007	0.774	56.6
284	-0.004	-0.003	0.777	56.8
285	-0.007	-0.008	0.775	57.0
286	-0.007	-0.012	0.775	57.2
287	-0.005	-0.013	0.774	57.4
288	-0.006	-0.006	0.774	57.6
289	-0.005	-0.008	0.774	57.8
290	-0.005	-0.006	0.775	58.0
291	-0.005	-0.006	0.771	58.2
292	-0.004	-0.007	0.778	58.4
293	-0.007	-0.010	0.775	58.6
294	-0.005	-0.009	0.776	58.8
295	-0.005	-0.008	0.773	59.0
296	-0.005	-0.007	0.772	59.2
297	-0.006	-0.009	0.774	59.4
298	-0.006	-0.010	0.771	59.6
299	-0.005	-0.008	0.774	59.8
300	-0.005	-0.005	0.776	60.0
301	-0.005	-0.006	0.770	60.2
302	-0.005	-0.006	0.772	60.4
303	-0.006	-0.009	0.774	60.6
304	-0.004	-0.009	0.778	60.8
305	-0.002	-0.009	0.769	61.0
306	-0.001	-0.009	0.781	61.2
307	-0.004	-0.007	0.777	61.4
308	-0.005	-0.006	0.774	61.6
309	-0.004	-0.010	0.774	61.8
310	-0.003	-0.012	0.776	62.0
311	-0.003	-0.011	0.774	62.2
312	-0.005	-0.008	0.775	62.4
313	-0.003	-0.007	0.775	62.6
314	-0.003	-0.007	0.772	62.8
315	-0.005	-0.009	0.777	63.0
316	-0.003	-0.009	0.773	63.2
317	-0.004	-0.011	0.776	63.4
318	-0.004	-0.009	0.774	63.6
319	-0.007	-0.009	0.772	63.8
320	-0.005	-0.007	0.774	64.0
321	-0.007	-0.010	0.777	64.2
322	-0.005	-0.011	0.771	64.4
323	-0.005	-0.008	0.773	64.6
324	-0.007	-0.008	0.773	64.8
325	-0.007	-0.006	0.775	65.0
326	-0.006	-0.008	0.773	65.2
327	-0.007	-0.010	0.773	65.4
328	-0.007	-0.011	0.777	65.6
329	-0.004	-0.008	0.775	65.8
330	-0.004	-0.007	0.772	66.0
331	-0.008	-0.001	0.773	66.2
332	-0.006	-0.007	0.775	66.4
333	-0.006	-0.009	0.772	66.6
334	-0.005	-0.010	0.771	66.8
335	-0.007	-0.009	0.777	67.0
336	-0.005	-0.006	0.776	67.2
337	-0.004	-0.003	0.772	67.4
338	-0.004	-0.007	0.775	67.6
339	-0.005	-0.007	0.773	67.8
340	-0.003	-0.005	0.775	68.0
341	-0.004	-0.007	0.773	68.2
342	-0.003	-0.008	0.773	68.4
343	-0.004	-0.006	0.777	68.6
344	-0.002	-0.008	0.775	68.8
345	-0.005	-0.011	0.775	69.0
346	-0.005	-0.009	0.774	69.2
347	-0.003	-0.007	0.773	69.4
348	-0.005	-0.009	0.774	69.6
349	-0.006	-0.006	0.773	69.8
350	-0.004	-0.007	0.775	70.0
351	-0.004	-0.009	0.775	70.2
352	-0.006	-0.010	0.776	70.4
353	-0.005	-0.005	0.773	70.6
354	-0.004	-0.008	0.775	70.8
355	-0.005	-0.011	0.773	71.0
356	-0.007	-0.007	0.778	71.2
357	-0.005	-0.010	0.774	71.4
358	-0.004	-0.009	0.777	71.6
359	-0.005	-0.008	0.776	71.8
360	-0.007	-0.005	0.777	72.0
361	-0.006	-0.008	0.777	72.2
362	-0.006	-0.009	0.770	72.4
363	-0.005	-0.007	0.776	72.6
364	-0.007	-0.009	0.775	72.8
365	-0.006	-0.007	0.779	73.0
366	-0.005	-0.009	0.775	73.2
367	-0.005	-0.008	0.773	73.4
368	-0.004	-0.008	0.772	73.6
369	-0.005	-0.008	0.775	73.8
370	-0.005	-0.006	0.777	74.0
371	-0.005	-0.007	0.776	74.2
372	-0.005	-0.006	0.778	74.4
373	-0.005	-0.009	0.774	74.6
374	-0.005	-0.007	0.774	74.8
375	-0.003	-0.008	0.772	75.0
376	-0.005	-0.008	0.773	75.2
377	-0.004	-0.006	0.775	75.4
378	-0.006	-0.006	0.776	75.6
379	-0.005	-0.006	0.772	75.8
380	-0.005	-0.005	0.776	76.0
381	-0.004	-0.006	0.774	76.2
382	-0.005	-0.005	0.771	76.4
383	-0.006	-0.006	0.770	76.6
384	-0.005	-0.009	0.775	76.8
385	-0.004	-0.007	0.772	77.0
386	-0.005	-0.007	0.772	77.2
387	-0.005	-0.006	0.772	77.4
388	-0.005	-0.005	0.778	77.6
389	-0.005	-0.005	0.775	77.8
390	-0.005	-0.005	0.771	78.0
391	-0.006	-0.005	0.777	78.2
392	-0.005	-0.008	0.772	78.4
393	-0.007	-0.006	0.775	78.6
394	-0.006	-0.007	0.775	78.8
395	-0.008	-0.005	0.772	79.0
396	-0.009	-0.005	0.774	79.2
397	-0.005	-0.006	0.772	79.4
398	-0.006	-0.007	0.776	79.6
399	-0.006	-0.007	0.775	79.8
400	-0.005	-0.011	0.772	80.0
401	-0.007	-0.008	0.773	80.2
402	-0.003	-0.009	0.778	80.4
403	-0.004	-0.008	0.773	80.6
404	-0.004	-0.007	0.774	80.8
405	-0.003	-0.007	0.774	81.0
406	-0.004	-0.007	0.777	81.2
407	-0.005	-0.010	0.775	81.4
408	-0.006	-0.007	0.773	81.6
409	-0.007	-0.007	0.780	81.8
410	-0.005	-0.011	0.779	82.0
411	-0.006	-0.008	0.776	82.2
412	-0.006	-0.010	0.776	82.4
413	-0.008	-0.007	0.773	82.6
414	-0.007	-0.007	0.772	82.8
415	-0.009	-0.008	0.777	83.0
416	-0.009	-0.007	0.772	83.2
417	-0.007	-0.010	0.778	83.4
418	-0.009	-0.008	0.774	83.6
419	-0.007	-0.007	0.770	83.8
420	-0.005	-0.006	0.775	84.0
421	-0.007	-0.007	0.776	84.2
422	-0.009	-0.008	0.775	84.4
423	-0.006	-0.008	0.774	84.6
424	-0.009	-0.013	0.774	84.8
425	-0.007	-0.008	0.777	85.0
426	-0.008	-0.012	0.771	85.2
427	-0.006	-0.007	0.775	85.4
428	-0.007	-0.010	0.776	85.6
429	-0.007	-0.007	0.779	85.8
430	-0.008	-0.011	0.775	86.0
431	-0.006	-0.012	0.775	86.2
432	-0.005	-0.011	0.773	86.4
433	-0.005	-0.009	0.773	86.6
434	-0.007	-0.009	0.775	86.8
435	-0.004	-0.011	0.773	87.0
436	-0.006	-0.011	0.774	87.2
437	-0.005	-0.010	0.773	87.4
438	-0.005	-0.014	0.776	87.6
439	-0.006	-0.013	0.776	87.8
440	-0.004	-0.010	0.772	88.0
441	-0.005	-0.008	0.776	88.2
442	-0.006	-0.005	0.775	88.4
443	-0.006	-0.010	0.772	88.6
444	-0.005	-0.011	0.774	88.8
445	-0.002	-0.014	0.776	89.0
446	-0.005	-0.012	0.774	89.2
447	-0.006	-0.013	0.773	89.4
448	-0.005	-0.009	0.773	89.6
449	-0.004	-0.010	0.772	89.8
450	-0.004	-0.010	0.777	90.0
451	-0.001	-0.010	0.773	90.2
452	-0.002	-0.013	0.775	90.4
453	-0.001	-0.013	0.778	90.6
454	-0.005	-0.009	0.776	90.8
455	-0.006	-0.011	0.774	91.0
456	-0.005	-0.010	0.774	91.2
457	-0.005	-0.011	0.778	91.4
458	-0.005	-0.010	0.776	91.6
459	-0.005	-0.011	0.778	91.8
460	-0.005	-0.007	0.777	92.0
461	-0.004	-0.010	0.776	92.2
462	-0.005	-0.009	0.772	92.4
463	-0.006	-0.013	0.771	92.6
464	-0.005	-0.010	0.779	92.8
465	-0.004	-0.007	0.776	93.0
466	-0.004	-0.005	0.774	93.2
467	-0.005	-0.010	0.774	93.4
468	-0.005	-0.009	0.778	93.6
469	-0.005	-0.009	0.773	93.8
470	-0.004	-0.010	0.773	94.0
471	-0.004	-0.009	0.774	94.2
472	-0.005	-0.008	0.781	94.4
473	-0.006	-0.009	0.777	94.6
474	-0.004	-0.007	0.776	94.8
475	-0.005	-0.009	0.776	95.0
476	-0.005	-0.009	0.773	95.2
477	-0.004	-0.009	0.772	95.4
478	-0.006	-0.007	0.772	95.6
479	-0.006	-0.011	0.776	95.8
480	-0.005	-0.010	0.775	96.0
481	-0.007	-0.011	0.778	96.2
482	-0.007	-0.009	0.775	96.4
483	-0.006	-0.006	0.772	96.6
484	-0.007	-0.007	0.770	96.8
485	-0.007	-0.007	0.777	97.0
486	-0.005	-0.009	0.777	97.2
487	-0.006	-0.011	0.776	97.4
488	-0.008	-0.009	0.777	97.6
489	-0.006	-0.009	0.774	97.8
490	-0.009	-0.009	0.775	98.0
491	-0.007	-0.008	0.774	98.2
492	-0.006	-0.009	0.776	98.4
493	-0.007	-0.009	0.778	98.6
494	-0.007	-0.010	0.775	98.8
495	-0.005	-0.008	0.775	99.0
496	-0.008	-0.011	0.779	99.2
497	-0.006	-0.009	0.776	99.4
498	-0.006	-0.009	0.776	99.6
499	-0.005	-0.010	0.771	99.8
500	-0.005	-0.005	0.777	100.0
501	-0.006	-0.008	0.775	100.2
502	-0.005	-0.007	0.779	100.4
503	-0.006	-0.011	0.775	100.6
504	-0.006	-0.008	0.776	100.8
505	-0.005	-0.008	0.772	101.0
506	-0.007	-0.009	0.773	101.2
507	-0.007	-0.006	0.777	101.4
508	-0.006	-0.008	0.772	101.6
509	-0.006	-0.010	0.777	101.8
510	-0.008	-0.008	0.774	102.0
511	-0.007	-0.007	0.780	102.2
512	-0.006	-0.011	0.779	102.4
513	-0.005	-0.005	0.774	102.6
514	-0.005	-0.009	0.776	102.8
515	-0.004	-0.005	0.777	103.0
516	-0.029	-0.009	0.968	103.2
517	-0.202	-0.049	1.086	103.4
518	-0.193	-0.049	1.079	103.6
519	-0.189	-0.047	1.070	103.8
520	-0.186	-0.049	1.066	104.0
521	-0.185	-0.048	1.063	104.2
522	-0.183	-0.048	1.060	104.4
523	-0.183	-0.046	1.059	104.6
524	-0.184	-0.045	1.059	104.8
525	-0.182	-0.040	1.063	105.0
526	-0.177	-0.045	1.051	105.2
527	-0.178	-0.045	1.048	105.4
528	-0.178	-0.045	1.057	105.6
529	-0.176	-0.043	1.053	105.8
530	-0.176	-0.044	1.054	106.0
531	-0.175	-0.044	1.059	106.2
532	-0.172	-0.046	1.048	106.4
533	-0.173	-0.045	1.047	106.6
534	-0.172	-0.044	1.048	106.8
535	-0.173	-0.045	1.044	107.0
536	-0.172	-0.043	1.051	107.2
537	-0.169	-0.043	1.052	107.4
538	-0.168	-0.042	1.044	107.6
539	-0.169	-0.043	1.041	107.8
540	-0.169	-0.038	1.046	108.0
541	-0.168	-0.041	1.042	108.2
542	-0.169	-0.041	1.038	108.4
543	-0.168	-0.041	1.041	108.6
544	-0.166	-0.042	1.047	108.8
545	-0.166	-0.041	1.044	109.0
546	-0.167	-0.042	1.040	109.2
547	-0.168	-0.038	1.040	109.4
548	-0.166	-0.038	1.041	109.6
549	-0.169	-0.040	1.042	109.8
550	-0.167	-0.040	1.041	110.0
551	-0.165	-0.040	1.044	110.2
552	-0.165	-0.041	1.039	110.4
553	-0.166	-0.038	1.039	110.6
554	-0.167	-0.041	1.043	110.8
555	-0.165	-0.039	1.038	111.0
556	-0.168	-0.038	1.036	111.2
557	-0.166	-0.039	1.040	111.4
558	-0.167	-0.036	1.039	111.6
559	-0.165	-0.038	1.040	111.8
560	-0.167	-0.037	1.031	112.0
561	-0.165	-0.038	1.036	112.2
562	-0.164	-0.038	1.033	112.4
563	-0.164	-0.038	1.033	112.6
564	-0.166	-0.036	1.040	112.8
565	-0.166	-0.037	1.034	113.0
566	-0.162	-0.035	1.028	113.2
567	-0.162	-0.036	1.034	113.4
568	-0.164	-0.038	1.040	113.6
569	-0.163	-0.035	1.031	113.8
570	-0.164	-0.035	1.032	114.0
571	-0.164	-0.035	1.039	114.2
572	-0.164	-0.034	1.032	114.4
573	-0.163	-0.034	1.032	114.6
574	-0.163	-0.035	1.030	114.8
575	-0.162	-0.034	1.030	115.0
576	-0.162	-0.033	1.030	115.2
577	-0.163	-0.034	1.030	115.4
578	-0.162	-0.036	1.034	115.6
579	-0.162	-0.033	1.030	115.8
580	-0.164	-0.035	1.021	116.0
581	-0.161	-0.035	1.036	116.2
582	-0.162	-0.032	1.034	116.4
583	-0.164	-0.035	1.026	116.6
584	-0.163	-0.034	1.026	116.8
585	-0.164	-0.035	1.034	117.0
586	-0.163	-0.036	1.027	117.2
587	-0.161	-0.035	1.031	117.4
588	-0.161	-0.033	1.030	117.6
589	-0.161	-0.030	1.027	117.8
590	-0.162	-0.035	1.026	118.0
591	-0.164	-0.033	1.028	118.2
592	-0.161	-0.035	1.026	118.4
593	-0.159	-0.034	1.026	118.6
594	-0.162	-0.032	1.029	118.8
595	-0.164	-0.035	1.026	119.0
596	-0.162	-0.035	1.023	119.2
597	-0.160	-0.034	1.027	119.4
598	-0.161	-0.037	1.025	119.6
599	-0.159	-0.032	1.016	119.8
600	-0.160	-0.034	1.026	120.0
601	-0.162	-0.035	1.024	120.2
602	-0.161	-0.036	1.023	120.4
603	-0.162	-0.035	1.022	120.6
604	-0.160	-0.033	1.022	120.8
605	-0.158	-0.035	1.022	121.0
606	-0.159	-0.034	1.020	121.2
607	-0.160	-0.035	1.024	121.4
608	-0.158	-0.036	1.020	121.6
609	-0.158	-0.036	1.024	121.8
610	-0.157	-0.037	1.019	122.0
611	-0.159	-0.035	1.019	122.2
612	-0.160	-0.034	1.020	122.4
613	-0.160	-0.037	1.018	122.6
614	-0.158	-0.037	1.022	122.8
615	-0.157	-0.033	1.021	123.0
616	-0.158	-0.036	1.021	123.2
617	-0.158	-0.037	1.021	123.4
618	-0.159	-0.037	1.022	123.6
619	-0.159	-0.036	1.022	123.8
620	-0.160	-0.036	1.023	124.0
621	-0.160	-0.036	1.018	124.2
622	-0.159	-0.034	1.028	124.4
623	-0.159	-0.037	1.023	124.6
624	-0.159	-0.036	1.018	124.8
625	-0.159	-0.036	1.022	125.0
626	-0.157	-0.039	1.024	125.2
627	-0.161	-0.037	1.016	125.4
628	-0.158	-0.035	1.018	125.6
629	-0.157	-0.038	1.026	125.8
630	-0.159	-0.038	1.020	126.0
631	-0.160	-0.037	1.026	126.2
632	-0.158	-0.039	1.026	126.4
633	-0.159	-0.040	1.024	126.6
634	-0.159	-0.039	1.014	126.8
635	-0.159	-0.038	1.028	127.0
636	-0.161	-0.037	1.021	127.2
637	-0.160	-0.039	1.026	127.4
638	-0.160	-0.039	1.024	127.6
639	-0.160	-0.040	1.022	127.8
640	-0.161	-0.040	1.021	128.0
641	-0.159	-0.038	1.023	128.2
642	-0.158	-0.038	1.021	128.4
643	-0.158	-0.038	1.021	128.6
644	-0.158	-0.041	1.025	128.8
645	-0.157	-0.039	1.014	129.0
646	-0.159	-0.038	1.020	129.2
647	-0.158	-0.038	1.026	129.4
648	-0.157	-0.037	1.020	129.6
649	-0.158	-0.038	1.023	129.8
650	-0.158	-0.036	1.021	130.0
651	-0.156	-0.038	1.026	130.2
652	-0.156	-0.038	1.022	130.4
653	-0.157	-0.037	1.024	130.6
654	-0.157	-0.036	1.025	130.8
655	-0.156	-0.038	1.023	131.0
656	-0.156	-0.036	1.026	131.2
657	-0.156	-0.038	1.027	131.4
658	-0.154	-0.036	1.022	131.6
659	-0.153	-0.037	1.030	131.8
660	-0.154	-0.036	1.025	132.0
661	-0.154	-0.038	1.023	132.2
662	-0.152	-0.039	1.032	132.4
663	-0.154	-0.036	1.030	132.6
664	-0.154	-0.036	1.027	132.8
665	-0.154	-0.036	1.027	133.0
666	-0.151	-0.038	1.027	133.2
667	-0.151	-0.035	1.020	133.4
668	-0.150	-0.035	1.026	133.6
669	-0.153	-0.036	1.022	133.8
670	-0.152	-0.038	1.025	134.0
671	-0.151	-0.036	1.030	134.2
672	-0.151	-0.034	1.027	134.4
673	-0.148	-0.035	1.026	134.6
674	-0.150	-0.037	1.024	134.8
675	-0.150	-0.036	1.019	135.0
676	-0.150	-0.036	1.023	135.2
677	-0.150	-0.033	1.026	135.4
678	-0.150	-0.034	1.022	135.6
679	-0.149	-0.035	1.024	135.8
680	-0.150	-0.038	1.028	136.0
681	-0.150	-0.031	1.024	136.2
682	-0.148	-0.035	1.013	136.4
683	-0.150	-0.037	1.022	136.6
684	-0.147	-0.036	1.025	136.8
685	-0.148	-0.037	1.023	137.0
686	-0.150	-0.035	1.032	137.2
687	-0.149	-0.033	1.024	137.4
688	-0.149	-0.035	1.018	137.6
689	-0.152	-0.036	1.024	137.8
690	-0.148	-0.035	1.025	138.0
691	-0.149	-0.034	1.019	138.2
692	-0.148	-0.032	1.019	138.4
693	-0.150	-0.036	1.027	138.6
694	-0.149	-0.035	1.028	138.8
695	-0.149	-0.033	1.016	139.0
696	-0.147	-0.034	1.008	139.2
697	-0.147	-0.035	1.022	139.4
698	-0.149	-0.033	1.030	139.6
699	-0.148	-0.032	1.019	139.8
700	-0.150	-0.031	1.010	140.0
701	-0.150	-0.032	1.019	140.2
702	-0.147	-0.033	1.025	140.4
703	-0.148	-0.035	1.016	140.6
704	-0.150	-0.034	1.008	140.8
705	-0.150	-0.034	1.019	141.0
706	-0.151	-0.032	1.024	141.2
707	-0.152	-0.034	1.019	141.4
708	-0.149	-0.035	1.018	141.6
709	-0.151	-0.030	1.022	141.8
710	-0.150	-0.033	1.009	142.0
711	-0.150	-0.033	1.016	142.2
712	-0.151	-0.035	1.022	142.4
713	-0.149	-0.034	1.018	142.6
714	-0.152	-0.034	1.016	142.8
715	-0.150	-0.034	1.016	143.0
716	-0.149	-0.033	1.015	143.2
717	-0.152	-0.034	1.017	143.4
718	-0.151	-0.031	1.019	143.6
719	-0.148	-0.034	1.024	143.8
720	-0.149	-0.032	1.015	144.0
721	-0.149	-0.035	1.021	144.2
722	-0.151	-0.033	1.014	144.4
723	-0.152	-0.034	1.016	144.6
724	-0.151	-0.032	1.018	144.8
725	-0.150	-0.032	1.022	145.0
726	-0.150	-0.033	1.016	145.2
727	-0.152	-0.034	1.022	145.4
728	-0.151	-0.033	1.017	145.6
729	-0.152	-0.031	1.016	145.8
730	-0.153	-0.032	1.025	146.0
731	-0.152	-0.033	1.014	146.2
732	-0.151	-0.033	1.013	146.4
733	-0.151	-0.032	1.021	146.6
734	-0.150	-0.033	1.019	146.8
735	-0.152	-0.033	1.012	147.0
736	-0.151	-0.032	1.014	147.2
737	-0.152	-0.035	1.018	147.4
738	-0.152	-0.030	1.012	147.6
739	-0.152	-0.030	1.023	147.8
740	-0.152	-0.031	1.021	148.0
741	-0.152	-0.028	1.012	148.2
742	-0.153	-0.031	1.014	148.4
743	-0.150	-0.032	1.013	148.6
744	-0.152	-0.032	1.014	148.8
745	-0.152	-0.030	1.016	149.0
746	-0.151	-0.030	1.014	149.2
747	-0.151	-0.033	1.014	149.4
748	-0.152	-0.032	1.019	149.6
749	-0.150	-0.031	1.010	149.8
750	-0.152	-0.032	1.011	150.0
751	-0.149	-0.033	1.016	150.2
752	-0.150	-0.033	1.016	150.4
753	-0.151	-0.030	1.014	150.6
754	-0.153	-0.034	1.015	150.8
755	-0.152	-0.034	1.022	151.0
756	-0.153	-0.034	1.014	151.2
757	-0.152	-0.033	1.016	151.4
758	-0.152	-0.030	1.017	151.6
759	-0.153	-0.032	1.014	151.8
760	-0.154	-0.033	1.020	152.0
761	-0.153	-0.032	1.022	152.2
762	-0.151	-0.034	1.019	152.4
763	-0.156	-0.033	1.013	152.6
764	-0.153	-0.032	1.012	152.8
765	-0.151	-0.032	1.015	153.0
766	-0.151	-0.033	1.018	153.2
767	-0.151	-0.034	1.012	153.4
768	-0.151	-0.033	1.013	153.6
769	-0.151	-0.032	1.023	153.8
770	-0.151	-0.033	1.016	154.0
771	-0.149	-0.033	1.009	154.2
772	-0.151	-0.034	1.010	154.4
773	-0.152	-0.034	1.018	154.6
774	-0.151	-0.036	1.010	154.8
775	-0.151	-0.035	1.016	155.0
776	-0.153	-0.033	1.014	155.2
777	-0.154	-0.034	1.012	155.4
778	-0.151	-0.031	1.017	155.6
779	-0.151	-0.034	1.013	155.8
780	-0.152	-0.037	1.017	156.0
781	-0.150	-0.033	1.019	156.2
782	-0.151	-0.032	1.010	156.4
783	-0.153	-0.035	1.014	156.6
784	-0.150	-0.035	1.018	156.8
785	-0.150	-0.034	1.014	157.0
786	-0.153	-0.036	1.008	157.2
787	-0.151	-0.034	1.014	157.4
788	-0.152	-0.035	1.018	157.6
789	-0.150	-0.032	1.014	157.8
790	-0.152	-0.032	1.018	158.0
791	-0.152	-0.035	1.012	158.2
792	-0.150	-0.033	1.012	158.4
793	-0.152	-0.032	1.016	158.6
794	-0.152	-0.032	1.014	158.8
795	-0.152	-0.031	1.018	159.0
796	-0.152	-0.034	1.016	159.2
797	-0.151	-0.033	1.017	159.4
798	-0.152	-0.034	1.014	159.6
799	-0.154	-0.030	1.016	159.8
800	-0.156	-0.030	1.020	160.0
801	-0.152	-0.029	1.015	160.2
802	-0.152	-0.034	1.020	160.4
803	-0.152	-0.034	1.017	160.6
804	-0.155	-0.033	1.010	160.8
805	-0.153	-0.034	1.020	161.0
806	-0.155	-0.035	1.022	161.2
807	-0.153	-0.034	1.013	161.4
808	-0.155	-0.034	1.018	161.6
809	-0.153	-0.035	1.015	161.8
810	-0.155	-0.034	1.019	162.0
811	-0.155	-0.035	1.016	162.2
812	-0.155	-0.034	1.023	162.4
813	-0.156	-0.032	1.019	162.6
814	-0.154	-0.034	1.019	162.8
815	-0.155	-0.033	1.016	163.0
816	-0.154	-0.032	1.023	163.2
817	-0.153	-0.030	1.018	163.4
818	-0.153	-0.031	1.019	163.6
819	-0.152	-0.032	1.015	163.8
820	-0.150	-0.034	1.014	164.0
821	-0.152	-0.032	1.019	164.2
822	-0.150	-0.031	1.015	164.4
823	-0.151	-0.032	1.023	164.6
824	-0.151	-0.032	1.018	164.8
825	-0.151	-0.034	1.014	165.0
826	-0.151	-0.030	1.013	165.2
827	-0.152	-0.031	1.020	165.4
828	-0.151	-0.033	1.020	165.6
829	-0.151	-0.032	1.019	165.8
830	-0.153	-0.031	1.022	166.0
831	-0.151	-0.034	1.014	166.2
832	-0.151	-0.033	1.014	166.4
833	-0.151	-0.032	1.024	166.6
834	-0.151	-0.030	1.022	166.8
835	-0.153	-0.034	1.014	167.0
836	-0.153	-0.031	1.021	167.2
837	-0.153	-0.033	1.028	167.4
838	-0.152	-0.030	1.015	167.6
839	-0.152	-0.032	1.022	167.8
840	-0.151	-0.032	1.018	168.0
841	-0.151	-0.031	1.015	168.2
842	-0.151	-0.031	1.027	168.4
843	-0.150	-0.030	1.022	168.6
844	-0.149	-0.031	1.023	168.8
845	-0.151	-0.029	1.022	169.0
846	-0.152	-0.027	1.021	169.2
847	-0.151	-0.029	1.020	169.4
848	-0.151	-0.027	1.020	169.6
849	-0.152	-0.030	1.018	169.8
850	-0.151	-0.030	1.016	170.0
851	-0.151	-0.030	1.023	170.2
852	-0.154	-0.030	1.020	170.4
853	-0.152	-0.025	1.016	170.6
854	-0.152	-0.026	1.015	170.8
855	-0.152	-0.029	1.026	171.0
856	-0.150	-0.030	1.024	171.2
857	-0.151	-0.028	1.016	171.4
858	-0.151	-0.027	1.019	171.6
859	-0.153	-0.028	1.014	171.8
860	-0.150	-0.031	1.020	172.0
861	-0.152	-0.031	1.018	172.2
862	-0.150	-0.029	1.015	172.4
863	-0.151	-0.028	1.015	172.6
864	-0.151	-0.030	1.018	172.8
865	-0.151	-0.030	1.016	173.0
866	-0.150	-0.031	1.020	173.2
867	-0.150	-0.029	1.014	173.4
868	-0.151	-0.029	1.015	173.6
869	-0.150	-0.029	1.016	173.8
870	-0.151	-0.031	1.020	174.0
871	-0.150	-0.030	1.019	174.2
872	-0.150	-0.028	1.018	174.4
873	-0.150	-0.030	1.016	174.6
874	-0.152	-0.032	1.020	174.8
875	-0.149	-0.030	1.016	175.0
876	-0.150	-0.031	1.020	175.2
877	-0.149	-0.030	1.020	175.4
878	-0.148	-0.030	1.019	175.6
879	-0.151	-0.032	1.020	175.8
880	-0.146	-0.031	1.019	176.0
881	-0.148	-0.030	1.016	176.2
882	-0.148	-0.030	1.023	176.4
883	-0.146	-0.030	1.015	176.6
884	-0.149	-0.031	1.016	176.8
885	-0.147	-0.030	1.017	177.0
886	-0.147	-0.029	1.017	177.2
887	-0.148	-0.029	1.019	177.4
888	-0.148	-0.030	1.019	177.6
889	-0.148	-0.030	1.014	177.8
890	-0.150	-0.029	1.023	178.0
891	-0.148	-0.030	1.018	178.2
892	-0.149	-0.032	1.024	178.4
893	-0.150	-0.031	1.020	178.6
894	-0.151	-0.032	1.012	178.8
895	-0.152	-0.031	1.020	179.0
896	-0.153	-0.031	1.024	179.2
897	-0.150	-0.032	1.015	179.4
898	-0.152	-0.032	1.016	179.6
899	-0.151	-0.029	1.020	179.8
900	-0.152	-0.030	1.020	180.0
901	-0.152	-0.032	1.023	180.2
902	-0.151	-0.030	1.017	180.4
903	-0.151	-0.032	1.016	180.6
904	-0.151	-0.031	1.014	180.8
905	-0.152	-0.033	1.023	181.0
906	-0.153	-0.030	1.018	181.2
907	-0.153	-0.031	1.016	181.4
908	-0.152	-0.031	1.020	181.6
909	-0.153	-0.032	1.014	181.8
910	-0.152	-0.031	1.024	182.0
911	-0.153	-0.031	1.028	182.2
912	-0.152	-0.031	1.009	182.4
913	-0.151	-0.030	1.014	182.6
914	-0.150	-0.035	1.020	182.8
915	-0.152	-0.035	1.026	183.0
916	-0.151	-0.032	1.025	183.2
917	-0.154	-0.030	1.021	183.4
918	-0.154	-0.032	1.016	183.6
919	-0.152	-0.030	1.019	183.8
920	-0.155	-0.032	1.018	184.0
921	-0.152	-0.032	1.026	184.2
922	-0.151	-0.032	1.022	184.4
923	-0.156	-0.032	1.017	184.6
924	-0.154	-0.032	1.020	184.8
925	-0.152	-0.033	1.018	185.0
926	-0.153	-0.034	1.018	185.2
927	-0.152	-0.033	1.024	185.4
928	-0.153	-0.034	1.014	185.6
929	-0.152	-0.029	1.016	185.8
930	-0.153	-0.030	1.015	186.0
931	-0.153	-0.029	1.020	186.2
932	-0.152	-0.031	1.026	186.4
933	-0.152	-0.032	1.023	186.6
934	-0.154	-0.030	1.016	186.8
935	-0.155	-0.032	1.016	187.0
936	-0.154	-0.031	1.016	187.2
937	-0.155	-0.032	1.022	187.4
938	-0.154	-0.031	1.020	187.6
939	-0.155	-0.032	1.018	187.8
940	-0.155	-0.031	1.016	188.0
941	-0.155	-0.031	1.023	188.2
942	-0.155	-0.032	1.016	188.4
943	-0.153	-0.033	1.020	188.6
944	-0.157	-0.033	1.013	188.8
945	-0.155	-0.032	1.016	189.0
946	-0.157	-0.031	1.020	189.2
947	-0.156	-0.032	1.022	189.4
948	-0.155	-0.034	1.022	189.6
949	-0.156	-0.035	1.014	189.8
950	-0.157	-0.032	1.021	190.0
951	-0.156	-0.031	1.016	190.2
952	-0.154	-0.032	1.014	190.4
953	-0.155	-0.034	1.019	190.6
954	-0.156	-0.034	1.022	190.8
955	-0.155	-0.034	1.014	191.0
956	-0.155	-0.033	1.012	191.2
957	-0.154	-0.035	1.016	191.4
958	-0.157	-0.034	1.014	191.6
959	-0.158	-0.036	1.013	191.8
960	-0.156	-0.034	1.020	192.0
961	-0.155	-0.035	1.015	192.2
962	-0.156	-0.033	1.018	192.4
963	-0.157	-0.032	1.019	192.6
964	-0.157	-0.033	1.009	192.8
965	-0.156	-0.035	1.016	193.0
966	-0.157	-0.035	1.023	193.2
967	-0.159	-0.035	1.021	193.4
968	-0.158	-0.032	1.020	193.6
969	-0.159	-0.033	1.009	193.8
970	-0.158	-0.032	1.021	194.0
971	-0.157	-0.033	1.023	194.2
972	-0.157	-0.033	1.012	194.4
973	-0.159	-0.035	1.015	194.6
974	-0.157	-0.033	1.023	194.8
975	-0.155	-0.031	1.017	195.0
976	-0.156	-0.032	1.019	195.2
977	-0.155	-0.034	1.018	195.4
978	-0.157	-0.031	1.017	195.6
979	-0.155	-0.032	1.023	195.8
980	-0.153	-0.029	1.023	196.0
981	-0.154	-0.030	1.022	196.2
982	-0.156	-0.030	1.026	196.4
983	-0.153	-0.031	1.019	196.6
984	-0.156	-0.030	1.020	196.8
985	-0.154	-0.029	1.034	197.0
986	-0.158	-0.030	1.030	197.2
987	-0.156	-0.029	1.020	197.4
988	-0.156	-0.030	1.026	197.6
989	-0.156	-0.029	1.020	197.8
990	-0.153	-0.027	1.026	198.0
991	-0.156	-0.028	1.026	198.2
992	-0.157	-0.029	1.024	198.4
993	-0.157	-0.029	1.029	198.6
994	-0.156	-0.027	1.027	198.8
995	-0.157	-0.029	1.027	199.0
996	-0.158	-0.028	1.029	199.2
997	-0.156	-0.028	1.030	199.4
998	-0.156	-0.028	1.026	199.6
999	-0.156	-0.028	1.026	199.8
1000	-0.157	-0.028	1.034	200.0
1001	-0.158	-0.028	1.024	200.2
1002	-0.159	-0.026	1.030	200.4
1003	-0.157	-0.028	1.030	200.6
1004	-0.156	-0.028	1.026	200.8
1005	-0.159	-0.030	1.024	201.0
1006	-0.160	-0.029	1.023	201.2
1007	-0.157	-0.029	1.026	201.4
1008	-0.158	-0.030	1.035	201.6
1009	-0.160	-0.029	1.030	201.8
1010	-0.158	-0.028	1.024	202.0
1011	-0.159	-0.028	1.022	202.2
1012	-0.158	-0.026	1.026	202.4
1013	-0.157	-0.028	1.024	202.6
1014	-0.160	-0.025	1.033	202.8
1015	-0.157	-0.027	1.027	203.0
1016	-0.157	-0.030	1.024	203.2
1017	-0.294	-0.068	1.304	203.4
1018	-0.314	-0.084	1.292	203.6
1019	-0.302	-0.081	1.266	203.8
1020	-0.297	-0.082	1.261	204.0
1021	-0.299	-0.083	1.256	204.2
1022	-0.296	-0.082	1.254	204.4
1023	-0.295	-0.079	1.260	204.6
1024	-0.294	-0.077	1.250	204.8
1025	-0.293	-0.079	1.244	205.0
1026	-0.291	-0.079	1.248	205.2
1027	-0.289	-0.079	1.247	205.4
1028	-0.289	-0.079	1.240	205.6
1029	-0.289	-0.076	1.246	205.8
1030	-0.286	-0.079	1.242	206.0
1031	-0.285	-0.077	1.236	206.2
1032	-0.286	-0.076	1.239	206.4
1033	-0.285	-0.074	1.230	206.6
1034	-0.284	-0.078	1.236	206.8
1035	-0.286	-0.075	1.242	207.0
1036	-0.283	-0.079	1.244	207.2
1037	-0.283	-0.075	1.230	207.4
1038	-0.283	-0.073	1.228	207.6
1039	-0.282	-0.072	1.228	207.8
1040	-0.282	-0.072	1.232	208.0
1041	-0.283	-0.075	1.233	208.2
1042	-0.282	-0.076	1.228	208.4
1043	-0.278	-0.074	1.232	208.6
1044	-0.280	-0.073	1.230	208.8
1045	-0.278	-0.072	1.222	209.0
1046	-0.281	-0.072	1.230	209.2
1047	-0.279	-0.070	1.228	209.4
1048	-0.279	-0.074	1.229	209.6
1049	-0.276	-0.072	1.226	209.8
1050	-0.276	-0.070	1.225	210.0
1051	-0.276	-0.069	1.231	210.2
1052	-0.276	-0.072	1.226	210.4
1053	-0.279	-0.072	1.221	210.6
1054	-0.277	-0.072	1.230	210.8
1055	-0.275	-0.071	1.221	211.0
1056	-0.273	-0.070	1.224	211.2
1057	-0.273	-0.070	1.229	211.4
1058	-0.274	-0.068	1.226	211.6
1059	-0.273	-0.071	1.215	211.8
1060	-0.272	-0.071	1.220	212.0
1061	-0.273	-0.071	1.218	212.2
1062	-0.273	-0.071	1.224	212.4
1063	-0.272	-0.068	1.225	212.6
1064	-0.272	-0.068	1.218	212.8
1065	-0.272	-0.068	1.220	213.0
1066	-0.270	-0.071	1.211	213.2
1067	-0.270	-0.070	1.216	213.4
1068	-0.270	-0.067	1.220	213.6
1069	-0.270	-0.067	1.220	213.8
1070	-0.270	-0.070	1.215	214.0
1071	-0.269	-0.070	1.215	214.2
1072	-0.269	-0.071	1.215	214.4
1073	-0.270	-0.069	1.221	214.6
1074	-0.269	-0.067	1.216	214.8
1075	-0.267	-0.067	1.216	215.0
1076	-0.267	-0.066	1.218	215.2
1077	-0.269	-0.069	1.221	215.4
1078	-0.268	-0.066	1.213	215.6
1079	-0.268	-0.066	1.210	215.8
1080	-0.265	-0.067	1.219	216.0
1081	-0.266	-0.070	1.215	216.2
1082	-0.266	-0.071	1.215	216.4
1083	-0.267	-0.068	1.222	216.6
1084	-0.266	-0.067	1.213	216.8
1085	-0.268	-0.066	1.218	217.0
1086	-0.268	-0.065	1.215	217.2
1087	-0.269	-0.066	1.211	217.4
1088	-0.267	-0.067	1.219	217.6
1089	-0.267	-0.070	1.214	217.8
1090	-0.268	-0.067	1.216	218.0
1091	-0.266	-0.066	1.217	218.2
1092	-0.267	-0.067	1.217	218.4
1093	-0.267	-0.066	1.216	218.6
1094	-0.267	-0.066	1.216	218.8
1095	-0.267	-0.066	1.209	219.0
1096	-0.268	-0.065	1.216	219.2
1097	-0.267	-0.067	1.218	219.4
1098	-0.267	-0.066	1.217	219.6
1099	-0.266	-0.068	1.216	219.8
1100	-0.268	-0.067	1.210	220.0
1101	-0.269	-0.068	1.213	220.2
1102	-0.266	-0.068	1.213	220.4
1103	-0.265	-0.069	1.216	220.6
1104	-0.267	-0.067	1.215	220.8
1105	-0.267	-0.067	1.219	221.0
1106	-0.265	-0.066	1.213	221.2
1107	-0.267	-0.065	1.213	221.4
1108	-0.266	-0.067	1.216	221.6
1109	-0.264	-0.067	1.216	221.8
1110	-0.267	-0.065	1.213	222.0
1111	-0.268	-0.064	1.212	222.2
1112	-0.266	-0.066	1.216	222.4
1113	-0.265	-0.067	1.220	222.6
1114	-0.266	-0.068	1.216	222.8
1115	-0.266	-0.066	1.213	223.0
1116	-0.265	-0.063	1.213	223.2
1117	-0.266	-0.064	1.216	223.4
1118	-0.265	-0.065	1.215	223.6
1119	-0.265	-0.064	1.207	223.8
1120	-0.265	-0.066	1.216	224.0
1121	-0.266	-0.064	1.208	224.2
1122	-0.265	-0.063	1.209	224.4
1123	-0.263	-0.061	1.216	224.6
1124	-0.264	-0.064	1.206	224.8
1125	-0.263	-0.065	1.212	225.0
1126	-0.263	-0.064	1.213	225.2
1127	-0.264	-0.065	1.210	225.4
1128	-0.264	-0.062	1.217	225.6
1129	-0.268	-0.062	1.205	225.8
1130	-0.265	-0.066	1.212	226.0
1131	-0.264	-0.062	1.216	226.2
1132	-0.265	-0.063	1.212	226.4
1133	-0.266	-0.064	1.214	226.6
1134	-0.265	-0.063	1.214	226.8
1135	-0.264	-0.065	1.215	227.0
1136	-0.265	-0.064	1.209	227.2
1137	-0.265	-0.064	1.211	227.4
1138	-0.265	-0.063	1.215	227.6
1139	-0.265	-0.064	1.217	227.8
1140	-0.264	-0.064	1.210	228.0
1141	-0.265	-0.063	1.213	228.2
1142	-0.266	-0.060	1.216	228.4
1143	-0.266	-0.065	1.216	228.6
1144	-0.262	-0.065	1.211	228.8
1145	-0.261	-0.063	1.219	229.0
1146	-0.263	-0.062	1.211	229.2
1147	-0.267	-0.060	1.213	229.4
1148	-0.264	-0.065	1.218	229.6
1149	-0.265	-0.067	1.214	229.8
1150	-0.264	-0.063	1.214	230.0
1151	-0.267	-0.062	1.214	230.2
1152	-0.263	-0.064	1.211	230.4
1153	-0.262	-0.065	1.220	230.6
1154	-0.264	-0.064	1.206	230.8
1155	-0.263	-0.061	1.210	231.0
1156	-0.264	-0.065	1.215	231.2
1157	-0.264	-0.067	1.218	231.4
1158	-0.262	-0.065	1.207	231.6
1159	-0.264	-0.062	1.214	231.8
1160	-0.264	-0.064	1.209	232.0
1161	-0.263	-0.064	1.211	232.2
1162	-0.263	-0.066	1.214	232.4
1163	-0.264	-0.062	1.217	232.6
1164	-0.264	-0.066	1.209	232.8
1165	-0.264	-0.063	1.215	233.0
1166	-0.264	-0.064	1.218	233.2
1167	-0.263	-0.066	1.215	233.4
1168	-0.264	-0.064	1.211	233.6
1169	-0.265	-0.062	1.214	233.8
1170	-0.264	-0.062	1.214	234.0
1171	-0.265	-0.066	1.219	234.2
1172	-0.266	-0.064	1.211	234.4
1173	-0.265	-0.064	1.211	234.6
1174	-0.264	-0.061	1.215	234.8
1175	-0.264	-0.064	1.214	235.0
1176	-0.264	-0.065	1.216	235.2
1177	-0.266	-0.061	1.209	235.4
1178	-0.267	-0.061	1.207	235.6
1179	-0.264	-0.064	1.210	235.8
1180	-0.265	-0.063	1.212	236.0
1181	-0.266	-0.061	1.216	236.2
1182	-0.265	-0.061	1.211	236.4
1183	-0.265	-0.060	1.203	236.6
1184	-0.264	-0.060	1.214	236.8
1185	-0.267	-0.061	1.219	237.0
1186	-0.265	-0.060	1.213	237.2
1187	-0.265	-0.062	1.210	237.4
1188	-0.267	-0.062	1.217	237.6
1189	-0.266	-0.063	1.213	237.8
1190	-0.266	-0.061	1.214	238.0
1191	-0.267	-0.059	1.209	238.2
1192	-0.265	-0.060	1.209	238.4
1193	-0.264	-0.060	1.214	238.6
1194	-0.265	-0.060	1.208	238.8
1195	-0.266	-0.061	1.205	239.0
1196	-0.268	-0.059	1.215	239.2
1197	-0.266	-0.060	1.207	239.4
1198	-0.266	-0.060	1.205	239.6
1199	-0.266	-0.059	1.209	239.8
1200	-0.267	-0.059	1.212	240.0
1201	-0.266	-0.058	1.208	240.2
1202	-0.265	-0.058	1.213	240.4
1203	-0.264	-0.059	1.211	240.6
1204	-0.268	-0.059	1.207	240.8
1205	-0.265	-0.058	1.206	241.0
1206	-0.266	-0.058	1.210	241.2
1207	-0.264	-0.056	1.211	241.4
1208	-0.266	-0.060	1.210	241.6
1209	-0.265	-0.058	1.210	241.8
1210	-0.265	-0.059	1.208	242.0
1211	-0.264	-0.059	1.212	242.2
1212	-0.267	-0.056	1.205	242.4
1213	-0.264	-0.057	1.200	242.6
1214	-0.265	-0.059	1.206	242.8
1215	-0.264	-0.060	1.213	243.0
1216	-0.264	-0.057	1.210	243.2
1217	-0.265	-0.057	1.202	243.4
1218	-0.264	-0.056	1.201	243.6
1219	-0.266	-0.060	1.195	243.8
1220	-0.262	-0.060	1.207	244.0
1221	-0.262	-0.057	1.210	244.2
1222	-0.264	-0.061	1.197	244.4
1223	-0.264	-0.058	1.197	244.6
1224	-0.263	-0.056	1.203	244.8
1225	-0.263	-0.058	1.205	245.0
1226	-0.261	-0.057	1.201	245.2
1227	-0.264	-0.058	1.199	245.4
1228	-0.263	-0.058	1.205	245.6
1229	-0.263	-0.060	1.203	245.8
1230	-0.262	-0.060	1.205	246.0
1231	-0.263	-0.058	1.201	246.2
1232	-0.262	-0.059	1.202	246.4
1233	-0.263	-0.061	1.203	246.6
1234	-0.262	-0.062	1.206	246.8
1235	-0.264	-0.059	1.203	247.0
1236	-0.262	-0.059	1.201	247.2
1237	-0.264	-0.061	1.204	247.4
1238	-0.262	-0.060	1.202	247.6
1239	-0.262	-0.058	1.203	247.8
1240	-0.262	-0.056	1.205	248.0
1241	-0.262	-0.057	1.206	248.2
1242	-0.264	-0.057	1.206	248.4
1243	-0.263	-0.059	1.203	248.6
1244	-0.264	-0.059	1.200	248.8
1245	-0.261	-0.060	1.201	249.0
1246	-0.262	-0.058	1.202	249.2
1247	-0.262	-0.057	1.203	249.4
1248	-0.261	-0.057	1.204	249.6
1249	-0.261	-0.059	1.198	249.8
1250	-0.264	-0.058	1.201	250.0
1251	-0.262	-0.061	1.202	250.2
1252	-0.264	-0.056	1.198	250.4
1253	-0.263	-0.056	1.198	250.6
1254	-0.264	-0.057	1.196	250.8
1255	-0.263	-0.057	1.204	251.0
1256	-0.262	-0.057	1.201	251.2
1257	-0.264	-0.056	1.197	251.4
1258	-0.263	-0.056	1.198	251.6
1259	-0.263	-0.054	1.198	251.8
1260	-0.264	-0.055	1.199	252.0
1261	-0.263	-0.056	1.197	252.2
1262	-0.261	-0.056	1.203	252.4
1263	-0.264	-0.055	1.194	252.6
1264	-0.265	-0.055	1.196	252.8
1265	-0.264	-0.054	1.203	253.0
1266	-0.264	-0.055	1.196	253.2
1267	-0.262	-0.056	1.202	253.4
1268	-0.263	-0.058	1.209	253.6
1269	-0.262	-0.053	1.204	253.8
1270	-0.264	-0.053	1.198	254.0
1271	-0.265	-0.052	1.206	254.2
1272	-0.264	-0.053	1.206	254.4
1273	-0.263	-0.056	1.199	254.6
1274	-0.264	-0.057	1.202	254.8
1275	-0.264	-0.055	1.205	255.0
1276	-0.266	-0.054	1.201	255.2
1277	-0.266	-0.056	1.202	255.4
1278	-0.265	-0.056	1.204	255.6
1279	-0.264	-0.057	1.198	255.8
1280	-0.264	-0.054	1.199	256.0
1281	-0.265	-0.052	1.202	256.2
1282	-0.264	-0.055	1.203	256.4
1283	-0.265	-0.057	1.210	256.6
1284	-0.265	-0.055	1.205	256.8
1285	-0.263	-0.056	1.200	257.0
1286	-0.265	-0.057	1.198	257.2
1287	-0.264	-0.056	1.201	257.4
1288	-0.263	-0.056	1.203	257.6
1289	-0.263	-0.055	1.201	257.8
1290	-0.265	-0.055	1.200	258.0
1291	-0.266	-0.055	1.200	258.2
1292	-0.265	-0.053	1.201	258.4
1293	-0.265	-0.057	1.205	258.6
1294	-0.267	-0.057	1.200	258.8
1295	-0.266	-0.058	1.196	259.0
1296	-0.266	-0.058	1.200	259.2
1297	-0.264	-0.057	1.203	259.4
1298	-0.265	-0.059	1.202	259.6
1299	-0.269	-0.059	1.201	259.8
1300	-0.268	-0.059	1.201	260.0
1301	-0.265	-0.058	1.203	260.2
1302	-0.264	-0.057	1.204	260.4
1303	-0.264	-0.058	1.201	260.6
1304	-0.268	-0.057	1.206	260.8
1305	-0.264	-0.057	1.213	261.0
1306	-0.265	-0.056	1.199	261.2
1307	-0.265	-0.056	1.204	261.4
1308	-0.266	-0.058	1.204	261.6
1309	-0.265	-0.060	1.202	261.8
1310	-0.263	-0.060	1.207	262.0
1311	-0.265	-0.059	1.207	262.2
1312	-0.264	-0.061	1.204	262.4
1313	-0.264	-0.057	1.201	262.6
1314	-0.264	-0.057	1.207	262.8
1315	-0.264	-0.057	1.203	263.0
1316	-0.262	-0.058	1.205	263.2
1317	-0.264	-0.059	1.203	263.4
1318	-0.264	-0.055	1.203	263.6
1319	-0.264	-0.059	1.208	263.8
1320	-0.261	-0.059	1.202	264.0
1321	-0.262	-0.059	1.200	264.2
1322	-0.264	-0.061	1.203	264.4
1323	-0.263	-0.059	1.202	264.6
1324	-0.262	-0.056	1.205	264.8
1325	-0.262	-0.059	1.205	265.0
1326	-0.262	-0.059	1.204	265.2
1327	-0.262	-0.058	1.199	265.4
1328	-0.261	-0.057	1.204	265.6
1329	-0.263	-0.056	1.206	265.8
1330	-0.263	-0.058	1.204	266.0
1331	-0.263	-0.059	1.207	266.2
1332	-0.261	-0.059	1.199	266.4
1333	-0.262	-0.056	1.204	266.6
1334	-0.261	-0.055	1.200	266.8
1335	-0.262	-0.057	1.200	267.0
1336	-0.261	-0.057	1.202	267.2
1337	-0.264	-0.056	1.211	267.4
1338	-0.264	-0.056	1.203	267.6
1339	-0.261	-0.057	1.200	267.8
1340	-0.260	-0.055	1.207	268.0
1341	-0.262	-0.059	1.204	268.2
1342	-0.264	-0.061	1.201	268.4
1343	-0.262	-0.059	1.196	268.6
1344	-0.263	-0.061	1.206	268.8
1345	-0.261	-0.058	1.205	269.0
1346	-0.262	-0.058	1.207	269.2
1347	-0.261	-0.057	1.200	269.4
1348	-0.260	-0.058	1.203	269.6
1349	-0.260	-0.060	1.194	269.8
1350	-0.262	-0.058	1.204	270.0
1351	-0.261	-0.058	1.202	270.2
1352	-0.259	-0.059	1.204	270.4
1353	-0.262	-0.060	1.200	270.6
1354	-0.262	-0.059	1.200	270.8
1355	-0.262	-0.056	1.201	271.0
1356	-0.261	-0.060	1.201	271.2
1357	-0.261	-0.057	1.199	271.4
1358	-0.260	-0.058	1.204	271.6
1359	-0.261	-0.057	1.200	271.8
1360	-0.261	-0.059	1.201	272.0
1361	-0.261	-0.061	1.202	272.2
1362	-0.261	-0.060	1.202	272.4
1363	-0.262	-0.059	1.197	272.6
1364	-0.260	-0.057	1.198	272.8
1365	-0.260	-0.056	1.203	273.0
1366	-0.259	-0.058	1.205	273.2
1367	-0.259	-0.059	1.193	273.4
1368	-0.257	-0.058	1.194	273.6
1369	-0.259	-0.059	1.203	273.8
1370	-0.261	-0.061	1.203	274.0
1371	-0.260	-0.059	1.201	274.2
1372	-0.260	-0.059	1.198	274.4
1373	-0.259	-0.057	1.198	274.6
1374	-0.258	-0.061	1.205	274.8
1375	-0.259	-0.060	1.201	275.0
1376	-0.260	-0.060	1.203	275.2
1377	-0.259	-0.059	1.198	275.4
1378	-0.259	-0.058	1.199	275.6
1379	-0.257	-0.059	1.206	275.8
1380	-0.258	-0.060	1.205	276.0
1381	-0.258	-0.059	1.200	276.2
1382	-0.258	-0.059	1.201	276.4
1383	-0.258	-0.058	1.202	276.6
1384	-0.259	-0.060	1.205	276.8
1385	-0.260	-0.060	1.206	277.0
1386	-0.258	-0.060	1.199	277.2
1387	-0.257	-0.061	1.203	277.4
1388	-0.259	-0.060	1.207	277.6
1389	-0.259	-0.061	1.200	277.8
1390	-0.260	-0.058	1.198	278.0
1391	-0.260	-0.060	1.207	278.2
1392	-0.258	-0.063	1.208	278.4
1393	-0.260	-0.062	1.201	278.6
1394	-0.260	-0.060	1.206	278.8
1395	-0.261	-0.059	1.200	279.0
1396	-0.259	-0.060	1.205	279.2
1397	-0.257	-0.060	1.207	279.4
1398	-0.259	-0.060	1.207	279.6
1399	-0.260	-0.061	1.195	279.8
1400	-0.258	-0.058	1.204	280.0
1401	-0.257	-0.060	1.203	280.2
1402	-0.257	-0.060	1.204	280.4
1403	-0.258	-0.058	1.205	280.6
1404	-0.259	-0.060	1.198	280.8
1405	-0.259	-0.059	1.202	281.0
1406	-0.259	-0.060	1.213	281.2
1407	-0.259	-0.059	1.203	281.4
1408	-0.260	-0.060	1.199	281.6
1409	-0.259	-0.062	1.203	281.8
1410	-0.259	-0.059	1.206	282.0
1411	-0.259	-0.060	1.203	282.2
1412	-0.260	-0.060	1.207	282.4
1413	-0.259	-0.059	1.208	282.6
1414	-0.259	-0.061	1.203	282.8
1415	-0.257	-0.061	1.209	283.0
1416	-0.259	-0.061	1.211	283.2
1417	-0.258	-0.061	1.203	283.4
1418	-0.259	-0.060	1.201	283.6
1419	-0.260	-0.059	1.201	283.8
1420	-0.259	-0.061	1.206	284.0
1421	-0.259	-0.060	1.200	284.2
1422	-0.259	-0.063	1.206	284.4
1423	-0.260	-0.061	1.210	284.6
1424	-0.259	-0.061	1.205	284.8
1425	-0.261	-0.061	1.207	285.0
1426	-0.259	-0.060	1.201	285.2
1427	-0.259	-0.061	1.201	285.4
1428	-0.260	-0.063	1.204	285.6
1429	-0.259	-0.061	1.203	285.8
1430	-0.257	-0.060	1.211	286.0
1431	-0.259	-0.062	1.204	286.2
1432	-0.259	-0.062	1.196	286.4
1433	-0.260	-0.063	1.199	286.6
1434	-0.260	-0.063	1.203	286.8
1435	-0.262	-0.060	1.208	287.0
1436	-0.260	-0.060	1.206	287.2
1437	-0.261	-0.060	1.205	287.4
1438	-0.261	-0.061	1.202	287.6
1439	-0.261	-0.063	1.201	287.8
1440	-0.260	-0.063	1.200	288.0
1441	-0.261	-0.063	1.207	288.2
1442	-0.262	-0.058	1.203	288.4
1443	-0.261	-0.060	1.203	288.6
1444	-0.260	-0.059	1.204	288.8
1445	-0.261	-0.061	1.206	289.0
1446	-0.260	-0.063	1.205	289.2
1447	-0.261	-0.062	1.198	289.4
1448	-0.259	-0.060	1.204	289.6
1449	-0.262	-0.060	1.209	289.8
1450	-0.261	-0.062	1.202	290.0
1451	-0.261	-0.062	1.205	290.2
1452	-0.261	-0.062	1.206	290.4
1453	-0.261	-0.062	1.200	290.6
1454	-0.263	-0.059	1.203	290.8
1455	-0.261	-0.060	1.204	291.0
1456	-0.261	-0.061	1.205	291.2
1457	-0.263	-0.061	1.208	291.4
1458	-0.261	-0.064	1.208	291.6
1459	-0.261	-0.064	1.202	291.8
1460	-0.262	-0.061	1.199	292.0
1461	-0.262	-0.061	1.203	292.2
1462	-0.260	-0.061	1.199	292.4
1463	-0.261	-0.061	1.212	292.6
1464	-0.261	-0.062	1.205	292.8
1465	-0.262	-0.064	1.199	293.0
1466	-0.261	-0.061	1.195	293.2
1467	-0.261	-0.064	1.203	293.4
1468	-0.259	-0.063	1.203	293.6
1469	-0.260	-0.065	1.206	293.8
1470	-0.262	-0.064	1.203	294.0
1471	-0.261	-0.061	1.193	294.2
1472	-0.262	-0.063	1.199	294.4
1473	-0.260	-0.062	1.201	294.6
1474	-0.262	-0.061	1.197	294.8
1475	-0.264	-0.061	1.198	295.0
1476	-0.260	-0.065	1.202	295.2
1477	-0.261	-0.068	1.206	295.4
1478	-0.262	-0.064	1.206	295.6
1479	-0.264	-0.061	1.197	295.8
1480	-0.262	-0.062	1.197	296.0
1481	-0.261	-0.066	1.197	296.2
1482	-0.261	-0.064	1.199	296.4
1483	-0.261	-0.063	1.199	296.6
1484	-0.264	-0.059	1.198	296.8
1485	-0.259	-0.061	1.207	297.0
1486	-0.262	-0.063	1.201	297.2
1487	-0.262	-0.064	1.199	297.4
1488	-0.262	-0.061	1.196	297.6
1489	-0.262	-0.063	1.199	297.8
1490	-0.262	-0.061	1.199	298.0
1491	-0.262	-0.062	1.209	298.2
1492	-0.262	-0.060	1.202	298.4
1493	-0.262	-0.060	1.197	298.6
1494	-0.260	-0.060	1.201	298.8
1495	-0.261	-0.061	1.202	299.0
1496	-0.260	-0.062	1.201	299.2
1497	-0.262	-0.064	1.203	299.4
1498	-0.263	-0.061	1.200	299.6
1499	-0.262	-0.061	1.207	299.8
1500	-0.259	-0.062	1.203	300.0
1501	-0.261	-0.061	1.194	300.2
1502	-0.263	-0.062	1.202	300.4
1503	-0.262	-0.061	1.204	300.6
1504	-0.261	-0.063	1.207	300.8
1505	-0.261	-0.060	1.205	301.0
1506	-0.260	-0.059	1.199	301.2
1507	-0.261	-0.060	1.193	301.4
1508	-0.261	-0.062	1.201	301.6
1509	-0.262	-0.064	1.213	301.8
1510	-0.262	-0.065	1.209	302.0
1511	-0.262	-0.060	1.204	302.2
1512	-0.265	-0.061	1.196	302.4
1513	-0.262	-0.060	1.200	302.6
1514	-0.260	-0.061	1.204	302.8
1515	-0.262	-0.064	1.206	303.0
1516	-0.264	-0.063	1.202	303.2
1517	-0.262	-0.061	1.197	303.4
1518	-0.492	-0.097	1.546	303.6
1519	-0.485	-0.097	1.577	303.8
1520	-0.478	-0.093	1.538	304.0
1521	-0.471	-0.093	1.529	304.2
1522	-0.469	-0.093	1.525	304.4
1523	-0.465	-0.095	1.529	304.6
1524	-0.462	-0.095	1.525	304.8
1525	-0.460	-0.094	1.520	305.0
1526	-0.459	-0.090	1.514	305.2
1527	-0.458	-0.091	1.514	305.4
1528	-0.452	-0.091	1.512	305.6
1529	-0.456	-0.090	1.509	305.8
1530	-0.453	-0.091	1.508	306.0
1531	-0.452	-0.090	1.507	306.2
1532	-0.452	-0.093	1.515	306.4
1533	-0.449	-0.089	1.507	306.6
1534	-0.447	-0.088	1.495	306.8
1535	-0.447	-0.088	1.493	307.0
1536	-0.447	-0.087	1.502	307.2
1537	-0.445	-0.091	1.500	307.4
1538	-0.446	-0.088	1.499	307.6
1539	-0.446	-0.088	1.491	307.8
1540	-0.443	-0.087	1.484	308.0
1541	-0.444	-0.086	1.500	308.2
1542	-0.441	-0.087	1.494	308.4
1543	-0.444	-0.086	1.498	308.6
1544	-0.439	-0.086	1.486	308.8
1545	-0.441	-0.085	1.481	309.0
1546	-0.440	-0.083	1.489	309.2
1547	-0.441	-0.084	1.493	309.4
1548	-0.441	-0.085	1.486	309.6
1549	-0.439	-0.084	1.486	309.8
1550	-0.439	-0.085	1.482	310.0
1551	-0.439	-0.086	1.485	310.2
1552	-0.437	-0.083	1.485	310.4
1553	-0.437	-0.085	1.488	310.6
1554	-0.437	-0.082	1.485	310.8
1555	-0.437	-0.081	1.477	311.0
1556	-0.435	-0.082	1.478	311.2
1557	-0.436	-0.083	1.477	311.4
1558	-0.438	-0.081	1.478	311.6
1559	-0.436	-0.083	1.482	311.8
1560	-0.436	-0.083	1.490	312.0
1561	-0.436	-0.082	1.481	312.2
1562	-0.435	-0.081	1.473	312.4
1563	-0.435	-0.082	1.480	312.6
1564	-0.435	-0.082	1.485	312.8
1565	-0.435	-0.081	1.482	313.0
1566	-0.435	-0.081	1.476	313.2
1567	-0.436	-0.081	1.471	313.4
1568	-0.434	-0.079	1.476	313.6
1569	-0.436	-0.077	1.476	313.8
1570	-0.432	-0.077	1.476	314.0
1571	-0.433	-0.079	1.474	314.2
1572	-0.432	-0.080	1.469	314.4
1573	-0.434	-0.078	1.466	314.6
1574	-0.435	-0.079	1.470	314.8
1575	-0.432	-0.079	1.476	315.0
1576	-0.433	-0.079	1.476	315.2
1577	-0.431	-0.076	1.475	315.4
1578	-0.430	-0.080	1.467	315.6
1579	-0.431	-0.081	1.462	315.8
1580	-0.431	-0.079	1.466	316.0
1581	-0.432	-0.077	1.473	316.2
1582	-0.427	-0.079	1.473	316.4
1583	-0.428	-0.081	1.471	316.6
1584	-0.429	-0.080	1.469	316.8
1585	-0.428	-0.079	1.463	317.0
1586	-0.428	-0.078	1.470	317.2
1587	-0.427	-0.078	1.473	317.4
1588	-0.428	-0.080	1.472	317.6
1589	-0.427	-0.078	1.470	317.8
1590	-0.429	-0.078	1.470	318.0
1591	-0.428	-0.079	1.463	318.2
1592	-0.427	-0.080	1.462	318.4
1593	-0.427	-0.081	1.466	318.6
1594	-0.428	-0.080	1.466	318.8
1595	-0.429	-0.079	1.475	319.0
1596	-0.426	-0.080	1.470	319.2
1597	-0.429	-0.079	1.456	319.4
1598	-0.427	-0.078	1.459	319.6
1599	-0.428	-0.076	1.464	319.8
1600	-0.426	-0.080	1.467	320.0
1601	-0.426	-0.079	1.468	320.2
1602	-0.425	-0.077	1.463	320.4
1603	-0.425	-0.079	1.458	320.6
1604	-0.425	-0.079	1.459	320.8
1605	-0.425	-0.081	1.462	321.0
1606	-0.422	-0.080	1.462	321.2
1607	-0.424	-0.078	1.471	321.4
1608	-0.425	-0.081	1.467	321.6
1609	-0.423	-0.077	1.463	321.8
1610	-0.425	-0.079	1.463	322.0
1611	-0.423	-0.080	1.458	322.2
1612	-0.424	-0.079	1.459	322.4
1613	-0.424	-0.080	1.466	322.6
1614	-0.426	-0.080	1.468	322.8
1615	-0.423	-0.079	1.462	323.0
1616	-0.423	-0.080	1.451	323.2
1617	-0.423	-0.079	1.455	323.4
1618	-0.424	-0.078	1.460	323.6
1619	-0.425	-0.077	1.465	323.8
1620	-0.425	-0.075	1.465	324.0
1621	-0.425	-0.076	1.453	324.2
1622	-0.423	-0.076	1.453	324.4
1623	-0.424	-0.077	1.448	324.6
1624	-0.423	-0.079	1.463	324.8
1625	-0.424	-0.076	1.467	325.0
1626	-0.425	-0.077	1.460	325.2
1627	-0.423	-0.076	1.455	325.4
1628	-0.423	-0.077	1.458	325.6
1629	-0.423	-0.078	1.456	325.8
1630	-0.422	-0.075	1.453	326.0
1631	-0.422	-0.074	1.457	326.2
1632	-0.424	-0.076	1.458	326.4
1633	-0.423	-0.076	1.459	326.6
1634	-0.423	-0.077	1.458	326.8
1635	-0.423	-0.076	1.451	327.0
1636	-0.422	-0.075	1.453	327.2
1637	-0.422	-0.075	1.459	327.4
1638	-0.422	-0.073	1.454	327.6
1639	-0.423	-0.075	1.456	327.8
1640	-0.424	-0.075	1.456	328.0
1641	-0.423	-0.075	1.464	328.2
1642	-0.422	-0.077	1.455	328.4
1643	-0.422	-0.076	1.459	328.6
1644	-0.422	-0.075	1.454	328.8
1645	-0.421	-0.077	1.451	329.0
1646	-0.421	-0.073	1.454	329.2
1647	-0.419	-0.074	1.452	329.4
1648	-0.420	-0.075	1.449	329.6
1649	-0.420	-0.075	1.454	329.8
1650	-0.421	-0.075	1.455	330.0
1651	-0.418	-0.076	1.453	330.2
1652	-0.421	-0.075	1.456	330.4
1653	-0.419	-0.075	1.458	330.6
1654	-0.419	-0.075	1.452	330.8
1655	-0.419	-0.075	1.454	331.0
1656	-0.421	-0.076	1.452	331.2
1657	-0.420	-0.074	1.448	331.4
1658	-0.421	-0.076	1.447	331.6
1659	-0.418	-0.076	1.450	331.8
1660	-0.419	-0.077	1.456	332.0
1661	-0.419	-0.072	1.463	332.2
1662	-0.418	-0.078	1.451	332.4
1663	-0.420	-0.075	1.443	332.6
1664	-0.419	-0.073	1.448	332.8
1665	-0.418	-0.073	1.453	333.0
1666	-0.419	-0.073	1.460	333.2
1667	-0.417	-0.075	1.462	333.4
1668	-0.417	-0.074	1.450	333.6
1669	-0.420	-0.075	1.441	333.8
1670	-0.417	-0.074	1.445	334.0
1671	-0.419	-0.075	1.460	334.2
1672	-0.418	-0.074	1.461	334.4
1673	-0.417	-0.074	1.449	334.6
1674	-0.418	-0.077	1.437	334.8
1675	-0.419	-0.073	1.447	335.0
1676	-0.419	-0.075	1.455	335.2
1677	-0.416	-0.073	1.457	335.4
1678	-0.416	-0.075	1.445	335.6
1679	-0.418	-0.076	1.438	335.8
1680	-0.420	-0.075	1.447	336.0
1681	-0.417	-0.073	1.455	336.2
1682	-0.418	-0.077	1.454	336.4
1683	-0.417	-0.076	1.447	336.6
1684	-0.416	-0.076	1.437	336.8
1685	-0.419	-0.074	1.442	337.0
1686	-0.418	-0.074	1.455	337.2
1687	-0.419	-0.076	1.460	337.4
1688	-0.418	-0.077	1.441	337.6
1689	-0.418	-0.077	1.435	337.8
1690	-0.419	-0.073	1.448	338.0
1691	-0.419	-0.072	1.458	338.2
1692	-0.418	-0.076	1.456	338.4
1693	-0.418	-0.074	1.449	338.6
1694	-0.415	-0.076	1.437	338.8
1695	-0.418	-0.075	1.446	339.0
1696	-0.418	-0.075	1.455	339.2
1697	-0.418	-0.074	1.450	339.4
1698	-0.417	-0.076	1.449	339.6
1699	-0.415	-0.079	1.441	339.8
1700	-0.416	-0.075	1.448	340.0
1701	-0.418	-0.073	1.454	340.2
1702	-0.416	-0.075	1.452	340.4
1703	-0.416	-0.073	1.443	340.6
1704	-0.417	-0.073	1.442	340.8
1705	-0.416	-0.074	1.441	341.0
1706	-0.414	-0.072	1.442	341.2
1707	-0.415	-0.074	1.448	341.4
1708	-0.414	-0.070	1.447	341.6
1709	-0.415	-0.072	1.437	341.8
1710	-0.417	-0.072	1.444	342.0
1711	-0.416	-0.074	1.443	342.2
1712	-0.414	-0.074	1.447	342.4
1713	-0.414	-0.071	1.449	342.6
1714	-0.415	-0.074	1.444	342.8
1715	-0.418	-0.072	1.440	343.0
1716	-0.414	-0.072	1.439	343.2
1717	-0.417	-0.071	1.442	343.4
1718	-0.415	-0.072	1.443	343.6
1719	-0.414	-0.073	1.441	343.8
1720	-0.417	-0.071	1.439	344.0
1721	-0.416	-0.073	1.435	344.2
1722	-0.413	-0.073	1.442	344.4
1723	-0.416	-0.075	1.447	344.6
1724	-0.411	-0.074	1.445	344.8
1725	-0.416	-0.074	1.447	345.0
1726	-0.415	-0.072	1.441	345.2
1727	-0.416	-0.075	1.440	345.4
1728	-0.414	-0.073	1.437	345.6
1729	-0.415	-0.071	1.442	345.8
1730	-0.413	-0.074	1.444	346.0
1731	-0.415	-0.073	1.442	346.2
1732	-0.414	-0.073	1.441	346.4
1733	-0.415	-0.073	1.444	346.6
1734	-0.415	-0.074	1.443	346.8
1735	-0.413	-0.073	1.439	347.0
1736	-0.413	-0.074	1.437	347.2
1737	-0.414	-0.073	1.438	347.4
1738	-0.414	-0.073	1.444	347.6
1739	-0.411	-0.073	1.446	347.8
1740	-0.414	-0.072	1.443	348.0
1741	-0.412	-0.074	1.440	348.2
1742	-0.414	-0.074	1.434	348.4
1743	-0.414	-0.074	1.434	348.6
1744	-0.414	-0.073	1.447	348.8
1745	-0.413	-0.074	1.445	349.0
1746	-0.413	-0.075	1.443	349.2
1747	-0.413	-0.074	1.437	349.4
1748	-0.411	-0.072	1.438	349.6
1749	-0.413	-0.072	1.437	349.8
1750	-0.413	-0.072	1.442	350.0
1751	-0.413	-0.075	1.447	350.2
1752	-0.412	-0.073	1.446	350.4
1753	-0.411	-0.075	1.437	350.6
1754	-0.414	-0.074	1.429	350.8
1755	-0.413	-0.075	1.443	351.0
1756	-0.412	-0.074	1.449	351.2
1757	-0.413	-0.071	1.444	351.4
1758	-0.411	-0.075	1.436	351.6
1759	-0.411	-0.073	1.435	351.8
1760	-0.413	-0.072	1.437	352.0
1761	-0.412	-0.074	1.447	352.2
1762	-0.411	-0.075	1.444	352.4
1763	-0.409	-0.072	1.439	352.6
1764	-0.414	-0.075	1.431	352.8
1765	-0.413	-0.072	1.433	353.0
1766	-0.413	-0.072	1.438	353.2
1767	-0.410	-0.072	1.451	353.4
1768	-0.411	-0.074	1.437	353.6
1769	-0.411	-0.073	1.431	353.8
1770	-0.413	-0.071	1.428	354.0
1771	-0.412	-0.074	1.434	354.2
1772	-0.413	-0.074	1.439	354.4
1773	-0.411	-0.075	1.444	354.6
1774	-0.411	-0.072	1.444	354.8
1775	-0.411	-0.075	1.431	355.0
1776	-0.411	-0.076	1.428	355.2
1777	-0.414	-0.073	1.429	355.4
1778	-0.414	-0.073	1.444	355.6
1779	-0.412	-0.077	1.445	355.8
1780	-0.412	-0.075	1.437	356.0
1781	-0.411	-0.073	1.429	356.2
1782	-0.412	-0.072	1.431	356.4
1783	-0.412	-0.075	1.439	356.6
1784	-0.415	-0.070	1.444	356.8
1785	-0.410	-0.075	1.439	357.0
1786	-0.414	-0.077	1.428	357.2
1787	-0.411	-0.074	1.430	357.4
1788	-0.411	-0.072	1.441	357.6
1789	-0.411	-0.071	1.439	357.8
1790	-0.411	-0.073	1.432	358.0
1791	-0.411	-0.072	1.433	358.2
1792	-0.410	-0.071	1.431	358.4
1793	-0.412	-0.073	1.440	358.6
1794	-0.411	-0.073	1.437	358.8
1795	-0.413	-0.073	1.437	359.0
1796	-0.409	-0.075	1.435	359.2
1797	-0.412	-0.072	1.432	359.4
1798	-0.410	-0.071	1.431	359.6
1799	-0.410	-0.073	1.436	359.8
1800	-0.410	-0.073	1.435	360.0
1801	-0.410	-0.075	1.436	360.2
1802	-0.411	-0.072	1.436	360.4
1803	-0.411	-0.072	1.434	360.6
1804	-0.409	-0.073	1.433	360.8
1805	-0.409	-0.072	1.434	361.0
1806	-0.408	-0.074	1.433	361.2
1807	-0.410	-0.074	1.433	361.4
1808	-0.411	-0.072	1.432	361.6
1809	-0.410	-0.075	1.439	361.8
1810	-0.410	-0.074	1.437	362.0
1811	-0.411	-0.074	1.434	362.2
1812	-0.412	-0.075	1.429	362.4
1813	-0.410	-0.073	1.430	362.6
1814	-0.410	-0.074	1.435	362.8
1815	-0.410	-0.074	1.435	363.0
1816	-0.410	-0.072	1.437	363.2
1817	-0.411	-0.072	1.433	363.4
1818	-0.411	-0.074	1.433	363.6
1819	-0.412	-0.073	1.434	363.8
1820	-0.411	-0.075	1.433	364.0
1821	-0.411	-0.076	1.431	364.2
1822	-0.412	-0.077	1.435	364.4
1823	-0.413	-0.076	1.438	364.6
1824	-0.412	-0.074	1.436	364.8
1825	-0.412	-0.074	1.431	365.0
1826	-0.413	-0.077	1.429	365.2
1827	-0.413	-0.075	1.431	365.4
1828	-0.414	-0.073	1.433	365.6
1829	-0.412	-0.073	1.431	365.8
1830	-0.413	-0.075	1.431	366.0
1831	-0.410	-0.074	1.433	366.2
1832	-0.411	-0.076	1.439	366.4
1833	-0.410	-0.072	1.430	366.6
1834	-0.412	-0.073	1.423	366.8
1835	-0.410	-0.073	1.424	367.0
1836	-0.412	-0.073	1.437	367.2
1837	-0.409	-0.073	1.439	367.4
1838	-0.414	-0.075	1.429	367.6
1839	-0.413	-0.072	1.422	367.8
1840	-0.413	-0.074	1.421	368.0
1841	-0.413	-0.076	1.428	368.2
1842	-0.410	-0.075	1.436	368.4
1843	-0.408	-0.074	1.440	368.6
1844	-0.412	-0.071	1.439	368.8
1845	-0.412	-0.073	1.422	369.0
1846	-0.412	-0.076	1.423	369.2
1847	-0.411	-0.076	1.428	369.4
1848	-0.411	-0.074	1.434	369.6
1849	-0.410	-0.076	1.439	369.8
1850	-0.409	-0.073	1.436	370.0
1851	-0.410	-0.075	1.430	370.2
1852	-0.410	-0.076	1.430	370.4
1853	-0.410	-0.075	1.427	370.6
1854	-0.408	-0.075	1.438	370.8
1855	-0.406	-0.074	1.440	371.0
1856	-0.411	-0.076	1.428	371.2
1857	-0.411	-0.076	1.423	371.4
1858	-0.410	-0.074	1.423	371.6
1859	-0.411	-0.074	1.431	371.8
1860	-0.409	-0.074	1.439	372.0
1861	-0.410	-0.076	1.435	372.2
1862	-0.410	-0.073	1.426	372.4
1863	-0.409	-0.072	1.420	372.6
1864	-0.409	-0.072	1.431	372.8
1865	-0.408	-0.075	1.442	373.0
1866	-0.410	-0.075	1.436	373.2
1867	-0.409	-0.073	1.417	373.4
1868	-0.408	-0.073	1.417	373.6
1869	-0.411	-0.073	1.427	373.8
1870	-0.411	-0.073	1.435	374.0
1871	-0.407	-0.074	1.436	374.2
1872	-0.407	-0.075	1.432	374.4
1873	-0.407	-0.073	1.423	374.6
1874	-0.409	-0.072	1.422	374.8
1875	-0.406	-0.070	1.426	375.0
1876	-0.410	-0.070	1.430	375.2
1877	-0.408	-0.072	1.433	375.4
1878	-0.408	-0.072	1.429	375.6
1879	-0.407	-0.073	1.424	375.8
1880	-0.408	-0.074	1.426	376.0
1881	-0.408	-0.073	1.429	376.2
1882	-0.407	-0.073	1.427	376.4
1883	-0.409	-0.071	1.431	376.6
1884	-0.406	-0.071	1.425	376.8
1885	-0.405	-0.072	1.421	377.0
1886	-0.408	-0.072	1.422	377.2
1887	-0.408	-0.071	1.433	377.4
1888	-0.409	-0.073	1.437	377.6
1889	-0.405	-0.074	1.425	377.8
1890	-0.406	-0.073	1.410	378.0
1891	-0.406	-0.072	1.429	378.2
1892	-0.406	-0.072	1.442	378.4
1893	-0.407	-0.074	1.433	378.6
1894	-0.408	-0.072	1.426	378.8
1895	-0.408	-0.072	1.422	379.0
1896	-0.404	-0.074	1.419	379.2
1897	-0.406	-0.073	1.431	379.4
1898	-0.408	-0.072	1.438	379.6
1899	-0.406	-0.075	1.431	379.8
1900	-0.408	-0.072	1.412	380.0
1901	-0.406	-0.071	1.421	380.2
1902	-0.407	-0.072	1.433	380.4
1903	-0.405	-0.073	1.440	380.6
1904	-0.405	-0.074	1.427	380.8
1905	-0.405	-0.074	1.417	381.0
1906	-0.405	-0.075	1.422	381.2
1907	-0.406	-0.072	1.440	381.4
1908	-0.405	-0.072	1.443	381.6
1909	-0.403	-0.072	1.427	381.8
1910	-0.403	-0.071	1.411	382.0
1911	-0.405	-0.071	1.419	382.2
1912	-0.405	-0.072	1.436	382.4
1913	-0.405	-0.073	1.446	382.6
1914	-0.405	-0.075	1.431	382.8
1915	-0.405	-0.075	1.418	383.0
1916	-0.405	-0.073	1.414	383.2
1917	-0.406	-0.073	1.434	383.4
1918	-0.406	-0.074	1.433	383.6
1919	-0.405	-0.074	1.423	383.8
1920	-0.405	-0.075	1.417	384.0
1921	-0.404	-0.074	1.425	384.2
1922	-0.406	-0.074	1.439	384.4
1923	-0.405	-0.075	1.431	384.6
1924	-0.405	-0.073	1.425	384.8
1925	-0.406	-0.072	1.411	385.0
1926	-0.405	-0.073	1.419	385.2
1927	-0.403	-0.071	1.431	385.4
1928	-0.404	-0.075	1.434	385.6
1929	-0.408	-0.073	1.422	385.8
1930	-0.406	-0.072	1.421	386.0
1931	-0.404	-0.073	1.432	386.2
1932	-0.405	-0.074	1.429	386.4
1933	-0.404	-0.075	1.423	386.6
1934	-0.406	-0.072	1.423	386.8
1935	-0.405	-0.072	1.430	387.0
1936	-0.406	-0.072	1.430	387.2
1937	-0.406	-0.072	1.423	387.4
1938	-0.406	-0.071	1.422	387.6
1939	-0.407	-0.072	1.433	387.8
1940	-0.406	-0.073	1.430	388.0
1941	-0.407	-0.074	1.431	388.2
1942	-0.406	-0.075	1.424	388.4
1943	-0.406	-0.074	1.425	388.6
1944	-0.404	-0.073	1.423	388.8
1945	-0.404	-0.071	1.420	389.0
1946	-0.406	-0.072	1.427	389.2
1947	-0.406	-0.071	1.432	389.4
1948	-0.404	-0.072	1.430	389.6
1949	-0.405	-0.072	1.428	389.8
1950	-0.404	-0.073	1.426	390.0
1951	-0.404	-0.073	1.420	390.2
1952	-0.404	-0.072	1.423	390.4
1953	-0.406	-0.071	1.430	390.6
1954	-0.406	-0.070	1.434	390.8
1955	-0.404	-0.071	1.432	391.0
1956	-0.403	-0.070	1.421	391.2
1957	-0.405	-0.071	1.420	391.4
1958	-0.406	-0.069	1.425	391.6
1959	-0.406	-0.068	1.426	391.8
1960	-0.405	-0.071	1.429	392.0
1961	-0.402	-0.070	1.426	392.2
1962	-0.405	-0.071	1.419	392.4
1963	-0.405	-0.070	1.418	392.6
1964	-0.405	-0.068	1.431	392.8
1965	-0.404	-0.069	1.434	393.0
1966	-0.405	-0.072	1.419	393.2
1967	-0.405	-0.073	1.414	393.4
1968	-0.406	-0.072	1.420	393.6
1969	-0.405	-0.072	1.430	393.8
1970	-0.405	-0.073	1.433	394.0
1971	-0.404	-0.073	1.425	394.2
1972	-0.405	-0.072	1.418	394.4
1973	-0.405	-0.071	1.421	394.6
1974	-0.402	-0.072	1.422	394.8
1975	-0.403	-0.069	1.428	395.0
1976	-0.403	-0.072	1.427	395.2
1977	-0.405	-0.072	1.423	395.4
1978	-0.403	-0.072	1.419	395.6
1979	-0.404	-0.073	1.424	395.8
1980	-0.401	-0.073	1.421	396.0
1981	-0.402	-0.074	1.427	396.2
1982	-0.404	-0.072	1.422	396.4
1983	-0.404	-0.075	1.421	396.6
1984	-0.402	-0.072	1.422	396.8
1985	-0.403	-0.071	1.421	397.0
1986	-0.403	-0.071	1.429	397.2
1987	-0.404	-0.072	1.427	397.4
1988	-0.404	-0.072	1.422	397.6
1989	-0.404	-0.073	1.417	397.8
1990	-0.403	-0.071	1.418	398.0
1991	-0.404	-0.072	1.423	398.2
1992	-0.403	-0.073	1.425	398.4
1993	-0.402	-0.073	1.423	398.6
1994	-0.404	-0.072	1.423	398.8
1995	-0.405	-0.071	1.417	399.0
1996	-0.405	-0.072	1.422	399.2
1997	-0.403	-0.073	1.421	399.4
1998	-0.402	-0.072	1.422	399.6
1999	-0.404	-0.072	1.423	399.8
2000	-0.406	-0.071	1.421	400.0
2001	-0.404	-0.070	1.420	400.2
2002	-0.405	-0.074	1.425	400.4
2003	-0.404	-0.074	1.428	400.6
2004	-0.402	-0.072	1.423	400.8
2005	-0.406	-0.076	1.419	401.0
2006	-0.405	-0.073	1.419	401.2
2007	-0.405	-0.074	1.417	401.4
2008	-0.405	-0.073	1.422	401.6
2009	-0.404	-0.074	1.426	401.8
2010	-0.401	-0.076	1.424	402.0
2011	-0.405	-0.073	1.421	402.2
2012	-0.404	-0.073	1.417	402.4
2013	-0.404	-0.075	1.414	402.6
2014	-0.403	-0.074	1.421	402.8
2015	-0.404	-0.074	1.420	403.0
2016	-0.402	-0.073	1.420	403.2
2017	-0.404	-0.075	1.422	403.4
2018	-0.404	-0.075	1.467	403.6
2019	-0.655	-0.114	1.853	403.8
2020	-0.650	-0.108	1.801	404.0
2021	-0.646	-0.107	1.806	404.2
2022	-0.640	-0.104	1.792	404.4
2023	-0.637	-0.103	1.786	404.6
2024	-0.634	-0.103	1.781	404.8
2025	-0.632	-0.100	1.779	405.0
2026	-0.629	-0.101	1.773	405.2
2027	-0.626	-0.102	1.772	405.4
2028	-0.623	-0.100	1.770	405.6
2029	-0.623	-0.099	1.766	405.8
2030	-0.621	-0.097	1.765	406.0
2031	-0.623	-0.101	1.762	406.2
2032	-0.619	-0.100	1.760	406.4
2033	-0.617	-0.099	1.760	406.6
2034	-0.616	-0.099	1.763	406.8
2035	-0.614	-0.096	1.751	407.0
2036	-0.614	-0.097	1.748	407.2
2037	-0.612	-0.096	1.756	407.4
2038	-0.611	-0.099	1.755	407.6
2039	-0.611	-0.099	1.751	407.8
2040	-0.611	-0.097	1.744	408.0
2041	-0.608	-0.094	1.738	408.2
2042	-0.608	-0.096	1.743	408.4
2043	-0.608	-0.095	1.750	408.6
2044	-0.606	-0.095	1.742	408.8
2045	-0.605	-0.094	1.734	409.0
2046	-0.605	-0.093	1.726	409.2
2047	-0.603	-0.093	1.733	409.4
2048	-0.603	-0.092	1.738	409.6
2049	-0.603	-0.092	1.739	409.8
2050	-0.603	-0.095	1.736	410.0
2051	-0.600	-0.092	1.731	410.2
2052	-0.600	-0.092	1.729	410.4
2053	-0.599	-0.093	1.728	410.6
2054	-0.600	-0.094	1.734	410.8
2055	-0.597	-0.093	1.735	411.0
2056	-0.600	-0.093	1.721	411.2
2057	-0.596	-0.092	1.721	411.4
2058	-0.598	-0.092	1.721	411.6
2059	-0.595	-0.093	1.722	411.8
2060	-0.596	-0.092	1.725	412.0
2061	-0.595	-0.091	1.721	412.2
2062	-0.593	-0.090	1.719	412.4
2063	-0.593	-0.091	1.717	412.6
2064	-0.593	-0.091	1.728	412.8
2065	-0.594	-0.090	1.726	413.0
2066	-0.593	-0.090	1.723	413.2
2067	-0.592	-0.089	1.713	413.4
2068	-0.593	-0.090	1.706	413.6
2069	-0.593	-0.091	1.717	413.8
2070	-0.589	-0.089	1.721	414.0
2071	-0.591	-0.090	1.723	414.2
2072	-0.589	-0.090	1.720	414.4
2073	-0.590	-0.092	1.715	414.6
2074	-0.588	-0.090	1.705	414.8
2075	-0.589	-0.090	1.704	415.0
2076	-0.588	-0.089	1.708	415.2
2077	-0.587	-0.090	1.712	415.4
2078	-0.588	-0.087	1.709	415.6
2079	-0.588	-0.088	1.707	415.8
2080	-0.585	-0.089	1.702	416.0
2081	-0.586	-0.087	1.709	416.2
2082	-0.584	-0.090	1.713	416.4
2083	-0.589	-0.089	1.712	416.6
2084	-0.583	-0.091	1.699	416.8
2085	-0.585	-0.089	1.705	417.0
2086	-0.584	-0.088	1.703	417.2
2087	-0.584	-0.088	1.705	417.4
2088	-0.583	-0.090	1.707	417.6
2089	-0.583	-0.088	1.707	417.8
2090	-0.584	-0.088	1.702	418.0
2091	-0.583	-0.091	1.698	418.2
2092	-0.581	-0.089	1.698	418.4
2093	-0.582	-0.088	1.704	418.6
2094	-0.583	-0.087	1.704	418.8
2095	-0.581	-0.087	1.699	419.0
2096	-0.579	-0.088	1.702	419.2
2097	-0.581	-0.086	1.700	419.4
2098	-0.580	-0.086	1.697	419.6
2099	-0.579	-0.088	1.696	419.8
2100	-0.579	-0.086	1.708	420.0
2101	-0.581	-0.086	1.706	420.2
2102	-0.579	-0.086	1.693	420.4
2103	-0.578	-0.086	1.695	420.6
2104	-0.577	-0.086	1.699	420.8
2105	-0.577	-0.086	1.692	421.0
2106	-0.577	-0.085	1.699	421.2
2107	-0.579	-0.087	1.692	421.4
2108	-0.575	-0.088	1.694	421.6
2109	-0.577	-0.089	1.695	421.8
2110	-0.577	-0.087	1.689	422.0
2111	-0.576	-0.088	1.695	422.2
2112	-0.576	-0.087	1.692	422.4
2113	-0.577	-0.088	1.692	422.6
2114	-0.577	-0.086	1.689	422.8
2115	-0.576	-0.087	1.694	423.0
2116	-0.573	-0.085	1.695	423.2
2117	-0.575	-0.088	1.690	423.4
2118	-0.575	-0.086	1.686	423.6
2119	-0.573	-0.084	1.687	423.8
2120	-0.574	-0.085	1.691	424.0
2121	-0.573	-0.086	1.689	424.2
2122	-0.574	-0.085	1.689	424.4
2123	-0.574	-0.086	1.690	424.6
2124	-0.573	-0.085	1.691	424.8
2125	-0.575	-0.086	1.693	425.0
2126	-0.571	-0.082	1.694	425.2
2127	-0.572	-0.085	1.688	425.4
2128	-0.573	-0.085	1.684	425.6
2129	-0.574	-0.085	1.691	425.8
2130	-0.572	-0.084	1.691	426.0
2131	-0.572	-0.083	1.692	426.2
2132	-0.572	-0.084	1.684	426.4
2133	-0.573	-0.086	1.681	426.6
2134	-0.571	-0.088	1.684	426.8
2135	-0.572	-0.085	1.688	427.0
2136	-0.572	-0.086	1.687	427.2
2137	-0.571	-0.086	1.686	427.4
2138	-0.571	-0.086	1.681	427.6
2139	-0.571	-0.083	1.683	427.8
2140	-0.570	-0.086	1.688	428.0
2141	-0.572	-0.084	1.687	428.2
2142	-0.570	-0.085	1.681	428.4
2143	-0.572	-0.084	1.682	428.6
2144	-0.568	-0.085	1.683	428.8
2145	-0.569	-0.083	1.679	429.0
2146	-0.570	-0.085	1.685	429.2
2147	-0.570	-0.084	1.681	429.4
2148	-0.569	-0.082	1.683	429.6
2149	-0.571	-0.082	1.688	429.8
2150	-0.570	-0.085	1.680	430.0
2151	-0.568	-0.084	1.672	430.2
2152	-0.569	-0.083	1.673	430.4
2153	-0.569	-0.081	1.682	430.6
2154	-0.569	-0.083	1.681	430.8
2155	-0.569	-0.082	1.676	431.0
2156	-0.569	-0.083	1.666	431.2
2157	-0.569	-0.084	1.673	431.4
2158	-0.568	-0.084	1.685	431.6
2159	-0.568	-0.084	1.677	431.8
2160	-0.568	-0.080	1.670	432.0
2161	-0.569	-0.085	1.677	432.2
2162	-0.566	-0.081	1.679	432.4
2163	-0.567	-0.083	1.683	432.6
2164	-0.567	-0.082	1.672	432.8
2165	-0.566	-0.083	1.672	433.0
2166	-0.569	-0.084	1.684	433.2
2167	-0.567	-0.083	1.691	433.4
2168	-0.566	-0.082	1.680	433.6
2169	-0.566	-0.084	1.665	433.8
2170	-0.566	-0.082	1.671	434.0
2171	-0.565	-0.083	1.677	434.2
2172	-0.566	-0.083	1.686	434.4
2173	-0.564	-0.082	1.673	434.6
2174	-0.565	-0.084	1.675	434.8
2175	-0.564	-0.082	1.674	435.0
2176	-0.564	-0.085	1.675	435.2
2177	-0.563	-0.086	1.671	435.4
2178	-0.564	-0.084	1.671	435.6
2179	-0.563	-0.085	1.671	435.8
2180	-0.564	-0.086	1.666	436.0
2181	-0.563	-0.084	1.671	436.2
2182	-0.564	-0.086	1.673	436.4
2183	-0.564	-0.081	1.671	436.6
2184	-0.563	-0.085	1.667	436.8
2185	-0.563	-0.083	1.667	437.0
2186	-0.563	-0.084	1.669	437.2
2187	-0.562	-0.084	1.677	437.4
2188	-0.561	-0.083	1.672	437.6
2189	-0.562	-0.082	1.676	437.8
2190	-0.560	-0.084	1.669	438.0
2191	-0.563	-0.084	1.671	438.2
2192	-0.562	-0.084	1.675	438.4
2193	-0.560	-0.084	1.669	438.6
2194	-0.561	-0.084	1.673	438.8
2195	-0.561	-0.082	1.671	439.0
2196	-0.563	-0.083	1.670	439.2
2197	-0.562	-0.085	1.675	439.4
2198	-0.560	-0.083	1.660	439.6
2199	-0.559	-0.081	1.661	439.8
2200	-0.562	-0.084	1.667	440.0
2201	-0.563	-0.084	1.670	440.2
2202	-0.563	-0.086	1.667	440.4
2203	-0.560	-0.083	1.658	440.6
2204	-0.560	-0.083	1.668	440.8
2205	-0.560	-0.083	1.667	441.0
2206	-0.560	-0.085	1.664	441.2
2207	-0.559	-0.083	1.672	441.4
2208	-0.561	-0.082	1.668	441.6
2209	-0.561	-0.082	1.667	441.8
2210	-0.558	-0.083	1.666	442.0
2211	-0.561	-0.084	1.667	442.2
2212	-0.559	-0.082	1.669	442.4
2213	-0.560	-0.082	1.670	442.6
2214	-0.561	-0.080	1.662	442.8
2215	-0.562	-0.082	1.667	443.0
2216	-0.559	-0.083	1.675	443.2
2217	-0.559	-0.083	1.667	443.4
2218	-0.560	-0.081	1.663	443.6
2219	-0.561	-0.080	1.666	443.8
2220	-0.560	-0.082	1.659	444.0
2221	-0.561	-0.081	1.660	444.2
2222	-0.562	-0.083	1.663	444.4
2223	-0.560	-0.083	1.662	444.6
2224	-0.559	-0.085	1.658	444.8
2225	-0.560	-0.083	1.663	445.0
2226	-0.559	-0.082	1.661	445.2
2227	-0.561	-0.083	1.664	445.4
2228	-0.559	-0.082	1.658	445.6
2229	-0.559	-0.083	1.665	445.8
2230	-0.559	-0.082	1.661	446.0
2231	-0.559	-0.085	1.661	446.2
2232	-0.557	-0.083	1.659	446.4
2233	-0.558	-0.084	1.659	446.6
2234	-0.559	-0.084	1.659	446.8
2235	-0.559	-0.084	1.661	447.0
2236	-0.558	-0.083	1.660	447.2
2237	-0.558	-0.082	1.659	447.4
2238	-0.558	-0.083	1.668	447.6
2239	-0.559	-0.081	1.662	447.8
2240	-0.557	-0.083	1.662	448.0
2241	-0.559	-0.081	1.662	448.2
2242	-0.556	-0.082	1.660	448.4
2243	-0.557	-0.080	1.659	448.6
2244	-0.560	-0.083	1.660	448.8
2245	-0.558	-0.082	1.664	449.0
2246	-0.557	-0.082	1.662	449.2
2247	-0.558	-0.084	1.657	449.4
2248	-0.557	-0.083	1.659	449.6
2249	-0.557	-0.082	1.657	449.8
2250	-0.558	-0.082	1.655	450.0
2251	-0.559	-0.082	1.655	450.2
2252	-0.557	-0.081	1.661	450.4
2253	-0.554	-0.082	1.659	450.6
2254	-0.555	-0.081	1.657	450.8
2255	-0.557	-0.081	1.655	451.0
2256	-0.556	-0.081	1.654	451.2
2257	-0.556	-0.082	1.658	451.4
2258	-0.557	-0.082	1.659	451.6
2259	-0.556	-0.081	1.664	451.8
2260	-0.558	-0.081	1.653	452.0
2261	-0.556	-0.081	1.655	452.2
2262	-0.558	-0.082	1.656	452.4
2263	-0.556	-0.083	1.657	452.6
2264	-0.556	-0.082	1.660	452.8
2265	-0.555	-0.082	1.661	453.0
2266	-0.554	-0.082	1.653	453.2
2267	-0.556	-0.083	1.657	453.4
2268	-0.555	-0.080	1.655	453.6
2269	-0.555	-0.082	1.658	453.8
2270	-0.555	-0.082	1.657	454.0
2271	-0.554	-0.080	1.654	454.2
2272	-0.554	-0.081	1.654	454.4
2273	-0.556	-0.082	1.654	454.6
2274	-0.555	-0.083	1.654	454.8
2275	-0.555	-0.082	1.654	455.0
2276	-0.555	-0.080	1.652	455.2
2277	-0.555	-0.084	1.654	455.4
2278	-0.554	-0.082	1.657	455.6
2279	-0.553	-0.083	1.664	455.8
2280	-0.556	-0.082	1.660	456.0
2281	-0.554	-0.081	1.654	456.2
2282	-0.554	-0.084	1.656	456.4
2283	-0.554	-0.084	1.655	456.6
2284	-0.554	-0.083	1.656	456.8
2285	-0.555	-0.082	1.657	457.0
2286	-0.555	-0.081	1.663	457.2
2287	-0.553	-0.079	1.657	457.4
2288	-0.554	-0.082	1.661	457.6
2289	-0.553	-0.082	1.658	457.8
2290	-0.555	-0.081	1.653	458.0
2291	-0.554	-0.082	1.655	458.2
2292	-0.555	-0.082	1.657	458.4
2293	-0.555	-0.083	1.653	458.6
2294	-0.557	-0.082	1.657	458.8
2295	-0.554	-0.082	1.659	459.0
2296	-0.553	-0.082	1.655	459.2
2297	-0.555	-0.080	1.653	459.4
2298	-0.553	-0.081	1.650	459.6
2299	-0.556	-0.084	1.658	459.8
2300	-0.555	-0.082	1.658	460.0
2301	-0.554	-0.083	1.656	460.2
2302	-0.553	-0.082	1.658	460.4
2303	-0.554	-0.081	1.653	460.6
2304	-0.552	-0.079	1.653	460.8
2305	-0.555	-0.083	1.648	461.0
2306	-0.554	-0.080	1.650	461.2
2307	-0.553	-0.080	1.658	461.4
2308	-0.553	-0.083	1.650	461.6
2309	-0.552	-0.082	1.653	461.8
2310	-0.554	-0.082	1.653	462.0
2311	-0.555	-0.080	1.652	462.2
2312	-0.552	-0.082	1.656	462.4
2313	-0.554	-0.081	1.650	462.6
2314	-0.553	-0.081	1.651	462.8
2315	-0.555	-0.078	1.655	463.0
2316	-0.552	-0.079	1.655	463.2
2317	-0.553	-0.080	1.654	463.4
2318	-0.554	-0.082	1.655	463.6
2319	-0.553	-0.082	1.647	463.8
2320	-0.554	-0.081	1.651	464.0
2321	-0.551	-0.082	1.657	464.2
2322	-0.551	-0.083	1.656	464.4
2323	-0.551	-0.081	1.649	464.6
2324	-0.552	-0.080	1.645	464.8
2325	-0.552	-0.082	1.651	465.0
2326	-0.553	-0.082	1.653	465.2
2327	-0.552	-0.080	1.651	465.4
2328	-0.552	-0.082	1.648	465.6
2329	-0.551	-0.082	1.649	465.8
2330	-0.552	-0.082	1.658	466.0
2331	-0.552	-0.082	1.654	466.2
2332	-0.550	-0.080	1.652	466.4
2333	-0.553	-0.079	1.649	466.6
2334	-0.552	-0.077	1.641	466.8
2335	-0.553	-0.081	1.644	467.0
2336	-0.550	-0.082	1.651	467.2
2337	-0.549	-0.078	1.654	467.4
2338	-0.551	-0.078	1.650	467.6
2339	-0.551	-0.079	1.654	467.8
2340	-0.549	-0.080	1.640	468.0
2341	-0.551	-0.081	1.642	468.2
2342	-0.550	-0.080	1.647	468.4
2343	-0.552	-0.079	1.650	468.6
2344	-0.549	-0.079	1.653	468.8
2345	-0.550	-0.079	1.654	469.0
2346	-0.549	-0.078	1.644	469.2
2347	-0.550	-0.078	1.648	469.4
2348	-0.551	-0.079	1.653	469.6
2349	-0.550	-0.080	1.651	469.8
2350	-0.549	-0.080	1.649	470.0
2351	-0.550	-0.080	1.646	470.2
2352	-0.551	-0.079	1.647	470.4
2353	-0.549	-0.080	1.655	470.6
2354	-0.547	-0.082	1.649	470.8
2355	-0.546	-0.078	1.646	471.0
2356	-0.549	-0.079	1.640	471.2
2357	-0.551	-0.079	1.650	471.4
2358	-0.547	-0.081	1.655	471.6
2359	-0.547	-0.082	1.647	471.8
2360	-0.548	-0.080	1.639	472.0
2361	-0.550	-0.077	1.644	472.2
2362	-0.547	-0.078	1.659	472.4
2363	-0.550	-0.079	1.647	472.6
2364	-0.547	-0.080	1.638	472.8
2365	-0.549	-0.079	1.638	473.0
2366	-0.547	-0.079	1.646	473.2
2367	-0.546	-0.078	1.651	473.4
2368	-0.548	-0.077	1.638	473.6
2369	-0.546	-0.076	1.637	473.8
2370	-0.548	-0.080	1.639	474.0
2371	-0.548	-0.077	1.644	474.2
2372	-0.547	-0.083	1.648	474.4
2373	-0.549	-0.080	1.648	474.6
2374	-0.549	-0.081	1.636	474.8
2375	-0.550	-0.080	1.635	475.0
2376	-0.548	-0.079	1.647	475.2
2377	-0.548	-0.080	1.646	475.4
2378	-0.548	-0.082	1.638	475.6
2379	-0.546	-0.081	1.639	475.8
2380	-0.545	-0.079	1.645	476.0
2381	-0.547	-0.076	1.639	476.2
2382	-0.546	-0.078	1.641	476.4
2383	-0.546	-0.079	1.644	476.6
2384	-0.546	-0.078	1.645	476.8
2385	-0.545	-0.079	1.647	477.0
2386	-0.547	-0.078	1.642	477.2
2387	-0.547	-0.078	1.635	477.4
2388	-0.545	-0.079	1.638	477.6
2389	-0.548	-0.079	1.647	477.8
2390	-0.546	-0.077	1.643	478.0
2391	-0.545	-0.078	1.639	478.2
2392	-0.545	-0.082	1.645	478.4
2393	-0.545	-0.080	1.647	478.6
2394	-0.547	-0.080	1.653	478.8
2395	-0.546	-0.080	1.644	479.0
2396	-0.546	-0.081	1.639	479.2
2397	-0.544	-0.081	1.635	479.4
2398	-0.545	-0.076	1.648	479.6
2399	-0.546	-0.080	1.649	479.8
2400	-0.546	-0.079	1.646	480.0
2401	-0.546	-0.079	1.645	480.2
2402	-0.544	-0.080	1.644	480.4
2403	-0.543	-0.081	1.642	480.6
2404	-0.545	-0.078	1.641	480.8
2405	-0.545	-0.077	1.646	481.0
2406	-0.545	-0.077	1.649	481.2
2407	-0.546	-0.078	1.647	481.4
2408	-0.546	-0.081	1.641	481.6
2409	-0.545	-0.078	1.643	481.8
2410	-0.546	-0.078	1.640	482.0
2411	-0.546	-0.079	1.640	482.2
2412	-0.545	-0.076	1.643	482.4
2413	-0.544	-0.077	1.645	482.6
2414	-0.546	-0.080	1.648	482.8
2415	-0.544	-0.078	1.644	483.0
2416	-0.546	-0.080	1.639	483.2
2417	-0.543	-0.080	1.641	483.4
2418	-0.545	-0.079	1.641	483.6
2419	-0.545	-0.080	1.644	483.8
2420	-0.543	-0.078	1.647	484.0
2421	-0.545	-0.078	1.640	484.2
2422	-0.543	-0.078	1.646	484.4
2423	-0.544	-0.078	1.648	484.6
2424	-0.544	-0.079	1.641	484.8
2425	-0.546	-0.078	1.645	485.0
2426	-0.545	-0.080	1.647	485.2
2427	-0.541	-0.080	1.647	485.4
2428	-0.545	-0.081	1.649	485.6
2429	-0.544	-0.079	1.646	485.8
2430	-0.544	-0.080	1.643	486.0
2431	-0.544	-0.078	1.644	486.2
2432	-0.546	-0.077	1.646	486.4
2433	-0.544	-0.078	1.649	486.6
2434	-0.545	-0.079	1.648	486.8
2435	-0.545	-0.078	1.642	487.0
2436	-0.546	-0.079	1.639	487.2
2437	-0.543	-0.079	1.635	487.4
2438	-0.544	-0.079	1.640	487.6
2439	-0.545	-0.076	1.648	487.8
2440	-0.544	-0.076	1.646	488.0
2441	-0.545	-0.075	1.637	488.2
2442	-0.547	-0.075	1.641	488.4
2443	-0.545	-0.078	1.640	488.6
2444	-0.543	-0.076	1.629	488.8
2445	-0.547	-0.077	1.650	489.0
2446	-0.546	-0.076	1.647	489.2
2447	-0.548	-0.075	1.631	489.4
2448	-0.547	-0.074	1.631	489.6
2449	-0.543	-0.075	1.642	489.8
2450	-0.544	-0.075	1.646	490.0
2451	-0.545	-0.077	1.637	490.2
2452	-0.546	-0.076	1.632	490.4
2453	-0.543	-0.077	1.635	490.6
2454	-0.545	-0.075	1.638	490.8
2455	-0.546	-0.077	1.640	491.0
2456	-0.543	-0.076	1.639	491.2
2457	-0.549	-0.077	1.639	491.4
2458	-0.545	-0.077	1.635	491.6
2459	-0.546	-0.077	1.638	491.8
2460	-0.548	-0.077	1.638	492.0
2461	-0.546	-0.077	1.646	492.2
2462	-0.544	-0.079	1.637	492.4
2463	-0.547	-0.080	1.638	492.6
2464	-0.543	-0.079	1.640	492.8
2465	-0.546	-0.077	1.640	493.0
2466	-0.543	-0.077	1.640	493.2
2467	-0.544	-0.078	1.641	493.4
2468	-0.544	-0.078	1.637	493.6
2469	-0.542	-0.080	1.636	493.8
2470	-0.543	-0.080	1.639	494.0
2471	-0.543	-0.080	1.644	494.2
2472	-0.545	-0.076	1.641	494.4
2473	-0.544	-0.080	1.637	494.6
2474	-0.543	-0.080	1.640	494.8
2475	-0.543	-0.077	1.641	495.0
2476	-0.544	-0.078	1.634	495.2
2477	-0.544	-0.079	1.639	495.4
2478	-0.545	-0.080	1.639	495.6
2479	-0.542	-0.077	1.640	495.8
2480	-0.543	-0.079	1.637	496.0
2481	-0.544	-0.079	1.629	496.2
2482	-0.544	-0.077	1.637	496.4
2483	-0.543	-0.080	1.639	496.6
2484	-0.542	-0.079	1.637	496.8
2485	-0.544	-0.080	1.637	497.0
2486	-0.542	-0.079	1.639	497.2
2487	-0.543	-0.076	1.638	497.4
2488	-0.542	-0.079	1.637	497.6
2489	-0.541	-0.078	1.635	497.8
2490	-0.541	-0.077	1.636	498.0
2491	-0.543	-0.080	1.636	498.2
2492	-0.542	-0.077	1.639	498.4
2493	-0.543	-0.079	1.639	498.6
2494	-0.543	-0.077	1.633	498.8
2495	-0.543	-0.077	1.632	499.0
2496	-0.543	-0.079	1.631	499.2
2497	-0.540	-0.080	1.634	499.4
2498	-0.542	-0.081	1.636	499.6
2499	-0.542	-0.079	1.634	499.8
2500	-0.542	-0.076	1.638	500.0
2501	-0.543	-0.079	1.633	500.2
2502	-0.541	-0.079	1.635	500.4
2503	-0.542	-0.080	1.637	500.6
2504	-0.543	-0.079	1.630	500.8
2505	-0.542	-0.077	1.632	501.0
2506	-0.540	-0.075	1.635	501.2
2507	-0.542	-0.075	1.636	501.4
2508	-0.543	-0.077	1.637	501.6
2509	-0.541	-0.078	1.633	501.8
2510	-0.541	-0.079	1.631	502.0
2511	-0.540	-0.078	1.634	502.2
2512	-0.542	-0.077	1.637	502.4
2513	-0.541	-0.076	1.638	502.6
2514	-0.541	-0.078	1.633	502.8
2515	-0.539	-0.081	1.635	503.0
2516	-0.542	-0.079	1.632	503.2
2517	-0.540	-0.079	1.637	503.4
2518	-0.542	-0.077	1.637	503.6
2519	-0.385	-0.053	1.274	503.8
2520	-0.111	-0.005	0.895	504.0
2521	-0.003	-0.005	0.766	504.2
2522	-0.004	-0.008	0.778	504.4
2523	-0.003	-0.007	0.776	504.6
2524	-0.003	-0.005	0.774	504.8
2525	-0.005	-0.005	0.781	505.0
2526	-0.005	-0.005	0.778	505.2
2527	-0.004	-0.005	0.764	505.4
2528	-0.004	-0.003	0.779	505.6
2529	-0.005	-0.003	0.783	505.8
2530	-0.005	-0.003	0.764	506.0
2531	-0.005	-0.007	0.771	506.2
2532	-0.006	-0.008	0.785	506.4
2533	-0.003	-0.007	0.774	506.6
2534	-0.003	-0.006	0.774	506.8
2535	-0.005	-0.006	0.773	507.0
2536	-0.003	-0.005	0.782	507.2
2537	-0.005	-0.007	0.775	507.4
2538	-0.004	-0.005	0.774	507.6
2539	-0.003	-0.007	0.775	507.8
2540	-0.003	-0.007	0.775	508.0
2541	-0.001	-0.007	0.775	508.2
2542	-0.003	-0.007	0.777	508.4
2543	-0.005	-0.005	0.775	508.6
2544	-0.002	-0.006	0.775	508.8
2545	-0.001	-0.005	0.773	509.0
2546	-0.003	-0.008	0.772	509.2
2547	-0.002	-0.008	0.775	509.4
2548	-0.001	-0.005	0.774	509.6
2549	-0.001	-0.006	0.774	509.8
2550	-0.002	-0.003	0.775	510.0
2551	-0.002	-0.005	0.771	510.2
2552	0.001	-0.007	0.774	510.4
2553	-0.002	-0.007	0.772	510.6
2554	-0.002	-0.007	0.776	510.8
2555	-0.003	-0.005	0.774	511.0
2556	-0.003	-0.007	0.774	511.2
2557	-0.001	-0.005	0.782	511.4
2558	-0.002	-0.007	0.776	511.6
2559	-0.001	-0.003	0.773	511.8
2560	-0.005	-0.005	0.775	512.0
2561	-0.003	-0.005	0.776	512.2
2562	-0.002	-0.006	0.773	512.4
2563	-0.004	-0.007	0.773	512.6
2564	-0.003	-0.008	0.776	512.8
2565	-0.003	-0.003	0.772	513.0
2566	-0.004	-0.004	0.773	513.2
2567	-0.004	-0.005	0.772	513.4
2568	-0.005	-0.006	0.775	513.6
2569	-0.005	-0.007	0.776	513.8
2570	-0.006	-0.006	0.776	514.0
2571	-0.005	-0.009	0.774	514.2
2572	-0.005	-0.007	0.778	514.4
2573	-0.006	-0.007	0.774	514.6
2574	-0.007	-0.007	0.773	514.8
2575	-0.003	-0.004	0.774	515.0
2576	-0.003	-0.007	0.776	515.2
2577	-0.004	-0.008	0.773	515.4
2578	-0.004	-0.007	0.780	515.6
2579	-0.004	-0.006	0.772	515.8
2580	-0.001	-0.005	0.774	516.0
2581	-0.007	-0.009	0.776	516.2
2582	-0.004	-0.008	0.774	516.4
2583	-0.006	-0.007	0.774	516.6
2584	-0.005	-0.005	0.774	516.8
2585	-0.004	-0.003	0.778	517.0
2586	-0.005	-0.006	0.773	517.2
2587	-0.004	-0.006	0.774	517.4
2588	-0.002	-0.005	0.774	517.6
2589	-0.002	-0.007	0.780	517.8
2590	-0.003	-0.007	0.779	518.0
2591	-0.005	-0.008	0.774	518.2
2592	-0.002	-0.007	0.776	518.4
2593	-0.004	-0.007	0.775	518.6
2594	-0.003	-0.006	0.774	518.8
2595	-0.003	-0.006	0.773	519.0
2596	-0.003	-0.006	0.778	519.2
2597	-0.005	-0.007	0.775	519.4
2598	-0.004	-0.007	0.775	519.6
2599	-0.003	-0.009	0.774	519.8
2600	-0.004	-0.006	0.775	520.0
2601	-0.003	-0.005	0.774	520.2
2602	-0.004	-0.004	0.770	520.4
2603	-0.004	-0.004	0.776	520.6
2604	-0.003	-0.007	0.776	520.8
2605	-0.005	-0.009	0.775	521.0
2606	-0.005	-0.009	0.774	521.2
2607	-0.005	-0.006	0.774	521.4
2608	-0.007	-0.004	0.777	521.6
2609	-0.004	-0.007	0.774	521.8
2610	-0.005	-0.007	0.777	522.0
2611	-0.003	-0.007	0.777	522.2
2612	-0.003	-0.007	0.776	522.4
2613	-0.005	-0.006	0.774	522.6
2614	-0.005	-0.009	0.778	522.8
2615	-0.006	-0.007	0.772	523.0
2616	-0.004	-0.007	0.778	523.2
2617	-0.003	-0.007	0.777	523.4
2618	-0.002	-0.006	0.778	523.6
2619	-0.003	-0.002	0.773	523.8
2620	-0.003	-0.004	0.775	524.0
2621	-0.003	-0.005	0.773	524.2
2622	-0.003	-0.005	0.776	524.4
2623	-0.002	-0.005	0.775	524.6
2624	0.000	-0.007	0.775	524.8
2625	-0.002	-0.005	0.776	525.0
2626	-0.002	-0.004	0.774	525.2
2627	-0.003	-0.005	0.773	525.4
2628	0.000	-0.005	0.771	525.6
2629	-0.001	-0.006	0.775	525.8
2630	-0.001	-0.006	0.772	526.0
2631	-0.001	-0.008	0.775	526.2
2632	-0.003	-0.005	0.777	526.4
2633	-0.003	-0.006	0.774	526.6
2634	-0.001	-0.005	0.773	526.8
2635	0.001	-0.005	0.777	527.0
2636	-0.002	-0.007	0.775	527.2
2637	-0.001	-0.007	0.775	527.4
2638	-0.002	-0.006	0.772	527.6
2639	-0.003	-0.003	0.774	527.8
2640	-0.002	-0.003	0.774	528.0
2641	0.001	-0.005	0.774	528.2
2642	-0.001	-0.006	0.774	528.4
2643	0.001	-0.007	0.774	528.6
2644	-0.003	-0.007	0.775	528.8
2645	-0.002	-0.006	0.775	529.0
2646	-0.001	-0.004	0.771	529.2
2647	-0.001	-0.005	0.774	529.4
2648	-0.001	-0.005	0.771	529.6
2649	-0.001	-0.007	0.774	529.8
2650	-0.002	-0.005	0.778	530.0
2651	-0.003	-0.006	0.775	530.2
2652	-0.003	-0.005	0.773	530.4
2653	-0.002	-0.004	0.778	530.6
2654	-0.003	-0.007	0.772	530.8
2655	-0.005	-0.007	0.775	531.0
2656	-0.002	-0.008	0.774	531.2
2657	-0.004	-0.005	0.775	531.4
2658	-0.003	-0.005	0.773	531.6
2659	-0.004	-0.006	0.773	531.8
2660	-0.003	-0.009	0.779	532.0
2661	-0.004	-0.006	0.775	532.2
2662	-0.003	-0.004	0.775	532.4
2663	-0.002	-0.005	0.775	532.6
2664	-0.005	-0.005	0.776	532.8
2665	-0.004	-0.008	0.770	533.0
2666	-0.005	-0.007	0.777	533.2
2667	-0.005	-0.007	0.776	533.4
2668	-0.008	-0.005	0.772	533.6
2669	-0.006	-0.009	0.776	533.8
2670	-0.006	-0.007	0.774	534.0
2671	-0.003	-0.007	0.773	534.2
2672	-0.005	-0.006	0.780	534.4
2673	-0.005	-0.006	0.772	534.6
2674	-0.005	-0.005	0.775	534.8
2675	-0.005	-0.007	0.780	535.0
2676	-0.003	-0.005	0.772	535.2
2677	-0.005	-0.008	0.772	535.4
2678	-0.006	-0.005	0.778	535.6
2679	-0.004	-0.005	0.774	535.8
2680	-0.005	-0.009	0.776	536.0
2681	-0.004	-0.005	0.774	536.2
2682	-0.004	-0.006	0.778	536.4
2683	-0.003	-0.006	0.775	536.6
2684	-0.003	-0.005	0.775	536.8
2685	-0.004	-0.005	0.778	537.0
2686	-0.003	-0.005	0.777	537.2
2687	-0.004	-0.005	0.775	537.4
2688	-0.004	-0.009	0.776	537.6
2689	-0.004	-0.005	0.774	537.8
2690	-0.004	-0.007	0.777	538.0
2691	-0.004	-0.006	0.771	538.2
2692	-0.003	-0.007	0.772	538.4
2693	-0.005	-0.003	0.775	538.6
2694	-0.005	-0.007	0.775	538.8
2695	-0.004	-0.003	0.775	539.0
2696	-0.004	-0.005	0.776	539.2
2697	-0.005	-0.007	0.773	539.4
2698	-0.005	-0.007	0.773	539.6
2699	-0.004	-0.007	0.772	539.8
2700	-0.003	-0.008	0.774	540.0
2701	-0.004	-0.009	0.776	540.2
2702	-0.002	-0.006	0.776	540.4
2703	-0.003	-0.003	0.774	540.6
2704	-0.004	-0.007	0.775	540.8
2705	-0.004	-0.007	0.771	541.0
2706	-0.005	-0.007	0.773	541.2
2707	-0.005	-0.006	0.778	541.4
2708	-0.004	-0.005	0.772	541.6
2709	-0.005	-0.005	0.772	541.8
2710	-0.004	-0.006	0.774	542.0
2711	-0.005	-0.006	0.773	542.2
2712	-0.005	-0.005	0.772	542.4
2713	-0.005	-0.004	0.774	542.6
2714	-0.002	-0.006	0.772	542.8
2715	-0.003	-0.007	0.774	543.0
2716	-0.004	-0.004	0.774	543.2
2717	-0.003	-0.006	0.771	543.4
2718	-0.003	-0.005	0.776	543.6
2719	-0.002	-0.006	0.774	543.8
2720	-0.004	-0.009	0.774	544.0
2721	-0.004	-0.008	0.775	544.2
2722	-0.003	-0.005	0.775	544.4
2723	-0.002	-0.007	0.775	544.6
2724	-0.003	-0.004	0.774	544.8
2725	-0.003	-0.007	0.775	545.0
2726	-0.003	-0.007	0.773	545.2
2727	-0.004	-0.004	0.774	545.4
2728	-0.004	-0.005	0.774	545.6
2729	-0.002	-0.005	0.775	545.8
2730	-0.005	-0.008	0.776	546.0
2731	-0.004	-0.009	0.773	546.2
2732	-0.005	-0.009	0.775	546.4
2733	-0.003	-0.005	0.776	546.6
2734	-0.005	-0.005	0.771	546.8
2735	-0.005	-0.007	0.777	547.0
2736	-0.003	-0.007	0.778	547.2
2737	-0.003	-0.007	0.776	547.4
2738	-0.003	-0.006	0.775	547.6
2739	-0.003	-0.007	0.777	547.8
2740	-0.005	-0.009	0.775	548.0
2741	-0.005	-0.006	0.773	548.2
2742	-0.004	-0.007	0.778	548.4
2743	-0.005	-0.005	0.776	548.6
2744	-0.005	-0.009	0.776	548.8
2745	-0.005	-0.007	0.776	549.0
2746	-0.004	-0.005	0.773	549.2
2747	-0.007	-0.005	0.774	549.4
2748	-0.005	-0.004	0.771	549.6
2749	-0.007	-0.008	0.777	549.8
2750	-0.005	-0.007	0.776	550.0
2751	-0.005	-0.005	0.779	550.2
2752	-0.007	-0.005	0.770	550.4
2753	-0.008	-0.008	0.779	550.6
2754	-0.007	-0.009	0.776	550.8
2755	-0.006	-0.009	0.776	551.0
2756	-0.007	-0.007	0.774	551.2
2757	-0.007	-0.007	0.773	551.4
2758	-0.007	-0.007	0.775	551.6
2759	-0.007	-0.008	0.775	551.8
2760	-0.006	-0.007	0.772	552.0
2761	-0.006	-0.005	0.775	552.2
2762	-0.006	-0.005	0.774	552.4
2763	-0.007	-0.007	0.777	552.6
2764	-0.005	-0.007	0.773	552.8
2765	-0.004	-0.007	0.776	553.0
2766	-0.004	-0.005	0.777	553.2
2767	-0.006	-0.009	0.774	553.4
2768	-0.005	-0.008	0.775	553.6
2769	-0.007	-0.007	0.780	553.8
2770	-0.005	-0.007	0.771	554.0
2771	-0.005	-0.011	0.778	554.2
2772	-0.007	-0.008	0.777	554.4
2773	-0.005	-0.005	0.775	554.6
2774	-0.005	-0.007	0.776	554.8
2775	-0.005	-0.006	0.776	555.0
2776	-0.005	-0.005	0.776	555.2
2777	-0.005	-0.004	0.771	555.4
2778	-0.006	-0.007	0.772	555.6
2779	-0.003	-0.008	0.775	555.8
2780	-0.004	-0.009	0.773	556.0
2781	-0.004	-0.005	0.775	556.2
2782	-0.003	-0.004	0.777	556.4
2783	-0.004	-0.006	0.778	556.6
2784	-0.004	-0.007	0.774	556.8
2785	-0.003	-0.009	0.777	557.0
2786	-0.005	-0.008	0.772	557.2
2787	-0.005	-0.007	0.777	557.4
2788	-0.005	-0.007	0.772	557.6
2789	-0.003	-0.009	0.772	557.8
2790	-0.004	-0.007	0.774	558.0
2791	-0.005	-0.006	0.777	558.2
2792	-0.005	-0.007	0.772	558.4
2793	-0.002	-0.004	0.778	558.6
2794	-0.007	-0.005	0.772	558.8
2795	-0.005	-0.007	0.771	559.0
2796	-0.004	-0.008	0.772	559.2
2797	-0.005	-0.008	0.776	559.4
2798	-0.006	-0.009	0.777	559.6
2799	-0.008	-0.005	0.774	559.8
2800	-0.005	-0.005	0.776	560.0
2801	-0.008	-0.006	0.770	560.2
2802	-0.009	-0.007	0.776	560.4
2803	-0.005	-0.007	0.773	560.6
2804	-0.007	-0.007	0.774	560.8
2805	-0.006	-0.004	0.775	561.0
2806	-0.008	-0.005	0.776	561.2
2807	-0.006	-0.007	0.775	561.4
2808	-0.005	-0.007	0.774	561.6
2809	-0.004	-0.007	0.775	561.8
2810	-0.005	-0.005	0.773	562.0
2811	-0.003	-0.005	0.774	562.2
2812	-0.006	-0.005	0.777	562.4
2813	-0.005	-0.007	0.771	562.6
2814	-0.006	-0.006	0.771	562.8
2815	-0.002	-0.007	0.775	563.0
2816	-0.007	-0.008	0.772	563.2
2817	-0.004	-0.007	0.776	563.4
2818	-0.005	-0.005	0.774	563.6
2819	-0.006	-0.007	0.774	563.8
2820	-0.004	-0.005	0.774	564.0
2821	-0.005	-0.008	0.771	564.2
2822	-0.006	-0.007	0.776	564.4
2823	-0.006	-0.006	0.776	564.6
2824	-0.004	-0.005	0.773	564.8
2825	-0.003	-0.006	0.775	565.0
2826	-0.003	-0.007	0.778	565.2
2827	-0.002	-0.006	0.774	565.4
2828	-0.004	-0.006	0.772	565.6
2829	-0.004	-0.005	0.781	565.8
2830	-0.004	-0.008	0.774	566.0
2831	-0.003	-0.008	0.776	566.2
2832	-0.002	-0.009	0.773	566.4
2833	-0.002	-0.007	0.774	566.6
2834	-0.004	-0.007	0.774	566.8
2835	-0.005	-0.007	0.771	567.0
2836	-0.005	-0.007	0.774	567.2
2837	-0.006	-0.006	0.775	567.4
2838	-0.003	-0.005	0.775	567.6
2839	-0.003	-0.007	0.774	567.8
2840	-0.007	-0.007	0.773	568.0
2841	-0.006	-0.008	0.778	568.2
2842	-0.007	-0.003	0.774	568.4
2843	-0.004	-0.006	0.773	568.6
2844	-0.007	-0.007	0.770	568.8
2845	-0.007	-0.007	0.779	569.0
2846	-0.009	-0.007	0.772	569.2
2847	-0.010	-0.007	0.775	569.4
2848	-0.008	-0.007	0.779	569.6
2849	-0.006	-0.009	0.772	569.8
2850	-0.006	-0.008	0.772	570.0
2851	-0.008	-0.005	0.774	570.2
2852	-0.008	-0.005	0.776	570.4
2853	-0.009	-0.005	0.776	570.6
2854	-0.009	-0.007	0.772	570.8
2855	-0.008	-0.010	0.774	571.0
2856	-0.009	-0.009	0.772	571.2
2857	-0.009	-0.007	0.772	571.4
2858	-0.007	-0.007	0.774	571.6
2859	-0.009	-0.005	0.774	571.8
2860	-0.009	-0.007	0.773	572.0
2861	-0.006	-0.005	0.774	572.2
2862	-0.005	-0.007	0.772	572.4
2863	-0.006	-0.009	0.778	572.6
2864	-0.008	-0.007	0.771	572.8
2865	-0.005	-0.008	0.773	573.0
2866	-0.006	-0.008	0.773	573.2
2867	-0.006	-0.007	0.775	573.4
2868	-0.006	-0.005	0.772	573.6
2869	-0.006	-0.006	0.772	573.8
2870	-0.004	-0.005	0.772	574.0
2871	-0.004	-0.007	0.775	574.2
2872	-0.003	-0.007	0.772	574.4
2873	-0.003	-0.009	0.775	574.6
2874	-0.002	-0.009	0.777	574.8
2875	-0.002	-0.009	0.776	575.0
2876	-0.004	-0.007	0.771	575.2
2877	-0.002	-0.007	0.774	575.4
2878	-0.004	-0.008	0.775	575.6
2879	-0.005	-0.010	0.769	575.8
2880	-0.001	-0.010	0.773	576.0
2881	-0.002	-0.010	0.776	576.2
2882	-0.005	-0.009	0.774	576.4
2883	-0.006	-0.008	0.776	576.6
2884	-0.006	-0.005	0.772	576.8
2885	-0.006	-0.006	0.776	577.0
2886	-0.005	-0.007	0.774	577.2
2887	-0.008	-0.004	0.773	577.4
2888	-0.007	-0.005	0.776	577.6
2889	-0.008	-0.006	0.773	577.8
2890	-0.008	-0.009	0.773	578.0
2891	-0.009	-0.009	0.775	578.2
2892	-0.010	-0.006	0.773	578.4
2893	-0.007	-0.005	0.773	578.6
2894	-0.011	-0.006	0.774	578.8
2895	-0.013	-0.005	0.777	579.0
2896	-0.010	-0.005	0.777	579.2
2897	-0.011	-0.005	0.776	579.4
2898	-0.012	-0.009	0.772	579.6
2899	-0.011	-0.008	0.775	579.8
2900	-0.009	-0.008	0.774	580.0
2901	-0.012	-0.004	0.771	580.2
2902	-0.011	-0.007	0.776	580.4
2903	-0.011	-0.007	0.779	580.6
2904	-0.010	-0.008	0.775	580.8
2905	-0.010	-0.006	0.777	581.0
2906	-0.009	-0.005	0.773	581.2
2907	-0.009	-0.005	0.774	581.4
2908	-0.006	-0.006	0.773	581.6
2909	-0.007	-0.005	0.774	581.8
2910	-0.009	-0.005	0.783	582.0
2911	-0.008	-0.007	0.776	582.2
2912	-0.005	-0.009	0.773	582.4
2913	-0.008	-0.006	0.776	582.6
2914	-0.007	-0.005	0.774	582.8
2915	-0.007	-0.007	0.771	583.0
2916	-0.005	-0.007	0.779	583.2
2917	-0.005	-0.003	0.775	583.4
2918	-0.009	-0.004	0.775	583.6
2919	-0.008	-0.006	0.772	583.8
2920	-0.005	-0.006	0.775	584.0
2921	-0.006	-0.007	0.775	584.2
2922	-0.007	-0.007	0.775	584.4
2923	-0.007	-0.005	0.776	584.6
2924	-0.007	-0.006	0.776	584.8
2925	-0.006	-0.005	0.775	585.0
2926	-0.008	-0.005	0.771	585.2
2927	-0.004	-0.004	0.774	585.4
2928	-0.006	-0.010	0.775	585.6
2929	-0.005	-0.008	0.773	585.8
2930	-0.006	-0.005	0.771	586.0
2931	-0.005	-0.005	0.774	586.2
2932	-0.004	-0.006	0.776	586.4
2933	-0.005	-0.006	0.775	586.6
2934	-0.004	-0.006	0.774	586.8
2935	-0.006	-0.009	0.776	587.0
2936	-0.005	-0.009	0.775	587.2
2937	-0.005	-0.005	0.776	587.4
2938	-0.003	-0.009	0.771	587.6
2939	-0.003	-0.007	0.777	587.8
2940	-0.005	-0.007	0.773	588.0
2941	-0.005	-0.005	0.771	588.2
2942	-0.003	-0.007	0.775	588.4
2943	-0.003	-0.009	0.775	588.6
2944	-0.004	-0.008	0.775	588.8
2945	-0.003	-0.007	0.774	589.0
2946	-0.004	-0.007	0.779	589.2
2947	-0.004	-0.007	0.775	589.4
2948	-0.005	-0.008	0.776	589.6
2949	-0.004	-0.002	0.773	589.8
2950	-0.005	-0.007	0.778	590.0
2951	-0.004	-0.005	0.776	590.2
2952	-0.004	-0.007	0.775	590.4
2953	-0.004	-0.007	0.774	590.6
2954	-0.005	-0.005	0.776	590.8
2955	-0.005	-0.005	0.773	591.0
2956	-0.006	-0.005	0.770	591.2
2957	-0.003	-0.007	0.776	591.4
2958	-0.005	-0.006	0.775	591.6
2959	-0.003	-0.008	0.774	591.8
2960	-0.009	-0.006	0.777	592.0
2961	-0.005	-0.009	0.773	592.2
2962	-0.007	-0.006	0.773	592.4
2963	-0.006	-0.007	0.771	592.6
2964	-0.005	-0.005	0.776	592.8
2965	-0.005	-0.003	0.777	593.0
2966	-0.009	-0.004	0.775	593.2
2967	-0.007	-0.007	0.774	593.4
2968	-0.007	-0.008	0.775	593.6
2969	-0.006	-0.009	0.773	593.8
2970	-0.007	-0.007	0.776	594.0
2971	-0.006	-0.005	0.772	594.2
2972	-0.005	-0.006	0.775	594.4
2973	-0.007	-0.004	0.774	594.6
2974	-0.007	-0.007	0.774	594.8
2975	-0.007	-0.006	0.775	595.0
2976	-0.007	-0.010	0.775	595.2
2977	-0.007	-0.008	0.775	595.4
2978	-0.008	-0.007	0.772	595.6
2979	-0.006	-0.006	0.775	595.8
2980	-0.007	-0.006	0.775	596.0
2981	-0.005	-0.007	0.772	596.2
2982	-0.007	-0.010	0.772	596.4
2983	-0.008	-0.009	0.774	596.6
2984	-0.006	-0.007	0.776	596.8
2985	-0.005	-0.009	0.771	597.0
2986	-0.008	-0.007	0.779	597.2
2987	-0.005	-0.006	0.776	597.4
2988	-0.005	-0.005	0.774	597.6
2989	-0.005	-0.005	0.771	597.8
2990	-0.006	-0.007	0.777	598.0
2991	-0.006	-0.008	0.778	598.2
2992	-0.005	-0.008	0.774	598.4
2993	-0.005	-0.007	0.777	598.6
2994	-0.006	-0.007	0.777	598.8
2995	-0.007	-0.003	0.774	599.0
2996	-0.006	-0.003	0.770	599.2
2997	-0.005	-0.004	0.775	599.4
2998	-0.007	-0.008	0.777	599.6
2999	-0.007	-0.009	0.777	599.8
3000	-0.005	-0.009	0.773	600.0
3001	-0.008	-0.007	0.777	600.2
3002	-0.007	-0.004	0.772	600.4
3003	-0.008	-0.005	0.773	600.6
3004	-0.009	-0.004	0.774	600.8
3005	-0.007	-0.004	0.780	601.0
3006	-0.007	-0.009	0.778	601.2
3007	-0.008	-0.009	0.774	601.4
3008	-0.006	-0.009	0.777	601.6
3009	-0.008	-0.007	0.773	601.8
3010	-0.006	-0.005	0.773	602.0
3011	-0.006	-0.004	0.773	602.2
3012	-0.006	-0.006	0.773	602.4
