0	-0.013	-0.009	0.774	0.0
1	-0.012	-0.009	0.768	0.2
2	-0.013	-0.010	0.770	0.4
3	-0.013	-0.012	0.774	0.6
4	-0.013	-0.009	0.770	0.8
5	-0.012	-0.012	0.772	1.0
6	-0.011	-0.011	0.773	1.2
7	-0.011	-0.009	0.773	1.4
8	-0.013	-0.010	0.769	1.6
9	-0.011	-0.009	0.770	1.8
10	-0.012	-0.007	0.772	2.0
11	-0.013	-0.009	0.768	2.2
12	-0.011	-0.009	0.775	2.4
13	-0.013	-0.009	0.772	2.6
14	-0.011	-0.011	0.769	2.8
15	-0.012	-0.010	0.771	3.0
16	-0.011	-0.008	0.772	3.2
17	-0.011	-0.007	0.769	3.4
18	-0.013	-0.004	0.770	3.6
19	-0.013	-0.007	0.775	3.8
20	-0.011	-0.009	0.771	4.0
21	-0.013	-0.009	0.769	4.2
22	-0.010	-0.006	0.775	4.4
23	-0.010	-0.009	0.768	4.6
24	-0.012	-0.007	0.770	4.8
25	-0.012	-0.009	0.775	5.0
26	-0.013	-0.007	0.772	5.2
27	-0.010	-0.008	0.768	5.4
28	-0.015	-0.010	0.774	5.6
29	-0.011	-0.008	0.774	5.8
30	-0.013	-0.010	0.766	6.0
31	-0.010	-0.012	0.772	6.2
32	-0.013	-0.010	0.776	6.4
33	-0.011	-0.007	0.772	6.6
34	-0.011	-0.008	0.767	6.8
35	-0.013	-0.004	0.775	7.0
36	-0.011	-0.008	0.769	7.2
37	-0.013	-0.007	0.772	7.4
38	-0.011	-0.009	0.774	7.6
39	-0.013	-0.011	0.775	7.8
40	-0.012	-0.007	0.768	8.0
41	-0.011	-0.006	0.771	8.2
42	-0.011	-0.005	0.775	8.4
43	-0.012	-0.008	0.768	8.6
44	-0.013	-0.007	0.775	8.8
45	-0.012	-0.010	0.776	9.0
46	-0.011	-0.011	0.770	9.2
47	-0.013	-0.004	0.771	9.4
48	-0.012	-0.010	0.777	9.6
49	-0.013	-0.008	0.774	9.8
50	-0.011	-0.009	0.772	10.0
51	-0.013	-0.008	0.775	10.2
52	-0.013	-0.010	0.772	10.4
53	-0.012	-0.009	0.771	10.6
54	-0.012	-0.009	0.773	10.8
55	-0.013	-0.010	0.771	11.0
56	-0.012	-0.010	0.768	11.2
57	-0.015	-0.009	0.774	11.4
58	-0.015	-0.008	0.772	11.6
59	-0.014	-0.008	0.764	11.8
60	-0.014	-0.007	0.776	12.0
61	-0.014	-0.010	0.776	12.2
62	-0.011	-0.009	0.771	12.4
63	-0.014	-0.011	0.772	12.6
64	-0.009	-0.009	0.780	12.8
65	-0.014	-0.007	0.772	13.0
66	-0.011	-0.005	0.769	13.2
67	-0.011	-0.009	0.777	13.4
68	-0.010	-0.011	0.774	13.6
69	-0.009	-0.010	0.770	13.8
70	-0.011	-0.012	0.778	14.0
71	-0.012	-0.007	0.778	14.2
72	-0.009	-0.009	0.770	14.4
73	-0.011	-0.008	0.774	14.6
74	-0.006	-0.007	0.774	14.8
75	-0.011	-0.011	0.769	15.0
76	-0.011	-0.009	0.773	15.2
77	-0.011	-0.011	0.776	15.4
78	-0.010	-0.011	0.772	15.6
79	-0.011	-0.008	0.772	15.8
80	-0.010	-0.010	0.775	16.0
81	-0.010	-0.010	0.768	16.2
82	-0.011	-0.009	0.770	16.4
83	-0.012	-0.008	0.775	16.6
84	-0.013	-0.011	0.776	16.8
85	-0.012	-0.011	0.768	17.0
86	-0.011	-0.011	0.773	17.2
87	-0.013	-0.010	0.775	17.4
88	-0.013	-0.010	0.771	17.6
89	-0.011	-0.009	0.773	17.8
90	-0.013	-0.006	0.772	18.0
91	-0.011	-0.006	0.767	18.2
92	-0.015	-0.007	0.769	18.4
93	-0.013	-0.005	0.775	18.6
94	-0.013	-0.003	0.770	18.8
95	-0.011	-0.010	0.770	19.0
96	-0.015	-0.007	0.774	19.2
97	-0.011	-0.008	0.771	19.4
98	-0.013	-0.009	0.770	19.6
99	-0.014	-0.005	0.772	19.8
100	-0.011	-0.005	0.771	20.0
101	-0.012	-0.009	0.769	20.2
102	-0.011	-0.006	0.774	20.4
103	-0.015	-0.007	0.771	20.6
104	-0.014	-0.008	0.768	20.8
105	-0.013	-0.009	0.774	21.0
106	-0.012	-0.009	0.772	21.2
107	-0.012	-0.007	0.768	21.4
108	-0.011	-0.005	0.770	21.6
109	-0.013	-0.009	0.773	21.8
110	-0.012	-0.010	0.771	22.0
111	-0.013	-0.011	0.770	22.2
112	-0.011	-0.010	0.776	22.4
113	-0.013	-0.009	0.771	22.6
114	-0.012	-0.009	0.772	22.8
115	-0.012	-0.009	0.774	23.0
116	-0.013	-0.008	0.771	23.2
117	-0.012	-0.010	0.767	23.4
118	-0.010	-0.009	0.772	23.6
119	-0.013	-0.008	0.774	23.8
120	-0.013	-0.011	0.771	24.0
121	-0.011	-0.011	0.775	24.2
122	-0.013	-0.011	0.773	24.4
123	-0.010	-0.010	0.768	24.6
124	-0.012	-0.009	0.771	24.8
125	-0.011	-0.007	0.777	25.0
126	-0.015	-0.009	0.768	25.2
127	-0.013	-0.010	0.769	25.4
128	-0.013	-0.009	0.775	25.6
129	-0.013	-0.011	0.770	25.8
130	-0.014	-0.009	0.768	26.0
131	-0.013	-0.009	0.776	26.2
132	-0.013	-0.008	0.773	26.4
133	-0.012	-0.009	0.767	26.6
134	-0.014	-0.009	0.774	26.8
135	-0.013	-0.008	0.777	27.0
136	-0.014	-0.010	0.767	27.2
137	-0.011	-0.008	0.771	27.4
138	-0.015	-0.009	0.772	27.6
139	-0.015	-0.011	0.769	27.8
140	-0.014	-0.009	0.771	28.0
141	-0.013	-0.011	0.779	28.2
142	-0.014	-0.011	0.771	28.4
143	-0.013	-0.007	0.771	28.6
144	-0.014	-0.010	0.777	28.8
145	-0.014	-0.009	0.771	29.0
146	-0.014	-0.007	0.768	29.2
147	-0.014	-0.011	0.773	29.4
148	-0.012	-0.007	0.774	29.6
149	-0.013	-0.008	0.767	29.8
150	-0.012	-0.009	0.773	30.0
151	-0.012	-0.007	0.776	30.2
152	-0.011	-0.009	0.768	30.4
153	-0.012	-0.009	0.773	30.6
154	-0.011	-0.006	0.775	30.8
155	-0.013	-0.008	0.768	31.0
156	-0.013	-0.008	0.771	31.2
157	-0.011	-0.011	0.779	31.4
158	-0.010	-0.007	0.770	31.6
159	-0.012	-0.009	0.771	31.8
160	-0.011	-0.006	0.774	32.0
161	-0.010	-0.005	0.772	32.2
162	-0.011	-0.006	0.770	32.4
163	-0.011	-0.005	0.774	32.6
164	-0.011	-0.007	0.775	32.8
165	-0.010	-0.005	0.770	33.0
166	-0.012	-0.009	0.774	33.2
167	-0.010	-0.003	0.776	33.4
168	-0.011	-0.004	0.772	33.6
169	-0.013	-0.007	0.770	33.8
170	-0.013	-0.006	0.774	34.0
171	-0.015	-0.004	0.770	34.2
172	-0.012	-0.005	0.768	34.4
173	-0.013	-0.005	0.776	34.6
174	-0.011	-0.005	0.771	34.8
175	-0.014	-0.008	0.768	35.0
176	-0.013	-0.005	0.776	35.2
177	-0.014	-0.007	0.772	35.4
178	-0.012	-0.007	0.771	35.6
179	-0.013	-0.005	0.778	35.8
180	-0.015	-0.007	0.773	36.0
181	-0.013	-0.005	0.768	36.2
182	-0.011	-0.009	0.776	36.4
183	-0.013	-0.007	0.776	36.6
184	-0.011	-0.009	0.770	36.8
185	-0.009	-0.011	0.776	37.0
186	-0.011	-0.011	0.775	37.2
187	-0.015	-0.008	0.768	37.4
188	-0.011	-0.006	0.772	37.6
189	-0.012	-0.006	0.775	37.8
190	-0.010	-0.009	0.770	38.0
191	-0.012	-0.007	0.768	38.2
192	-0.012	-0.009	0.772	38.4
193	-0.013	-0.010	0.773	38.6
194	-0.015	-0.009	0.767	38.8
195	-0.015	-0.009	0.774	39.0
196	-0.013	-0.008	0.774	39.2
197	-0.013	-0.007	0.769	39.4
198	-0.013	-0.008	0.775	39.6
199	-0.013	-0.007	0.773	39.8
200	-0.014	-0.009	0.768	40.0
201	-0.015	-0.011	0.772	40.2
202	-0.015	-0.009	0.776	40.4
203	-0.016	-0.009	0.770	40.6
204	-0.016	-0.009	0.772	40.8
205	-0.015	-0.007	0.777	41.0
206	-0.013	-0.007	0.775	41.2
207	-0.017	-0.009	0.771	41.4
208	-0.017	-0.013	0.775	41.6
209	-0.013	-0.009	0.775	41.8
210	-0.016	-0.007	0.768	42.0
211	-0.013	-0.006	0.771	42.2
212	-0.015	-0.008	0.774	42.4
213	-0.015	-0.006	0.770	42.6
214	-0.013	-0.006	0.775	42.8
215	-0.013	-0.009	0.777	43.0
216	-0.015	-0.010	0.769	43.2
217	-0.015	-0.009	0.768	43.4
218	-0.013	-0.009	0.775	43.6
219	-0.012	-0.009	0.770	43.8
220	-0.013	-0.008	0.768	44.0
221	-0.012	-0.008	0.776	44.2
222	-0.012	-0.007	0.770	44.4
223	-0.013	-0.007	0.767	44.6
224	-0.012	-0.008	0.775	44.8
225	-0.012	-0.010	0.771	45.0
226	-0.013	-0.012	0.768	45.2
227	-0.012	-0.007	0.773	45.4
228	-0.010	-0.006	0.774	45.6
229	-0.012	-0.007	0.769	45.8
230	-0.011	-0.008	0.772	46.0
231	-0.011	-0.009	0.778	46.2
232	-0.009	-0.009	0.768	46.4
233	-0.010	-0.009	0.771	46.6
234	-0.011	-0.010	0.778	46.8
235	-0.013	-0.009	0.769	47.0
236	-0.011	-0.007	0.771	47.2
237	-0.013	-0.007	0.776	47.4
238	-0.011	-0.007	0.775	47.6
239	-0.011	-0.007	0.770	47.8
240	-0.011	-0.007	0.775	48.0
241	-0.011	-0.009	0.773	48.2
242	-0.013	-0.007	0.771	48.4
243	-0.014	-0.009	0.773	48.6
244	-0.014	-0.008	0.772	48.8
245	-0.013	-0.009	0.765	49.0
246	-0.013	-0.008	0.776	49.2
247	-0.013	-0.007	0.774	49.4
248	-0.012	-0.005	0.771	49.6
249	-0.013	-0.003	0.769	49.8
250	-0.012	-0.009	0.772	50.0
251	-0.013	-0.008	0.768	50.2
252	-0.013	-0.007	0.768	50.4
253	-0.013	-0.006	0.775	50.6
254	-0.015	-0.007	0.772	50.8
255	-0.013	-0.007	0.767	51.0
256	-0.013	-0.011	0.771	51.2
257	-0.011	-0.009	0.773	51.4
258	-0.014	-0.009	0.767	51.6
259	-0.013	-0.005	0.774	51.8
260	-0.010	-0.006	0.775	52.0
261	-0.012	-0.007	0.771	52.2
262	-0.014	-0.011	0.772	52.4
263	-0.015	-0.009	0.776	52.6
264	-0.016	-0.005	0.768	52.8
265	-0.015	-0.009	0.770	53.0
266	-0.014	-0.007	0.775	53.2
267	-0.013	-0.009	0.770	53.4
268	-0.013	-0.009	0.768	53.6
269	-0.015	-0.009	0.775	53.8
270	-0.015	-0.009	0.770	54.0
271	-0.012	-0.009	0.768	54.2
272	-0.015	-0.010	0.772	54.4
273	-0.015	-0.010	0.771	54.6
274	-0.014	-0.011	0.772	54.8
275	-0.014	-0.013	0.774	55.0
276	-0.013	-0.012	0.773	55.2
277	-0.015	-0.009	0.768	55.4
278	-0.014	-0.008	0.771	55.6
279	-0.012	-0.009	0.775	55.8
280	-0.011	-0.012	0.768	56.0
281	-0.015	-0.010	0.771	56.2
282	-0.015	-0.008	0.773	56.4
283	-0.013	-0.010	0.767	56.6
284	-0.012	-0.010	0.772	56.8
285	-0.013	-0.009	0.778	57.0
286	-0.013	-0.011	0.771	57.2
287	-0.014	-0.011	0.768	57.4
288	-0.014	-0.013	0.774	57.6
289	-0.015	-0.011	0.773	57.8
290	-0.016	-0.010	0.770	58.0
291	-0.017	-0.009	0.775	58.2
292	-0.017	-0.010	0.773	58.4
293	-0.016	-0.013	0.770	58.6
294	-0.016	-0.013	0.774	58.8
295	-0.015	-0.011	0.776	59.0
296	-0.018	-0.010	0.770	59.2
297	-0.017	-0.010	0.773	59.4
298	-0.015	-0.013	0.776	59.6
299	-0.013	-0.012	0.767	59.8
300	-0.015	-0.009	0.770	60.0
301	-0.016	-0.009	0.777	60.2
302	-0.015	-0.009	0.776	60.4
303	-0.015	-0.012	0.769	60.6
304	-0.016	-0.013	0.774	60.8
305	-0.013	-0.012	0.772	61.0
306	-0.015	-0.011	0.768	61.2
307	-0.015	-0.011	0.772	61.4
308	-0.012	-0.009	0.774	61.6
309	-0.013	-0.011	0.770	61.8
310	-0.013	-0.011	0.774	62.0
311	-0.014	-0.011	0.774	62.2
312	-0.014	-0.011	0.769	62.4
313	-0.014	-0.013	0.774	62.6
314	-0.012	-0.010	0.775	62.8
315	-0.013	-0.011	0.769	63.0
316	-0.013	-0.011	0.774	63.2
317	-0.010	-0.011	0.773	63.4
318	-0.015	-0.011	0.768	63.6
319	-0.015	-0.010	0.771	63.8
320	-0.012	-0.011	0.775	64.0
321	-0.014	-0.011	0.771	64.2
322	-0.013	-0.011	0.769	64.4
323	-0.011	-0.009	0.771	64.6
324	-0.011	-0.010	0.772	64.8
325	-0.011	-0.011	0.768	65.0
326	-0.011	-0.010	0.774	65.2
327	-0.013	-0.011	0.776	65.4
328	-0.012	-0.013	0.769	65.6
329	-0.013	-0.012	0.771	65.8
330	-0.013	-0.010	0.773	66.0
331	-0.013	-0.011	0.771	66.2
332	-0.011	-0.012	0.772	66.4
333	-0.012	-0.011	0.776	66.6
334	-0.011	-0.009	0.772	66.8
335	-0.010	-0.011	0.770	67.0
336	-0.012	-0.011	0.776	67.2
337	-0.009	-0.015	0.772	67.4
338	-0.012	-0.014	0.770	67.6
339	-0.013	-0.012	0.777	67.8
340	-0.011	-0.013	0.773	68.0
341	-0.011	-0.009	0.769	68.2
342	-0.011	-0.012	0.772	68.4
343	-0.011	-0.013	0.775	68.6
344	-0.012	-0.010	0.771	68.8
345	-0.010	-0.010	0.771	69.0
346	-0.012	-0.013	0.775	69.2
347	-0.011	-0.012	0.769	69.4
348	-0.011	-0.013	0.773	69.6
349	-0.011	-0.010	0.771	69.8
350	-0.009	-0.010	0.772	70.0
351	-0.010	-0.012	0.772	70.2
352	-0.013	-0.010	0.775	70.4
353	-0.014	-0.012	0.773	70.6
354	-0.012	-0.012	0.767	70.8
355	-0.012	-0.010	0.777	71.0
356	-0.012	-0.008	0.771	71.2
357	-0.012	-0.009	0.768	71.4
358	-0.010	-0.007	0.774	71.6
359	-0.011	-0.008	0.776	71.8
360	-0.010	-0.010	0.770	72.0
361	-0.011	-0.012	0.774	72.2
362	-0.012	-0.010	0.779	72.4
363	-0.012	-0.010	0.770	72.6
364	-0.013	-0.010	0.769	72.8
365	-0.011	-0.008	0.774	73.0
366	-0.011	-0.011	0.768	73.2
367	-0.012	-0.009	0.771	73.4
368	-0.013	-0.009	0.775	73.6
369	-0.013	-0.009	0.776	73.8
370	-0.011	-0.010	0.770	74.0
371	-0.013	-0.009	0.776	74.2
372	-0.011	-0.011	0.775	74.4
373	-0.013	-0.010	0.769	74.6
374	-0.013	-0.007	0.772	74.8
375	-0.011	-0.006	0.775	75.0
376	-0.013	-0.013	0.767	75.2
377	-0.013	-0.009	0.770	75.4
378	-0.011	-0.008	0.776	75.6
379	-0.011	-0.007	0.771	75.8
380	-0.011	-0.006	0.774	76.0
381	-0.015	-0.007	0.776	76.2
382	-0.013	-0.011	0.771	76.4
383	-0.014	-0.007	0.773	76.6
384	-0.013	-0.007	0.776	76.8
385	-0.012	-0.007	0.774	77.0
386	-0.014	-0.009	0.772	77.2
387	-0.013	-0.006	0.773	77.4
388	-0.012	-0.005	0.772	77.6
389	-0.014	-0.007	0.770	77.8
390	-0.011	-0.006	0.773	78.0
391	-0.011	-0.009	0.775	78.2
392	-0.013	-0.009	0.770	78.4
393	-0.013	-0.009	0.770	78.6
394	-0.012	-0.011	0.775	78.8
395	-0.013	-0.011	0.765	79.0
396	-0.013	-0.009	0.775	79.2
397	-0.014	-0.009	0.774	79.4
398	-0.014	-0.006	0.767	79.6
399	-0.014	-0.007	0.770	79.8
400	-0.013	-0.009	0.774	80.0
401	-0.012	-0.009	0.770	80.2
402	-0.015	-0.012	0.770	80.4
403	-0.014	-0.009	0.774	80.6
404	-0.014	-0.009	0.772	80.8
405	-0.015	-0.010	0.771	81.0
406	-0.014	-0.007	0.773	81.2
407	-0.016	-0.009	0.773	81.4
408	-0.015	-0.010	0.771	81.6
409	-0.012	-0.009	0.775	81.8
410	-0.013	-0.007	0.774	82.0
411	-0.016	-0.007	0.768	82.2
412	-0.013	-0.009	0.776	82.4
413	-0.013	-0.009	0.774	82.6
414	-0.013	-0.009	0.769	82.8
415	-0.013	-0.009	0.772	83.0
416	-0.015	-0.011	0.776	83.2
417	-0.015	-0.008	0.770	83.4
418	-0.015	-0.011	0.770	83.6
419	-0.013	-0.011	0.775	83.8
420	-0.015	-0.011	0.771	84.0
421	-0.015	-0.010	0.767	84.2
422	-0.015	-0.009	0.774	84.4
423	-0.014	-0.009	0.774	84.6
424	-0.013	-0.010	0.769	84.8
425	-0.014	-0.010	0.773	85.0
426	-0.014	-0.012	0.776	85.2
427	-0.017	-0.008	0.769	85.4
428	-0.015	-0.007	0.775	85.6
429	-0.015	-0.008	0.777	85.8
430	-0.016	-0.011	0.772	86.0
431	-0.014	-0.010	0.768	86.2
432	-0.015	-0.010	0.774	86.4
433	-0.017	-0.012	0.768	86.6
434	-0.017	-0.008	0.770	86.8
435	-0.015	-0.010	0.776	87.0
436	-0.015	-0.009	0.771	87.2
437	-0.015	-0.010	0.771	87.4
438	-0.015	-0.011	0.776	87.6
439	-0.017	-0.012	0.774	87.8
440	-0.013	-0.011	0.766	88.0
441	-0.014	-0.012	0.772	88.2
442	-0.015	-0.014	0.774	88.4
443	-0.014	-0.013	0.768	88.6
444	-0.011	-0.013	0.775	88.8
445	-0.012	-0.011	0.774	89.0
446	-0.016	-0.013	0.768	89.2
447	-0.015	-0.012	0.770	89.4
448	-0.013	-0.014	0.776	89.6
449	-0.013	-0.012	0.768	89.8
450	-0.015	-0.012	0.771	90.0
451	-0.013	-0.011	0.777	90.2
452	-0.012	-0.010	0.772	90.4
453	-0.013	-0.009	0.770	90.6
454	-0.016	-0.011	0.776	90.8
455	-0.015	-0.013	0.773	91.0
456	-0.013	-0.012	0.768	91.2
457	-0.013	-0.013	0.777	91.4
458	-0.015	-0.010	0.771	91.6
459	-0.015	-0.010	0.768	91.8
460	-0.012	-0.011	0.772	92.0
461	-0.013	-0.012	0.772	92.2
462	-0.013	-0.013	0.774	92.4
463	-0.012	-0.013	0.773	92.6
464	-0.012	-0.013	0.771	92.8
465	-0.013	-0.012	0.770	93.0
466	-0.013	-0.010	0.773	93.2
467	-0.013	-0.010	0.775	93.4
468	-0.012	-0.011	0.770	93.6
469	-0.013	-0.011	0.768	93.8
470	-0.012	-0.012	0.775	94.0
471	-0.012	-0.009	0.771	94.2
472	-0.015	-0.011	0.772	94.4
473	-0.013	-0.010	0.773	94.6
474	-0.013	-0.010	0.773	94.8
475	-0.013	-0.010	0.767	95.0
476	-0.013	-0.009	0.774	95.2
477	-0.015	-0.009	0.775	95.4
478	-0.014	-0.011	0.771	95.6
479	-0.011	-0.011	0.773	95.8
480	-0.013	-0.011	0.772	96.0
481	-0.015	-0.013	0.769	96.2
482	-0.015	-0.011	0.772	96.4
483	-0.014	-0.007	0.774	96.6
484	-0.015	-0.009	0.765	96.8
485	-0.014	-0.008	0.772	97.0
486	-0.015	-0.013	0.778	97.2
487	-0.015	-0.011	0.771	97.4
488	-0.017	-0.011	0.770	97.6
489	-0.015	-0.012	0.777	97.8
490	-0.015	-0.009	0.775	98.0
491	-0.015	-0.009	0.770	98.2
492	-0.017	-0.009	0.774	98.4
493	-0.015	-0.009	0.773	98.6
494	-0.015	-0.010	0.769	98.8
495	-0.017	-0.011	0.772	99.0
496	-0.017	-0.010	0.773	99.2
497	-0.017	-0.011	0.768	99.4
498	-0.017	-0.009	0.772	99.6
499	-0.015	-0.011	0.776	99.8
500	-0.017	-0.013	0.767	100.0
501	-0.017	-0.008	0.768	100.2
502	-0.019	-0.013	0.775	100.4
503	-0.018	-0.013	0.772	100.6
504	-0.019	-0.013	0.770	100.8
505	-0.017	-0.011	0.775	101.0
506	-0.017	-0.011	0.772	101.2
507	-0.020	-0.012	0.770	101.4
508	-0.017	-0.009	0.775	101.6
509	-0.018	-0.011	0.773	101.8
510	-0.017	-0.010	0.768	102.0
511	-0.019	-0.011	0.772	102.2
512	-0.018	-0.014	0.773	102.4
513	-0.018	-0.015	0.766	102.6
514	-0.017	-0.011	0.773	102.8
515	-0.016	-0.010	0.775	103.0
516	-0.015	-0.013	0.771	103.2
517	-0.091	-0.181	1.034	103.4
518	-0.094	-0.177	1.075	103.6
519	-0.091	-0.173	1.058	103.8
520	-0.092	-0.168	1.040	104.0
521	-0.090	-0.165	1.039	104.2
522	-0.088	-0.162	1.044	104.4
523	-0.089	-0.163	1.035	104.6
524	-0.089	-0.160	1.030	104.8
525	-0.087	-0.159	1.032	105.0
526	-0.085	-0.157	1.029	105.2
527	-0.087	-0.156	1.027	105.4
528	-0.087	-0.157	1.026	105.6
529	-0.085	-0.154	1.028	105.8
530	-0.086	-0.154	1.024	106.0
531	-0.084	-0.152	1.022	106.2
532	-0.086	-0.152	1.014	106.4
533	-0.085	-0.149	1.019	106.6
534	-0.084	-0.149	1.020	106.8
535	-0.083	-0.151	1.014	107.0
536	-0.085	-0.149	1.014	107.2
537	-0.084	-0.150	1.021	107.4
538	-0.081	-0.149	1.014	107.6
539	-0.083	-0.148	1.008	107.8
540	-0.084	-0.147	1.011	108.0
541	-0.081	-0.148	1.014	108.2
542	-0.084	-0.146	1.004	108.4
543	-0.082	-0.147	1.006	108.6
544	-0.083	-0.144	1.014	108.8
545	-0.082	-0.146	1.004	109.0
546	-0.080	-0.146	1.006	109.2
547	-0.081	-0.143	1.012	109.4
548	-0.082	-0.144	1.006	109.6
549	-0.080	-0.141	1.002	109.8
550	-0.081	-0.143	1.007	110.0
551	-0.081	-0.143	1.003	110.2
552	-0.081	-0.144	1.003	110.4
553	-0.081	-0.144	1.008	110.6
554	-0.082	-0.143	1.003	110.8
555	-0.081	-0.142	0.998	111.0
556	-0.080	-0.143	1.010	111.2
557	-0.080	-0.141	1.000	111.4
558	-0.080	-0.142	0.994	111.6
559	-0.079	-0.143	1.002	111.8
560	-0.082	-0.141	1.004	112.0
561	-0.080	-0.141	0.998	112.2
562	-0.082	-0.141	0.996	112.4
563	-0.081	-0.142	1.008	112.6
564	-0.080	-0.139	0.998	112.8
565	-0.079	-0.141	0.997	113.0
566	-0.081	-0.139	1.004	113.2
567	-0.080	-0.140	1.000	113.4
568	-0.079	-0.139	1.000	113.6
569	-0.081	-0.140	1.001	113.8
570	-0.079	-0.138	0.996	114.0
571	-0.078	-0.137	0.997	114.2
572	-0.083	-0.138	1.003	114.4
573	-0.079	-0.137	0.999	114.6
574	-0.081	-0.136	0.993	114.8
575	-0.080	-0.138	1.001	115.0
576	-0.079	-0.138	0.998	115.2
577	-0.081	-0.140	0.994	115.4
578	-0.079	-0.138	0.996	115.6
579	-0.080	-0.137	0.995	115.8
580	-0.080	-0.136	0.990	116.0
581	-0.081	-0.136	0.993	116.2
582	-0.080	-0.134	1.001	116.4
583	-0.078	-0.136	0.992	116.6
584	-0.082	-0.137	0.992	116.8
585	-0.080	-0.137	1.000	117.0
586	-0.079	-0.135	0.994	117.2
587	-0.078	-0.135	0.989	117.4
588	-0.079	-0.134	0.997	117.6
589	-0.080	-0.134	0.992	117.8
590	-0.079	-0.135	0.989	118.0
591	-0.079	-0.131	0.996	118.2
592	-0.079	-0.131	0.993	118.4
593	-0.081	-0.130	0.986	118.6
594	-0.079	-0.133	0.992	118.8
595	-0.079	-0.131	0.992	119.0
596	-0.080	-0.134	0.990	119.2
597	-0.080	-0.135	0.987	119.4
598	-0.080	-0.137	0.994	119.6
599	-0.079	-0.133	0.986	119.8
600	-0.080	-0.133	0.996	120.0
601	-0.079	-0.134	0.987	120.2
602	-0.081	-0.132	0.985	120.4
603	-0.079	-0.131	0.990	120.6
604	-0.079	-0.132	0.993	120.8
605	-0.080	-0.132	0.982	121.0
606	-0.080	-0.132	0.986	121.2
607	-0.079	-0.134	0.995	121.4
608	-0.080	-0.134	0.991	121.6
609	-0.079	-0.132	0.979	121.8
610	-0.079	-0.134	0.991	122.0
611	-0.079	-0.134	0.990	122.2
612	-0.079	-0.134	0.981	122.4
613	-0.079	-0.133	0.982	122.6
614	-0.081	-0.132	0.993	122.8
615	-0.079	-0.134	0.990	123.0
616	-0.080	-0.132	0.980	123.2
617	-0.077	-0.133	0.990	123.4
618	-0.078	-0.134	0.990	123.6
619	-0.077	-0.133	0.986	123.8
620	-0.080	-0.134	0.982	124.0
621	-0.079	-0.132	0.982	124.2
622	-0.078	-0.131	0.988	124.4
623	-0.079	-0.132	0.992	124.6
624	-0.080	-0.131	0.982	124.8
625	-0.076	-0.131	0.985	125.0
626	-0.076	-0.133	0.992	125.2
627	-0.079	-0.133	0.985	125.4
628	-0.076	-0.133	0.979	125.6
629	-0.077	-0.132	0.992	125.8
630	-0.079	-0.131	0.989	126.0
631	-0.076	-0.134	0.987	126.2
632	-0.076	-0.134	0.988	126.4
633	-0.080	-0.133	0.985	126.6
634	-0.079	-0.134	0.986	126.8
635	-0.078	-0.133	0.985	127.0
636	-0.080	-0.134	0.986	127.2
637	-0.077	-0.132	0.979	127.4
638	-0.078	-0.131	0.985	127.6
639	-0.076	-0.130	0.985	127.8
640	-0.076	-0.132	0.986	128.0
641	-0.079	-0.132	0.981	128.2
642	-0.078	-0.132	0.980	128.4
643	-0.079	-0.130	0.987	128.6
644	-0.077	-0.131	0.982	128.8
645	-0.079	-0.132	0.983	129.0
646	-0.080	-0.132	0.985	129.2
647	-0.078	-0.135	0.981	129.4
648	-0.080	-0.134	0.985	129.6
649	-0.077	-0.134	0.985	129.8
650	-0.077	-0.133	0.980	130.0
651	-0.078	-0.131	0.985	130.2
652	-0.078	-0.132	0.986	130.4
653	-0.078	-0.133	0.978	130.6
654	-0.076	-0.133	0.984	130.8
655	-0.076	-0.133	0.986	131.0
656	-0.078	-0.133	0.983	131.2
657	-0.079	-0.131	0.982	131.4
658	-0.080	-0.130	0.986	131.6
659	-0.077	-0.131	0.982	131.8
660	-0.081	-0.136	0.977	132.0
661	-0.079	-0.133	0.986	132.2
662	-0.077	-0.132	0.982	132.4
663	-0.076	-0.130	0.983	132.6
664	-0.081	-0.131	0.984	132.8
665	-0.080	-0.135	0.981	133.0
666	-0.080	-0.133	0.983	133.2
667	-0.079	-0.135	0.986	133.4
668	-0.079	-0.132	0.981	133.6
669	-0.079	-0.131	0.980	133.8
670	-0.079	-0.133	0.985	134.0
671	-0.079	-0.133	0.981	134.2
672	-0.081	-0.133	0.983	134.4
673	-0.078	-0.133	0.980	134.6
674	-0.079	-0.130	0.982	134.8
675	-0.079	-0.131	0.984	135.0
676	-0.079	-0.132	0.982	135.2
677	-0.079	-0.135	0.976	135.4
678	-0.078	-0.132	0.978	135.6
679	-0.078	-0.133	0.985	135.8
680	-0.080	-0.132	0.976	136.0
681	-0.082	-0.130	0.975	136.2
682	-0.079	-0.130	0.983	136.4
683	-0.078	-0.133	0.982	136.6
684	-0.081	-0.132	0.972	136.8
685	-0.077	-0.132	0.983	137.0
686	-0.080	-0.133	0.981	137.2
687	-0.080	-0.131	0.973	137.4
688	-0.081	-0.130	0.979	137.6
689	-0.078	-0.130	0.984	137.8
690	-0.078	-0.130	0.981	138.0
691	-0.080	-0.130	0.977	138.2
692	-0.078	-0.132	0.986	138.4
693	-0.080	-0.132	0.977	138.6
694	-0.076	-0.132	0.975	138.8
695	-0.080	-0.131	0.982	139.0
696	-0.079	-0.132	0.974	139.2
697	-0.077	-0.132	0.980	139.4
698	-0.078	-0.131	0.983	139.6
699	-0.076	-0.132	0.979	139.8
700	-0.082	-0.132	0.978	140.0
701	-0.079	-0.129	0.983	140.2
702	-0.077	-0.130	0.981	140.4
703	-0.077	-0.132	0.973	140.6
704	-0.079	-0.129	0.983	140.8
705	-0.075	-0.130	0.983	141.0
706	-0.079	-0.130	0.980	141.2
707	-0.079	-0.133	0.984	141.4
708	-0.080	-0.133	0.980	141.6
709	-0.078	-0.130	0.979	141.8
710	-0.080	-0.132	0.983	142.0
711	-0.078	-0.130	0.980	142.2
712	-0.082	-0.133	0.977	142.4
713	-0.081	-0.133	0.986	142.6
714	-0.079	-0.132	0.979	142.8
715	-0.082	-0.133	0.980	143.0
716	-0.080	-0.128	0.985	143.2
717	-0.080	-0.130	0.980	143.4
718	-0.081	-0.131	0.973	143.6
719	-0.080	-0.129	0.981	143.8
720	-0.079	-0.131	0.986	144.0
721	-0.078	-0.133	0.979	144.2
722	-0.078	-0.129	0.975	144.4
723	-0.076	-0.131	0.987	144.6
724	-0.078	-0.130	0.981	144.8
725	-0.080	-0.132	0.972	145.0
726	-0.079	-0.132	0.983	145.2
727	-0.079	-0.130	0.985	145.4
728	-0.080	-0.130	0.981	145.6
729	-0.080	-0.131	0.979	145.8
730	-0.080	-0.131	0.985	146.0
731	-0.080	-0.129	0.980	146.2
732	-0.077	-0.130	0.980	146.4
733	-0.076	-0.131	0.981	146.6
734	-0.081	-0.133	0.980	146.8
735	-0.079	-0.133	0.986	147.0
736	-0.081	-0.130	0.979	147.2
737	-0.080	-0.130	0.977	147.4
738	-0.079	-0.131	0.985	147.6
739	-0.080	-0.131	0.989	147.8
740	-0.078	-0.133	0.976	148.0
741	-0.080	-0.132	0.982	148.2
742	-0.080	-0.130	0.985	148.4
743	-0.077	-0.132	0.972	148.6
744	-0.081	-0.131	0.976	148.8
745	-0.078	-0.132	0.985	149.0
746	-0.079	-0.132	0.982	149.2
747	-0.079	-0.133	0.976	149.4
748	-0.081	-0.131	0.986	149.6
749	-0.080	-0.130	0.981	149.8
750	-0.079	-0.132	0.978	150.0
751	-0.078	-0.134	0.983	150.2
752	-0.079	-0.132	0.975	150.4
753	-0.079	-0.132	0.976	150.6
754	-0.081	-0.132	0.981	150.8
755	-0.078	-0.128	0.973	151.0
756	-0.077	-0.131	0.977	151.2
757	-0.082	-0.133	0.982	151.4
758	-0.080	-0.132	0.975	151.6
759	-0.081	-0.132	0.977	151.8
760	-0.079	-0.130	0.985	152.0
761	-0.080	-0.131	0.982	152.2
762	-0.081	-0.131	0.976	152.4
763	-0.080	-0.132	0.976	152.6
764	-0.080	-0.132	0.982	152.8
765	-0.077	-0.129	0.975	153.0
766	-0.079	-0.130	0.984	153.2
767	-0.079	-0.130	0.983	153.4
768	-0.079	-0.133	0.973	153.6
769	-0.078	-0.132	0.981	153.8
770	-0.079	-0.130	0.985	154.0
771	-0.079	-0.128	0.975	154.2
772	-0.080	-0.127	0.979	154.4
773	-0.079	-0.130	0.980	154.6
774	-0.081	-0.131	0.976	154.8
775	-0.077	-0.130	0.974	155.0
776	-0.079	-0.128	0.984	155.2
777	-0.081	-0.130	0.978	155.4
778	-0.079	-0.129	0.975	155.6
779	-0.081	-0.130	0.980	155.8
780	-0.079	-0.131	0.977	156.0
781	-0.079	-0.127	0.972	156.2
782	-0.079	-0.130	0.980	156.4
783	-0.079	-0.130	0.975	156.6
784	-0.080	-0.128	0.973	156.8
785	-0.080	-0.129	0.978	157.0
786	-0.079	-0.130	0.979	157.2
787	-0.079	-0.132	0.976	157.4
788	-0.080	-0.128	0.982	157.6
789	-0.079	-0.129	0.977	157.8
790	-0.080	-0.128	0.974	158.0
791	-0.081	-0.128	0.981	158.2
792	-0.080	-0.130	0.978	158.4
793	-0.076	-0.129	0.976	158.6
794	-0.079	-0.130	0.977	158.8
795	-0.080	-0.128	0.977	159.0
796	-0.081	-0.128	0.976	159.2
797	-0.079	-0.128	0.977	159.4
798	-0.079	-0.127	0.973	159.6
799	-0.078	-0.129	0.975	159.8
800	-0.080	-0.129	0.972	160.0
801	-0.080	-0.128	0.980	160.2
802	-0.079	-0.127	0.972	160.4
803	-0.080	-0.129	0.976	160.6
804	-0.078	-0.130	0.981	160.8
805	-0.079	-0.128	0.972	161.0
806	-0.080	-0.128	0.975	161.2
807	-0.079	-0.129	0.984	161.4
808	-0.081	-0.128	0.977	161.6
809	-0.079	-0.126	0.975	161.8
810	-0.079	-0.128	0.981	162.0
811	-0.081	-0.126	0.970	162.2
812	-0.079	-0.127	0.970	162.4
813	-0.080	-0.129	0.978	162.6
814	-0.080	-0.130	0.973	162.8
815	-0.081	-0.128	0.975	163.0
816	-0.079	-0.124	0.979	163.2
817	-0.079	-0.126	0.977	163.4
818	-0.080	-0.129	0.973	163.6
819	-0.080	-0.126	0.982	163.8
820	-0.078	-0.125	0.971	164.0
821	-0.082	-0.127	0.976	164.2
822	-0.078	-0.129	0.977	164.4
823	-0.079	-0.128	0.971	164.6
824	-0.081	-0.128	0.977	164.8
825	-0.079	-0.127	0.976	165.0
826	-0.081	-0.126	0.978	165.2
827	-0.080	-0.127	0.974	165.4
828	-0.079	-0.126	0.976	165.6
829	-0.078	-0.128	0.977	165.8
830	-0.077	-0.127	0.971	166.0
831	-0.079	-0.125	0.974	166.2
832	-0.082	-0.127	0.973	166.4
833	-0.081	-0.129	0.976	166.6
834	-0.078	-0.129	0.981	166.8
835	-0.079	-0.128	0.970	167.0
836	-0.079	-0.129	0.973	167.2
837	-0.079	-0.124	0.981	167.4
838	-0.079	-0.127	0.975	167.6
839	-0.080	-0.128	0.971	167.8
840	-0.077	-0.128	0.974	168.0
841	-0.079	-0.129	0.984	168.2
842	-0.081	-0.126	0.972	168.4
843	-0.080	-0.128	0.976	168.6
844	-0.080	-0.128	0.979	168.8
845	-0.079	-0.128	0.974	169.0
846	-0.079	-0.129	0.973	169.2
847	-0.080	-0.126	0.978	169.4
848	-0.080	-0.126	0.975	169.6
849	-0.079	-0.128	0.974	169.8
850	-0.081	-0.126	0.978	170.0
851	-0.080	-0.125	0.969	170.2
852	-0.080	-0.128	0.974	170.4
853	-0.078	-0.124	0.985	170.6
854	-0.077	-0.127	0.973	170.8
855	-0.081	-0.124	0.972	171.0
856	-0.080	-0.125	0.981	171.2
857	-0.080	-0.128	0.966	171.4
858	-0.079	-0.126	0.975	171.6
859	-0.080	-0.126	0.978	171.8
860	-0.079	-0.127	0.966	172.0
861	-0.081	-0.124	0.972	172.2
862	-0.082	-0.126	0.979	172.4
863	-0.079	-0.128	0.974	172.6
864	-0.079	-0.127	0.974	172.8
865	-0.078	-0.126	0.976	173.0
866	-0.079	-0.126	0.973	173.2
867	-0.081	-0.128	0.975	173.4
868	-0.079	-0.126	0.980	173.6
869	-0.080	-0.127	0.974	173.8
870	-0.079	-0.126	0.968	174.0
871	-0.077	-0.126	0.976	174.2
872	-0.079	-0.126	0.976	174.4
873	-0.077	-0.125	0.976	174.6
874	-0.080	-0.126	0.973	174.8
875	-0.079	-0.126	0.973	175.0
876	-0.078	-0.128	0.972	175.2
877	-0.078	-0.124	0.974	175.4
878	-0.076	-0.128	0.968	175.6
879	-0.080	-0.125	0.977	175.8
880	-0.078	-0.125	0.976	176.0
881	-0.077	-0.128	0.974	176.2
882	-0.077	-0.124	0.977	176.4
883	-0.079	-0.126	0.979	176.6
884	-0.076	-0.126	0.975	176.8
885	-0.081	-0.125	0.967	177.0
886	-0.080	-0.125	0.973	177.2
887	-0.077	-0.125	0.976	177.4
888	-0.079	-0.126	0.974	177.6
889	-0.080	-0.128	0.976	177.8
890	-0.077	-0.126	0.975	178.0
891	-0.077	-0.127	0.977	178.2
892	-0.079	-0.125	0.971	178.4
893	-0.080	-0.128	0.973	178.6
894	-0.079	-0.126	0.974	178.8
895	-0.077	-0.124	0.978	179.0
896	-0.078	-0.128	0.974	179.2
897	-0.076	-0.123	0.970	179.4
898	-0.080	-0.126	0.970	179.6
899	-0.078	-0.124	0.977	179.8
900	-0.076	-0.126	0.974	180.0
901	-0.078	-0.126	0.970	180.2
902	-0.079	-0.126	0.978	180.4
903	-0.079	-0.124	0.974	180.6
904	-0.076	-0.124	0.972	180.8
905	-0.079	-0.126	0.975	181.0
906	-0.075	-0.125	0.975	181.2
907	-0.078	-0.126	0.972	181.4
908	-0.079	-0.123	0.977	181.6
909	-0.077	-0.127	0.977	181.8
910	-0.079	-0.125	0.967	182.0
911	-0.079	-0.128	0.969	182.2
912	-0.077	-0.124	0.976	182.4
913	-0.077	-0.125	0.966	182.6
914	-0.077	-0.125	0.974	182.8
915	-0.077	-0.123	0.975	183.0
916	-0.077	-0.122	0.970	183.2
917	-0.079	-0.125	0.976	183.4
918	-0.078	-0.124	0.970	183.6
919	-0.077	-0.125	0.966	183.8
920	-0.079	-0.122	0.975	184.0
921	-0.076	-0.125	0.974	184.2
922	-0.077	-0.123	0.967	184.4
923	-0.077	-0.124	0.975	184.6
924	-0.076	-0.123	0.977	184.8
925	-0.078	-0.124	0.972	185.0
926	-0.080	-0.123	0.976	185.2
927	-0.077	-0.125	0.970	185.4
928	-0.080	-0.121	0.967	185.6
929	-0.077	-0.123	0.972	185.8
930	-0.076	-0.126	0.974	186.0
931	-0.076	-0.123	0.969	186.2
932	-0.077	-0.125	0.970	186.4
933	-0.078	-0.122	0.980	186.6
934	-0.080	-0.123	0.971	186.8
935	-0.078	-0.124	0.973	187.0
936	-0.079	-0.123	0.973	187.2
937	-0.077	-0.124	0.967	187.4
938	-0.080	-0.122	0.973	187.6
939	-0.080	-0.124	0.972	187.8
940	-0.079	-0.121	0.968	188.0
941	-0.079	-0.123	0.971	188.2
942	-0.079	-0.123	0.974	188.4
943	-0.079	-0.123	0.961	188.6
944	-0.079	-0.122	0.972	188.8
945	-0.079	-0.121	0.977	189.0
946	-0.080	-0.126	0.962	189.2
947	-0.078	-0.122	0.972	189.4
948	-0.079	-0.126	0.970	189.6
949	-0.078	-0.122	0.966	189.8
950	-0.080	-0.124	0.968	190.0
951	-0.081	-0.122	0.975	190.2
952	-0.078	-0.126	0.970	190.4
953	-0.077	-0.122	0.971	190.6
954	-0.079	-0.127	0.970	190.8
955	-0.079	-0.120	0.970	191.0
956	-0.079	-0.125	0.974	191.2
957	-0.077	-0.123	0.973	191.4
958	-0.079	-0.123	0.960	191.6
959	-0.080	-0.123	0.967	191.8
960	-0.077	-0.123	0.978	192.0
961	-0.079	-0.122	0.965	192.2
962	-0.079	-0.125	0.967	192.4
963	-0.079	-0.123	0.977	192.6
964	-0.081	-0.122	0.971	192.8
965	-0.079	-0.120	0.968	193.0
966	-0.079	-0.123	0.973	193.2
967	-0.080	-0.123	0.970	193.4
968	-0.079	-0.123	0.972	193.6
969	-0.080	-0.122	0.974	193.8
970	-0.079	-0.124	0.967	194.0
971	-0.080	-0.125	0.974	194.2
972	-0.078	-0.124	0.974	194.4
973	-0.080	-0.122	0.959	194.6
974	-0.080	-0.124	0.969	194.8
975	-0.079	-0.121	0.977	195.0
976	-0.077	-0.123	0.963	195.2
977	-0.078	-0.123	0.964	195.4
978	-0.080	-0.126	0.979	195.6
979	-0.079	-0.122	0.969	195.8
980	-0.079	-0.123	0.965	196.0
981	-0.079	-0.120	0.976	196.2
982	-0.077	-0.125	0.969	196.4
983	-0.079	-0.123	0.966	196.6
984	-0.079	-0.123	0.976	196.8
985	-0.078	-0.122	0.964	197.0
986	-0.081	-0.123	0.967	197.2
987	-0.077	-0.121	0.978	197.4
988	-0.079	-0.124	0.969	197.6
989	-0.080	-0.123	0.965	197.8
990	-0.076	-0.125	0.974	198.0
991	-0.078	-0.122	0.971	198.2
992	-0.079	-0.125	0.967	198.4
993	-0.080	-0.121	0.973	198.6
994	-0.079	-0.123	0.962	198.8
995	-0.079	-0.122	0.973	199.0
996	-0.081	-0.126	0.979	199.2
997	-0.079	-0.124	0.965	199.4
998	-0.077	-0.121	0.968	199.6
999	-0.080	-0.121	0.973	199.8
1000	-0.078	-0.124	0.960	200.0
1001	-0.079	-0.125	0.969	200.2
1002	-0.079	-0.123	0.976	200.4
1003	-0.077	-0.123	0.960	200.6
1004	-0.080	-0.122	0.963	200.8
1005	-0.079	-0.122	0.979	201.0
1006	-0.080	-0.122	0.963	201.2
1007	-0.079	-0.123	0.976	201.4
1008	-0.077	-0.123	0.971	201.6
1009	-0.078	-0.123	0.971	201.8
1010	-0.077	-0.122	0.968	202.0
1011	-0.080	-0.121	0.970	202.2
1012	-0.079	-0.123	0.970	202.4
1013	-0.078	-0.122	0.969	202.6
1014	-0.079	-0.123	0.975	202.8
1015	-0.076	-0.121	0.971	203.0
1016	-0.079	-0.124	0.964	203.2
1017	-0.079	-0.123	1.098	203.4
1018	-0.167	-0.331	1.323	203.6
1019	-0.163	-0.326	1.298	203.8
1020	-0.159	-0.313	1.300	204.0
1021	-0.156	-0.308	1.301	204.2
1022	-0.155	-0.304	1.291	204.4
1023	-0.156	-0.298	1.265	204.6
1024	-0.154	-0.299	1.274	204.8
1025	-0.152	-0.297	1.274	205.0
1026	-0.152	-0.293	1.260	205.2
1027	-0.151	-0.293	1.266	205.4
1028	-0.152	-0.292	1.265	205.6
1029	-0.149	-0.288	1.255	205.8
1030	-0.148	-0.288	1.255	206.0
1031	-0.150	-0.286	1.256	206.2
1032	-0.148	-0.288	1.242	206.4
1033	-0.147	-0.286	1.249	206.6
1034	-0.147	-0.280	1.244	206.8
1035	-0.145	-0.284	1.244	207.0
1036	-0.146	-0.283	1.250	207.2
1037	-0.145	-0.280	1.248	207.4
1038	-0.144	-0.284	1.232	207.6
1039	-0.146	-0.280	1.246	207.8
1040	-0.143	-0.279	1.242	208.0
1041	-0.145	-0.277	1.233	208.2
1042	-0.145	-0.280	1.238	208.4
1043	-0.146	-0.279	1.238	208.6
1044	-0.144	-0.276	1.234	208.8
1045	-0.143	-0.279	1.237	209.0
1046	-0.143	-0.273	1.240	209.2
1047	-0.143	-0.280	1.222	209.4
1048	-0.144	-0.274	1.238	209.6
1049	-0.143	-0.274	1.227	209.8
1050	-0.142	-0.275	1.219	210.0
1051	-0.143	-0.274	1.234	210.2
1052	-0.141	-0.272	1.233	210.4
1053	-0.144	-0.274	1.224	210.6
1054	-0.141	-0.273	1.232	210.8
1055	-0.142	-0.273	1.224	211.0
1056	-0.142	-0.272	1.222	211.2
1057	-0.142	-0.272	1.231	211.4
1058	-0.143	-0.271	1.228	211.6
1059	-0.140	-0.272	1.224	211.8
1060	-0.142	-0.271	1.226	212.0
1061	-0.140	-0.271	1.223	212.2
1062	-0.141	-0.269	1.226	212.4
1063	-0.139	-0.270	1.226	212.6
1064	-0.138	-0.269	1.212	212.8
1065	-0.142	-0.270	1.223	213.0
1066	-0.141	-0.268	1.236	213.2
1067	-0.140	-0.270	1.215	213.4
1068	-0.137	-0.270	1.212	213.6
1069	-0.138	-0.268	1.214	213.8
1070	-0.138	-0.265	1.223	214.0
1071	-0.140	-0.269	1.214	214.2
1072	-0.140	-0.268	1.220	214.4
1073	-0.137	-0.267	1.224	214.6
1074	-0.137	-0.268	1.215	214.8
1075	-0.139	-0.266	1.225	215.0
1076	-0.139	-0.267	1.221	215.2
1077	-0.139	-0.267	1.217	215.4
1078	-0.138	-0.268	1.223	215.6
1079	-0.140	-0.266	1.216	215.8
1080	-0.140	-0.268	1.213	216.0
1081	-0.136	-0.264	1.221	216.2
1082	-0.139	-0.266	1.216	216.4
1083	-0.139	-0.263	1.218	216.6
1084	-0.138	-0.268	1.224	216.8
1085	-0.136	-0.267	1.218	217.0
1086	-0.138	-0.265	1.214	217.2
1087	-0.137	-0.266	1.217	217.4
1088	-0.137	-0.264	1.219	217.6
1089	-0.140	-0.265	1.212	217.8
1090	-0.138	-0.266	1.214	218.0
1091	-0.135	-0.265	1.210	218.2
1092	-0.136	-0.264	1.218	218.4
1093	-0.136	-0.262	1.218	218.6
1094	-0.138	-0.264	1.210	218.8
1095	-0.139	-0.264	1.212	219.0
1096	-0.138	-0.265	1.216	219.2
1097	-0.139	-0.263	1.209	219.4
1098	-0.135	-0.266	1.211	219.6
1099	-0.138	-0.262	1.216	219.8
1100	-0.138	-0.263	1.212	220.0
1101	-0.136	-0.261	1.205	220.2
1102	-0.137	-0.263	1.216	220.4
1103	-0.137	-0.261	1.217	220.6
1104	-0.137	-0.265	1.210	220.8
1105	-0.137	-0.261	1.212	221.0
1106	-0.138	-0.261	1.209	221.2
1107	-0.137	-0.261	1.215	221.4
1108	-0.136	-0.262	1.211	221.6
1109	-0.137	-0.263	1.210	221.8
1110	-0.136	-0.260	1.213	222.0
1111	-0.136	-0.262	1.214	222.2
1112	-0.137	-0.262	1.210	222.4
1113	-0.136	-0.264	1.207	222.6
1114	-0.134	-0.261	1.217	222.8
1115	-0.135	-0.264	1.211	223.0
1116	-0.137	-0.261	1.207	223.2
1117	-0.137	-0.262	1.209	223.4
1118	-0.135	-0.261	1.215	223.6
1119	-0.135	-0.261	1.205	223.8
1120	-0.137	-0.262	1.209	224.0
1121	-0.137	-0.262	1.216	224.2
1122	-0.133	-0.260	1.203	224.4
1123	-0.135	-0.260	1.208	224.6
1124	-0.136	-0.262	1.206	224.8
1125	-0.137	-0.261	1.210	225.0
1126	-0.136	-0.262	1.209	225.2
1127	-0.135	-0.259	1.205	225.4
1128	-0.136	-0.261	1.206	225.6
1129	-0.136	-0.261	1.213	225.8
1130	-0.133	-0.261	1.209	226.0
1131	-0.135	-0.259	1.208	226.2
1132	-0.133	-0.259	1.204	226.4
1133	-0.137	-0.261	1.209	226.6
1134	-0.136	-0.260	1.204	226.8
1135	-0.135	-0.260	1.205	227.0
1136	-0.137	-0.259	1.208	227.2
1137	-0.136	-0.260	1.205	227.4
1138	-0.137	-0.261	1.209	227.6
1139	-0.136	-0.261	1.206	227.8
1140	-0.134	-0.259	1.208	228.0
1141	-0.133	-0.259	1.210	228.2
1142	-0.136	-0.260	1.209	228.4
1143	-0.135	-0.258	1.205	228.6
1144	-0.135	-0.261	1.209	228.8
1145	-0.136	-0.258	1.211	229.0
1146	-0.134	-0.260	1.203	229.2
1147	-0.136	-0.258	1.208	229.4
1148	-0.134	-0.259	1.212	229.6
1149	-0.135	-0.260	1.208	229.8
1150	-0.137	-0.259	1.207	230.0
1151	-0.135	-0.261	1.207	230.2
1152	-0.135	-0.260	1.208	230.4
1153	-0.134	-0.260	1.209	230.6
1154	-0.135	-0.258	1.202	230.8
1155	-0.133	-0.259	1.206	231.0
1156	-0.134	-0.259	1.204	231.2
1157	-0.134	-0.260	1.208	231.4
1158	-0.134	-0.258	1.205	231.6
1159	-0.134	-0.258	1.208	231.8
1160	-0.133	-0.259	1.203	232.0
1161	-0.134	-0.260	1.201	232.2
1162	-0.134	-0.258	1.208	232.4
1163	-0.136	-0.259	1.204	232.6
1164	-0.135	-0.258	1.204	232.8
1165	-0.133	-0.259	1.206	233.0
1166	-0.135	-0.257	1.203	233.2
1167	-0.134	-0.259	1.205	233.4
1168	-0.136	-0.258	1.205	233.6
1169	-0.133	-0.258	1.204	233.8
1170	-0.133	-0.257	1.204	234.0
1171	-0.137	-0.258	1.207	234.2
1172	-0.135	-0.256	1.200	234.4
1173	-0.135	-0.259	1.204	234.6
1174	-0.134	-0.256	1.206	234.8
1175	-0.134	-0.259	1.201	235.0
1176	-0.135	-0.256	1.198	235.2
1177	-0.134	-0.257	1.209	235.4
1178	-0.134	-0.255	1.205	235.6
1179	-0.134	-0.257	1.201	235.8
1180	-0.133	-0.257	1.207	236.0
1181	-0.134	-0.256	1.204	236.2
1182	-0.134	-0.256	1.198	236.4
1183	-0.136	-0.257	1.200	236.6
1184	-0.134	-0.256	1.201	236.8
1185	-0.134	-0.257	1.207	237.0
1186	-0.132	-0.256	1.207	237.2
1187	-0.133	-0.258	1.198	237.4
1188	-0.133	-0.255	1.202	237.6
1189	-0.132	-0.256	1.202	237.8
1190	-0.134	-0.254	1.201	238.0
1191	-0.132	-0.254	1.199	238.2
1192	-0.132	-0.255	1.202	238.4
1193	-0.134	-0.255	1.202	238.6
1194	-0.132	-0.257	1.197	238.8
1195	-0.134	-0.256	1.206	239.0
1196	-0.134	-0.255	1.200	239.2
1197	-0.134	-0.255	1.201	239.4
1198	-0.133	-0.255	1.201	239.6
1199	-0.133	-0.257	1.199	239.8
1200	-0.133	-0.256	1.200	240.0
1201	-0.135	-0.256	1.203	240.2
1202	-0.133	-0.253	1.196	240.4
1203	-0.134	-0.255	1.203	240.6
1204	-0.134	-0.255	1.205	240.8
1205	-0.134	-0.257	1.197	241.0
1206	-0.133	-0.254	1.198	241.2
1207	-0.133	-0.256	1.203	241.4
1208	-0.133	-0.252	1.197	241.6
1209	-0.133	-0.257	1.199	241.8
1210	-0.134	-0.255	1.203	242.0
1211	-0.133	-0.256	1.201	242.2
1212	-0.134	-0.254	1.196	242.4
1213	-0.133	-0.256	1.197	242.6
1214	-0.135	-0.255	1.200	242.8
1215	-0.135	-0.254	1.197	243.0
1216	-0.131	-0.255	1.205	243.2
1217	-0.133	-0.257	1.198	243.4
1218	-0.134	-0.255	1.202	243.6
1219	-0.134	-0.257	1.203	243.8
1220	-0.134	-0.255	1.196	244.0
1221	-0.135	-0.256	1.198	244.2
1222	-0.132	-0.253	1.203	244.4
1223	-0.132	-0.257	1.198	244.6
1224	-0.133	-0.254	1.196	244.8
1225	-0.134	-0.256	1.202	245.0
1226	-0.133	-0.253	1.198	245.2
1227	-0.134	-0.254	1.198	245.4
1228	-0.131	-0.253	1.203	245.6
1229	-0.134	-0.254	1.198	245.8
1230	-0.134	-0.255	1.202	246.0
1231	-0.134	-0.252	1.202	246.2
1232	-0.133	-0.255	1.198	246.4
1233	-0.133	-0.253	1.199	246.6
1234	-0.134	-0.253	1.203	246.8
1235	-0.133	-0.254	1.200	247.0
1236	-0.133	-0.255	1.197	247.2
1237	-0.132	-0.255	1.202	247.4
1238	-0.132	-0.253	1.196	247.6
1239	-0.132	-0.253	1.199	247.8
1240	-0.134	-0.254	1.203	248.0
1241	-0.132	-0.255	1.197	248.2
1242	-0.134	-0.254	1.203	248.4
1243	-0.132	-0.252	1.200	248.6
1244	-0.131	-0.253	1.196	248.8
1245	-0.133	-0.253	1.204	249.0
1246	-0.132	-0.256	1.201	249.2
1247	-0.133	-0.252	1.192	249.4
1248	-0.132	-0.256	1.198	249.6
1249	-0.134	-0.252	1.203	249.8
1250	-0.133	-0.256	1.195	250.0
1251	-0.133	-0.254	1.204	250.2
1252	-0.132	-0.255	1.206	250.4
1253	-0.133	-0.253	1.194	250.6
1254	-0.133	-0.255	1.198	250.8
1255	-0.132	-0.252	1.203	251.0
1256	-0.133	-0.253	1.200	251.2
1257	-0.134	-0.254	1.198	251.4
1258	-0.133	-0.254	1.198	251.6
1259	-0.132	-0.252	1.194	251.8
1260	-0.133	-0.254	1.198	252.0
1261	-0.132	-0.255	1.196	252.2
1262	-0.134	-0.252	1.191	252.4
1263	-0.131	-0.253	1.198	252.6
1264	-0.132	-0.254	1.201	252.8
1265	-0.133	-0.255	1.196	253.0
1266	-0.134	-0.256	1.196	253.2
1267	-0.133	-0.252	1.201	253.4
1268	-0.131	-0.253	1.195	253.6
1269	-0.135	-0.250	1.195	253.8
1270	-0.132	-0.253	1.206	254.0
1271	-0.132	-0.252	1.196	254.2
1272	-0.132	-0.254	1.197	254.4
1273	-0.132	-0.252	1.199	254.6
1274	-0.131	-0.254	1.189	254.8
1275	-0.134	-0.253	1.200	255.0
1276	-0.132	-0.252	1.200	255.2
1277	-0.131	-0.254	1.193	255.4
1278	-0.132	-0.254	1.201	255.6
1279	-0.133	-0.253	1.201	255.8
1280	-0.132	-0.254	1.192	256.0
1281	-0.134	-0.252	1.200	256.2
1282	-0.132	-0.252	1.201	256.4
1283	-0.131	-0.254	1.193	256.6
1284	-0.133	-0.249	1.196	256.8
1285	-0.133	-0.252	1.207	257.0
1286	-0.131	-0.253	1.193	257.2
1287	-0.133	-0.251	1.196	257.4
1288	-0.133	-0.253	1.201	257.6
1289	-0.131	-0.254	1.195	257.8
1290	-0.133	-0.252	1.197	258.0
1291	-0.131	-0.252	1.196	258.2
1292	-0.132	-0.251	1.193	258.4
1293	-0.132	-0.255	1.197	258.6
1294	-0.131	-0.253	1.200	258.8
1295	-0.130	-0.251	1.192	259.0
1296	-0.133	-0.250	1.199	259.2
1297	-0.131	-0.254	1.204	259.4
1298	-0.132	-0.252	1.189	259.6
1299	-0.134	-0.253	1.202	259.8
1300	-0.132	-0.252	1.202	260.0
1301	-0.133	-0.253	1.193	260.2
1302	-0.134	-0.252	1.197	260.4
1303	-0.134	-0.253	1.202	260.6
1304	-0.134	-0.251	1.191	260.8
1305	-0.132	-0.254	1.194	261.0
1306	-0.133	-0.254	1.198	261.2
1307	-0.132	-0.252	1.193	261.4
1308	-0.133	-0.251	1.197	261.6
1309	-0.133	-0.250	1.200	261.8
1310	-0.132	-0.251	1.197	262.0
1311	-0.134	-0.252	1.197	262.2
1312	-0.131	-0.252	1.194	262.4
1313	-0.133	-0.252	1.190	262.6
1314	-0.132	-0.251	1.203	262.8
1315	-0.132	-0.251	1.197	263.0
1316	-0.134	-0.254	1.186	263.2
1317	-0.131	-0.252	1.192	263.4
1318	-0.131	-0.250	1.201	263.6
1319	-0.132	-0.251	1.190	263.8
1320	-0.133	-0.252	1.192	264.0
1321	-0.133	-0.252	1.202	264.2
1322	-0.132	-0.252	1.194	264.4
1323	-0.132	-0.250	1.194	264.6
1324	-0.131	-0.252	1.194	264.8
1325	-0.131	-0.250	1.198	265.0
1326	-0.132	-0.249	1.199	265.2
1327	-0.133	-0.253	1.196	265.4
1328	-0.133	-0.252	1.192	265.6
1329	-0.131	-0.251	1.202	265.8
1330	-0.132	-0.252	1.199	266.0
1331	-0.132	-0.251	1.186	266.2
1332	-0.133	-0.252	1.196	266.4
1333	-0.134	-0.249	1.198	266.6
1334	-0.130	-0.251	1.193	266.8
1335	-0.133	-0.250	1.188	267.0
1336	-0.133	-0.252	1.197	267.2
1337	-0.133	-0.251	1.196	267.4
1338	-0.132	-0.249	1.196	267.6
1339	-0.132	-0.252	1.196	267.8
1340	-0.133	-0.249	1.188	268.0
1341	-0.132	-0.251	1.197	268.2
1342	-0.129	-0.251	1.201	268.4
1343	-0.132	-0.253	1.183	268.6
1344	-0.132	-0.251	1.199	268.8
1345	-0.132	-0.248	1.199	269.0
1346	-0.130	-0.248	1.189	269.2
1347	-0.132	-0.251	1.189	269.4
1348	-0.133	-0.252	1.193	269.6
1349	-0.133	-0.252	1.199	269.8
1350	-0.132	-0.249	1.199	270.0
1351	-0.133	-0.252	1.187	270.2
1352	-0.132	-0.249	1.188	270.4
1353	-0.133	-0.252	1.206	270.6
1354	-0.131	-0.253	1.191	270.8
1355	-0.134	-0.251	1.174	271.0
1356	-0.134	-0.251	1.199	271.2
1357	-0.129	-0.247	1.206	271.4
1358	-0.133	-0.252	1.188	271.6
1359	-0.132	-0.251	1.187	271.8
1360	-0.132	-0.251	1.201	272.0
1361	-0.130	-0.250	1.199	272.2
1362	-0.133	-0.250	1.189	272.4
1363	-0.134	-0.250	1.191	272.6
1364	-0.131	-0.248	1.194	272.8
1365	-0.132	-0.252	1.202	273.0
1366	-0.131	-0.251	1.190	273.2
1367	-0.134	-0.251	1.185	273.4
1368	-0.130	-0.249	1.197	273.6
1369	-0.133	-0.249	1.201	273.8
1370	-0.131	-0.252	1.190	274.0
1371	-0.133	-0.252	1.197	274.2
1372	-0.132	-0.251	1.199	274.4
1373	-0.133	-0.250	1.189	274.6
1374	-0.133	-0.252	1.191	274.8
1375	-0.132	-0.249	1.199	275.0
1376	-0.133	-0.252	1.190	275.2
1377	-0.132	-0.252	1.191	275.4
1378	-0.132	-0.250	1.188	275.6
1379	-0.133	-0.250	1.194	275.8
1380	-0.131	-0.249	1.204	276.0
1381	-0.136	-0.251	1.186	276.2
1382	-0.132	-0.253	1.187	276.4
1383	-0.132	-0.250	1.197	276.6
1384	-0.132	-0.248	1.197	276.8
1385	-0.133	-0.250	1.187	277.0
1386	-0.133	-0.250	1.197	277.2
1387	-0.131	-0.249	1.196	277.4
1388	-0.132	-0.252	1.183	277.6
1389	-0.131	-0.250	1.197	277.8
1390	-0.131	-0.249	1.194	278.0
1391	-0.131	-0.251	1.193	278.2
1392	-0.130	-0.249	1.194	278.4
1393	-0.132	-0.251	1.197	278.6
1394	-0.132	-0.251	1.195	278.8
1395	-0.133	-0.252	1.192	279.0
1396	-0.131	-0.252	1.193	279.2
1397	-0.131	-0.250	1.194	279.4
1398	-0.132	-0.250	1.198	279.6
1399	-0.132	-0.249	1.189	279.8
1400	-0.130	-0.251	1.187	280.0
1401	-0.133	-0.248	1.198	280.2
1402	-0.133	-0.252	1.192	280.4
1403	-0.133	-0.250	1.189	280.6
1404	-0.132	-0.250	1.197	280.8
1405	-0.132	-0.253	1.191	281.0
1406	-0.134	-0.251	1.186	281.2
1407	-0.131	-0.252	1.199	281.4
1408	-0.132	-0.251	1.197	281.6
1409	-0.129	-0.251	1.190	281.8
1410	-0.133	-0.252	1.195	282.0
1411	-0.132	-0.249	1.193	282.2
1412	-0.132	-0.250	1.189	282.4
1413	-0.134	-0.248	1.199	282.6
1414	-0.132	-0.250	1.194	282.8
1415	-0.134	-0.250	1.191	283.0
1416	-0.133	-0.248	1.196	283.2
1417	-0.132	-0.250	1.189	283.4
1418	-0.132	-0.249	1.189	283.6
1419	-0.131	-0.251	1.199	283.8
1420	-0.131	-0.248	1.190	284.0
1421	-0.132	-0.249	1.183	284.2
1422	-0.133	-0.252	1.199	284.4
1423	-0.130	-0.247	1.196	284.6
1424	-0.134	-0.250	1.186	284.8
1425	-0.133	-0.251	1.189	285.0
1426	-0.132	-0.249	1.191	285.2
1427	-0.131	-0.249	1.194	285.4
1428	-0.132	-0.250	1.201	285.6
1429	-0.132	-0.250	1.183	285.8
1430	-0.132	-0.251	1.187	286.0
1431	-0.131	-0.249	1.199	286.2
1432	-0.132	-0.247	1.191	286.4
1433	-0.132	-0.250	1.188	286.6
1434	-0.132	-0.247	1.198	286.8
1435	-0.133	-0.248	1.191	287.0
1436	-0.130	-0.252	1.182	287.2
1437	-0.132	-0.252	1.197	287.4
1438	-0.132	-0.249	1.194	287.6
1439	-0.131	-0.248	1.190	287.8
1440	-0.130	-0.248	1.197	288.0
1441	-0.132	-0.251	1.188	288.2
1442	-0.131	-0.251	1.189	288.4
1443	-0.131	-0.248	1.202	288.6
1444	-0.131	-0.249	1.187	288.8
1445	-0.131	-0.248	1.184	289.0
1446	-0.131	-0.248	1.197	289.2
1447	-0.130	-0.246	1.191	289.4
1448	-0.133	-0.251	1.183	289.6
1449	-0.130	-0.250	1.191	289.8
1450	-0.129	-0.248	1.193	290.0
1451	-0.131	-0.251	1.190	290.2
1452	-0.131	-0.247	1.193	290.4
1453	-0.131	-0.247	1.189	290.6
1454	-0.132	-0.250	1.187	290.8
1455	-0.130	-0.251	1.196	291.0
1456	-0.129	-0.247	1.202	291.2
1457	-0.132	-0.249	1.185	291.4
1458	-0.132	-0.250	1.184	291.6
1459	-0.131	-0.250	1.191	291.8
1460	-0.132	-0.249	1.190	292.0
1461	-0.131	-0.247	1.191	292.2
1462	-0.129	-0.251	1.190	292.4
1463	-0.132	-0.249	1.185	292.6
1464	-0.133	-0.250	1.199	292.8
1465	-0.132	-0.248	1.188	293.0
1466	-0.131	-0.252	1.187	293.2
1467	-0.131	-0.247	1.196	293.4
1468	-0.131	-0.249	1.192	293.6
1469	-0.131	-0.248	1.193	293.8
1470	-0.129	-0.249	1.191	294.0
1471	-0.133	-0.249	1.190	294.2
1472	-0.129	-0.248	1.195	294.4
1473	-0.130	-0.250	1.194	294.6
1474	-0.132	-0.248	1.181	294.8
1475	-0.131	-0.250	1.189	295.0
1476	-0.134	-0.247	1.199	295.2
1477	-0.131	-0.252	1.183	295.4
1478	-0.131	-0.250	1.188	295.6
1479	-0.130	-0.249	1.203	295.8
1480	-0.131	-0.251	1.193	296.0
1481	-0.133	-0.249	1.182	296.2
1482	-0.134	-0.250	1.189	296.4
1483	-0.128	-0.247	1.192	296.6
1484	-0.130	-0.248	1.190	296.8
1485	-0.131	-0.251	1.186	297.0
1486	-0.131	-0.248	1.191	297.2
1487	-0.130	-0.247	1.197	297.4
1488	-0.131	-0.250	1.190	297.6
1489	-0.130	-0.250	1.186	297.8
1490	-0.130	-0.249	1.192	298.0
1491	-0.130	-0.246	1.198	298.2
1492	-0.131	-0.249	1.188	298.4
1493	-0.131	-0.248	1.189	298.6
1494	-0.131	-0.246	1.196	298.8
1495	-0.130	-0.250	1.191	299.0
1496	-0.132	-0.247	1.189	299.2
1497	-0.131	-0.248	1.190	299.4
1498	-0.129	-0.248	1.192	299.6
1499	-0.132	-0.248	1.194	299.8
1500	-0.130	-0.248	1.190	300.0
1501	-0.132	-0.249	1.184	300.2
1502	-0.132	-0.248	1.197	300.4
1503	-0.131	-0.248	1.189	300.6
1504	-0.132	-0.248	1.179	300.8
1505	-0.132	-0.248	1.197	301.0
1506	-0.128	-0.248	1.207	301.2
1507	-0.132	-0.250	1.178	301.4
1508	-0.132	-0.252	1.169	301.6
1509	-0.132	-0.246	1.199	301.8
1510	-0.130	-0.247	1.202	302.0
1511	-0.131	-0.247	1.180	302.2
1512	-0.133	-0.249	1.183	302.4
1513	-0.132	-0.250	1.185	302.6
1514	-0.131	-0.246	1.200	302.8
1515	-0.131	-0.248	1.190	303.0
1516	-0.131	-0.248	1.175	303.2
1517	-0.132	-0.243	1.194	303.4
1518	-0.160	-0.312	1.443	303.6
1519	-0.220	-0.469	1.556	303.8
1520	-0.210	-0.454	1.540	304.0
1521	-0.213	-0.448	1.522	304.2
1522	-0.207	-0.441	1.524	304.4
1523	-0.208	-0.435	1.515	304.6
1524	-0.205	-0.437	1.515	304.8
1525	-0.203	-0.432	1.507	305.0
1526	-0.204	-0.430	1.498	305.2
1527	-0.203	-0.428	1.498	305.4
1528	-0.202	-0.424	1.500	305.6
1529	-0.204	-0.424	1.484	305.8
1530	-0.201	-0.426	1.487	306.0
1531	-0.200	-0.420	1.498	306.2
1532	-0.199	-0.420	1.488	306.4
1533	-0.198	-0.421	1.482	306.6
1534	-0.200	-0.418	1.483	306.8
1535	-0.199	-0.418	1.473	307.0
1536	-0.197	-0.418	1.473	307.2
1537	-0.199	-0.418	1.476	307.4
1538	-0.196	-0.417	1.480	307.6
1539	-0.196	-0.414	1.473	307.8
1540	-0.198	-0.415	1.471	308.0
1541	-0.195	-0.413	1.475	308.2
1542	-0.193	-0.411	1.472	308.4
1543	-0.196	-0.411	1.472	308.6
1544	-0.194	-0.411	1.463	308.8
1545	-0.195	-0.410	1.468	309.0
1546	-0.195	-0.408	1.473	309.2
1547	-0.196	-0.409	1.463	309.4
1548	-0.194	-0.412	1.466	309.6
1549	-0.193	-0.410	1.467	309.8
1550	-0.192	-0.407	1.459	310.0
1551	-0.195	-0.408	1.464	310.2
1552	-0.192	-0.406	1.466	310.4
1553	-0.194	-0.407	1.455	310.6
1554	-0.192	-0.407	1.459	310.8
1555	-0.193	-0.407	1.460	311.0
1556	-0.193	-0.408	1.456	311.2
1557	-0.191	-0.405	1.459	311.4
1558	-0.193	-0.402	1.457	311.6
1559	-0.192	-0.405	1.452	311.8
1560	-0.191	-0.406	1.458	312.0
1561	-0.190	-0.404	1.460	312.2
1562	-0.191	-0.404	1.454	312.4
1563	-0.191	-0.404	1.454	312.6
1564	-0.193	-0.402	1.459	312.8
1565	-0.190	-0.401	1.455	313.0
1566	-0.190	-0.404	1.446	313.2
1567	-0.191	-0.405	1.456	313.4
1568	-0.192	-0.402	1.456	313.6
1569	-0.189	-0.400	1.450	313.8
1570	-0.191	-0.399	1.454	314.0
1571	-0.189	-0.402	1.448	314.2
1572	-0.191	-0.399	1.446	314.4
1573	-0.189	-0.398	1.454	314.6
1574	-0.190	-0.403	1.446	314.8
1575	-0.191	-0.398	1.450	315.0
1576	-0.189	-0.399	1.459	315.2
1577	-0.189	-0.399	1.439	315.4
1578	-0.189	-0.399	1.448	315.6
1579	-0.189	-0.398	1.448	315.8
1580	-0.189	-0.399	1.443	316.0
1581	-0.189	-0.398	1.452	316.2
1582	-0.188	-0.399	1.449	316.4
1583	-0.190	-0.398	1.441	316.6
1584	-0.186	-0.398	1.445	316.8
1585	-0.188	-0.401	1.446	317.0
1586	-0.189	-0.398	1.444	317.2
1587	-0.187	-0.398	1.444	317.4
1588	-0.190	-0.396	1.447	317.6
1589	-0.190	-0.399	1.437	317.8
1590	-0.188	-0.396	1.441	318.0
1591	-0.188	-0.397	1.447	318.2
1592	-0.187	-0.393	1.447	318.4
1593	-0.189	-0.395	1.434	318.6
1594	-0.189	-0.399	1.444	318.8
1595	-0.187	-0.395	1.436	319.0
1596	-0.187	-0.398	1.441	319.2
1597	-0.187	-0.397	1.446	319.4
1598	-0.187	-0.395	1.440	319.6
1599	-0.189	-0.396	1.438	319.8
1600	-0.187	-0.394	1.446	320.0
1601	-0.189	-0.396	1.435	320.2
1602	-0.188	-0.395	1.446	320.4
1603	-0.186	-0.394	1.450	320.6
1604	-0.187	-0.395	1.440	320.8
1605	-0.187	-0.395	1.432	321.0
1606	-0.186	-0.394	1.444	321.2
1607	-0.187	-0.393	1.446	321.4
1608	-0.186	-0.395	1.437	321.6
1609	-0.188	-0.392	1.444	321.8
1610	-0.187	-0.393	1.437	322.0
1611	-0.188	-0.395	1.442	322.2
1612	-0.188	-0.391	1.440	322.4
1613	-0.187	-0.393	1.431	322.6
1614	-0.186	-0.392	1.438	322.8
1615	-0.183	-0.393	1.444	323.0
1616	-0.186	-0.391	1.432	323.2
1617	-0.186	-0.392	1.436	323.4
1618	-0.184	-0.390	1.439	323.6
1619	-0.187	-0.391	1.435	323.8
1620	-0.184	-0.395	1.437	324.0
1621	-0.186	-0.392	1.433	324.2
1622	-0.184	-0.393	1.433	324.4
1623	-0.186	-0.391	1.437	324.6
1624	-0.187	-0.391	1.441	324.8
1625	-0.185	-0.392	1.436	325.0
1626	-0.184	-0.389	1.437	325.2
1627	-0.185	-0.394	1.433	325.4
1628	-0.187	-0.394	1.431	325.6
1629	-0.187	-0.388	1.437	325.8
1630	-0.187	-0.392	1.439	326.0
1631	-0.184	-0.394	1.432	326.2
1632	-0.186	-0.390	1.439	326.4
1633	-0.185	-0.391	1.437	326.6
1634	-0.185	-0.391	1.429	326.8
1635	-0.185	-0.392	1.433	327.0
1636	-0.184	-0.390	1.439	327.2
1637	-0.182	-0.391	1.429	327.4
1638	-0.186	-0.392	1.426	327.6
1639	-0.186	-0.391	1.440	327.8
1640	-0.183	-0.390	1.442	328.0
1641	-0.184	-0.389	1.429	328.2
1642	-0.186	-0.389	1.431	328.4
1643	-0.182	-0.389	1.433	328.6
1644	-0.186	-0.390	1.438	328.8
1645	-0.184	-0.389	1.437	329.0
1646	-0.184	-0.390	1.425	329.2
1647	-0.186	-0.392	1.439	329.4
1648	-0.188	-0.389	1.438	329.6
1649	-0.185	-0.392	1.431	329.8
1650	-0.185	-0.390	1.435	330.0
1651	-0.184	-0.391	1.437	330.2
1652	-0.185	-0.389	1.430	330.4
1653	-0.184	-0.391	1.429	330.6
1654	-0.188	-0.392	1.438	330.8
1655	-0.186	-0.390	1.434	331.0
1656	-0.186	-0.391	1.432	331.2
1657	-0.185	-0.391	1.431	331.4
1658	-0.186	-0.387	1.431	331.6
1659	-0.186	-0.390	1.433	331.8
1660	-0.184	-0.390	1.431	332.0
1661	-0.184	-0.390	1.426	332.2
1662	-0.184	-0.391	1.430	332.4
1663	-0.184	-0.387	1.437	332.6
1664	-0.186	-0.390	1.432	332.8
1665	-0.184	-0.389	1.429	333.0
1666	-0.185	-0.389	1.431	333.2
1667	-0.183	-0.390	1.431	333.4
1668	-0.185	-0.391	1.438	333.6
1669	-0.186	-0.388	1.430	333.8
1670	-0.184	-0.389	1.430	334.0
1671	-0.187	-0.388	1.439	334.2
1672	-0.187	-0.391	1.423	334.4
1673	-0.184	-0.391	1.423	334.6
1674	-0.186	-0.387	1.438	334.8
1675	-0.186	-0.388	1.434	335.0
1676	-0.185	-0.389	1.428	335.2
1677	-0.186	-0.388	1.435	335.4
1678	-0.185	-0.389	1.434	335.6
1679	-0.185	-0.389	1.430	335.8
1680	-0.185	-0.389	1.430	336.0
1681	-0.185	-0.387	1.437	336.2
1682	-0.185	-0.387	1.431	336.4
1683	-0.185	-0.389	1.431	336.6
1684	-0.185	-0.388	1.432	336.8
1685	-0.185	-0.390	1.433	337.0
1686	-0.184	-0.388	1.436	337.2
1687	-0.184	-0.388	1.428	337.4
1688	-0.184	-0.388	1.433	337.6
1689	-0.185	-0.389	1.436	337.8
1690	-0.185	-0.389	1.430	338.0
1691	-0.182	-0.386	1.424	338.2
1692	-0.183	-0.388	1.433	338.4
1693	-0.183	-0.388	1.434	338.6
1694	-0.183	-0.383	1.427	338.8
1695	-0.184	-0.389	1.432	339.0
1696	-0.183	-0.386	1.431	339.2
1697	-0.183	-0.388	1.423	339.4
1698	-0.183	-0.387	1.436	339.6
1699	-0.184	-0.386	1.431	339.8
1700	-0.185	-0.386	1.426	340.0
1701	-0.183	-0.386	1.430	340.2
1702	-0.184	-0.388	1.424	340.4
1703	-0.185	-0.388	1.431	340.6
1704	-0.183	-0.385	1.433	340.8
1705	-0.184	-0.389	1.425	341.0
1706	-0.185	-0.385	1.427	341.2
1707	-0.183	-0.387	1.433	341.4
1708	-0.184	-0.387	1.425	341.6
1709	-0.185	-0.384	1.428	341.8
1710	-0.182	-0.388	1.434	342.0
1711	-0.185	-0.387	1.426	342.2
1712	-0.185	-0.388	1.431	342.4
1713	-0.185	-0.387	1.432	342.6
1714	-0.186	-0.386	1.431	342.8
1715	-0.182	-0.387	1.430	343.0
1716	-0.184	-0.387	1.431	343.2
1717	-0.184	-0.385	1.430	343.4
1718	-0.186	-0.388	1.425	343.6
1719	-0.184	-0.387	1.431	343.8
1720	-0.183	-0.386	1.423	344.0
1721	-0.185	-0.387	1.427	344.2
1722	-0.183	-0.387	1.435	344.4
1723	-0.185	-0.387	1.421	344.6
1724	-0.183	-0.384	1.427	344.8
1725	-0.183	-0.387	1.430	345.0
1726	-0.184	-0.387	1.421	345.2
1727	-0.182	-0.383	1.434	345.4
1728	-0.185	-0.386	1.423	345.6
1729	-0.185	-0.383	1.425	345.8
1730	-0.182	-0.388	1.429	346.0
1731	-0.185	-0.386	1.429	346.2
1732	-0.184	-0.388	1.424	346.4
1733	-0.182	-0.386	1.429	346.6
1734	-0.183	-0.385	1.427	346.8
1735	-0.181	-0.386	1.418	347.0
1736	-0.185	-0.385	1.429	347.2
1737	-0.182	-0.386	1.427	347.4
1738	-0.183	-0.386	1.429	347.6
1739	-0.183	-0.388	1.428	347.8
1740	-0.183	-0.385	1.425	348.0
1741	-0.184	-0.383	1.427	348.2
1742	-0.184	-0.386	1.427	348.4
1743	-0.184	-0.386	1.427	348.6
1744	-0.183	-0.384	1.427	348.8
1745	-0.183	-0.387	1.424	349.0
1746	-0.184	-0.387	1.429	349.2
1747	-0.182	-0.385	1.424	349.4
1748	-0.185	-0.386	1.429	349.6
1749	-0.182	-0.385	1.427	349.8
1750	-0.181	-0.386	1.417	350.0
1751	-0.182	-0.385	1.427	350.2
1752	-0.181	-0.383	1.424	350.4
1753	-0.181	-0.384	1.422	350.6
1754	-0.182	-0.385	1.421	350.8
1755	-0.181	-0.386	1.426	351.0
1756	-0.182	-0.385	1.421	351.2
1757	-0.183	-0.385	1.425	351.4
1758	-0.182	-0.383	1.422	351.6
1759	-0.181	-0.384	1.419	351.8
1760	-0.180	-0.381	1.428	352.0
1761	-0.179	-0.383	1.421	352.2
1762	-0.180	-0.383	1.422	352.4
1763	-0.181	-0.384	1.425	352.6
1764	-0.179	-0.384	1.418	352.8
1765	-0.182	-0.381	1.419	353.0
1766	-0.183	-0.382	1.426	353.2
1767	-0.178	-0.382	1.417	353.4
1768	-0.181	-0.381	1.419	353.6
1769	-0.180	-0.382	1.424	353.8
1770	-0.179	-0.382	1.418	354.0
1771	-0.181	-0.381	1.418	354.2
1772	-0.183	-0.382	1.425	354.4
1773	-0.178	-0.380	1.416	354.6
1774	-0.180	-0.385	1.415	354.8
1775	-0.180	-0.380	1.425	355.0
1776	-0.179	-0.381	1.417	355.2
1777	-0.180	-0.380	1.418	355.4
1778	-0.180	-0.383	1.424	355.6
1779	-0.178	-0.382	1.414	355.8
1780	-0.177	-0.380	1.427	356.0
1781	-0.178	-0.382	1.422	356.2
1782	-0.179	-0.379	1.416	356.4
1783	-0.178	-0.379	1.421	356.6
1784	-0.180	-0.383	1.424	356.8
1785	-0.179	-0.380	1.419	357.0
1786	-0.180	-0.381	1.421	357.2
1787	-0.179	-0.379	1.419	357.4
1788	-0.181	-0.381	1.415	357.6
1789	-0.181	-0.379	1.420	357.8
1790	-0.180	-0.380	1.417	358.0
1791	-0.181	-0.381	1.415	358.2
1792	-0.179	-0.379	1.419	358.4
1793	-0.179	-0.381	1.418	358.6
1794	-0.180	-0.376	1.416	358.8
1795	-0.182	-0.382	1.420	359.0
1796	-0.178	-0.380	1.423	359.2
1797	-0.179	-0.381	1.419	359.4
1798	-0.181	-0.383	1.426	359.6
1799	-0.178	-0.380	1.415	359.8
1800	-0.180	-0.379	1.414	360.0
1801	-0.179	-0.378	1.427	360.2
1802	-0.180	-0.383	1.417	360.4
1803	-0.179	-0.383	1.416	360.6
1804	-0.178	-0.380	1.425	360.8
1805	-0.181	-0.382	1.422	361.0
1806	-0.181	-0.382	1.410	361.2
1807	-0.179	-0.379	1.421	361.4
1808	-0.179	-0.380	1.425	361.6
1809	-0.181	-0.377	1.420	361.8
1810	-0.179	-0.383	1.421	362.0
1811	-0.180	-0.379	1.417	362.2
1812	-0.181	-0.379	1.417	362.4
1813	-0.180	-0.381	1.426	362.6
1814	-0.181	-0.381	1.416	362.8
1815	-0.181	-0.379	1.422	363.0
1816	-0.180	-0.380	1.430	363.2
1817	-0.178	-0.381	1.414	363.4
1818	-0.182	-0.381	1.421	363.6
1819	-0.180	-0.381	1.429	363.8
1820	-0.180	-0.380	1.421	364.0
1821	-0.180	-0.380	1.421	364.2
1822	-0.181	-0.380	1.419	364.4
1823	-0.181	-0.378	1.418	364.6
1824	-0.182	-0.380	1.420	364.8
1825	-0.182	-0.380	1.422	365.0
1826	-0.179	-0.381	1.416	365.2
1827	-0.181	-0.379	1.419	365.4
1828	-0.179	-0.380	1.419	365.6
1829	-0.179	-0.378	1.416	365.8
1830	-0.182	-0.379	1.427	366.0
1831	-0.177	-0.379	1.430	366.2
1832	-0.179	-0.378	1.414	366.4
1833	-0.179	-0.380	1.425	366.6
1834	-0.181	-0.379	1.421	366.8
1835	-0.181	-0.380	1.421	367.0
1836	-0.180	-0.380	1.424	367.2
1837	-0.181	-0.382	1.422	367.4
1838	-0.179	-0.378	1.420	367.6
1839	-0.177	-0.382	1.421	367.8
1840	-0.181	-0.381	1.420	368.0
1841	-0.179	-0.379	1.421	368.2
1842	-0.180	-0.379	1.425	368.4
1843	-0.178	-0.379	1.423	368.6
1844	-0.178	-0.382	1.418	368.8
1845	-0.180	-0.380	1.424	369.0
1846	-0.181	-0.380	1.419	369.2
1847	-0.183	-0.381	1.424	369.4
1848	-0.180	-0.381	1.427	369.6
1849	-0.179	-0.382	1.417	369.8
1850	-0.179	-0.379	1.415	370.0
1851	-0.181	-0.381	1.422	370.2
1852	-0.180	-0.381	1.421	370.4
1853	-0.180	-0.379	1.419	370.6
1854	-0.179	-0.381	1.425	370.8
1855	-0.182	-0.379	1.417	371.0
1856	-0.178	-0.382	1.419	371.2
1857	-0.180	-0.382	1.427	371.4
1858	-0.180	-0.381	1.411	371.6
1859	-0.182	-0.381	1.417	371.8
1860	-0.181	-0.378	1.423	372.0
1861	-0.179	-0.381	1.419	372.2
1862	-0.181	-0.381	1.415	372.4
1863	-0.179	-0.380	1.419	372.6
1864	-0.182	-0.381	1.416	372.8
1865	-0.181	-0.377	1.416	373.0
1866	-0.180	-0.380	1.418	373.2
1867	-0.180	-0.380	1.413	373.4
1868	-0.183	-0.381	1.421	373.6
1869	-0.179	-0.380	1.415	373.8
1870	-0.182	-0.376	1.407	374.0
1871	-0.181	-0.380	1.421	374.2
1872	-0.182	-0.380	1.422	374.4
1873	-0.183	-0.378	1.412	374.6
1874	-0.181	-0.379	1.418	374.8
1875	-0.179	-0.379	1.413	375.0
1876	-0.182	-0.378	1.415	375.2
1877	-0.181	-0.376	1.422	375.4
1878	-0.179	-0.377	1.420	375.6
1879	-0.182	-0.380	1.415	375.8
1880	-0.181	-0.377	1.420	376.0
1881	-0.180	-0.376	1.415	376.2
1882	-0.182	-0.378	1.415	376.4
1883	-0.180	-0.377	1.423	376.6
1884	-0.181	-0.378	1.415	376.8
1885	-0.182	-0.377	1.413	377.0
1886	-0.181	-0.377	1.419	377.2
1887	-0.180	-0.376	1.411	377.4
1888	-0.182	-0.373	1.413	377.6
1889	-0.181	-0.377	1.420	377.8
1890	-0.181	-0.376	1.411	378.0
1891	-0.182	-0.378	1.416	378.2
1892	-0.181	-0.379	1.410	378.4
1893	-0.182	-0.374	1.411	378.6
1894	-0.180	-0.377	1.414	378.8
1895	-0.181	-0.373	1.421	379.0
1896	-0.181	-0.378	1.411	379.2
1897	-0.181	-0.378	1.415	379.4
1898	-0.181	-0.377	1.417	379.6
1899	-0.181	-0.377	1.411	379.8
1900	-0.182	-0.379	1.415	380.0
1901	-0.181	-0.376	1.416	380.2
1902	-0.182	-0.380	1.412	380.4
1903	-0.182	-0.377	1.418	380.6
1904	-0.183	-0.380	1.413	380.8
1905	-0.183	-0.379	1.408	381.0
1906	-0.182	-0.378	1.423	381.2
1907	-0.183	-0.380	1.417	381.4
1908	-0.181	-0.377	1.415	381.6
1909	-0.181	-0.379	1.418	381.8
1910	-0.183	-0.383	1.416	382.0
1911	-0.180	-0.380	1.415	382.2
1912	-0.181	-0.381	1.417	382.4
1913	-0.181	-0.379	1.415	382.6
1914	-0.183	-0.380	1.418	382.8
1915	-0.180	-0.381	1.418	383.0
1916	-0.183	-0.380	1.415	383.2
1917	-0.182	-0.380	1.418	383.4
1918	-0.183	-0.378	1.422	383.6
1919	-0.183	-0.379	1.409	383.8
1920	-0.183	-0.379	1.418	384.0
1921	-0.181	-0.381	1.416	384.2
1922	-0.183	-0.381	1.417	384.4
1923	-0.183	-0.379	1.420	384.6
1924	-0.181	-0.380	1.417	384.8
1925	-0.183	-0.381	1.414	385.0
1926	-0.184	-0.379	1.420	385.2
1927	-0.183	-0.381	1.417	385.4
1928	-0.181	-0.379	1.416	385.6
1929	-0.181	-0.380	1.425	385.8
1930	-0.183	-0.380	1.419	386.0
1931	-0.186	-0.380	1.418	386.2
1932	-0.182	-0.382	1.419	386.4
1933	-0.182	-0.378	1.418	386.6
1934	-0.184	-0.382	1.419	386.8
1935	-0.183	-0.380	1.422	387.0
1936	-0.183	-0.379	1.416	387.2
1937	-0.182	-0.380	1.416	387.4
1938	-0.181	-0.380	1.421	387.6
1939	-0.185	-0.380	1.419	387.8
1940	-0.183	-0.380	1.417	388.0
1941	-0.183	-0.382	1.417	388.2
1942	-0.181	-0.380	1.421	388.4
1943	-0.180	-0.378	1.415	388.6
1944	-0.183	-0.378	1.422	388.8
1945	-0.181	-0.380	1.414	389.0
1946	-0.180	-0.377	1.415	389.2
1947	-0.179	-0.380	1.427	389.4
1948	-0.182	-0.377	1.413	389.6
1949	-0.181	-0.380	1.419	389.8
1950	-0.181	-0.380	1.421	390.0
1951	-0.180	-0.378	1.413	390.2
1952	-0.181	-0.380	1.419	390.4
1953	-0.180	-0.378	1.423	390.6
1954	-0.183	-0.378	1.414	390.8
1955	-0.180	-0.377	1.418	391.0
1956	-0.183	-0.380	1.416	391.2
1957	-0.181	-0.380	1.416	391.4
1958	-0.181	-0.379	1.421	391.6
1959	-0.181	-0.379	1.419	391.8
1960	-0.182	-0.377	1.411	392.0
1961	-0.182	-0.377	1.423	392.2
1962	-0.183	-0.379	1.415	392.4
1963	-0.182	-0.377	1.403	392.6
1964	-0.180	-0.380	1.424	392.8
1965	-0.181	-0.375	1.421	393.0
1966	-0.181	-0.377	1.411	393.2
1967	-0.182	-0.378	1.419	393.4
1968	-0.181	-0.375	1.418	393.6
1969	-0.183	-0.377	1.416	393.8
1970	-0.181	-0.375	1.417	394.0
1971	-0.181	-0.377	1.412	394.2
1972	-0.181	-0.374	1.415	394.4
1973	-0.182	-0.376	1.421	394.6
1974	-0.181	-0.376	1.407	394.8
1975	-0.181	-0.377	1.415	395.0
1976	-0.181	-0.376	1.423	395.2
1977	-0.182	-0.374	1.410	395.4
1978	-0.182	-0.376	1.412	395.6
1979	-0.183	-0.378	1.416	395.8
1980	-0.182	-0.373	1.417	396.0
1981	-0.181	-0.376	1.419	396.2
1982	-0.180	-0.373	1.413	396.4
1983	-0.183	-0.376	1.413	396.6
1984	-0.182	-0.377	1.417	396.8
1985	-0.181	-0.376	1.418	397.0
1986	-0.182	-0.376	1.412	397.2
1987	-0.181	-0.374	1.420	397.4
1988	-0.179	-0.375	1.413	397.6
1989	-0.183	-0.374	1.411	397.8
1990	-0.184	-0.376	1.418	398.0
1991	-0.181	-0.377	1.417	398.2
1992	-0.181	-0.376	1.413	398.4
1993	-0.182	-0.377	1.418	398.6
1994	-0.181	-0.377	1.405	398.8
1995	-0.183	-0.375	1.412	399.0
1996	-0.181	-0.374	1.421	399.2
1997	-0.181	-0.375	1.412	399.4
1998	-0.181	-0.377	1.409	399.6
1999	-0.182	-0.374	1.417	399.8
2000	-0.180	-0.377	1.407	400.0
2001	-0.182	-0.373	1.411	400.2
2002	-0.182	-0.375	1.419	400.4
2003	-0.179	-0.373	1.410	400.6
2004	-0.182	-0.373	1.411	400.8
2005	-0.180	-0.373	1.414	401.0
2006	-0.182	-0.373	1.410	401.2
2007	-0.184	-0.374	1.417	401.4
2008	-0.182	-0.372	1.417	401.6
2009	-0.181	-0.376	1.406	401.8
2010	-0.181	-0.371	1.412	402.0
2011	-0.180	-0.374	1.414	402.2
2012	-0.182	-0.372	1.412	402.4
2013	-0.180	-0.374	1.415	402.6
2014	-0.181	-0.375	1.413	402.8
2015	-0.181	-0.372	1.405	403.0
2016	-0.182	-0.374	1.415	403.2
2017	-0.182	-0.372	1.410	403.4
2018	-0.181	-0.373	1.407	403.6
2019	-0.244	-0.538	1.815	403.8
2020	-0.268	-0.619	1.813	404.0
2021	-0.262	-0.606	1.782	404.2
2022	-0.261	-0.598	1.798	404.4
2023	-0.258	-0.593	1.782	404.6
2024	-0.257	-0.593	1.767	404.8
2025	-0.257	-0.590	1.774	405.0
2026	-0.254	-0.586	1.778	405.2
2027	-0.253	-0.583	1.763	405.4
2028	-0.252	-0.583	1.759	405.6
2029	-0.252	-0.578	1.752	405.8
2030	-0.246	-0.573	1.758	406.0
2031	-0.252	-0.578	1.758	406.2
2032	-0.251	-0.575	1.741	406.4
2033	-0.249	-0.572	1.751	406.6
2034	-0.248	-0.569	1.749	406.8
2035	-0.250	-0.568	1.733	407.0
2036	-0.246	-0.567	1.742	407.2
2037	-0.248	-0.567	1.744	407.4
2038	-0.245	-0.562	1.733	407.6
2039	-0.245	-0.563	1.729	407.8
2040	-0.246	-0.562	1.731	408.0
2041	-0.245	-0.562	1.729	408.2
2042	-0.246	-0.558	1.725	408.4
2043	-0.245	-0.561	1.725	408.6
2044	-0.244	-0.558	1.721	408.8
2045	-0.243	-0.556	1.730	409.0
2046	-0.244	-0.557	1.712	409.2
2047	-0.244	-0.558	1.715	409.4
2048	-0.242	-0.554	1.726	409.6
2049	-0.241	-0.555	1.720	409.8
2050	-0.240	-0.554	1.715	410.0
2051	-0.239	-0.554	1.714	410.2
2052	-0.242	-0.551	1.715	410.4
2053	-0.240	-0.550	1.712	410.6
2054	-0.239	-0.550	1.711	410.8
2055	-0.242	-0.549	1.709	411.0
2056	-0.238	-0.550	1.711	411.2
2057	-0.240	-0.549	1.708	411.4
2058	-0.240	-0.548	1.706	411.6
2059	-0.240	-0.547	1.705	411.8
2060	-0.242	-0.547	1.704	412.0
2061	-0.240	-0.546	1.700	412.2
2062	-0.238	-0.547	1.704	412.4
2063	-0.239	-0.544	1.699	412.6
2064	-0.240	-0.543	1.697	412.8
2065	-0.240	-0.543	1.700	413.0
2066	-0.238	-0.539	1.698	413.2
2067	-0.239	-0.542	1.695	413.4
2068	-0.238	-0.543	1.696	413.6
2069	-0.238	-0.539	1.691	413.8
2070	-0.239	-0.540	1.694	414.0
2071	-0.239	-0.541	1.697	414.2
2072	-0.239	-0.539	1.691	414.4
2073	-0.238	-0.539	1.695	414.6
2074	-0.237	-0.539	1.696	414.8
2075	-0.239	-0.540	1.687	415.0
2076	-0.237	-0.539	1.690	415.2
2077	-0.239	-0.537	1.697	415.4
2078	-0.239	-0.539	1.693	415.6
2079	-0.238	-0.537	1.691	415.8
2080	-0.239	-0.538	1.688	416.0
2081	-0.238	-0.538	1.687	416.2
2082	-0.237	-0.536	1.687	416.4
2083	-0.237	-0.535	1.687	416.6
2084	-0.239	-0.535	1.681	416.8
2085	-0.239	-0.534	1.694	417.0
2086	-0.236	-0.533	1.685	417.2
2087	-0.238	-0.534	1.679	417.4
2088	-0.237	-0.534	1.687	417.6
2089	-0.236	-0.536	1.677	417.8
2090	-0.237	-0.532	1.682	418.0
2091	-0.237	-0.533	1.689	418.2
2092	-0.236	-0.534	1.684	418.4
2093	-0.236	-0.533	1.680	418.6
2094	-0.236	-0.530	1.680	418.8
2095	-0.234	-0.530	1.682	419.0
2096	-0.236	-0.531	1.681	419.2
2097	-0.236	-0.530	1.680	419.4
2098	-0.234	-0.528	1.679	419.6
2099	-0.235	-0.530	1.677	419.8
2100	-0.236	-0.530	1.687	420.0
2101	-0.233	-0.530	1.677	420.2
2102	-0.235	-0.531	1.679	420.4
2103	-0.234	-0.530	1.685	420.6
2104	-0.236	-0.530	1.672	420.8
2105	-0.235	-0.530	1.680	421.0
2106	-0.236	-0.527	1.677	421.2
2107	-0.236	-0.528	1.675	421.4
2108	-0.233	-0.530	1.683	421.6
2109	-0.236	-0.528	1.676	421.8
2110	-0.233	-0.527	1.673	422.0
2111	-0.235	-0.529	1.681	422.2
2112	-0.235	-0.530	1.675	422.4
2113	-0.234	-0.528	1.670	422.6
2114	-0.235	-0.529	1.681	422.8
2115	-0.233	-0.529	1.679	423.0
2116	-0.234	-0.530	1.674	423.2
2117	-0.234	-0.526	1.679	423.4
2118	-0.231	-0.527	1.673	423.6
2119	-0.233	-0.528	1.679	423.8
2120	-0.236	-0.529	1.679	424.0
2121	-0.232	-0.527	1.673	424.2
2122	-0.236	-0.529	1.672	424.4
2123	-0.234	-0.528	1.679	424.6
2124	-0.234	-0.527	1.667	424.8
2125	-0.234	-0.526	1.674	425.0
2126	-0.232	-0.527	1.677	425.2
2127	-0.234	-0.526	1.668	425.4
2128	-0.233	-0.527	1.674	425.6
2129	-0.233	-0.527	1.672	425.8
2130	-0.233	-0.526	1.671	426.0
2131	-0.235	-0.526	1.675	426.2
2132	-0.234	-0.526	1.668	426.4
2133	-0.234	-0.526	1.669	426.6
2134	-0.232	-0.525	1.673	426.8
2135	-0.235	-0.525	1.667	427.0
2136	-0.232	-0.525	1.667	427.2
2137	-0.234	-0.525	1.671	427.4
2138	-0.234	-0.526	1.669	427.6
2139	-0.231	-0.524	1.667	427.8
2140	-0.233	-0.524	1.671	428.0
2141	-0.233	-0.521	1.671	428.2
2142	-0.232	-0.520	1.663	428.4
2143	-0.236	-0.522	1.670	428.6
2144	-0.231	-0.523	1.666	428.8
2145	-0.234	-0.524	1.665	429.0
2146	-0.232	-0.522	1.669	429.2
2147	-0.232	-0.521	1.665	429.4
2148	-0.232	-0.520	1.668	429.6
2149	-0.233	-0.523	1.669	429.8
2150	-0.229	-0.522	1.659	430.0
2151	-0.233	-0.525	1.670	430.2
2152	-0.233	-0.521	1.662	430.4
2153	-0.232	-0.523	1.659	430.6
2154	-0.231	-0.523	1.663	430.8
2155	-0.235	-0.523	1.663	431.0
2156	-0.233	-0.521	1.661	431.2
2157	-0.232	-0.522	1.668	431.4
2158	-0.232	-0.521	1.661	431.6
2159	-0.232	-0.524	1.668	431.8
2160	-0.232	-0.522	1.665	432.0
2161	-0.231	-0.522	1.662	432.2
2162	-0.230	-0.520	1.663	432.4
2163	-0.230	-0.519	1.671	432.6
2164	-0.232	-0.521	1.662	432.8
2165	-0.233	-0.521	1.660	433.0
2166	-0.233	-0.521	1.665	433.2
2167	-0.231	-0.522	1.666	433.4
2168	-0.232	-0.522	1.660	433.6
2169	-0.233	-0.519	1.668	433.8
2170	-0.229	-0.521	1.659	434.0
2171	-0.233	-0.521	1.664	434.2
2172	-0.232	-0.522	1.667	434.4
2173	-0.229	-0.521	1.654	434.6
2174	-0.230	-0.520	1.663	434.8
2175	-0.229	-0.519	1.662	435.0
2176	-0.232	-0.521	1.659	435.2
2177	-0.229	-0.521	1.661	435.4
2178	-0.230	-0.523	1.657	435.6
2179	-0.228	-0.522	1.655	435.8
2180	-0.228	-0.524	1.663	436.0
2181	-0.230	-0.521	1.657	436.2
2182	-0.231	-0.524	1.661	436.4
2183	-0.231	-0.519	1.660	436.6
2184	-0.231	-0.519	1.658	436.8
2185	-0.228	-0.518	1.657	437.0
2186	-0.231	-0.521	1.662	437.2
2187	-0.228	-0.519	1.657	437.4
2188	-0.229	-0.521	1.660	437.6
2189	-0.230	-0.520	1.659	437.8
2190	-0.232	-0.520	1.652	438.0
2191	-0.231	-0.520	1.659	438.2
2192	-0.230	-0.519	1.665	438.4
2193	-0.229	-0.521	1.657	438.6
2194	-0.230	-0.522	1.659	438.8
2195	-0.231	-0.522	1.667	439.0
2196	-0.228	-0.521	1.654	439.2
2197	-0.227	-0.521	1.659	439.4
2198	-0.228	-0.519	1.661	439.6
2199	-0.230	-0.519	1.657	439.8
2200	-0.229	-0.519	1.659	440.0
2201	-0.230	-0.520	1.654	440.2
2202	-0.230	-0.521	1.654	440.4
2203	-0.228	-0.517	1.660	440.6
2204	-0.231	-0.518	1.655	440.8
2205	-0.230	-0.519	1.661	441.0
2206	-0.228	-0.520	1.661	441.2
2207	-0.230	-0.519	1.651	441.4
2208	-0.229	-0.519	1.657	441.6
2209	-0.229	-0.518	1.661	441.8
2210	-0.229	-0.519	1.656	442.0
2211	-0.227	-0.520	1.656	442.2
2212	-0.228	-0.516	1.657	442.4
2213	-0.227	-0.517	1.652	442.6
2214	-0.228	-0.517	1.658	442.8
2215	-0.229	-0.516	1.661	443.0
2216	-0.227	-0.518	1.652	443.2
2217	-0.228	-0.518	1.656	443.4
2218	-0.228	-0.515	1.657	443.6
2219	-0.229	-0.516	1.654	443.8
2220	-0.228	-0.513	1.657	444.0
2221	-0.228	-0.517	1.652	444.2
2222	-0.230	-0.515	1.650	444.4
2223	-0.229	-0.516	1.658	444.6
2224	-0.230	-0.517	1.653	444.8
2225	-0.229	-0.516	1.653	445.0
2226	-0.226	-0.515	1.662	445.2
2227	-0.230	-0.517	1.650	445.4
2228	-0.229	-0.517	1.653	445.6
2229	-0.228	-0.517	1.662	445.8
2230	-0.228	-0.517	1.648	446.0
2231	-0.230	-0.517	1.651	446.2
2232	-0.232	-0.519	1.654	446.4
2233	-0.229	-0.515	1.652	446.6
2234	-0.228	-0.516	1.655	446.8
2235	-0.231	-0.515	1.649	447.0
2236	-0.231	-0.515	1.649	447.2
2237	-0.230	-0.515	1.656	447.4
2238	-0.230	-0.517	1.655	447.6
2239	-0.228	-0.517	1.647	447.8
2240	-0.229	-0.518	1.656	448.0
2241	-0.231	-0.514	1.654	448.2
2242	-0.230	-0.516	1.645	448.4
2243	-0.230	-0.516	1.650	448.6
2244	-0.229	-0.519	1.651	448.8
2245	-0.230	-0.518	1.648	449.0
2246	-0.231	-0.518	1.655	449.2
2247	-0.228	-0.516	1.648	449.4
2248	-0.229	-0.514	1.643	449.6
2249	-0.229	-0.515	1.657	449.8
2250	-0.229	-0.515	1.645	450.0
2251	-0.231	-0.518	1.646	450.2
2252	-0.231	-0.517	1.658	450.4
2253	-0.230	-0.515	1.646	450.6
2254	-0.231	-0.513	1.648	450.8
2255	-0.231	-0.518	1.645	451.0
2256	-0.230	-0.518	1.652	451.2
2257	-0.231	-0.516	1.654	451.4
2258	-0.230	-0.518	1.642	451.6
2259	-0.231	-0.515	1.642	451.8
2260	-0.229	-0.517	1.655	452.0
2261	-0.232	-0.514	1.649	452.2
2262	-0.229	-0.518	1.645	452.4
2263	-0.227	-0.517	1.651	452.6
2264	-0.230	-0.516	1.653	452.8
2265	-0.229	-0.513	1.647	453.0
2266	-0.232	-0.514	1.651	453.2
2267	-0.231	-0.512	1.645	453.4
2268	-0.231	-0.517	1.651	453.6
2269	-0.230	-0.515	1.651	453.8
2270	-0.230	-0.515	1.642	454.0
2271	-0.231	-0.516	1.649	454.2
2272	-0.228	-0.514	1.651	454.4
2273	-0.232	-0.514	1.641	454.6
2274	-0.229	-0.513	1.651	454.8
2275	-0.231	-0.514	1.653	455.0
2276	-0.227	-0.512	1.645	455.2
2277	-0.230	-0.512	1.648	455.4
2278	-0.229	-0.515	1.653	455.6
2279	-0.228	-0.514	1.645	455.8
2280	-0.228	-0.513	1.655	456.0
2281	-0.228	-0.515	1.646	456.2
2282	-0.230	-0.514	1.646	456.4
2283	-0.229	-0.513	1.656	456.6
2284	-0.229	-0.512	1.645	456.8
2285	-0.231	-0.516	1.644	457.0
2286	-0.228	-0.512	1.650	457.2
2287	-0.230	-0.512	1.645	457.4
2288	-0.231	-0.513	1.652	457.6
2289	-0.230	-0.512	1.647	457.8
2290	-0.231	-0.511	1.648	458.0
2291	-0.229	-0.512	1.647	458.2
2292	-0.229	-0.512	1.647	458.4
2293	-0.230	-0.512	1.647	458.6
2294	-0.229	-0.513	1.648	458.8
2295	-0.228	-0.510	1.648	459.0
2296	-0.230	-0.511	1.642	459.2
2297	-0.229	-0.510	1.645	459.4
2298	-0.229	-0.509	1.652	459.6
2299	-0.227	-0.513	1.640	459.8
2300	-0.230	-0.510	1.653	460.0
2301	-0.228	-0.511	1.647	460.2
2302	-0.231	-0.512	1.637	460.4
2303	-0.228	-0.511	1.649	460.6
2304	-0.230	-0.511	1.641	460.8
2305	-0.231	-0.510	1.647	461.0
2306	-0.229	-0.509	1.650	461.2
2307	-0.229	-0.510	1.640	461.4
2308	-0.228	-0.506	1.645	461.6
2309	-0.228	-0.508	1.651	461.8
2310	-0.229	-0.506	1.641	462.0
2311	-0.231	-0.507	1.645	462.2
2312	-0.227	-0.509	1.655	462.4
2313	-0.227	-0.508	1.641	462.6
2314	-0.230	-0.508	1.640	462.8
2315	-0.225	-0.508	1.642	463.0
2316	-0.225	-0.507	1.641	463.2
2317	-0.225	-0.508	1.650	463.4
2318	-0.228	-0.507	1.641	463.6
2319	-0.226	-0.505	1.641	463.8
2320	-0.228	-0.508	1.647	464.0
2321	-0.230	-0.506	1.642	464.2
2322	-0.227	-0.508	1.641	464.4
2323	-0.226	-0.508	1.646	464.6
2324	-0.228	-0.508	1.649	464.8
2325	-0.226	-0.508	1.636	465.0
2326	-0.228	-0.507	1.647	465.2
2327	-0.226	-0.506	1.647	465.4
2328	-0.226	-0.510	1.641	465.6
2329	-0.229	-0.506	1.646	465.8
2330	-0.226	-0.506	1.645	466.0
2331	-0.226	-0.506	1.638	466.2
2332	-0.227	-0.506	1.645	466.4
2333	-0.229	-0.507	1.642	466.6
2334	-0.228	-0.509	1.641	466.8
2335	-0.227	-0.507	1.647	467.0
2336	-0.225	-0.507	1.642	467.2
2337	-0.228	-0.507	1.639	467.4
2338	-0.228	-0.505	1.643	467.6
2339	-0.228	-0.506	1.639	467.8
2340	-0.226	-0.509	1.643	468.0
2341	-0.227	-0.507	1.641	468.2
2342	-0.230	-0.508	1.642	468.4
2343	-0.228	-0.506	1.645	468.6
2344	-0.227	-0.507	1.641	468.8
2345	-0.226	-0.508	1.638	469.0
2346	-0.225	-0.507	1.640	469.2
2347	-0.226	-0.505	1.643	469.4
2348	-0.225	-0.508	1.635	469.6
2349	-0.226	-0.506	1.646	469.8
2350	-0.228	-0.505	1.643	470.0
2351	-0.226	-0.507	1.642	470.2
2352	-0.226	-0.508	1.639	470.4
2353	-0.227	-0.508	1.645	470.6
2354	-0.224	-0.506	1.640	470.8
2355	-0.226	-0.506	1.647	471.0
2356	-0.226	-0.508	1.637	471.2
2357	-0.224	-0.508	1.645	471.4
2358	-0.223	-0.507	1.651	471.6
2359	-0.223	-0.508	1.640	471.8
2360	-0.226	-0.508	1.647	472.0
2361	-0.224	-0.505	1.643	472.2
2362	-0.228	-0.507	1.643	472.4
2363	-0.224	-0.507	1.646	472.6
2364	-0.224	-0.509	1.644	472.8
2365	-0.226	-0.507	1.645	473.0
2366	-0.223	-0.508	1.647	473.2
2367	-0.226	-0.506	1.644	473.4
2368	-0.227	-0.508	1.639	473.6
2369	-0.224	-0.508	1.645	473.8
2370	-0.224	-0.507	1.642	474.0
2371	-0.223	-0.509	1.642	474.2
2372	-0.222	-0.507	1.648	474.4
2373	-0.225	-0.508	1.643	474.6
2374	-0.226	-0.509	1.641	474.8
2375	-0.223	-0.509	1.644	475.0
2376	-0.224	-0.510	1.639	475.2
2377	-0.224	-0.509	1.643	475.4
2378	-0.224	-0.511	1.644	475.6
2379	-0.225	-0.510	1.641	475.8
2380	-0.224	-0.507	1.639	476.0
2381	-0.224	-0.508	1.646	476.2
2382	-0.225	-0.508	1.644	476.4
2383	-0.224	-0.505	1.644	476.6
2384	-0.223	-0.504	1.648	476.8
2385	-0.222	-0.507	1.639	477.0
2386	-0.224	-0.504	1.642	477.2
2387	-0.222	-0.505	1.649	477.4
2388	-0.223	-0.507	1.640	477.6
2389	-0.222	-0.507	1.646	477.8
2390	-0.223	-0.507	1.650	478.0
2391	-0.223	-0.506	1.640	478.2
2392	-0.223	-0.506	1.642	478.4
2393	-0.220	-0.508	1.651	478.6
2394	-0.224	-0.507	1.638	478.8
2395	-0.223	-0.506	1.645	479.0
2396	-0.223	-0.508	1.645	479.2
2397	-0.223	-0.505	1.641	479.4
2398	-0.224	-0.508	1.645	479.6
2399	-0.224	-0.508	1.641	479.8
2400	-0.223	-0.508	1.644	480.0
2401	-0.225	-0.506	1.646	480.2
2402	-0.224	-0.507	1.638	480.4
2403	-0.224	-0.508	1.639	480.6
2404	-0.225	-0.508	1.645	480.8
2405	-0.223	-0.506	1.641	481.0
2406	-0.222	-0.507	1.640	481.2
2407	-0.224	-0.506	1.642	481.4
2408	-0.223	-0.506	1.639	481.6
2409	-0.225	-0.506	1.638	481.8
2410	-0.223	-0.506	1.645	482.0
2411	-0.224	-0.507	1.636	482.2
2412	-0.222	-0.503	1.643	482.4
2413	-0.221	-0.506	1.647	482.6
2414	-0.223	-0.506	1.631	482.8
2415	-0.223	-0.509	1.639	483.0
2416	-0.222	-0.508	1.643	483.2
2417	-0.221	-0.510	1.637	483.4
2418	-0.221	-0.510	1.647	483.6
2419	-0.222	-0.511	1.641	483.8
2420	-0.221	-0.513	1.639	484.0
2421	-0.220	-0.512	1.645	484.2
2422	-0.223	-0.511	1.637	484.4
2423	-0.220	-0.512	1.643	484.6
2424	-0.222	-0.511	1.647	484.8
2425	-0.222	-0.510	1.639	485.0
2426	-0.225	-0.512	1.635	485.2
2427	-0.222	-0.510	1.644	485.4
2428	-0.221	-0.510	1.643	485.6
2429	-0.222	-0.510	1.641	485.8
2430	-0.224	-0.510	1.641	486.0
2431	-0.224	-0.508	1.635	486.2
2432	-0.220	-0.508	1.640	486.4
2433	-0.222	-0.510	1.645	486.6
2434	-0.222	-0.511	1.636	486.8
2435	-0.220	-0.509	1.645	487.0
2436	-0.223	-0.509	1.642	487.2
2437	-0.224	-0.509	1.633	487.4
2438	-0.221	-0.509	1.641	487.6
2439	-0.222	-0.508	1.641	487.8
2440	-0.222	-0.511	1.639	488.0
2441	-0.223	-0.510	1.641	488.2
2442	-0.224	-0.508	1.640	488.4
2443	-0.222	-0.506	1.641	488.6
2444	-0.222	-0.509	1.640	488.8
2445	-0.223	-0.508	1.638	489.0
2446	-0.223	-0.510	1.639	489.2
2447	-0.221	-0.510	1.643	489.4
2448	-0.222	-0.509	1.634	489.6
2449	-0.223	-0.506	1.633	489.8
2450	-0.223	-0.508	1.644	490.0
2451	-0.222	-0.508	1.638	490.2
2452	-0.221	-0.508	1.639	490.4
2453	-0.223	-0.509	1.639	490.6
2454	-0.221	-0.508	1.641	490.8
2455	-0.222	-0.507	1.641	491.0
2456	-0.221	-0.508	1.638	491.2
2457	-0.221	-0.509	1.633	491.4
2458	-0.222	-0.507	1.647	491.6
2459	-0.220	-0.509	1.643	491.8
2460	-0.222	-0.508	1.635	492.0
2461	-0.221	-0.508	1.640	492.2
2462	-0.223	-0.509	1.638	492.4
2463	-0.223	-0.507	1.635	492.6
2464	-0.221	-0.508	1.642	492.8
2465	-0.223	-0.508	1.637	493.0
2466	-0.223	-0.507	1.639	493.2
2467	-0.223	-0.506	1.640	493.4
2468	-0.226	-0.508	1.632	493.6
2469	-0.222	-0.507	1.633	493.8
2470	-0.223	-0.505	1.639	494.0
2471	-0.223	-0.506	1.637	494.2
2472	-0.223	-0.507	1.629	494.4
2473	-0.224	-0.505	1.639	494.6
2474	-0.223	-0.506	1.641	494.8
2475	-0.223	-0.507	1.627	495.0
2476	-0.223	-0.506	1.640	495.2
2477	-0.224	-0.506	1.637	495.4
2478	-0.223	-0.506	1.637	495.6
2479	-0.224	-0.504	1.645	495.8
2480	-0.225	-0.503	1.627	496.0
2481	-0.225	-0.503	1.641	496.2
2482	-0.223	-0.506	1.638	496.4
2483	-0.224	-0.501	1.631	496.6
2484	-0.222	-0.504	1.649	496.8
2485	-0.224	-0.504	1.637	497.0
2486	-0.225	-0.501	1.631	497.2
2487	-0.223	-0.503	1.638	497.4
2488	-0.225	-0.503	1.641	497.6
2489	-0.222	-0.503	1.637	497.8
2490	-0.225	-0.502	1.633	498.0
2491	-0.226	-0.501	1.638	498.2
2492	-0.224	-0.500	1.637	498.4
2493	-0.225	-0.503	1.640	498.6
2494	-0.224	-0.505	1.631	498.8
2495	-0.226	-0.501	1.633	499.0
2496	-0.225	-0.500	1.645	499.2
2497	-0.225	-0.501	1.628	499.4
2498	-0.227	-0.502	1.635	499.6
2499	-0.225	-0.505	1.643	499.8
2500	-0.224	-0.504	1.634	500.0
2501	-0.222	-0.504	1.637	500.2
2502	-0.224	-0.502	1.637	500.4
2503	-0.222	-0.502	1.633	500.6
2504	-0.223	-0.505	1.633	500.8
2505	-0.225	-0.503	1.635	501.0
2506	-0.221	-0.506	1.633	501.2
2507	-0.221	-0.505	1.636	501.4
2508	-0.222	-0.507	1.638	501.6
2509	-0.221	-0.507	1.633	501.8
2510	-0.223	-0.507	1.635	502.0
2511	-0.224	-0.508	1.637	502.2
2512	-0.224	-0.507	1.632	502.4
2513	-0.224	-0.509	1.644	502.6
2514	-0.224	-0.504	1.633	502.8
2515	-0.226	-0.508	1.635	503.0
2516	-0.224	-0.505	1.644	503.2
2517	-0.225	-0.505	1.633	503.4
2518	-0.223	-0.506	1.629	503.6
2519	-0.224	-0.506	1.409	503.8
2520	-0.105	-0.224	1.097	504.0
2521	-0.014	-0.019	0.775	504.2
2522	-0.013	-0.012	0.779	504.4
2523	-0.011	-0.010	0.785	504.6
2524	-0.009	-0.011	0.767	504.8
2525	-0.011	-0.009	0.774	505.0
2526	-0.010	-0.011	0.768	505.2
2527	-0.011	-0.013	0.770	505.4
2528	-0.011	-0.010	0.778	505.6
2529	-0.011	-0.014	0.773	505.8
2530	-0.010	-0.012	0.771	506.0
2531	-0.009	-0.011	0.776	506.2
2532	-0.011	-0.009	0.777	506.4
2533	-0.012	-0.010	0.761	506.6
2534	-0.012	-0.010	0.774	506.8
2535	-0.010	-0.014	0.775	507.0
2536	-0.009	-0.011	0.766	507.2
2537	-0.008	-0.009	0.776	507.4
2538	-0.008	-0.008	0.774	507.6
2539	-0.009	-0.009	0.770	507.8
2540	-0.007	-0.009	0.769	508.0
2541	-0.007	-0.013	0.773	508.2
2542	-0.008	-0.015	0.773	508.4
2543	-0.007	-0.014	0.770	508.6
2544	-0.007	-0.011	0.773	508.8
2545	-0.005	-0.010	0.770	509.0
2546	-0.007	-0.010	0.770	509.2
2547	-0.008	-0.011	0.776	509.4
2548	-0.006	-0.007	0.770	509.6
2549	-0.006	-0.011	0.772	509.8
2550	-0.007	-0.007	0.774	510.0
2551	-0.007	-0.013	0.770	510.2
2552	-0.006	-0.013	0.775	510.4
2553	-0.005	-0.014	0.776	510.6
2554	-0.005	-0.008	0.770	510.8
2555	-0.005	-0.009	0.775	511.0
2556	-0.005	-0.005	0.774	511.2
2557	-0.005	-0.009	0.770	511.4
2558	-0.007	-0.012	0.775	511.6
2559	-0.007	-0.014	0.778	511.8
2560	-0.006	-0.013	0.769	512.0
2561	-0.006	-0.012	0.778	512.2
2562	-0.007	-0.009	0.772	512.4
2563	-0.008	-0.009	0.769	512.6
2564	-0.005	-0.009	0.778	512.8
2565	-0.009	-0.012	0.768	513.0
2566	-0.008	-0.012	0.773	513.2
2567	-0.008	-0.015	0.776	513.4
2568	-0.010	-0.012	0.767	513.6
2569	-0.008	-0.011	0.772	513.8
2570	-0.009	-0.011	0.771	514.0
2571	-0.006	-0.008	0.773	514.2
2572	-0.007	-0.010	0.778	514.4
2573	-0.008	-0.010	0.772	514.6
2574	-0.009	-0.013	0.771	514.8
2575	-0.009	-0.011	0.773	515.0
2576	-0.010	-0.014	0.776	515.2
2577	-0.009	-0.019	0.769	515.4
2578	-0.006	-0.013	0.774	515.6
2579	-0.009	-0.013	0.775	515.8
2580	-0.011	-0.009	0.768	516.0
2581	-0.011	-0.010	0.777	516.2
2582	-0.010	-0.013	0.774	516.4
2583	-0.009	-0.013	0.768	516.6
2584	-0.009	-0.017	0.779	516.8
2585	-0.010	-0.013	0.774	517.0
2586	-0.010	-0.011	0.772	517.2
2587	-0.011	-0.006	0.777	517.4
2588	-0.009	-0.007	0.775	517.6
2589	-0.009	-0.011	0.771	517.8
2590	-0.010	-0.011	0.777	518.0
2591	-0.009	-0.015	0.769	518.2
2592	-0.011	-0.014	0.771	518.4
2593	-0.011	-0.011	0.777	518.6
2594	-0.009	-0.010	0.772	518.8
2595	-0.010	-0.009	0.775	519.0
2596	-0.007	-0.011	0.776	519.2
2597	-0.009	-0.009	0.771	519.4
2598	-0.009	-0.009	0.774	519.6
2599	-0.009	-0.009	0.779	519.8
2600	-0.009	-0.011	0.766	520.0
2601	-0.007	-0.011	0.773	520.2
2602	-0.009	-0.014	0.773	520.4
2603	-0.008	-0.013	0.769	520.6
2604	-0.012	-0.007	0.775	520.8
2605	-0.009	-0.009	0.772	521.0
2606	-0.010	-0.009	0.770	521.2
2607	-0.010	-0.011	0.776	521.4
2608	-0.011	-0.011	0.776	521.6
2609	-0.012	-0.014	0.767	521.8
2610	-0.010	-0.009	0.777	522.0
2611	-0.014	-0.011	0.771	522.2
2612	-0.012	-0.011	0.771	522.4
2613	-0.012	-0.011	0.778	522.6
2614	-0.012	-0.011	0.770	522.8
2615	-0.013	-0.014	0.768	523.0
2616	-0.010	-0.017	0.773	523.2
2617	-0.013	-0.015	0.769	523.4
2618	-0.013	-0.015	0.772	523.6
2619	-0.010	-0.015	0.777	523.8
2620	-0.011	-0.016	0.769	524.0
2621	-0.010	-0.016	0.771	524.2
2622	-0.013	-0.013	0.774	524.4
2623	-0.011	-0.017	0.770	524.6
2624	-0.013	-0.013	0.775	524.8
2625	-0.011	-0.013	0.776	525.0
2626	-0.009	-0.011	0.770	525.2
2627	-0.013	-0.011	0.774	525.4
2628	-0.011	-0.011	0.774	525.6
2629	-0.012	-0.013	0.771	525.8
2630	-0.011	-0.012	0.772	526.0
2631	-0.010	-0.012	0.774	526.2
2632	-0.009	-0.012	0.768	526.4
2633	-0.008	-0.011	0.777	526.6
2634	-0.009	-0.015	0.770	526.8
2635	-0.009	-0.013	0.768	527.0
2636	-0.009	-0.014	0.777	527.2
2637	-0.006	-0.013	0.772	527.4
2638	-0.008	-0.009	0.768	527.6
2639	-0.007	-0.010	0.777	527.8
2640	-0.006	-0.011	0.772	528.0
2641	-0.007	-0.010	0.771	528.2
2642	-0.006	-0.017	0.778	528.4
2643	-0.005	-0.013	0.769	528.6
2644	-0.005	-0.011	0.770	528.8
2645	-0.008	-0.010	0.776	529.0
2646	-0.008	-0.009	0.769	529.2
2647	-0.008	-0.012	0.776	529.4
2648	-0.009	-0.011	0.776	529.6
2649	-0.007	-0.013	0.770	529.8
2650	-0.005	-0.011	0.771	530.0
2651	-0.005	-0.011	0.778	530.2
2652	-0.009	-0.007	0.768	530.4
2653	-0.007	-0.008	0.771	530.6
2654	-0.007	-0.009	0.775	530.8
2655	-0.006	-0.015	0.771	531.0
2656	-0.007	-0.009	0.772	531.2
2657	-0.009	-0.011	0.772	531.4
2658	-0.009	-0.009	0.770	531.6
2659	-0.009	-0.011	0.773	531.8
2660	-0.007	-0.012	0.771	532.0
2661	-0.009	-0.010	0.770	532.2
2662	-0.007	-0.013	0.774	532.4
2663	-0.007	-0.010	0.770	532.6
2664	-0.008	-0.010	0.769	532.8
2665	-0.007	-0.011	0.774	533.0
2666	-0.009	-0.011	0.772	533.2
2667	-0.007	-0.017	0.774	533.4
2668	-0.008	-0.013	0.781	533.6
2669	-0.006	-0.014	0.772	533.8
2670	-0.009	-0.013	0.767	534.0
2671	-0.008	-0.010	0.778	534.2
2672	-0.008	-0.012	0.770	534.4
2673	-0.009	-0.013	0.773	534.6
2674	-0.007	-0.015	0.777	534.8
2675	-0.009	-0.015	0.764	535.0
2676	-0.009	-0.015	0.775	535.2
2677	-0.008	-0.012	0.778	535.4
2678	-0.007	-0.014	0.768	535.6
2679	-0.010	-0.012	0.775	535.8
2680	-0.009	-0.011	0.776	536.0
2681	-0.011	-0.013	0.766	536.2
2682	-0.009	-0.009	0.776	536.4
2683	-0.009	-0.010	0.779	536.6
2684	-0.011	-0.013	0.771	536.8
2685	-0.009	-0.010	0.773	537.0
2686	-0.011	-0.012	0.773	537.2
2687	-0.011	-0.009	0.772	537.4
2688	-0.007	-0.010	0.773	537.6
2689	-0.010	-0.005	0.773	537.8
2690	-0.008	-0.007	0.771	538.0
2691	-0.011	-0.011	0.776	538.2
2692	-0.011	-0.011	0.771	538.4
2693	-0.011	-0.011	0.770	538.6
2694	-0.011	-0.009	0.774	538.8
2695	-0.011	-0.011	0.771	539.0
2696	-0.011	-0.008	0.772	539.2
2697	-0.011	-0.008	0.774	539.4
2698	-0.010	-0.009	0.771	539.6
2699	-0.010	-0.007	0.771	539.8
2700	-0.011	-0.009	0.776	540.0
2701	-0.011	-0.009	0.768	540.2
2702	-0.011	-0.010	0.772	540.4
2703	-0.011	-0.011	0.780	540.6
2704	-0.010	-0.011	0.768	540.8
2705	-0.013	-0.015	0.772	541.0
2706	-0.011	-0.009	0.776	541.2
2707	-0.013	-0.009	0.766	541.4
2708	-0.012	-0.010	0.776	541.6
2709	-0.012	-0.012	0.774	541.8
2710	-0.012	-0.011	0.773	542.0
2711	-0.014	-0.014	0.773	542.2
2712	-0.013	-0.010	0.776	542.4
2713	-0.015	-0.010	0.771	542.6
2714	-0.015	-0.010	0.778	542.8
2715	-0.015	-0.008	0.772	543.0
2716	-0.013	-0.012	0.772	543.2
2717	-0.015	-0.013	0.776	543.4
2718	-0.013	-0.011	0.772	543.6
2719	-0.015	-0.014	0.769	543.8
2720	-0.013	-0.015	0.779	544.0
2721	-0.015	-0.014	0.771	544.2
2722	-0.013	-0.010	0.768	544.4
2723	-0.017	-0.009	0.779	544.6
2724	-0.013	-0.013	0.771	544.8
2725	-0.012	-0.013	0.770	545.0
2726	-0.015	-0.018	0.777	545.2
2727	-0.013	-0.016	0.768	545.4
2728	-0.011	-0.016	0.773	545.6
2729	-0.013	-0.011	0.777	545.8
2730	-0.011	-0.011	0.769	546.0
2731	-0.011	-0.012	0.771	546.2
2732	-0.011	-0.014	0.776	546.4
2733	-0.009	-0.013	0.768	546.6
2734	-0.011	-0.011	0.774	546.8
2735	-0.009	-0.016	0.775	547.0
2736	-0.011	-0.013	0.771	547.2
2737	-0.009	-0.011	0.778	547.4
2738	-0.010	-0.013	0.775	547.6
2739	-0.009	-0.011	0.771	547.8
2740	-0.009	-0.013	0.775	548.0
2741	-0.009	-0.013	0.776	548.2
2742	-0.009	-0.013	0.769	548.4
2743	-0.009	-0.015	0.776	548.6
2744	-0.007	-0.016	0.772	548.8
2745	-0.007	-0.012	0.771	549.0
2746	-0.008	-0.016	0.775	549.2
2747	-0.009	-0.014	0.773	549.4
2748	-0.005	-0.013	0.772	549.6
2749	-0.007	-0.015	0.775	549.8
2750	-0.007	-0.016	0.772	550.0
2751	-0.006	-0.017	0.772	550.2
2752	-0.005	-0.015	0.777	550.4
2753	-0.007	-0.013	0.770	550.6
2754	-0.007	-0.011	0.771	550.8
2755	-0.005	-0.012	0.778	551.0
2756	-0.007	-0.015	0.769	551.2
2757	-0.005	-0.014	0.771	551.4
2758	-0.005	-0.017	0.775	551.6
2759	-0.005	-0.016	0.765	551.8
2760	-0.004	-0.015	0.780	552.0
2761	-0.006	-0.017	0.774	552.2
2762	-0.005	-0.013	0.773	552.4
2763	-0.005	-0.013	0.774	552.6
2764	-0.007	-0.015	0.776	552.8
2765	-0.009	-0.016	0.770	553.0
2766	-0.007	-0.016	0.773	553.2
2767	-0.009	-0.018	0.774	553.4
2768	-0.006	-0.021	0.769	553.6
2769	-0.007	-0.013	0.777	553.8
2770	-0.007	-0.013	0.772	554.0
2771	-0.009	-0.015	0.770	554.2
2772	-0.009	-0.015	0.774	554.4
2773	-0.008	-0.015	0.771	554.6
2774	-0.009	-0.015	0.770	554.8
2775	-0.010	-0.013	0.776	555.0
2776	-0.010	-0.015	0.769	555.2
2777	-0.013	-0.013	0.770	555.4
2778	-0.011	-0.013	0.776	555.6
2779	-0.010	-0.017	0.769	555.8
2780	-0.007	-0.014	0.773	556.0
2781	-0.008	-0.015	0.775	556.2
2782	-0.007	-0.017	0.768	556.4
2783	-0.010	-0.015	0.772	556.6
2784	-0.006	-0.018	0.774	556.8
2785	-0.006	-0.015	0.768	557.0
2786	-0.005	-0.015	0.773	557.2
2787	-0.005	-0.011	0.776	557.4
2788	-0.003	-0.012	0.771	557.6
2789	-0.004	-0.014	0.773	557.8
2790	0.000	-0.013	0.772	558.0
2791	-0.001	-0.013	0.765	558.2
2792	0.000	-0.011	0.775	558.4
2793	0.001	-0.009	0.772	558.6
2794	0.002	-0.009	0.771	558.8
2795	-0.002	-0.013	0.773	559.0
2796	0.000	-0.017	0.774	559.2
2797	0.001	-0.015	0.772	559.4
2798	0.001	-0.017	0.776	559.6
2799	0.003	-0.016	0.772	559.8
2800	0.001	-0.016	0.772	560.0
2801	0.001	-0.014	0.775	560.2
2802	0.000	-0.013	0.774	560.4
2803	-0.002	-0.015	0.773	560.6
2804	-0.002	-0.013	0.773	560.8
2805	-0.002	-0.013	0.769	561.0
2806	-0.001	-0.017	0.772	561.2
2807	-0.003	-0.017	0.773	561.4
2808	-0.003	-0.017	0.771	561.6
2809	-0.005	-0.014	0.774	561.8
2810	-0.003	-0.011	0.777	562.0
2811	-0.007	-0.013	0.771	562.2
2812	-0.006	-0.015	0.772	562.4
2813	-0.006	-0.014	0.773	562.6
2814	-0.008	-0.017	0.768	562.8
2815	-0.007	-0.017	0.775	563.0
2816	-0.007	-0.016	0.775	563.2
2817	-0.007	-0.015	0.767	563.4
2818	-0.008	-0.012	0.775	563.6
2819	-0.007	-0.013	0.773	563.8
2820	-0.010	-0.018	0.770	564.0
2821	-0.010	-0.013	0.775	564.2
2822	-0.009	-0.012	0.774	564.4
2823	-0.009	-0.012	0.768	564.6
2824	-0.009	-0.011	0.780	564.8
2825	-0.009	-0.014	0.772	565.0
2826	-0.007	-0.015	0.770	565.2
2827	-0.007	-0.013	0.777	565.4
2828	-0.006	-0.012	0.771	565.6
2829	-0.008	-0.012	0.772	565.8
2830	-0.006	-0.011	0.776	566.0
2831	-0.007	-0.014	0.771	566.2
2832	-0.006	-0.015	0.771	566.4
2833	-0.004	-0.014	0.775	566.6
2834	-0.004	-0.010	0.771	566.8
2835	-0.005	-0.010	0.774	567.0
2836	-0.003	-0.011	0.779	567.2
2837	-0.005	-0.010	0.769	567.4
2838	-0.002	-0.013	0.776	567.6
2839	0.001	-0.012	0.775	567.8
2840	-0.001	-0.011	0.769	568.0
2841	0.001	-0.010	0.772	568.2
2842	-0.003	-0.011	0.778	568.4
2843	0.002	-0.011	0.771	568.6
2844	0.001	-0.010	0.772	568.8
2845	0.002	-0.009	0.775	569.0
2846	0.002	-0.009	0.768	569.2
2847	0.001	-0.010	0.775	569.4
2848	0.002	-0.009	0.777	569.6
2849	0.003	-0.013	0.768	569.8
2850	-0.001	-0.013	0.777	570.0
2851	0.002	-0.010	0.773	570.2
2852	0.001	-0.009	0.768	570.4
2853	0.002	-0.011	0.778	570.6
2854	0.003	-0.009	0.769	570.8
2855	0.002	-0.013	0.769	571.0
2856	0.003	-0.015	0.777	571.2
2857	0.003	-0.013	0.771	571.4
2858	0.000	-0.013	0.773	571.6
2859	0.001	-0.013	0.778	571.8
2860	0.001	-0.009	0.773	572.0
2861	0.002	-0.011	0.771	572.2
2862	0.001	-0.012	0.779	572.4
2863	0.001	-0.010	0.768	572.6
2864	-0.001	-0.010	0.772	572.8
2865	0.002	-0.010	0.774	573.0
2866	-0.001	-0.011	0.771	573.2
2867	0.000	-0.011	0.773	573.4
2868	0.001	-0.011	0.775	573.6
2869	0.003	-0.009	0.766	573.8
2870	0.002	-0.008	0.772	574.0
2871	0.001	-0.007	0.778	574.2
2872	0.001	-0.011	0.770	574.4
2873	0.001	-0.012	0.772	574.6
2874	-0.001	-0.011	0.772	574.8
2875	0.002	-0.012	0.770	575.0
2876	-0.001	-0.010	0.773	575.2
2877	0.002	-0.007	0.772	575.4
2878	-0.001	-0.011	0.770	575.6
2879	0.000	-0.011	0.773	575.8
2880	0.000	-0.010	0.775	576.0
2881	0.000	-0.010	0.771	576.2
2882	0.002	-0.010	0.774	576.4
2883	0.002	-0.011	0.772	576.6
2884	0.001	-0.013	0.771	576.8
2885	-0.001	-0.013	0.774	577.0
2886	-0.001	-0.013	0.770	577.2
2887	0.002	-0.011	0.770	577.4
2888	0.001	-0.011	0.774	577.6
2889	0.001	-0.009	0.768	577.8
2890	0.001	-0.013	0.771	578.0
2891	0.000	-0.014	0.776	578.2
2892	0.000	-0.013	0.770	578.4
2893	0.003	-0.013	0.773	578.6
2894	0.001	-0.009	0.776	578.8
2895	0.002	-0.012	0.771	579.0
2896	0.002	-0.014	0.772	579.2
2897	0.002	-0.012	0.778	579.4
2898	0.000	-0.011	0.772	579.6
2899	-0.002	-0.011	0.769	579.8
2900	0.001	-0.011	0.775	580.0
2901	0.000	-0.011	0.770	580.2
2902	0.000	-0.015	0.772	580.4
2903	0.001	-0.014	0.774	580.6
2904	-0.002	-0.012	0.767	580.8
2905	-0.001	-0.013	0.776	581.0
2906	-0.004	-0.010	0.773	581.2
2907	-0.002	-0.013	0.768	581.4
2908	-0.005	-0.009	0.775	581.6
2909	-0.002	-0.012	0.772	581.8
2910	-0.003	-0.011	0.768	582.0
2911	-0.001	-0.008	0.776	582.2
2912	-0.004	-0.010	0.774	582.4
2913	-0.002	-0.011	0.769	582.6
2914	-0.003	-0.007	0.776	582.8
2915	-0.003	-0.009	0.772	583.0
2916	-0.003	-0.010	0.769	583.2
2917	-0.002	-0.008	0.778	583.4
2918	-0.006	-0.009	0.770	583.6
2919	-0.004	-0.009	0.774	583.8
2920	-0.002	-0.007	0.771	584.0
2921	-0.001	-0.006	0.769	584.2
2922	-0.003	-0.005	0.770	584.4
2923	-0.005	-0.003	0.775	584.6
2924	-0.004	-0.006	0.771	584.8
2925	-0.005	-0.008	0.771	585.0
2926	-0.005	-0.009	0.778	585.2
2927	-0.004	-0.009	0.768	585.4
2928	-0.005	-0.005	0.773	585.6
2929	-0.005	-0.007	0.773	585.8
2930	-0.005	-0.006	0.771	586.0
2931	-0.006	-0.006	0.771	586.2
2932	-0.005	-0.009	0.775	586.4
2933	-0.008	-0.009	0.768	586.6
2934	-0.007	-0.005	0.774	586.8
2935	-0.009	-0.005	0.776	587.0
2936	-0.007	-0.005	0.769	587.2
2937	-0.009	-0.005	0.775	587.4
2938	-0.010	-0.007	0.772	587.6
2939	-0.007	-0.011	0.769	587.8
2940	-0.007	-0.007	0.776	588.0
2941	-0.007	-0.006	0.770	588.2
2942	-0.008	-0.008	0.766	588.4
2943	-0.007	-0.005	0.774	588.6
2944	-0.004	-0.007	0.770	588.8
2945	-0.006	-0.010	0.769	589.0
2946	-0.007	-0.005	0.775	589.2
2947	-0.003	-0.005	0.771	589.4
2948	-0.006	-0.005	0.773	589.6
2949	-0.005	-0.005	0.775	589.8
2950	-0.007	-0.006	0.770	590.0
2951	-0.007	-0.007	0.770	590.2
2952	-0.005	-0.005	0.779	590.4
2953	-0.008	-0.007	0.769	590.6
2954	-0.004	-0.006	0.773	590.8
2955	-0.006	-0.005	0.775	591.0
2956	-0.006	-0.008	0.768	591.2
2957	-0.005	-0.007	0.768	591.4
2958	-0.007	-0.004	0.772	591.6
2959	-0.003	-0.005	0.769	591.8
2960	-0.004	-0.005	0.771	592.0
2961	-0.005	-0.004	0.775	592.2
2962	-0.003	-0.009	0.769	592.4
2963	-0.005	-0.006	0.775	592.6
2964	-0.003	-0.005	0.769	592.8
2965	-0.004	-0.004	0.765	593.0
2966	-0.005	-0.003	0.773	593.2
2967	-0.001	-0.005	0.779	593.4
2968	-0.004	-0.011	0.768	593.6
2969	-0.005	-0.007	0.774	593.8
2970	-0.007	-0.008	0.777	594.0
2971	-0.005	-0.007	0.769	594.2
2972	-0.006	-0.005	0.775	594.4
2973	-0.006	-0.006	0.774	594.6
2974	-0.007	-0.009	0.767	594.8
2975	-0.007	-0.006	0.775	595.0
2976	-0.005	-0.005	0.772	595.2
2977	-0.007	-0.007	0.768	595.4
2978	-0.007	-0.009	0.774	595.6
2979	-0.007	-0.008	0.773	595.8
2980	-0.007	-0.006	0.769	596.0
2981	-0.007	-0.010	0.777	596.2
2982	-0.006	-0.007	0.771	596.4
2983	-0.007	-0.006	0.771	596.6
2984	-0.007	-0.007	0.778	596.8
2985	-0.009	-0.007	0.772	597.0
2986	-0.006	-0.007	0.774	597.2
2987	-0.005	-0.009	0.775	597.4
2988	-0.005	-0.010	0.768	597.6
2989	-0.005	-0.009	0.772	597.8
2990	-0.005	-0.006	0.780	598.0
2991	-0.005	-0.010	0.770	598.2
2992	-0.005	-0.009	0.773	598.4
2993	-0.005	-0.009	0.776	598.6
2994	-0.006	-0.004	0.768	598.8
2995	-0.006	-0.008	0.772	599.0
2996	-0.004	-0.008	0.778	599.2
2997	-0.005	-0.007	0.767	599.4
2998	-0.004	-0.010	0.773	599.6
2999	-0.006	-0.010	0.771	599.8
3000	-0.005	-0.006	0.772	600.0
3001	-0.005	-0.007	0.777	600.2
3002	-0.007	-0.009	0.773	600.4
3003	-0.005	-0.011	0.768	600.6
3004	-0.004	-0.008	0.775	600.8
3005	-0.004	-0.010	0.775	601.0
3006	-0.005	-0.009	0.769	601.2
3007	-0.004	-0.009	0.774	601.4
3008	-0.005	-0.008	0.772	601.6
3009	-0.005	-0.009	0.771	601.8
3010	-0.004	-0.010	0.775	602.0
3011	-0.005	-0.009	0.777	602.2
3012	-0.003	-0.007	0.769	602.4
