0	0.005	-0.013	0.775
1	0.006	-0.011	0.775
2	0.007	-0.011	0.776
3	0.007	-0.010	0.775
4	0.005	-0.009	0.774
5	0.006	-0.012	0.773
6	0.006	-0.013	0.778
7	0.006	-0.013	0.774
8	0.003	-0.014	0.776
9	0.003	-0.016	0.775
10	0.007	-0.015	0.773
11	0.002	-0.014	0.775
12	0.003	-0.015	0.776
13	0.007	-0.014	0.772
14	0.005	-0.014	0.772
15	0.003	-0.016	0.772
16	0.006	-0.016	0.771
17	0.007	-0.013	0.773
18	0.005	-0.017	0.776
19	0.006	-0.015	0.777
20	0.009	-0.011	0.775
21	0.007	-0.009	0.774
22	0.007	-0.011	0.774
23	0.011	-0.011	0.776
24	0.009	-0.013	0.772
25	0.011	-0.012	0.774
26	0.010	-0.009	0.773
27	0.011	-0.009	0.773
28	0.009	-0.009	0.774
29	0.007	-0.009	0.773
30	0.012	-0.007	0.774
31	0.013	-0.008	0.773
32	0.011	-0.010	0.776
33	0.013	-0.011	0.773
34	0.015	-0.011	0.774
35	0.013	-0.008	0.774
36	0.011	-0.008	0.771
37	0.013	-0.009	0.772
38	0.014	-0.005	0.773
39	0.012	-0.007	0.776
40	0.015	-0.007	0.775
41	0.017	-0.007	0.774
42	0.015	-0.007	0.772
43	0.015	-0.009	0.774
44	0.017	-0.011	0.772
45	0.014	-0.008	0.772
46	0.015	-0.009	0.773
47	0.013	-0.007	0.773
48	0.016	-0.006	0.774
49	0.017	-0.005	0.770
50	0.016	-0.005	0.772
51	0.016	-0.005	0.775
52	0.018	-0.006	0.774
53	0.014	-0.009	0.771
54	0.015	-0.009	0.774
55	0.015	-0.006	0.773
56	0.015	-0.007	0.774
57	0.013	-0.008	0.773
58	0.015	-0.005	0.772
59	0.015	-0.006	0.773
60	0.013	-0.009	0.772
61	0.015	-0.010	0.776
62	0.016	-0.009	0.774
63	0.013	-0.009	0.774
64	0.013	-0.009	0.772
65	0.018	-0.004	0.771
66	0.014	-0.004	0.774
67	0.014	-0.004	0.774
68	0.015	-0.005	0.772
69	0.018	-0.006	0.775
70	0.013	-0.007	0.770
71	0.014	-0.005	0.774
72	0.015	-0.005	0.771
73	0.015	-0.003	0.771
74	0.012	-0.002	0.773
75	0.015	-0.006	0.773
76	0.015	-0.007	0.777
77	0.013	-0.009	0.775
78	0.013	-0.009	0.771
79	0.016	-0.009	0.772
80	0.015	-0.007	0.775
81	0.014	-0.005	0.771
82	0.017	-0.003	0.776
83	0.020	-0.004	0.775
84	0.018	-0.004	0.771
85	0.013	-0.007	0.774
86	0.018	-0.005	0.771
87	0.019	-0.007	0.772
88	0.015	-0.007	0.770
89	0.015	-0.005	0.774
90	0.017	-0.005	0.771
91	0.015	-0.003	0.772
92	0.019	-0.005	0.771
93	0.018	-0.004	0.771
94	0.019	-0.005	0.771
95	0.017	-0.007	0.773
96	0.019	-0.006	0.771
97	0.020	-0.005	0.771
98	0.020	-0.004	0.773
99	0.019	-0.006	0.774
100	0.021	-0.003	0.773
101	0.017	-0.004	0.773
102	0.015	-0.004	0.770
103	0.018	-0.004	0.773
104	0.016	-0.005	0.773
105	0.015	-0.004	0.772
106	0.015	-0.008	0.772
107	0.016	-0.006	0.771
108	0.012	-0.003	0.774
109	0.015	-0.005	0.771
110	0.015	-0.005	0.772
111	0.013	-0.005	0.772
112	0.014	-0.007	0.772
113	0.011	-0.006	0.770
114	0.013	-0.005	0.774
115	0.013	-0.008	0.770
116	0.012	-0.006	0.772
117	0.013	-0.006	0.774
118	0.011	-0.008	0.773
119	0.009	-0.005	0.774
120	0.011	-0.005	0.778
121	0.014	-0.005	0.771
122	0.010	-0.007	0.772
123	0.012	-0.007	0.772
124	0.013	-0.010	0.775
125	0.015	-0.009	0.774
126	0.011	-0.009	0.776
127	0.013	-0.013	0.772
128	0.012	-0.009	0.773
129	0.009	-0.008	0.772
130	0.013	-0.008	0.773
131	0.012	-0.009	0.776
132	0.012	-0.008	0.775
133	0.013	-0.009	0.774
134	0.015	-0.007	0.772
135	0.016	-0.005	0.771
136	0.015	-0.003	0.774
137	0.015	-0.001	0.773
138	0.015	0.000	0.773
139	0.016	-0.003	0.771
140	0.015	-0.007	0.773
141	0.017	-0.003	0.773
142	0.019	-0.001	0.774
143	0.013	-0.001	0.772
144	0.015	-0.001	0.772
145	0.019	-0.001	0.770
146	0.015	-0.004	0.774
147	0.014	-0.002	0.773
148	0.016	-0.003	0.774
149	0.015	-0.005	0.769
150	0.015	-0.001	0.775
151	0.015	-0.004	0.773
152	0.016	-0.003	0.773
153	0.016	0.002	0.771
154	0.012	-0.005	0.775
155	0.015	-0.005	0.774
156	0.015	-0.003	0.771
157	0.013	-0.003	0.772
158	0.014	-0.002	0.772
159	0.018	-0.003	0.773
160	0.013	-0.001	0.772
161	0.015	-0.003	0.772
162	0.014	-0.002	0.771
163	0.013	-0.004	0.772
164	0.010	-0.005	0.773
165	0.010	-0.005	0.771
166	0.011	-0.008	0.774
167	0.011	-0.005	0.775
168	0.010	-0.007	0.773
169	0.013	-0.007	0.772
170	0.009	-0.006	0.773
171	0.010	-0.007	0.770
172	0.008	-0.009	0.772
173	0.009	-0.009	0.772
174	0.007	-0.010	0.772
175	0.008	-0.010	0.771
176	0.008	-0.007	0.775
177	0.009	-0.005	0.772
178	0.007	-0.005	0.771
179	0.008	-0.010	0.774
180	0.009	-0.010	0.774
181	0.005	-0.010	0.773
182	0.007	-0.012	0.772
183	0.007	-0.011	0.774
184	0.007	-0.010	0.773
185	0.004	-0.014	0.772
186	0.008	-0.014	0.776
187	0.007	-0.014	0.773
188	0.006	-0.014	0.773
189	0.004	-0.018	0.771
190	0.009	-0.015	0.774
191	0.007	-0.016	0.772
192	0.005	-0.013	0.773
193	0.007	-0.015	0.771
194	0.006	-0.016	0.774
195	0.005	-0.015	0.776
196	0.004	-0.015	0.772
197	0.005	-0.014	0.774
198	0.005	-0.014	0.775
199	0.004	-0.015	0.774
200	0.007	-0.012	0.775
201	0.007	-0.015	0.771
202	0.005	-0.015	0.772
203	0.006	-0.014	0.772
204	0.006	-0.016	0.774
205	0.005	-0.014	0.774
206	0.004	-0.014	0.776
207	0.007	-0.011	0.775
208	0.005	-0.014	0.774
209	0.003	-0.012	0.774
210	0.003	-0.013	0.773
211	0.005	-0.013	0.773
212	0.005	-0.013	0.775
213	0.002	-0.016	0.773
214	0.005	-0.011	0.773
215	0.005	-0.013	0.773
216	0.003	-0.012	0.775
217	0.006	-0.009	0.775
218	0.004	-0.010	0.773
219	0.004	-0.011	0.774
220	0.005	-0.012	0.774
221	0.004	-0.011	0.774
222	0.005	-0.012	0.772
223	0.002	-0.009	0.774
224	0.004	-0.008	0.773
225	0.006	-0.006	0.774
226	0.005	-0.007	0.773
227	0.005	-0.010	0.774
228	0.007	-0.009	0.777
229	0.007	-0.009	0.773
230	0.001	-0.007	0.775
231	0.005	-0.009	0.775
232	0.006	-0.007	0.774
233	0.008	-0.007	0.774
234	0.008	-0.009	0.774
235	0.010	-0.009	0.775
236	0.008	-0.009	0.776
237	0.007	-0.009	0.776
238	0.007	-0.007	0.774
239	0.008	-0.005	0.771
240	0.006	-0.005	0.773
241	0.009	-0.005	0.775
242	0.010	-0.004	0.773
243	0.007	-0.007	0.774
244	0.007	-0.005	0.775
245	0.010	-0.007	0.771
246	0.009	-0.005	0.772
247	0.008	-0.002	0.772
248	0.010	-0.005	0.772
249	0.013	-0.005	0.776
250	0.011	-0.004	0.775
251	0.009	-0.005	0.771
252	0.010	-0.005	0.773
253	0.012	-0.003	0.774
254	0.011	-0.005	0.773
255	0.011	-0.001	0.775
256	0.013	-0.001	0.774
257	0.010	-0.002	0.774
258	0.008	-0.001	0.775
259	0.010	-0.002	0.777
260	0.010	0.001	0.776
261	0.008	-0.002	0.772
262	0.010	-0.001	0.775
263	0.010	-0.001	0.770
264	0.008	-0.003	0.774
265	0.008	0.000	0.774
266	0.009	-0.001	0.773
267	0.006	-0.001	0.775
268	0.007	-0.003	0.772
269	0.007	-0.002	0.773
270	0.007	-0.003	0.772
271	0.006	0.000	0.772
272	0.005	-0.002	0.773
273	0.004	-0.001	0.776
274	0.002	-0.003	0.775
275	0.005	-0.004	0.773
276	0.006	-0.001	0.771
277	0.004	-0.002	0.777
278	0.003	-0.002	0.771
279	0.006	-0.004	0.773
280	0.006	-0.002	0.773
281	0.002	-0.003	0.774
282	0.004	-0.001	0.774
283	0.005	-0.003	0.772
284	0.005	-0.004	0.774
285	0.002	-0.006	0.773
286	0.004	-0.007	0.774
287	0.005	-0.011	0.772
288	0.004	-0.011	0.773
289	0.006	-0.012	0.775
290	0.008	-0.011	0.774
291	0.006	-0.011	0.774
292	0.006	-0.011	0.774
293	0.008	-0.011	0.774
294	0.008	-0.013	0.774
295	0.007	-0.013	0.771
296	0.008	-0.015	0.773
297	0.008	-0.011	0.774
298	0.005	-0.010	0.774
299	0.007	-0.011	0.775
300	0.010	-0.009	0.774
301	0.007	-0.008	0.773
302	0.007	-0.008	0.772
303	0.007	-0.012	0.776
304	0.006	-0.010	0.774
305	0.005	-0.009	0.773
306	0.005	-0.011	0.772
307	0.008	-0.010	0.774
308	0.006	-0.009	0.773
309	0.006	-0.010	0.772
310	0.007	-0.010	0.772
311	0.008	-0.009	0.774
312	0.007	-0.011	0.773
313	0.006	-0.012	0.775
314	0.011	-0.011	0.771
315	0.009	-0.011	0.775
316	0.006	-0.014	0.775
317	0.009	-0.013	0.775
318	0.010	-0.013	0.773
319	0.008	-0.019	0.776
320	0.008	-0.016	0.776
321	0.009	-0.014	0.775
322	0.008	-0.011	0.776
323	0.008	-0.013	0.774
324	0.010	-0.015	0.773
325	0.008	-0.012	0.774
326	0.005	-0.015	0.774
327	0.006	-0.016	0.774
328	0.007	-0.014	0.772
329	0.006	-0.011	0.772
330	0.007	-0.011	0.771
331	0.006	-0.011	0.773
332	0.007	-0.011	0.774
333	0.005	-0.013	0.776
334	0.006	-0.015	0.776
335	0.009	-0.014	0.773
336	0.009	-0.012	0.774
337	0.007	-0.007	0.773
338	0.009	-0.009	0.772
339	0.011	-0.006	0.773
340	0.010	-0.005	0.772
341	0.011	-0.007	0.773
342	0.013	-0.009	0.774
343	0.012	-0.011	0.773
344	0.008	-0.009	0.772
345	0.013	-0.011	0.771
346	0.011	-0.004	0.771
347	0.009	-0.005	0.770
348	0.011	-0.005	0.774
349	0.013	-0.007	0.772
350	0.010	-0.010	0.775
351	0.009	-0.011	0.775
352	0.011	-0.014	0.772
353	0.012	-0.011	0.772
354	0.008	-0.008	0.772
355	0.011	-0.003	0.773
356	0.011	-0.008	0.774
357	0.008	-0.010	0.775
358	0.011	-0.011	0.775
359	0.011	-0.016	0.776
360	0.007	-0.017	0.773
361	0.008	-0.015	0.775
362	0.011	-0.014	0.775
363	0.009	-0.010	0.776
364	0.009	-0.010	0.774
365	0.009	-0.013	0.774
366	0.011	-0.015	0.775
367	0.010	-0.017	0.775
368	0.009	-0.015	0.773
369	0.010	-0.015	0.771
370	0.012	-0.012	0.770
371	0.009	-0.013	0.776
372	0.009	-0.009	0.778
373	0.008	-0.011	0.774
374	0.010	-0.009	0.775
375	0.009	-0.015	0.773
376	0.011	-0.013	0.776
377	0.009	-0.015	0.777
378	0.009	-0.016	0.775
379	0.010	-0.014	0.772
380	0.009	-0.015	0.777
381	0.008	-0.014	0.776
382	0.006	-0.013	0.775
383	0.009	-0.017	0.774
384	0.010	-0.015	0.775
385	0.010	-0.015	0.773
386	0.007	-0.017	0.774
387	0.011	-0.015	0.771
388	0.007	-0.013	0.776
389	0.011	-0.011	0.776
390	0.010	-0.014	0.773
391	0.006	-0.014	0.772
392	0.006	-0.015	0.773
393	0.009	-0.017	0.772
394	0.009	-0.014	0.776
395	0.010	-0.013	0.772
396	0.009	-0.014	0.773
397	0.011	-0.014	0.773
398	0.010	-0.014	0.775
399	0.007	-0.018	0.776
400	0.009	-0.017	0.773
401	0.009	-0.014	0.774
402	0.011	-0.013	0.773
403	0.011	-0.012	0.774
404	0.015	-0.011	0.774
405	0.010	-0.015	0.775
406	0.009	-0.015	0.775
407	0.011	-0.014	0.771
408	0.013	-0.013	0.775
409	0.011	-0.013	0.776
410	0.011	-0.014	0.772
411	0.013	-0.013	0.775
412	0.014	-0.013	0.770
413	0.011	-0.016	0.773
414	0.011	-0.014	0.774
415	0.013	-0.013	0.772
416	0.013	-0.016	0.774
417	0.011	-0.017	0.776
418	0.015	-0.015	0.775
419	0.015	-0.014	0.773
420	0.012	-0.015	0.771
421	0.009	-0.015	0.774
422	0.013	-0.013	0.771
423	0.012	-0.011	0.771
424	0.009	-0.012	0.772
425	0.011	-0.011	0.775
426	0.010	-0.015	0.771
427	0.008	-0.013	0.773
428	0.011	-0.009	0.772
429	0.010	-0.007	0.773
430	0.011	-0.010	0.770
431	0.011	-0.007	0.775
432	0.012	-0.009	0.772
433	0.011	-0.007	0.773
434	0.013	-0.006	0.775
435	0.012	-0.006	0.773
436	0.013	-0.008	0.773
437	0.016	-0.007	0.773
438	0.012	-0.005	0.772
439	0.015	-0.005	0.775
440	0.013	-0.004	0.774
441	0.013	-0.006	0.770
442	0.016	-0.009	0.771
443	0.016	-0.005	0.775
444	0.013	-0.005	0.772
445	0.015	-0.003	0.770
446	0.014	-0.005	0.775
447	0.013	-0.007	0.769
448	0.011	-0.009	0.775
449	0.014	-0.009	0.773
450	0.015	-0.007	0.776
451	0.014	-0.004	0.775
452	0.015	-0.005	0.772
453	0.018	-0.005	0.772
454	0.017	-0.006	0.773
455	0.015	-0.008	0.774
456	0.018	-0.007	0.772
457	0.016	-0.006	0.774
458	0.016	-0.005	0.775
459	0.017	-0.002	0.774
460	0.020	-0.003	0.772
461	0.017	-0.004	0.772
462	0.017	-0.003	0.772
463	0.018	-0.004	0.773
464	0.017	-0.003	0.772
465	0.015	-0.006	0.771
466	0.017	-0.005	0.775
467	0.016	-0.004	0.771
468	0.017	-0.002	0.770
469	0.018	-0.002	0.773
470	0.020	-0.001	0.772
471	0.017	-0.002	0.772
472	0.017	-0.007	0.772
473	0.018	-0.008	0.776
474	0.018	-0.008	0.772
475	0.015	-0.007	0.773
476	0.015	-0.003	0.770
477	0.019	0.000	0.772
478	0.018	-0.002	0.773
479	0.015	-0.005	0.777
480	0.018	-0.007	0.772
481	0.020	-0.005	0.774
482	0.018	-0.005	0.772
483	0.017	-0.005	0.771
484	0.020	-0.003	0.772
485	0.018	-0.003	0.772
486	0.018	-0.003	0.771
487	0.020	-0.005	0.774
488	0.019	-0.002	0.773
489	0.017	-0.003	0.773
490	0.017	-0.006	0.773
491	0.019	-0.007	0.771
492	0.018	-0.006	0.768
493	0.016	-0.007	0.777
494	0.018	-0.006	0.772
495	0.018	-0.001	0.774
496	0.017	-0.002	0.773
497	0.018	-0.003	0.773
498	0.018	-0.006	0.771
499	0.020	-0.006	0.773
500	0.017	-0.001	0.772
501	0.019	0.001	0.775
502	0.019	0.004	0.775
503	0.018	0.002	0.773
504	0.018	-0.001	0.772
505	0.017	-0.003	0.773
506	0.015	-0.005	0.773
507	0.015	-0.005	0.772
508	0.018	-0.004	0.772
509	0.017	-0.001	0.771
510	0.018	-0.002	0.771
511	0.018	-0.002	0.773
512	0.016	-0.003	0.772
513	0.018	-0.004	0.771
514	0.018	-0.007	0.774
515	0.021	-0.005	0.772
516	0.018	-0.003	0.772
517	0.090	-0.093	1.060
518	0.151	-0.153	1.088
519	0.147	-0.144	1.071
520	0.144	-0.139	1.063
521	0.142	-0.137	1.060
522	0.143	-0.136	1.060
523	0.141	-0.135	1.058
524	0.141	-0.136	1.056
525	0.141	-0.134	1.056
526	0.140	-0.135	1.054
527	0.138	-0.135	1.055
528	0.138	-0.134	1.059
529	0.139	-0.134	1.051
530	0.140	-0.134	1.054
531	0.138	-0.133	1.052
532	0.138	-0.132	1.052
533	0.138	-0.130	1.051
534	0.137	-0.133	1.050
535	0.138	-0.134	1.049
536	0.139	-0.132	1.049
537	0.139	-0.133	1.048
538	0.137	-0.133	1.046
539	0.138	-0.134	1.054
540	0.138	-0.131	1.047
541	0.137	-0.131	1.047
542	0.137	-0.131	1.052
543	0.138	-0.131	1.048
544	0.137	-0.128	1.046
545	0.136	-0.130	1.051
546	0.139	-0.131	1.054
547	0.138	-0.130	1.049
548	0.136	-0.130	1.047
549	0.136	-0.133	1.050
550	0.137	-0.129	1.054
551	0.136	-0.129	1.052
552	0.136	-0.129	1.052
553	0.136	-0.127	1.048
554	0.137	-0.126	1.052
555	0.135	-0.129	1.050
556	0.135	-0.129	1.048
557	0.134	-0.128	1.046
558	0.135	-0.128	1.053
559	0.135	-0.129	1.051
560	0.137	-0.130	1.046
561	0.136	-0.130	1.048
562	0.134	-0.130	1.050
563	0.135	-0.130	1.048
564	0.135	-0.130	1.047
565	0.133	-0.129	1.044
566	0.132	-0.129	1.048
567	0.135	-0.126	1.050
568	0.136	-0.128	1.050
569	0.134	-0.129	1.040
570	0.135	-0.127	1.048
571	0.136	-0.128	1.046
572	0.134	-0.130	1.042
573	0.136	-0.128	1.043
574	0.134	-0.129	1.044
575	0.136	-0.127	1.048
576	0.134	-0.131	1.040
577	0.134	-0.130	1.044
578	0.134	-0.130	1.046
579	0.136	-0.129	1.039
580	0.134	-0.130	1.041
581	0.136	-0.130	1.043
582	0.133	-0.130	1.042
583	0.133	-0.133	1.049
584	0.136	-0.133	1.034
585	0.136	-0.130	1.040
586	0.134	-0.133	1.043
587	0.132	-0.132	1.046
588	0.135	-0.130	1.042
589	0.137	-0.130	1.040
590	0.134	-0.130	1.042
591	0.133	-0.128	1.047
592	0.135	-0.128	1.044
593	0.135	-0.128	1.040
594	0.133	-0.126	1.040
595	0.136	-0.126	1.055
596	0.136	-0.124	1.042
597	0.136	-0.125	1.034
598	0.137	-0.126	1.039
599	0.136	-0.124	1.046
600	0.134	-0.127	1.046
601	0.134	-0.126	1.040
602	0.137	-0.125	1.041
603	0.136	-0.123	1.051
604	0.134	-0.125	1.041
605	0.133	-0.127	1.039
606	0.134	-0.125	1.037
607	0.130	-0.125	1.044
608	0.129	-0.126	1.052
609	0.132	-0.123	1.040
610	0.132	-0.123	1.036
611	0.130	-0.124	1.054
612	0.129	-0.125	1.049
613	0.131	-0.123	1.038
614	0.130	-0.126	1.036
615	0.129	-0.123	1.045
616	0.128	-0.122	1.053
617	0.129	-0.122	1.044
618	0.131	-0.122	1.034
619	0.131	-0.122	1.046
620	0.128	-0.122	1.055
621	0.128	-0.122	1.042
622	0.130	-0.124	1.033
623	0.129	-0.124	1.041
624	0.129	-0.124	1.056
625	0.129	-0.126	1.042
626	0.132	-0.123	1.032
627	0.131	-0.121	1.039
628	0.126	-0.122	1.050
629	0.126	-0.124	1.046
630	0.130	-0.122	1.035
631	0.129	-0.122	1.039
632	0.127	-0.124	1.048
633	0.127	-0.125	1.045
634	0.129	-0.124	1.036
635	0.128	-0.123	1.038
636	0.126	-0.126	1.044
637	0.127	-0.126	1.037
638	0.126	-0.126	1.038
639	0.127	-0.125	1.039
640	0.131	-0.123	1.046
641	0.128	-0.122	1.042
642	0.128	-0.125	1.039
643	0.132	-0.123	1.040
644	0.128	-0.126	1.043
645	0.127	-0.126	1.044
646	0.125	-0.131	1.038
647	0.127	-0.131	1.044
648	0.124	-0.132	1.045
649	0.124	-0.131	1.040
650	0.125	-0.131	1.034
651	0.124	-0.129	1.044
652	0.123	-0.128	1.046
653	0.125	-0.128	1.042
654	0.126	-0.128	1.038
655	0.127	-0.129	1.038
656	0.124	-0.131	1.040
657	0.126	-0.129	1.042
658	0.129	-0.131	1.038
659	0.127	-0.131	1.038
660	0.128	-0.130	1.040
661	0.130	-0.128	1.041
662	0.129	-0.127	1.039
663	0.130	-0.128	1.033
664	0.130	-0.128	1.033
665	0.132	-0.128	1.040
666	0.130	-0.128	1.039
667	0.132	-0.130	1.038
668	0.136	-0.130	1.034
669	0.132	-0.127	1.040
670	0.132	-0.126	1.032
671	0.133	-0.125	1.031
672	0.134	-0.123	1.040
673	0.133	-0.127	1.037
674	0.133	-0.131	1.040
675	0.133	-0.130	1.038
676	0.133	-0.130	1.036
677	0.133	-0.130	1.040
678	0.135	-0.129	1.039
679	0.133	-0.128	1.040
680	0.132	-0.126	1.041
681	0.135	-0.126	1.038
682	0.135	-0.126	1.036
683	0.132	-0.129	1.040
684	0.132	-0.130	1.033
685	0.132	-0.127	1.036
686	0.133	-0.124	1.041
687	0.132	-0.124	1.039
688	0.132	-0.126	1.038
689	0.132	-0.125	1.040
690	0.132	-0.126	1.040
691	0.132	-0.129	1.036
692	0.131	-0.128	1.039
693	0.133	-0.127	1.036
694	0.130	-0.129	1.039
695	0.130	-0.128	1.040
696	0.134	-0.126	1.040
697	0.133	-0.125	1.038
698	0.128	-0.126	1.040
699	0.130	-0.129	1.042
700	0.133	-0.128	1.032
701	0.131	-0.129	1.039
702	0.131	-0.127	1.041
703	0.131	-0.125	1.042
704	0.132	-0.126	1.037
705	0.129	-0.126	1.042
706	0.131	-0.125	1.043
707	0.130	-0.127	1.040
708	0.130	-0.126	1.038
709	0.131	-0.126	1.040
710	0.131	-0.121	1.039
711	0.129	-0.124	1.038
712	0.130	-0.126	1.039
713	0.130	-0.126	1.041
714	0.129	-0.126	1.041
715	0.129	-0.129	1.039
716	0.131	-0.126	1.036
717	0.129	-0.124	1.050
718	0.126	-0.125	1.038
719	0.130	-0.127	1.030
720	0.130	-0.127	1.045
721	0.128	-0.126	1.040
722	0.128	-0.127	1.039
723	0.130	-0.123	1.032
724	0.130	-0.123	1.036
725	0.127	-0.123	1.042
726	0.126	-0.126	1.042
727	0.134	-0.126	1.029
728	0.130	-0.125	1.035
729	0.128	-0.124	1.042
730	0.127	-0.124	1.040
731	0.129	-0.123	1.035
732	0.128	-0.125	1.031
733	0.129	-0.126	1.036
734	0.129	-0.128	1.042
735	0.126	-0.127	1.031
736	0.129	-0.126	1.032
737	0.129	-0.125	1.037
738	0.129	-0.125	1.042
739	0.128	-0.126	1.039
740	0.126	-0.126	1.030
741	0.128	-0.125	1.034
742	0.128	-0.124	1.037
743	0.128	-0.128	1.035
744	0.127	-0.128	1.030
745	0.128	-0.128	1.032
746	0.126	-0.127	1.039
747	0.125	-0.126	1.035
748	0.127	-0.126	1.032
749	0.127	-0.127	1.034
750	0.124	-0.129	1.033
751	0.125	-0.128	1.035
752	0.126	-0.126	1.028
753	0.125	-0.126	1.033
754	0.124	-0.125	1.037
755	0.126	-0.127	1.036
756	0.123	-0.127	1.032
757	0.124	-0.125	1.032
758	0.124	-0.125	1.034
759	0.126	-0.123	1.036
760	0.122	-0.127	1.034
761	0.123	-0.127	1.030
762	0.124	-0.128	1.036
763	0.121	-0.126	1.038
764	0.121	-0.127	1.030
765	0.124	-0.124	1.034
766	0.123	-0.125	1.034
767	0.119	-0.127	1.033
768	0.122	-0.127	1.035
769	0.121	-0.126	1.029
770	0.122	-0.126	1.032
771	0.120	-0.128	1.034
772	0.119	-0.125	1.035
773	0.123	-0.123	1.024
774	0.120	-0.126	1.037
775	0.119	-0.127	1.034
776	0.122	-0.126	1.028
777	0.121	-0.127	1.028
778	0.120	-0.128	1.030
779	0.119	-0.125	1.029
780	0.120	-0.126	1.032
781	0.120	-0.127	1.027
782	0.121	-0.124	1.027
783	0.122	-0.123	1.031
784	0.117	-0.122	1.040
785	0.120	-0.124	1.030
786	0.120	-0.125	1.026
787	0.122	-0.122	1.029
788	0.119	-0.122	1.038
789	0.119	-0.125	1.038
790	0.120	-0.124	1.027
791	0.120	-0.124	1.028
792	0.119	-0.123	1.033
793	0.122	-0.123	1.034
794	0.120	-0.123	1.035
795	0.120	-0.123	1.028
796	0.122	-0.123	1.017
797	0.122	-0.125	1.038
798	0.120	-0.123	1.034
799	0.122	-0.122	1.024
800	0.126	-0.124	1.028
801	0.122	-0.124	1.036
802	0.122	-0.123	1.032
803	0.121	-0.121	1.028
804	0.123	-0.125	1.026
805	0.121	-0.124	1.030
806	0.124	-0.126	1.036
807	0.124	-0.122	1.026
808	0.122	-0.124	1.030
809	0.122	-0.126	1.036
810	0.124	-0.126	1.022
811	0.124	-0.124	1.034
812	0.123	-0.126	1.026
813	0.125	-0.126	1.034
814	0.126	-0.126	1.025
815	0.126	-0.123	1.030
816	0.124	-0.124	1.036
817	0.126	-0.126	1.035
818	0.125	-0.127	1.032
819	0.122	-0.124	1.036
820	0.124	-0.125	1.030
821	0.131	-0.124	1.030
822	0.128	-0.123	1.040
823	0.123	-0.126	1.036
824	0.130	-0.122	1.031
825	0.125	-0.124	1.028
826	0.126	-0.125	1.031
827	0.126	-0.124	1.034
828	0.126	-0.124	1.036
829	0.126	-0.123	1.028
830	0.126	-0.126	1.035
831	0.129	-0.124	1.044
832	0.128	-0.124	1.030
833	0.126	-0.127	1.022
834	0.130	-0.127	1.036
835	0.130	-0.124	1.028
836	0.128	-0.122	1.031
837	0.128	-0.123	1.036
838	0.130	-0.123	1.030
839	0.130	-0.122	1.029
840	0.130	-0.124	1.036
841	0.129	-0.121	1.033
842	0.132	-0.123	1.034
843	0.131	-0.125	1.036
844	0.131	-0.124	1.032
845	0.130	-0.122	1.037
846	0.130	-0.123	1.034
847	0.129	-0.126	1.034
848	0.130	-0.125	1.030
849	0.129	-0.121	1.037
850	0.127	-0.127	1.032
851	0.128	-0.124	1.030
852	0.130	-0.121	1.035
853	0.128	-0.123	1.028
854	0.130	-0.123	1.034
855	0.128	-0.121	1.035
856	0.128	-0.124	1.029
857	0.130	-0.125	1.025
858	0.130	-0.125	1.031
859	0.129	-0.125	1.035
860	0.129	-0.124	1.032
861	0.131	-0.123	1.032
862	0.132	-0.124	1.034
863	0.130	-0.123	1.032
864	0.130	-0.122	1.038
865	0.131	-0.123	1.031
866	0.130	-0.125	1.035
867	0.129	-0.122	1.039
868	0.129	-0.122	1.032
869	0.132	-0.124	1.031
870	0.129	-0.123	1.036
871	0.126	-0.125	1.037
872	0.128	-0.125	1.036
873	0.128	-0.123	1.039
874	0.127	-0.124	1.031
875	0.127	-0.126	1.033
876	0.127	-0.123	1.042
877	0.124	-0.124	1.030
878	0.127	-0.124	1.035
879	0.128	-0.120	1.036
880	0.126	-0.124	1.036
881	0.123	-0.126	1.030
882	0.125	-0.123	1.033
883	0.126	-0.124	1.035
884	0.124	-0.126	1.039
885	0.125	-0.124	1.038
886	0.125	-0.127	1.030
887	0.123	-0.127	1.036
888	0.122	-0.128	1.041
889	0.124	-0.129	1.036
890	0.125	-0.129	1.029
891	0.124	-0.129	1.034
892	0.122	-0.132	1.034
893	0.126	-0.133	1.034
894	0.123	-0.131	1.032
895	0.124	-0.128	1.030
896	0.125	-0.129	1.033
897	0.127	-0.130	1.037
898	0.126	-0.127	1.033
899	0.125	-0.127	1.034
900	0.126	-0.125	1.029
901	0.124	-0.128	1.031
902	0.123	-0.125	1.029
903	0.127	-0.128	1.028
904	0.125	-0.129	1.027
905	0.125	-0.124	1.035
906	0.127	-0.127	1.026
907	0.126	-0.126	1.026
908	0.125	-0.123	1.035
909	0.125	-0.125	1.036
910	0.128	-0.123	1.026
911	0.128	-0.120	1.035
912	0.123	-0.121	1.035
913	0.127	-0.123	1.031
914	0.126	-0.122	1.034
915	0.124	-0.123	1.035
916	0.127	-0.125	1.035
917	0.126	-0.121	1.036
918	0.127	-0.121	1.027
919	0.126	-0.122	1.029
920	0.127	-0.122	1.041
921	0.126	-0.119	1.037
922	0.123	-0.122	1.025
923	0.124	-0.123	1.027
924	0.125	-0.121	1.039
925	0.123	-0.120	1.030
926	0.124	-0.123	1.034
927	0.126	-0.121	1.030
928	0.127	-0.121	1.033
929	0.122	-0.121	1.040
930	0.123	-0.120	1.036
931	0.127	-0.120	1.030
932	0.120	-0.122	1.038
933	0.120	-0.121	1.040
934	0.122	-0.122	1.027
935	0.122	-0.123	1.032
936	0.124	-0.122	1.033
937	0.122	-0.122	1.036
938	0.121	-0.122	1.035
939	0.120	-0.120	1.031
940	0.124	-0.120	1.032
941	0.121	-0.121	1.038
942	0.122	-0.121	1.036
943	0.123	-0.121	1.027
944	0.123	-0.123	1.032
945	0.120	-0.122	1.036
946	0.121	-0.120	1.033
947	0.122	-0.120	1.037
948	0.122	-0.122	1.031
949	0.121	-0.121	1.035
950	0.121	-0.123	1.040
951	0.120	-0.125	1.035
952	0.120	-0.123	1.031
953	0.119	-0.126	1.041
954	0.120	-0.127	1.032
955	0.120	-0.125	1.030
956	0.119	-0.130	1.036
957	0.119	-0.128	1.038
958	0.119	-0.128	1.034
959	0.120	-0.127	1.026
960	0.115	-0.129	1.030
961	0.119	-0.129	1.040
962	0.118	-0.128	1.038
963	0.117	-0.128	1.026
964	0.118	-0.129	1.027
965	0.118	-0.126	1.037
966	0.115	-0.125	1.035
967	0.117	-0.127	1.028
968	0.121	-0.124	1.022
969	0.118	-0.125	1.029
970	0.117	-0.128	1.041
971	0.118	-0.126	1.026
972	0.122	-0.125	1.014
973	0.117	-0.130	1.027
974	0.116	-0.125	1.045
975	0.121	-0.128	1.022
976	0.121	-0.128	1.016
977	0.119	-0.123	1.031
978	0.117	-0.127	1.036
979	0.121	-0.125	1.026
980	0.120	-0.125	1.019
981	0.120	-0.128	1.024
982	0.120	-0.122	1.036
983	0.119	-0.123	1.028
984	0.122	-0.123	1.012
985	0.121	-0.124	1.026
986	0.117	-0.123	1.035
987	0.117	-0.122	1.030
988	0.120	-0.121	1.019
989	0.120	-0.124	1.022
990	0.118	-0.123	1.032
991	0.116	-0.121	1.028
992	0.119	-0.124	1.022
993	0.121	-0.120	1.026
994	0.116	-0.121	1.034
995	0.119	-0.122	1.033
996	0.120	-0.121	1.015
997	0.119	-0.121	1.023
998	0.116	-0.121	1.038
999	0.118	-0.118	1.032
1000	0.121	-0.121	1.015
1001	0.120	-0.119	1.018
1002	0.116	-0.121	1.027
1003	0.119	-0.118	1.033
1004	0.117	-0.118	1.024
1005	0.119	-0.121	1.016
1006	0.120	-0.117	1.024
1007	0.118	-0.119	1.032
1008	0.118	-0.118	1.024
1009	0.121	-0.118	1.016
1010	0.121	-0.118	1.025
1011	0.120	-0.115	1.033
1012	0.121	-0.118	1.019
1013	0.120	-0.117	1.016
1014	0.120	-0.119	1.022
1015	0.120	-0.120	1.030
1016	0.120	-0.118	1.023
1017	0.122	-0.119	1.020
1018	0.249	-0.272	1.374
1019	0.256	-0.272	1.331
1020	0.249	-0.267	1.343
1021	0.246	-0.267	1.323
1022	0.247	-0.265	1.313
1023	0.247	-0.260	1.322
1024	0.247	-0.262	1.324
1025	0.242	-0.263	1.316
1026	0.246	-0.259	1.315
1027	0.246	-0.257	1.320
1028	0.241	-0.258	1.320
1029	0.241	-0.258	1.319
1030	0.244	-0.259	1.309
1031	0.242	-0.257	1.311
1032	0.239	-0.259	1.314
1033	0.243	-0.255	1.313
1034	0.242	-0.255	1.306
1035	0.241	-0.256	1.305
1036	0.241	-0.255	1.313
1037	0.242	-0.256	1.314
1038	0.241	-0.253	1.305
1039	0.242	-0.255	1.305
1040	0.244	-0.256	1.311
1041	0.240	-0.252	1.312
1042	0.239	-0.256	1.306
1043	0.239	-0.255	1.304
1044	0.241	-0.252	1.304
1045	0.240	-0.254	1.308
1046	0.239	-0.256	1.307
1047	0.240	-0.253	1.304
1048	0.241	-0.252	1.305
1049	0.238	-0.252	1.309
1050	0.238	-0.253	1.302
1051	0.239	-0.252	1.299
1052	0.239	-0.251	1.305
1053	0.235	-0.254	1.308
1054	0.240	-0.253	1.300
1055	0.240	-0.249	1.300
1056	0.237	-0.252	1.302
1057	0.238	-0.253	1.304
1058	0.239	-0.251	1.299
1059	0.239	-0.251	1.298
1060	0.239	-0.251	1.302
1061	0.238	-0.249	1.301
1062	0.239	-0.251	1.301
1063	0.238	-0.250	1.298
1064	0.240	-0.250	1.302
1065	0.239	-0.251	1.302
1066	0.237	-0.248	1.297
1067	0.239	-0.252	1.293
1068	0.239	-0.247	1.302
1069	0.237	-0.246	1.297
1070	0.239	-0.249	1.296
1071	0.241	-0.246	1.295
1072	0.240	-0.247	1.301
1073	0.237	-0.247	1.296
1074	0.239	-0.246	1.296
1075	0.239	-0.249	1.290
1076	0.239	-0.245	1.294
1077	0.236	-0.245	1.300
1078	0.237	-0.246	1.295
1079	0.238	-0.244	1.294
1080	0.237	-0.246	1.296
1081	0.237	-0.245	1.302
1082	0.238	-0.245	1.297
1083	0.238	-0.243	1.286
1084	0.236	-0.246	1.288
1085	0.238	-0.245	1.300
1086	0.236	-0.244	1.294
1087	0.237	-0.245	1.290
1088	0.239	-0.246	1.290
1089	0.239	-0.242	1.292
1090	0.233	-0.244	1.298
1091	0.237	-0.247	1.293
1092	0.237	-0.246	1.285
1093	0.238	-0.245	1.296
1094	0.235	-0.245	1.294
1095	0.240	-0.242	1.290
1096	0.239	-0.243	1.292
1097	0.237	-0.243	1.295
1098	0.238	-0.246	1.294
1099	0.238	-0.244	1.291
1100	0.237	-0.242	1.287
1101	0.238	-0.245	1.295
1102	0.239	-0.243	1.297
1103	0.238	-0.243	1.295
1104	0.237	-0.243	1.292
1105	0.237	-0.242	1.294
1106	0.237	-0.241	1.296
1107	0.234	-0.243	1.294
1108	0.235	-0.243	1.288
1109	0.239	-0.243	1.290
1110	0.236	-0.244	1.293
1111	0.235	-0.245	1.287
1112	0.236	-0.242	1.286
1113	0.236	-0.244	1.288
1114	0.236	-0.243	1.290
1115	0.238	-0.242	1.291
1116	0.237	-0.241	1.289
1117	0.236	-0.242	1.286
1118	0.234	-0.242	1.293
1119	0.237	-0.242	1.287
1120	0.236	-0.242	1.284
1121	0.237	-0.242	1.288
1122	0.239	-0.241	1.285
1123	0.239	-0.240	1.290
1124	0.234	-0.243	1.288
1125	0.239	-0.242	1.285
1126	0.240	-0.241	1.286
1127	0.237	-0.242	1.285
1128	0.236	-0.242	1.289
1129	0.237	-0.243	1.284
1130	0.237	-0.243	1.292
1131	0.234	-0.242	1.287
1132	0.239	-0.241	1.287
1133	0.238	-0.242	1.291
1134	0.237	-0.241	1.291
1135	0.233	-0.242	1.286
1136	0.238	-0.243	1.286
1137	0.235	-0.239	1.289
1138	0.234	-0.243	1.287
1139	0.235	-0.242	1.288
1140	0.235	-0.240	1.291
1141	0.233	-0.240	1.290
1142	0.235	-0.242	1.282
1143	0.237	-0.240	1.286
1144	0.235	-0.242	1.285
1145	0.235	-0.241	1.288
1146	0.237	-0.240	1.292
1147	0.237	-0.240	1.290
1148	0.236	-0.240	1.284
1149	0.234	-0.242	1.290
1150	0.237	-0.241	1.292
1151	0.236	-0.241	1.286
1152	0.235	-0.240	1.288
1153	0.236	-0.241	1.292
1154	0.235	-0.240	1.288
1155	0.235	-0.241	1.289
1156	0.237	-0.240	1.287
1157	0.236	-0.241	1.290
1158	0.235	-0.239	1.288
1159	0.234	-0.243	1.284
1160	0.237	-0.241	1.285
1161	0.237	-0.239	1.286
1162	0.233	-0.243	1.291
1163	0.233	-0.238	1.291
1164	0.234	-0.240	1.285
1165	0.233	-0.238	1.285
1166	0.236	-0.241	1.284
1167	0.235	-0.240	1.284
1168	0.235	-0.238	1.288
1169	0.235	-0.242	1.284
1170	0.235	-0.238	1.289
1171	0.235	-0.239	1.291
1172	0.233	-0.240	1.285
1173	0.233	-0.239	1.282
1174	0.237	-0.243	1.282
1175	0.235	-0.238	1.284
1176	0.234	-0.240	1.284
1177	0.235	-0.241	1.282
1178	0.232	-0.241	1.288
1179	0.233	-0.241	1.284
1180	0.232	-0.241	1.282
1181	0.233	-0.239	1.285
1182	0.232	-0.241	1.289
1183	0.229	-0.241	1.286
1184	0.233	-0.241	1.285
1185	0.232	-0.242	1.280
1186	0.231	-0.240	1.288
1187	0.229	-0.242	1.288
1188	0.231	-0.241	1.284
1189	0.230	-0.241	1.282
1190	0.228	-0.242	1.284
1191	0.230	-0.240	1.286
1192	0.229	-0.240	1.282
1193	0.227	-0.242	1.286
1194	0.227	-0.241	1.282
1195	0.229	-0.241	1.282
1196	0.225	-0.240	1.284
1197	0.224	-0.241	1.283
1198	0.228	-0.241	1.277
1199	0.228	-0.239	1.283
1200	0.226	-0.241	1.283
1201	0.226	-0.239	1.283
1202	0.226	-0.241	1.284
1203	0.227	-0.242	1.283
1204	0.228	-0.239	1.283
1205	0.226	-0.240	1.288
1206	0.228	-0.243	1.282
1207	0.227	-0.240	1.283
1208	0.230	-0.240	1.283
1209	0.230	-0.239	1.279
1210	0.226	-0.241	1.281
1211	0.227	-0.242	1.287
1212	0.229	-0.237	1.282
1213	0.229	-0.240	1.282
1214	0.227	-0.239	1.290
1215	0.226	-0.241	1.289
1216	0.226	-0.239	1.274
1217	0.226	-0.237	1.287
1218	0.226	-0.240	1.290
1219	0.225	-0.240	1.282
1220	0.225	-0.239	1.283
1221	0.224	-0.238	1.285
1222	0.226	-0.238	1.286
1223	0.225	-0.239	1.288
1224	0.226	-0.238	1.284
1225	0.226	-0.242	1.280
1226	0.225	-0.238	1.283
1227	0.224	-0.240	1.285
1228	0.224	-0.240	1.282
1229	0.226	-0.241	1.285
1230	0.226	-0.239	1.282
1231	0.222	-0.240	1.290
1232	0.226	-0.240	1.290
1233	0.225	-0.241	1.290
1234	0.224	-0.242	1.282
1235	0.224	-0.238	1.290
1236	0.225	-0.242	1.289
1237	0.227	-0.238	1.280
1238	0.225	-0.242	1.284
1239	0.223	-0.240	1.288
1240	0.223	-0.240	1.280
1241	0.223	-0.241	1.283
1242	0.224	-0.240	1.288
1243	0.225	-0.242	1.285
1244	0.225	-0.238	1.280
1245	0.226	-0.242	1.290
1246	0.225	-0.238	1.279
1247	0.226	-0.238	1.283
1248	0.220	-0.240	1.286
1249	0.226	-0.240	1.280
1250	0.226	-0.237	1.285
1251	0.224	-0.241	1.289
1252	0.224	-0.239	1.273
1253	0.227	-0.239	1.282
1254	0.225	-0.240	1.284
1255	0.224	-0.240	1.281
1256	0.225	-0.240	1.282
1257	0.224	-0.239	1.285
1258	0.223	-0.238	1.278
1259	0.221	-0.242	1.285
1260	0.222	-0.239	1.283
1261	0.224	-0.238	1.281
1262	0.220	-0.237	1.288
1263	0.220	-0.238	1.282
1264	0.221	-0.237	1.281
1265	0.221	-0.237	1.284
1266	0.218	-0.237	1.282
1267	0.220	-0.236	1.286
1268	0.220	-0.234	1.284
1269	0.216	-0.238	1.281
1270	0.218	-0.237	1.279
1271	0.218	-0.237	1.282
1272	0.220	-0.238	1.281
1273	0.220	-0.238	1.279
1274	0.221	-0.238	1.284
1275	0.221	-0.238	1.283
1276	0.219	-0.239	1.282
1277	0.220	-0.239	1.280
1278	0.220	-0.239	1.285
1279	0.218	-0.238	1.283
1280	0.216	-0.241	1.284
1281	0.219	-0.240	1.287
1282	0.218	-0.239	1.277
1283	0.218	-0.239	1.285
1284	0.218	-0.240	1.281
1285	0.220	-0.240	1.280
1286	0.217	-0.240	1.284
1287	0.222	-0.238	1.285
1288	0.221	-0.240	1.279
1289	0.222	-0.238	1.283
1290	0.220	-0.240	1.290
1291	0.222	-0.240	1.280
1292	0.222	-0.237	1.279
1293	0.221	-0.238	1.285
1294	0.222	-0.241	1.284
1295	0.224	-0.238	1.284
1296	0.224	-0.239	1.282
1297	0.221	-0.240	1.283
1298	0.224	-0.237	1.283
1299	0.224	-0.240	1.284
1300	0.223	-0.238	1.283
1301	0.224	-0.240	1.277
1302	0.224	-0.237	1.285
1303	0.222	-0.240	1.284
1304	0.221	-0.239	1.280
1305	0.225	-0.239	1.280
1306	0.220	-0.238	1.282
1307	0.221	-0.241	1.282
1308	0.224	-0.237	1.282
1309	0.224	-0.238	1.280
1310	0.222	-0.239	1.280
1311	0.223	-0.237	1.286
1312	0.224	-0.239	1.280
1313	0.222	-0.237	1.278
1314	0.221	-0.239	1.276
1315	0.225	-0.236	1.277
1316	0.222	-0.238	1.287
1317	0.220	-0.235	1.278
1318	0.223	-0.238	1.280
1319	0.224	-0.235	1.281
1320	0.222	-0.237	1.284
1321	0.221	-0.237	1.275
1322	0.224	-0.236	1.278
1323	0.221	-0.235	1.286
1324	0.222	-0.237	1.279
1325	0.223	-0.240	1.279
1326	0.223	-0.235	1.282
1327	0.221	-0.238	1.281
1328	0.224	-0.237	1.281
1329	0.222	-0.237	1.285
1330	0.223	-0.240	1.276
1331	0.222	-0.238	1.278
1332	0.222	-0.241	1.281
1333	0.223	-0.237	1.282
1334	0.221	-0.240	1.277
1335	0.221	-0.237	1.280
1336	0.221	-0.236	1.279
1337	0.221	-0.240	1.280
1338	0.221	-0.238	1.278
1339	0.223	-0.240	1.280
1340	0.224	-0.239	1.281
1341	0.220	-0.243	1.282
1342	0.222	-0.239	1.276
1343	0.224	-0.243	1.278
1344	0.221	-0.241	1.280
1345	0.220	-0.244	1.277
1346	0.221	-0.240	1.274
1347	0.220	-0.240	1.282
1348	0.220	-0.242	1.282
1349	0.221	-0.241	1.278
1350	0.223	-0.241	1.277
1351	0.219	-0.240	1.277
1352	0.220	-0.244	1.281
1353	0.220	-0.241	1.277
1354	0.221	-0.241	1.274
1355	0.220	-0.242	1.279
1356	0.219	-0.239	1.280
1357	0.221	-0.239	1.279
1358	0.219	-0.238	1.278
1359	0.219	-0.242	1.278
1360	0.220	-0.236	1.279
1361	0.217	-0.236	1.279
1362	0.216	-0.236	1.278
1363	0.218	-0.236	1.276
1364	0.219	-0.237	1.282
1365	0.217	-0.235	1.281
1366	0.217	-0.236	1.277
1367	0.220	-0.235	1.280
1368	0.217	-0.235	1.280
1369	0.216	-0.236	1.278
1370	0.218	-0.238	1.278
1371	0.217	-0.236	1.278
1372	0.217	-0.239	1.278
1373	0.216	-0.236	1.278
1374	0.218	-0.238	1.280
1375	0.217	-0.235	1.280
1376	0.218	-0.237	1.283
1377	0.219	-0.236	1.282
1378	0.220	-0.234	1.281
1379	0.218	-0.238	1.278
1380	0.220	-0.237	1.277
1381	0.217	-0.237	1.279
1382	0.218	-0.238	1.277
1383	0.218	-0.240	1.279
1384	0.220	-0.238	1.282
1385	0.216	-0.239	1.283
1386	0.216	-0.241	1.276
1387	0.220	-0.238	1.274
1388	0.221	-0.239	1.280
1389	0.220	-0.237	1.281
1390	0.220	-0.241	1.278
1391	0.221	-0.237	1.276
1392	0.220	-0.238	1.278
1393	0.220	-0.240	1.280
1394	0.221	-0.237	1.282
1395	0.221	-0.239	1.277
1396	0.219	-0.238	1.277
1397	0.222	-0.238	1.279
1398	0.223	-0.236	1.279
1399	0.223	-0.241	1.278
1400	0.221	-0.237	1.276
1401	0.222	-0.237	1.281
1402	0.220	-0.237	1.277
1403	0.220	-0.238	1.274
1404	0.220	-0.238	1.277
1405	0.223	-0.238	1.279
1406	0.218	-0.236	1.275
1407	0.221	-0.240	1.277
1408	0.220	-0.237	1.280
1409	0.220	-0.236	1.277
1410	0.220	-0.240	1.277
1411	0.222	-0.236	1.277
1412	0.221	-0.239	1.276
1413	0.219	-0.240	1.280
1414	0.221	-0.238	1.282
1415	0.221	-0.237	1.270
1416	0.219	-0.238	1.278
1417	0.221	-0.238	1.279
1418	0.220	-0.239	1.280
1419	0.221	-0.239	1.277
1420	0.220	-0.240	1.278
1421	0.221	-0.237	1.279
1422	0.222	-0.238	1.278
1423	0.220	-0.239	1.280
1424	0.221	-0.240	1.278
1425	0.221	-0.238	1.281
1426	0.221	-0.235	1.278
1427	0.219	-0.239	1.276
1428	0.222	-0.239	1.277
1429	0.222	-0.239	1.279
1430	0.219	-0.238	1.280
1431	0.220	-0.236	1.277
1432	0.224	-0.237	1.277
1433	0.220	-0.239	1.280
1434	0.223	-0.237	1.279
1435	0.222	-0.239	1.274
1436	0.220	-0.237	1.274
1437	0.221	-0.239	1.273
1438	0.220	-0.237	1.279
1439	0.222	-0.239	1.280
1440	0.220	-0.239	1.277
1441	0.220	-0.238	1.275
1442	0.222	-0.238	1.274
1443	0.219	-0.238	1.276
1444	0.219	-0.237	1.282
1445	0.220	-0.238	1.275
1446	0.220	-0.235	1.278
1447	0.220	-0.238	1.280
1448	0.221	-0.238	1.278
1449	0.221	-0.236	1.273
1450	0.221	-0.238	1.279
1451	0.217	-0.235	1.280
1452	0.222	-0.237	1.274
1453	0.221	-0.236	1.272
1454	0.220	-0.236	1.275
1455	0.220	-0.239	1.273
1456	0.223	-0.237	1.278
1457	0.218	-0.237	1.277
1458	0.219	-0.239	1.273
1459	0.222	-0.237	1.274
1460	0.221	-0.235	1.276
1461	0.219	-0.238	1.273
1462	0.222	-0.237	1.272
1463	0.221	-0.236	1.274
1464	0.217	-0.238	1.276
1465	0.220	-0.238	1.272
1466	0.222	-0.236	1.269
1467	0.221	-0.238	1.276
1468	0.218	-0.237	1.272
1469	0.220	-0.237	1.275
1470	0.221	-0.238	1.276
1471	0.220	-0.237	1.278
1472	0.221	-0.237	1.273
1473	0.221	-0.238	1.281
1474	0.220	-0.239	1.272
1475	0.221	-0.238	1.272
1476	0.220	-0.237	1.280
1477	0.219	-0.238	1.276
1478	0.220	-0.237	1.268
1479	0.221	-0.236	1.276
1480	0.220	-0.239	1.278
1481	0.217	-0.236	1.272
1482	0.220	-0.236	1.270
1483	0.221	-0.237	1.274
1484	0.221	-0.235	1.276
1485	0.221	-0.236	1.271
1486	0.223	-0.237	1.273
1487	0.218	-0.236	1.272
1488	0.219	-0.234	1.274
1489	0.220	-0.235	1.274
1490	0.224	-0.234	1.266
1491	0.224	-0.234	1.270
1492	0.220	-0.238	1.275
1493	0.221	-0.234	1.268
1494	0.221	-0.235	1.266
1495	0.221	-0.235	1.272
1496	0.221	-0.234	1.275
1497	0.224	-0.235	1.269
1498	0.222	-0.237	1.269
1499	0.220	-0.234	1.268
1500	0.222	-0.233	1.270
1501	0.222	-0.235	1.274
1502	0.220	-0.234	1.270
1503	0.224	-0.233	1.268
1504	0.224	-0.234	1.274
1505	0.220	-0.233	1.273
1506	0.222	-0.233	1.272
1507	0.223	-0.235	1.270
1508	0.221	-0.231	1.270
1509	0.220	-0.233	1.270
1510	0.221	-0.234	1.267
1511	0.222	-0.233	1.273
1512	0.221	-0.233	1.272
1513	0.222	-0.233	1.276
1514	0.222	-0.235	1.266
1515	0.220	-0.231	1.263
1516	0.219	-0.233	1.270
1517	0.221	-0.234	1.272
1518	0.222	-0.235	1.269
1519	0.407	-0.453	1.679
1520	0.404	-0.443	1.703
1521	0.400	-0.436	1.685
1522	0.394	-0.432	1.680
1523	0.392	-0.432	1.678
1524	0.391	-0.427	1.673
1525	0.392	-0.426	1.661
1526	0.388	-0.423	1.659
1527	0.387	-0.422	1.665
1528	0.386	-0.422	1.660
1529	0.387	-0.421	1.657
1530	0.385	-0.418	1.655
1531	0.386	-0.417	1.653
1532	0.384	-0.420	1.657
1533	0.381	-0.418	1.654
1534	0.383	-0.418	1.644
1535	0.384	-0.415	1.650
1536	0.380	-0.417	1.649
1537	0.380	-0.415	1.641
1538	0.384	-0.414	1.643
1539	0.381	-0.414	1.644
1540	0.379	-0.415	1.643
1541	0.382	-0.411	1.645
1542	0.380	-0.414	1.646
1543	0.380	-0.412	1.639
1544	0.381	-0.410	1.641
1545	0.381	-0.410	1.641
1546	0.380	-0.411	1.637
1547	0.379	-0.412	1.635
1548	0.378	-0.410	1.643
1549	0.378	-0.410	1.637
1550	0.377	-0.408	1.636
1551	0.378	-0.408	1.632
1552	0.379	-0.409	1.635
1553	0.375	-0.407	1.634
1554	0.377	-0.410	1.635
1555	0.379	-0.406	1.630
1556	0.376	-0.409	1.635
1557	0.374	-0.405	1.637
1558	0.377	-0.408	1.634
1559	0.375	-0.403	1.630
1560	0.375	-0.406	1.630
1561	0.375	-0.404	1.631
1562	0.378	-0.404	1.628
1563	0.375	-0.404	1.626
1564	0.374	-0.405	1.629
1565	0.378	-0.402	1.629
1566	0.377	-0.402	1.633
1567	0.372	-0.404	1.622
1568	0.375	-0.402	1.621
1569	0.376	-0.402	1.626
1570	0.373	-0.401	1.624
1571	0.373	-0.400	1.619
1572	0.376	-0.401	1.619
1573	0.375	-0.399	1.625
1574	0.373	-0.401	1.623
1575	0.372	-0.398	1.621
1576	0.373	-0.401	1.619
1577	0.371	-0.397	1.625
1578	0.370	-0.402	1.620
1579	0.372	-0.403	1.618
1580	0.371	-0.401	1.619
1581	0.370	-0.399	1.622
1582	0.369	-0.400	1.623
1583	0.373	-0.399	1.617
1584	0.370	-0.400	1.616
1585	0.371	-0.400	1.622
1586	0.370	-0.399	1.622
1587	0.372	-0.397	1.619
1588	0.371	-0.399	1.617
1589	0.372	-0.400	1.617
1590	0.372	-0.400	1.623
1591	0.369	-0.399	1.616
1592	0.373	-0.398	1.618
1593	0.372	-0.397	1.619
1594	0.371	-0.396	1.621
1595	0.371	-0.399	1.619
1596	0.372	-0.396	1.620
1597	0.372	-0.399	1.617
1598	0.370	-0.398	1.618
1599	0.371	-0.399	1.617
1600	0.374	-0.394	1.615
1601	0.371	-0.399	1.614
1602	0.372	-0.397	1.618
1603	0.375	-0.399	1.611
1604	0.372	-0.394	1.616
1605	0.370	-0.398	1.618
1606	0.372	-0.394	1.619
1607	0.372	-0.396	1.618
1608	0.371	-0.395	1.615
1609	0.373	-0.397	1.613
1610	0.371	-0.395	1.620
1611	0.370	-0.396	1.619
1612	0.370	-0.394	1.615
1613	0.371	-0.394	1.615
1614	0.375	-0.394	1.615
1615	0.370	-0.396	1.615
1616	0.373	-0.396	1.613
1617	0.372	-0.393	1.615
1618	0.370	-0.396	1.613
1619	0.372	-0.394	1.613
1620	0.372	-0.395	1.619
1621	0.371	-0.392	1.613
1622	0.368	-0.395	1.614
1623	0.372	-0.392	1.611
1624	0.372	-0.394	1.612
1625	0.370	-0.393	1.614
1626	0.372	-0.394	1.615
1627	0.373	-0.396	1.613
1628	0.372	-0.392	1.613
1629	0.369	-0.397	1.618
1630	0.371	-0.393	1.612
1631	0.371	-0.394	1.615
1632	0.370	-0.393	1.612
1633	0.370	-0.394	1.609
1634	0.373	-0.394	1.615
1635	0.371	-0.393	1.616
1636	0.369	-0.395	1.614
1637	0.370	-0.392	1.614
1638	0.372	-0.396	1.613
1639	0.369	-0.394	1.610
1640	0.369	-0.396	1.612
1641	0.371	-0.393	1.614
1642	0.368	-0.395	1.615
1643	0.366	-0.393	1.613
1644	0.368	-0.396	1.605
1645	0.368	-0.395	1.611
1646	0.365	-0.396	1.609
1647	0.366	-0.396	1.614
1648	0.367	-0.394	1.611
1649	0.364	-0.396	1.611
1650	0.364	-0.393	1.615
1651	0.365	-0.395	1.613
1652	0.365	-0.394	1.611
1653	0.363	-0.398	1.612
1654	0.366	-0.394	1.610
1655	0.367	-0.394	1.617
1656	0.363	-0.395	1.613
1657	0.365	-0.396	1.612
1658	0.365	-0.394	1.613
1659	0.364	-0.395	1.607
1660	0.366	-0.396	1.610
1661	0.367	-0.397	1.611
1662	0.363	-0.393	1.615
1663	0.361	-0.396	1.610
1664	0.365	-0.395	1.608
1665	0.364	-0.396	1.613
1666	0.363	-0.392	1.607
1667	0.362	-0.395	1.613
1668	0.366	-0.392	1.615
1669	0.364	-0.394	1.607
1670	0.363	-0.395	1.610
1671	0.368	-0.396	1.612
1672	0.369	-0.393	1.619
1673	0.364	-0.392	1.607
1674	0.365	-0.393	1.614
1675	0.366	-0.392	1.605
1676	0.367	-0.393	1.604
1677	0.364	-0.393	1.612
1678	0.366	-0.392	1.605
1679	0.367	-0.391	1.607
1680	0.364	-0.395	1.610
1681	0.366	-0.393	1.608
1682	0.369	-0.391	1.603
1683	0.368	-0.390	1.602
1684	0.366	-0.392	1.605
1685	0.364	-0.391	1.607
1686	0.368	-0.389	1.606
1687	0.365	-0.392	1.607
1688	0.366	-0.391	1.605
1689	0.368	-0.392	1.607
1690	0.367	-0.391	1.604
1691	0.365	-0.392	1.604
1692	0.367	-0.390	1.607
1693	0.368	-0.388	1.607
1694	0.365	-0.392	1.605
1695	0.368	-0.390	1.603
1696	0.368	-0.393	1.603
1697	0.366	-0.390	1.605
1698	0.366	-0.394	1.601
1699	0.367	-0.389	1.607
1700	0.367	-0.392	1.600
1701	0.365	-0.389	1.607
1702	0.366	-0.391	1.603
1703	0.368	-0.389	1.604
1704	0.368	-0.390	1.606
1705	0.366	-0.390	1.608
1706	0.366	-0.389	1.602
1707	0.366	-0.389	1.604
1708	0.364	-0.390	1.602
1709	0.367	-0.390	1.603
1710	0.367	-0.389	1.605
1711	0.366	-0.390	1.601
1712	0.366	-0.391	1.601
1713	0.369	-0.390	1.603
1714	0.367	-0.389	1.605
1715	0.364	-0.391	1.601
1716	0.366	-0.390	1.608
1717	0.366	-0.389	1.605
1718	0.365	-0.390	1.604
1719	0.366	-0.390	1.611
1720	0.368	-0.390	1.607
1721	0.366	-0.389	1.604
1722	0.367	-0.391	1.608
1723	0.366	-0.388	1.603
1724	0.366	-0.388	1.603
1725	0.364	-0.388	1.605
1726	0.365	-0.390	1.609
1727	0.367	-0.390	1.607
1728	0.365	-0.389	1.602
1729	0.365	-0.390	1.607
1730	0.367	-0.391	1.611
1731	0.365	-0.387	1.603
1732	0.364	-0.389	1.605
1733	0.365	-0.392	1.610
1734	0.365	-0.388	1.603
1735	0.364	-0.387	1.601
1736	0.365	-0.391	1.599
1737	0.367	-0.389	1.606
1738	0.366	-0.390	1.605
1739	0.365	-0.391	1.605
1740	0.364	-0.390	1.599
1741	0.366	-0.388	1.607
1742	0.364	-0.389	1.606
1743	0.364	-0.389	1.599
1744	0.367	-0.389	1.604
1745	0.366	-0.389	1.605
1746	0.363	-0.389	1.605
1747	0.364	-0.389	1.612
1748	0.365	-0.387	1.601
1749	0.365	-0.391	1.607
1750	0.365	-0.390	1.608
1751	0.370	-0.387	1.598
1752	0.367	-0.388	1.608
1753	0.364	-0.388	1.606
1754	0.367	-0.387	1.601
1755	0.366	-0.389	1.608
1756	0.365	-0.387	1.603
1757	0.366	-0.388	1.601
1758	0.365	-0.389	1.609
1759	0.366	-0.388	1.612
1760	0.366	-0.388	1.603
1761	0.368	-0.388	1.606
1762	0.365	-0.387	1.613
1763	0.365	-0.387	1.607
1764	0.365	-0.389	1.612
1765	0.367	-0.385	1.603
1766	0.365	-0.387	1.600
1767	0.366	-0.387	1.611
1768	0.368	-0.384	1.602
1769	0.367	-0.386	1.605
1770	0.364	-0.389	1.609
1771	0.366	-0.385	1.606
1772	0.369	-0.384	1.598
1773	0.365	-0.387	1.596
1774	0.363	-0.385	1.605
1775	0.368	-0.384	1.606
1776	0.369	-0.387	1.599
1777	0.364	-0.387	1.598
1778	0.364	-0.386	1.609
1779	0.365	-0.389	1.605
1780	0.365	-0.387	1.600
1781	0.365	-0.388	1.599
1782	0.366	-0.388	1.599
1783	0.363	-0.385	1.605
1784	0.362	-0.388	1.601
1785	0.366	-0.387	1.601
1786	0.363	-0.387	1.602
1787	0.362	-0.387	1.603
1788	0.363	-0.387	1.604
1789	0.364	-0.388	1.611
1790	0.363	-0.388	1.601
1791	0.362	-0.387	1.607
1792	0.361	-0.387	1.605
1793	0.366	-0.388	1.612
1794	0.363	-0.387	1.607
1795	0.362	-0.388	1.605
1796	0.364	-0.388	1.601
1797	0.363	-0.386	1.608
1798	0.363	-0.389	1.607
1799	0.366	-0.388	1.599
1800	0.364	-0.386	1.602
1801	0.362	-0.388	1.600
1802	0.362	-0.389	1.596
1803	0.367	-0.386	1.597
1804	0.363	-0.388	1.599
1805	0.363	-0.389	1.596
1806	0.364	-0.389	1.601
1807	0.361	-0.386	1.602
1808	0.363	-0.389	1.602
1809	0.363	-0.389	1.602
1810	0.365	-0.388	1.608
1811	0.363	-0.388	1.603
1812	0.364	-0.387	1.603
1813	0.362	-0.387	1.603
1814	0.362	-0.388	1.604
1815	0.363	-0.388	1.598
1816	0.362	-0.388	1.606
1817	0.363	-0.387	1.600
1818	0.361	-0.387	1.603
1819	0.363	-0.389	1.604
1820	0.365	-0.386	1.601
1821	0.363	-0.385	1.597
1822	0.365	-0.385	1.605
1823	0.365	-0.387	1.605
1824	0.362	-0.388	1.595
1825	0.364	-0.386	1.596
1826	0.366	-0.384	1.601
1827	0.367	-0.386	1.603
1828	0.362	-0.389	1.601
1829	0.364	-0.384	1.603
1830	0.366	-0.385	1.597
1831	0.365	-0.385	1.599
1832	0.361	-0.387	1.599
1833	0.364	-0.383	1.596
1834	0.364	-0.385	1.601
1835	0.364	-0.384	1.603
1836	0.363	-0.386	1.597
1837	0.366	-0.385	1.599
1838	0.367	-0.386	1.596
1839	0.364	-0.384	1.597
1840	0.365	-0.389	1.607
1841	0.361	-0.384	1.599
1842	0.362	-0.387	1.590
1843	0.363	-0.385	1.599
1844	0.365	-0.384	1.600
1845	0.365	-0.385	1.597
1846	0.363	-0.383	1.596
1847	0.367	-0.387	1.598
1848	0.365	-0.387	1.599
1849	0.365	-0.385	1.600
1850	0.364	-0.386	1.597
1851	0.365	-0.387	1.596
1852	0.361	-0.385	1.595
1853	0.363	-0.387	1.599
1854	0.365	-0.388	1.595
1855	0.363	-0.387	1.594
1856	0.361	-0.385	1.603
1857	0.364	-0.383	1.596
1858	0.366	-0.385	1.599
1859	0.362	-0.385	1.594
1860	0.365	-0.386	1.599
1861	0.363	-0.387	1.597
1862	0.362	-0.387	1.597
1863	0.363	-0.388	1.598
1864	0.363	-0.386	1.596
1865	0.363	-0.386	1.597
1866	0.361	-0.385	1.599
1867	0.360	-0.385	1.599
1868	0.363	-0.383	1.597
1869	0.358	-0.384	1.594
1870	0.361	-0.384	1.602
1871	0.362	-0.383	1.596
1872	0.362	-0.383	1.601
1873	0.360	-0.383	1.595
1874	0.361	-0.383	1.599
1875	0.363	-0.383	1.599
1876	0.360	-0.381	1.597
1877	0.356	-0.380	1.601
1878	0.359	-0.380	1.600
1879	0.357	-0.381	1.604
1880	0.356	-0.380	1.601
1881	0.359	-0.379	1.599
1882	0.360	-0.380	1.603
1883	0.357	-0.380	1.601
1884	0.358	-0.383	1.597
1885	0.360	-0.382	1.599
1886	0.357	-0.381	1.600
1887	0.357	-0.382	1.593
1888	0.360	-0.384	1.595
1889	0.360	-0.383	1.597
1890	0.360	-0.383	1.597
1891	0.360	-0.385	1.593
1892	0.362	-0.383	1.600
1893	0.359	-0.385	1.594
1894	0.358	-0.385	1.592
1895	0.360	-0.385	1.598
1896	0.362	-0.383	1.598
1897	0.359	-0.383	1.593
1898	0.362	-0.386	1.601
1899	0.360	-0.385	1.599
1900	0.361	-0.385	1.596
1901	0.359	-0.384	1.599
1902	0.364	-0.383	1.597
1903	0.361	-0.385	1.595
1904	0.358	-0.384	1.600
1905	0.361	-0.384	1.598
1906	0.362	-0.385	1.599
1907	0.359	-0.386	1.600
1908	0.359	-0.386	1.598
1909	0.360	-0.384	1.600
1910	0.362	-0.383	1.597
1911	0.360	-0.384	1.596
1912	0.363	-0.385	1.600
1913	0.362	-0.384	1.599
1914	0.362	-0.384	1.598
1915	0.362	-0.385	1.601
1916	0.363	-0.384	1.596
1917	0.362	-0.380	1.600
1918	0.361	-0.385	1.600
1919	0.362	-0.385	1.596
1920	0.361	-0.383	1.597
1921	0.361	-0.386	1.604
1922	0.362	-0.387	1.597
1923	0.361	-0.384	1.597
1924	0.360	-0.384	1.603
1925	0.360	-0.384	1.600
1926	0.362	-0.384	1.602
1927	0.364	-0.387	1.601
1928	0.361	-0.388	1.598
1929	0.361	-0.388	1.599
1930	0.361	-0.388	1.596
1931	0.361	-0.388	1.603
1932	0.362	-0.389	1.601
1933	0.361	-0.385	1.604
1934	0.362	-0.387	1.601
1935	0.361	-0.388	1.604
1936	0.361	-0.388	1.599
1937	0.361	-0.386	1.601
1938	0.361	-0.387	1.603
1939	0.362	-0.388	1.599
1940	0.362	-0.384	1.599
1941	0.360	-0.385	1.599
1942	0.361	-0.387	1.603
1943	0.361	-0.386	1.604
1944	0.361	-0.387	1.600
1945	0.359	-0.388	1.600
1946	0.361	-0.384	1.600
1947	0.362	-0.386	1.600
1948	0.360	-0.385	1.597
1949	0.361	-0.386	1.601
1950	0.362	-0.387	1.605
1951	0.361	-0.384	1.597
1952	0.359	-0.387	1.597
1953	0.360	-0.388	1.603
1954	0.359	-0.386	1.601
1955	0.359	-0.384	1.596
1956	0.360	-0.384	1.599
1957	0.359	-0.386	1.599
1958	0.361	-0.384	1.597
1959	0.359	-0.384	1.599
1960	0.361	-0.385	1.601
1961	0.358	-0.384	1.597
1962	0.360	-0.385	1.596
1963	0.362	-0.387	1.595
1964	0.359	-0.386	1.594
1965	0.360	-0.384	1.601
1966	0.358	-0.385	1.594
1967	0.362	-0.385	1.588
1968	0.360	-0.384	1.594
1969	0.359	-0.384	1.599
1970	0.361	-0.386	1.596
1971	0.362	-0.383	1.594
1972	0.363	-0.384	1.597
1973	0.361	-0.384	1.600
1974	0.361	-0.386	1.594
1975	0.358	-0.383	1.593
1976	0.358	-0.387	1.598
1977	0.358	-0.386	1.598
1978	0.358	-0.387	1.596
1979	0.360	-0.386	1.597
1980	0.361	-0.387	1.595
1981	0.361	-0.387	1.596
1982	0.360	-0.385	1.601
1983	0.359	-0.386	1.594
1984	0.361	-0.384	1.591
1985	0.362	-0.383	1.597
1986	0.356	-0.386	1.596
1987	0.359	-0.386	1.591
1988	0.362	-0.386	1.594
1989	0.359	-0.384	1.591
1990	0.358	-0.384	1.594
1991	0.361	-0.383	1.590
1992	0.360	-0.381	1.590
1993	0.358	-0.384	1.596
1994	0.360	-0.384	1.591
1995	0.361	-0.387	1.588
1996	0.359	-0.383	1.593
1997	0.358	-0.388	1.585
1998	0.361	-0.384	1.590
1999	0.361	-0.384	1.592
2000	0.357	-0.384	1.591
2001	0.359	-0.383	1.587
2002	0.361	-0.381	1.587
2003	0.360	-0.382	1.588
2004	0.356	-0.384	1.592
2005	0.357	-0.384	1.590
2006	0.361	-0.387	1.590
2007	0.357	-0.387	1.591
2008	0.361	-0.385	1.589
2009	0.359	-0.383	1.590
2010	0.357	-0.384	1.595
2011	0.359	-0.383	1.590
2012	0.359	-0.383	1.591
2013	0.357	-0.386	1.590
2014	0.357	-0.384	1.593
2015	0.358	-0.385	1.590
2016	0.361	-0.383	1.591
2017	0.359	-0.384	1.595
2018	0.358	-0.385	1.591
2019	0.373	-0.404	1.734
2020	0.534	-0.593	2.023
2021	0.532	-0.596	2.018
2022	0.530	-0.591	2.015
2023	0.528	-0.587	2.007
2024	0.529	-0.588	2.005
2025	0.527	-0.587	1.997
2026	0.526	-0.584	2.005
2027	0.522	-0.583	2.002
2028	0.524	-0.584	1.995
2029	0.525	-0.579	1.986
2030	0.524	-0.581	1.998
2031	0.521	-0.581	1.995
2032	0.522	-0.580	1.994
2033	0.523	-0.580	1.996
2034	0.520	-0.579	1.991
2035	0.522	-0.578	1.985
2036	0.523	-0.577	1.995
2037	0.520	-0.576	1.990
2038	0.518	-0.578	1.982
2039	0.520	-0.574	1.987
2040	0.520	-0.576	1.993
2041	0.519	-0.575	1.984
2042	0.518	-0.577	1.982
2043	0.518	-0.575	1.990
2044	0.518	-0.576	1.988
2045	0.519	-0.573	1.984
2046	0.519	-0.576	1.982
2047	0.521	-0.570	1.977
2048	0.518	-0.574	1.983
2049	0.519	-0.573	1.984
2050	0.519	-0.572	1.975
2051	0.519	-0.572	1.980
2052	0.518	-0.570	1.989
2053	0.520	-0.574	1.984
2054	0.520	-0.569	1.976
2055	0.518	-0.572	1.984
2056	0.517	-0.570	1.980
2057	0.519	-0.570	1.981
2058	0.518	-0.568	1.975
2059	0.518	-0.571	1.973
2060	0.519	-0.571	1.981
2061	0.516	-0.571	1.983
2062	0.519	-0.570	1.970
2063	0.520	-0.569	1.973
2064	0.520	-0.568	1.982
2065	0.518	-0.568	1.972
2066	0.516	-0.568	1.971
2067	0.518	-0.568	1.978
2068	0.516	-0.567	1.974
2069	0.518	-0.568	1.975
2070	0.519	-0.569	1.976
2071	0.519	-0.568	1.968
2072	0.516	-0.566	1.976
2073	0.517	-0.567	1.979
2074	0.517	-0.568	1.970
2075	0.518	-0.568	1.965
2076	0.517	-0.565	1.976
2077	0.517	-0.568	1.977
2078	0.517	-0.566	1.964
2079	0.519	-0.567	1.969
2080	0.518	-0.567	1.972
2081	0.519	-0.563	1.972
2082	0.517	-0.566	1.975
2083	0.517	-0.564	1.972
2084	0.517	-0.568	1.966
2085	0.518	-0.565	1.970
2086	0.517	-0.565	1.972
2087	0.516	-0.568	1.961
2088	0.517	-0.566	1.966
2089	0.517	-0.566	1.974
2090	0.515	-0.569	1.967
2091	0.517	-0.567	1.962
2092	0.517	-0.565	1.968
2093	0.516	-0.570	1.973
2094	0.516	-0.566	1.970
2095	0.517	-0.567	1.966
2096	0.514	-0.566	1.970
2097	0.515	-0.568	1.966
2098	0.516	-0.566	1.968
2099	0.516	-0.563	1.963
2100	0.515	-0.565	1.969
2101	0.515	-0.564	1.971
2102	0.515	-0.564	1.968
2103	0.513	-0.562	1.966
2104	0.515	-0.564	1.962
2105	0.514	-0.562	1.964
2106	0.513	-0.562	1.968
2107	0.512	-0.565	1.965
2108	0.514	-0.565	1.962
2109	0.513	-0.563	1.967
2110	0.512	-0.564	1.971
2111	0.515	-0.561	1.957
2112	0.513	-0.562	1.965
2113	0.514	-0.565	1.970
2114	0.513	-0.561	1.963
2115	0.516	-0.561	1.964
2116	0.513	-0.563	1.960
2117	0.512	-0.564	1.963
2118	0.514	-0.561	1.964
2119	0.514	-0.563	1.962
2120	0.512	-0.562	1.959
2121	0.515	-0.562	1.964
2122	0.516	-0.561	1.966
2123	0.513	-0.562	1.962
2124	0.512	-0.563	1.963
2125	0.512	-0.560	1.968
2126	0.513	-0.560	1.962
2127	0.512	-0.566	1.964
2128	0.513	-0.563	1.966
2129	0.515	-0.560	1.964
2130	0.512	-0.563	1.960
2131	0.513	-0.561	1.967
2132	0.512	-0.562	1.965
2133	0.511	-0.562	1.965
2134	0.512	-0.561	1.966
2135	0.514	-0.561	1.962
2136	0.514	-0.562	1.969
2137	0.511	-0.560	1.965
2138	0.512	-0.562	1.962
2139	0.515	-0.561	1.964
2140	0.512	-0.560	1.966
2141	0.511	-0.564	1.962
2142	0.513	-0.562	1.961
2143	0.512	-0.561	1.965
2144	0.512	-0.561	1.965
2145	0.512	-0.561	1.962
2146	0.513	-0.562	1.965
2147	0.511	-0.560	1.970
2148	0.510	-0.565	1.961
2149	0.514	-0.562	1.962
2150	0.513	-0.560	1.965
2151	0.512	-0.562	1.960
2152	0.514	-0.561	1.961
2153	0.513	-0.561	1.965
2154	0.509	-0.558	1.960
2155	0.511	-0.563	1.961
2156	0.511	-0.562	1.967
2157	0.512	-0.561	1.962
2158	0.509	-0.561	1.956
2159	0.511	-0.564	1.963
2160	0.511	-0.562	1.964
2161	0.511	-0.563	1.957
2162	0.509	-0.562	1.964
2163	0.510	-0.564	1.959
2164	0.509	-0.564	1.958
2165	0.506	-0.562	1.960
2166	0.508	-0.561	1.958
2167	0.509	-0.562	1.957
2168	0.510	-0.561	1.957
2169	0.507	-0.562	1.965
2170	0.509	-0.562	1.956
2171	0.508	-0.561	1.957
2172	0.507	-0.560	1.961
2173	0.510	-0.559	1.957
2174	0.510	-0.560	1.956
2175	0.509	-0.560	1.955
2176	0.509	-0.558	1.954
2177	0.510	-0.562	1.960
2178	0.509	-0.561	1.960
2179	0.507	-0.560	1.955
2180	0.511	-0.559	1.951
2181	0.511	-0.558	1.960
2182	0.506	-0.559	1.956
2183	0.506	-0.560	1.955
2184	0.510	-0.561	1.961
2185	0.507	-0.559	1.956
2186	0.509	-0.561	1.952
2187	0.510	-0.558	1.960
2188	0.511	-0.559	1.954
2189	0.508	-0.559	1.949
2190	0.510	-0.557	1.960
2191	0.510	-0.560	1.957
2192	0.508	-0.558	1.947
2193	0.507	-0.559	1.959
2194	0.509	-0.560	1.962
2195	0.508	-0.557	1.949
2196	0.507	-0.559	1.957
2197	0.506	-0.562	1.957
2198	0.509	-0.558	1.954
2199	0.508	-0.558	1.957
2200	0.509	-0.560	1.957
2201	0.508	-0.558	1.952
2202	0.508	-0.558	1.960
2203	0.506	-0.559	1.959
2204	0.509	-0.558	1.955
2205	0.509	-0.556	1.956
2206	0.506	-0.558	1.956
2207	0.506	-0.560	1.954
2208	0.508	-0.556	1.952
2209	0.509	-0.556	1.952
2210	0.505	-0.561	1.954
2211	0.510	-0.558	1.951
2212	0.509	-0.558	1.955
2213	0.509	-0.560	1.946
2214	0.509	-0.556	1.949
2215	0.509	-0.555	1.952
2216	0.507	-0.558	1.945
2217	0.509	-0.559	1.949
2218	0.510	-0.556	1.953
2219	0.508	-0.557	1.948
2220	0.507	-0.558	1.947
2221	0.509	-0.555	1.952
2222	0.511	-0.554	1.948
2223	0.508	-0.556	1.951
2224	0.507	-0.558	1.955
2225	0.510	-0.555	1.950
2226	0.508	-0.557	1.950
2227	0.508	-0.556	1.954
2228	0.509	-0.553	1.951
2229	0.512	-0.557	1.952
2230	0.509	-0.559	1.953
2231	0.508	-0.557	1.945
2232	0.511	-0.555	1.949
2233	0.509	-0.555	1.955
2234	0.508	-0.556	1.952
2235	0.507	-0.556	1.947
2236	0.509	-0.556	1.956
2237	0.510	-0.557	1.952
2238	0.510	-0.556	1.947
2239	0.511	-0.555	1.952
2240	0.508	-0.556	1.951
2241	0.506	-0.557	1.950
2242	0.509	-0.557	1.948
2243	0.510	-0.556	1.952
2244	0.507	-0.556	1.952
2245	0.508	-0.559	1.954
2246	0.508	-0.555	1.948
2247	0.507	-0.554	1.944
2248	0.510	-0.556	1.955
2249	0.509	-0.556	1.950
2250	0.509	-0.555	1.946
2251	0.509	-0.555	1.958
2252	0.509	-0.555	1.955
2253	0.509	-0.554	1.947
2254	0.507	-0.553	1.954
2255	0.508	-0.554	1.955
2256	0.508	-0.552	1.949
2257	0.505	-0.552	1.955
2258	0.505	-0.551	1.951
2259	0.508	-0.549	1.952
2260	0.507	-0.549	1.952
2261	0.506	-0.548	1.953
2262	0.503	-0.551	1.952
2263	0.505	-0.552	1.955
2264	0.503	-0.550	1.953
2265	0.503	-0.549	1.949
2266	0.505	-0.550	1.952
2267	0.505	-0.547	1.953
2268	0.503	-0.549	1.952
2269	0.505	-0.551	1.950
2270	0.504	-0.550	1.955
2271	0.506	-0.549	1.957
2272	0.503	-0.548	1.948
2273	0.506	-0.548	1.949
2274	0.504	-0.550	1.956
2275	0.502	-0.551	1.952
2276	0.504	-0.550	1.947
2277	0.506	-0.553	1.949
2278	0.505	-0.554	1.949
2279	0.503	-0.550	1.945
2280	0.505	-0.551	1.953
2281	0.503	-0.552	1.950
2282	0.503	-0.553	1.944
2283	0.506	-0.553	1.951
2284	0.505	-0.554	1.949
2285	0.505	-0.551	1.948
2286	0.507	-0.553	1.952
2287	0.507	-0.554	1.947
2288	0.503	-0.553	1.948
2289	0.504	-0.553	1.943
2290	0.505	-0.553	1.955
2291	0.505	-0.553	1.945
2292	0.506	-0.553	1.948
2293	0.505	-0.553	1.949
2294	0.506	-0.554	1.948
2295	0.505	-0.553	1.948
2296	0.504	-0.554	1.949
2297	0.505	-0.554	1.943
2298	0.505	-0.554	1.949
2299	0.503	-0.555	1.953
2300	0.505	-0.553	1.945
2301	0.506	-0.552	1.946
2302	0.507	-0.553	1.952
2303	0.506	-0.555	1.947
2304	0.507	-0.553	1.949
2305	0.508	-0.551	1.952
2306	0.506	-0.553	1.946
2307	0.509	-0.553	1.948
2308	0.508	-0.556	1.948
2309	0.508	-0.551	1.942
2310	0.507	-0.552	1.945
2311	0.507	-0.554	1.950
2312	0.508	-0.554	1.948
2313	0.506	-0.554	1.948
2314	0.506	-0.552	1.949
2315	0.508	-0.551	1.951
2316	0.504	-0.552	1.945
2317	0.507	-0.553	1.947
2318	0.509	-0.549	1.951
2319	0.506	-0.551	1.943
2320	0.504	-0.553	1.944
2321	0.505	-0.552	1.946
2322	0.506	-0.552	1.944
2323	0.506	-0.552	1.948
2324	0.505	-0.552	1.948
2325	0.506	-0.552	1.941
2326	0.507	-0.552	1.946
2327	0.505	-0.553	1.950
2328	0.507	-0.553	1.945
2329	0.506	-0.551	1.941
2330	0.505	-0.551	1.945
2331	0.503	-0.553	1.948
2332	0.507	-0.552	1.941
2333	0.506	-0.552	1.942
2334	0.505	-0.553	1.944
2335	0.504	-0.551	1.944
2336	0.507	-0.551	1.947
2337	0.504	-0.552	1.946
2338	0.507	-0.556	1.942
2339	0.505	-0.552	1.944
2340	0.505	-0.550	1.945
2341	0.503	-0.552	1.944
2342	0.507	-0.554	1.943
2343	0.505	-0.553	1.948
2344	0.505	-0.551	1.947
2345	0.508	-0.550	1.942
2346	0.508	-0.550	1.945
2347	0.505	-0.551	1.943
2348	0.506	-0.552	1.944
2349	0.506	-0.554	1.939
2350	0.505	-0.553	1.940
2351	0.504	-0.554	1.947
2352	0.504	-0.551	1.947
2353	0.506	-0.552	1.942
2354	0.506	-0.551	1.943
2355	0.506	-0.554	1.940
2356	0.507	-0.553	1.945
2357	0.506	-0.552	1.946
2358	0.503	-0.550	1.944
2359	0.503	-0.549	1.942
2360	0.505	-0.550	1.947
2361	0.503	-0.551	1.941
2362	0.505	-0.552	1.937
2363	0.505	-0.551	1.946
2364	0.504	-0.547	1.947
2365	0.503	-0.550	1.938
2366	0.506	-0.550	1.944
2367	0.506	-0.551	1.942
2368	0.504	-0.551	1.943
2369	0.505	-0.551	1.943
2370	0.505	-0.549	1.945
2371	0.506	-0.551	1.945
2372	0.504	-0.550	1.938
2373	0.506	-0.550	1.940
2374	0.506	-0.550	1.941
2375	0.507	-0.549	1.945
2376	0.503	-0.552	1.941
2377	0.506	-0.552	1.935
2378	0.502	-0.552	1.940
2379	0.502	-0.551	1.946
2380	0.504	-0.550	1.941
2381	0.505	-0.552	1.935
2382	0.502	-0.553	1.935
2383	0.505	-0.552	1.948
2384	0.505	-0.552	1.938
2385	0.503	-0.551	1.937
2386	0.502	-0.551	1.942
2387	0.502	-0.550	1.942
2388	0.503	-0.553	1.938
2389	0.502	-0.556	1.934
2390	0.502	-0.552	1.942
2391	0.502	-0.552	1.942
2392	0.500	-0.554	1.941
2393	0.502	-0.551	1.941
2394	0.503	-0.551	1.934
2395	0.504	-0.554	1.942
2396	0.504	-0.553	1.943
2397	0.502	-0.555	1.939
2398	0.503	-0.550	1.940
2399	0.499	-0.552	1.939
2400	0.503	-0.551	1.942
2401	0.502	-0.549	1.943
2402	0.501	-0.549	1.937
2403	0.501	-0.552	1.940
2404	0.502	-0.550	1.944
2405	0.499	-0.550	1.941
2406	0.499	-0.549	1.942
2407	0.501	-0.548	1.946
2408	0.500	-0.551	1.942
2409	0.499	-0.550	1.939
2410	0.498	-0.550	1.940
2411	0.501	-0.548	1.942
2412	0.499	-0.551	1.939
2413	0.497	-0.551	1.942
2414	0.500	-0.552	1.944
2415	0.502	-0.550	1.935
2416	0.496	-0.550	1.941
2417	0.500	-0.550	1.940
2418	0.501	-0.550	1.938
2419	0.498	-0.549	1.940
2420	0.497	-0.550	1.937
2421	0.500	-0.549	1.943
2422	0.501	-0.550	1.939
2423	0.499	-0.552	1.941
2424	0.499	-0.551	1.941
2425	0.498	-0.552	1.938
2426	0.498	-0.552	1.941
2427	0.499	-0.549	1.940
2428	0.501	-0.552	1.937
2429	0.501	-0.552	1.940
2430	0.498	-0.552	1.942
2431	0.498	-0.550	1.937
2432	0.501	-0.550	1.929
2433	0.504	-0.548	1.938
2434	0.501	-0.552	1.944
2435	0.499	-0.551	1.935
2436	0.500	-0.553	1.937
2437	0.501	-0.550	1.941
2438	0.501	-0.550	1.940
2439	0.501	-0.548	1.941
2440	0.501	-0.550	1.935
2441	0.501	-0.550	1.927
2442	0.503	-0.548	1.939
2443	0.498	-0.550	1.946
2444	0.499	-0.551	1.931
2445	0.502	-0.551	1.929
2446	0.501	-0.550	1.947
2447	0.498	-0.552	1.944
2448	0.501	-0.550	1.929
2449	0.503	-0.550	1.935
2450	0.500	-0.549	1.942
2451	0.499	-0.548	1.934
2452	0.502	-0.549	1.935
2453	0.498	-0.548	1.939
2454	0.498	-0.550	1.936
2455	0.500	-0.550	1.939
2456	0.499	-0.547	1.944
2457	0.500	-0.548	1.936
2458	0.499	-0.549	1.932
2459	0.503	-0.548	1.941
2460	0.498	-0.551	1.937
2461	0.501	-0.553	1.930
2462	0.500	-0.551	1.941
2463	0.500	-0.548	1.936
2464	0.498	-0.553	1.930
2465	0.499	-0.550	1.936
2466	0.501	-0.553	1.938
2467	0.498	-0.551	1.935
2468	0.499	-0.553	1.938
2469	0.500	-0.552	1.938
2470	0.500	-0.550	1.936
2471	0.498	-0.553	1.935
2472	0.498	-0.552	1.936
2473	0.496	-0.553	1.935
2474	0.496	-0.551	1.937
2475	0.497	-0.552	1.937
2476	0.498	-0.551	1.938
2477	0.494	-0.550	1.937
2478	0.494	-0.550	1.936
2479	0.497	-0.551	1.943
2480	0.497	-0.550	1.936
2481	0.492	-0.548	1.934
2482	0.493	-0.548	1.939
2483	0.493	-0.548	1.936
2484	0.494	-0.548	1.938
2485	0.494	-0.547	1.937
2486	0.495	-0.544	1.937
2487	0.494	-0.546	1.941
2488	0.492	-0.546	1.939
2489	0.496	-0.546	1.932
2490	0.493	-0.543	1.940
2491	0.493	-0.542	1.942
2492	0.492	-0.540	1.933
2493	0.497	-0.543	1.937
2494	0.493	-0.543	1.934
2495	0.493	-0.542	1.935
2496	0.494	-0.544	1.935
2497	0.495	-0.545	1.928
2498	0.495	-0.544	1.935
2499	0.494	-0.547	1.940
2500	0.497	-0.548	1.941
2501	0.497	-0.547	1.933
2502	0.495	-0.547	1.927
2503	0.496	-0.546	1.938
2504	0.496	-0.547	1.937
2505	0.495	-0.546	1.935
2506	0.499	-0.548	1.932
2507	0.501	-0.546	1.931
2508	0.496	-0.547	1.937
2509	0.495	-0.547	1.935
2510	0.496	-0.546	1.929
2511	0.498	-0.548	1.935
2512	0.496	-0.547	1.937
2513	0.498	-0.549	1.941
2514	0.498	-0.549	1.935
2515	0.497	-0.550	1.930
2516	0.496	-0.549	1.939
2517	0.498	-0.547	1.935
2518	0.498	-0.547	1.933
2519	0.498	-0.546	1.935
2520	0.365	-0.389	1.472
2521	0.130	-0.133	0.985
2522	-0.022	-0.006	0.780
2523	-0.017	-0.005	0.762
2524	-0.014	-0.005	0.759
2525	-0.014	-0.001	0.793
2526	-0.015	-0.004	0.779
2527	-0.017	-0.007	0.768
2528	-0.013	-0.005	0.772
2529	-0.013	-0.012	0.780
2530	-0.013	-0.009	0.775
2531	-0.015	-0.009	0.754
2532	-0.014	-0.005	0.778
2533	-0.013	-0.002	0.790
2534	-0.013	-0.004	0.772
2535	-0.012	-0.004	0.772
2536	-0.015	-0.007	0.778
2537	-0.015	-0.009	0.774
2538	-0.016	-0.008	0.766
2539	-0.016	-0.007	0.774
2540	-0.016	-0.008	0.763
2541	-0.013	-0.007	0.772
2542	-0.015	-0.005	0.776
2543	-0.017	-0.009	0.775
2544	-0.013	-0.007	0.773
2545	-0.015	-0.009	0.774
2546	-0.015	-0.008	0.775
2547	-0.016	-0.007	0.775
2548	-0.013	-0.007	0.776
2549	-0.013	-0.004	0.771
2550	-0.013	-0.003	0.775
2551	-0.013	-0.006	0.772
2552	-0.012	-0.002	0.777
2553	-0.015	-0.007	0.775
2554	-0.014	-0.006	0.773
2555	-0.013	-0.007	0.773
2556	-0.013	-0.002	0.773
2557	-0.014	-0.004	0.771
2558	-0.013	-0.002	0.777
2559	-0.011	-0.004	0.776
2560	-0.015	-0.004	0.772
2561	-0.013	-0.005	0.772
2562	-0.013	-0.005	0.773
2563	-0.011	-0.006	0.773
2564	-0.013	-0.006	0.770
2565	-0.011	-0.004	0.772
2566	-0.013	-0.005	0.774
2567	-0.013	-0.004	0.775
2568	-0.013	-0.005	0.773
2569	-0.013	-0.004	0.771
2570	-0.013	-0.006	0.774
2571	-0.012	-0.008	0.777
2572	-0.013	-0.009	0.777
2573	-0.011	-0.007	0.771
2574	-0.015	-0.007	0.771
2575	-0.012	-0.005	0.772
2576	-0.014	-0.006	0.770
2577	-0.014	-0.005	0.776
2578	-0.016	-0.006	0.771
2579	-0.016	-0.007	0.772
2580	-0.015	-0.006	0.772
2581	-0.014	-0.009	0.776
2582	-0.011	-0.008	0.772
2583	-0.011	-0.006	0.776
2584	-0.013	-0.003	0.772
2585	-0.012	-0.004	0.777
2586	-0.011	-0.005	0.774
2587	-0.014	-0.007	0.775
2588	-0.014	-0.010	0.774
2589	-0.012	-0.009	0.773
2590	-0.015	-0.007	0.774
2591	-0.016	-0.007	0.772
2592	-0.012	-0.006	0.771
2593	-0.011	-0.006	0.772
2594	-0.015	-0.007	0.774
2595	-0.016	-0.009	0.771
2596	-0.011	-0.007	0.772
2597	-0.014	-0.007	0.774
2598	-0.015	-0.009	0.775
2599	-0.012	-0.007	0.772
2600	-0.012	-0.003	0.772
2601	-0.014	-0.005	0.776
2602	-0.013	-0.007	0.774
2603	-0.012	-0.008	0.773
2604	-0.012	-0.007	0.775
2605	-0.016	-0.007	0.775
2606	-0.014	-0.005	0.775
2607	-0.011	-0.004	0.773
2608	-0.013	-0.007	0.778
2609	-0.012	-0.007	0.775
2610	-0.013	-0.008	0.774
2611	-0.011	-0.008	0.776
2612	-0.013	-0.007	0.774
2613	-0.010	-0.007	0.774
2614	-0.011	-0.005	0.776
2615	-0.014	-0.003	0.772
2616	-0.010	-0.006	0.772
2617	-0.009	-0.005	0.772
2618	-0.012	-0.009	0.774
2619	-0.013	-0.012	0.775
2620	-0.012	-0.007	0.772
2621	-0.013	-0.005	0.774
2622	-0.013	-0.007	0.774
2623	-0.011	-0.006	0.773
2624	-0.010	-0.007	0.775
2625	-0.015	-0.005	0.772
2626	-0.012	-0.008	0.776
2627	-0.011	-0.008	0.778
2628	-0.010	-0.009	0.768
2629	-0.013	-0.010	0.773
2630	-0.012	-0.003	0.773
2631	-0.012	-0.004	0.774
2632	-0.011	-0.005	0.772
2633	-0.010	-0.008	0.777
2634	-0.009	-0.007	0.777
2635	-0.011	-0.011	0.774
2636	-0.013	-0.009	0.774
2637	-0.011	-0.007	0.775
2638	-0.011	-0.005	0.776
2639	-0.011	-0.005	0.773
2640	-0.012	-0.008	0.771
2641	-0.010	-0.005	0.775
2642	-0.012	-0.006	0.775
2643	-0.013	-0.009	0.775
2644	-0.009	-0.007	0.774
2645	-0.011	-0.008	0.771
2646	-0.013	-0.007	0.773
2647	-0.009	-0.004	0.777
2648	-0.009	-0.007	0.772
2649	-0.012	-0.005	0.775
2650	-0.009	-0.005	0.775
2651	-0.009	-0.009	0.774
2652	-0.010	-0.008	0.772
2653	-0.013	-0.009	0.773
2654	-0.011	-0.011	0.775
2655	-0.007	-0.007	0.776
2656	-0.007	-0.007	0.773
2657	-0.008	-0.005	0.772
2658	-0.011	-0.004	0.773
2659	-0.011	-0.006	0.775
2660	-0.013	-0.009	0.775
2661	-0.010	-0.008	0.779
2662	-0.012	-0.010	0.774
2663	-0.011	-0.007	0.771
2664	-0.009	-0.008	0.776
2665	-0.009	-0.011	0.773
2666	-0.013	-0.006	0.773
2667	-0.011	-0.007	0.772
2668	-0.012	-0.010	0.773
2669	-0.010	-0.007	0.773
2670	-0.013	-0.007	0.776
2671	-0.013	-0.011	0.774
2672	-0.013	-0.007	0.777
2673	-0.012	-0.008	0.776
2674	-0.013	-0.003	0.776
2675	-0.013	-0.005	0.771
2676	-0.011	-0.008	0.774
2677	-0.013	-0.007	0.773
2678	-0.014	-0.009	0.776
2679	-0.011	-0.009	0.773
2680	-0.015	-0.007	0.774
2681	-0.015	-0.007	0.771
2682	-0.013	-0.005	0.777
2683	-0.015	-0.002	0.774
2684	-0.012	-0.003	0.774
2685	-0.013	-0.005	0.774
2686	-0.013	-0.007	0.774
2687	-0.014	-0.010	0.776
2688	-0.015	-0.012	0.772
2689	-0.012	-0.004	0.775
2690	-0.012	-0.006	0.773
2691	-0.011	-0.002	0.774
2692	-0.011	-0.002	0.774
2693	-0.011	-0.007	0.774
2694	-0.013	-0.012	0.774
2695	-0.015	-0.009	0.774
2696	-0.012	-0.013	0.772
2697	-0.013	-0.009	0.774
2698	-0.012	-0.004	0.775
2699	-0.012	-0.003	0.774
2700	-0.012	-0.006	0.773
2701	-0.013	-0.005	0.774
2702	-0.014	-0.010	0.775
2703	-0.011	-0.011	0.776
2704	-0.014	-0.009	0.772
2705	-0.014	-0.010	0.775
2706	-0.012	-0.008	0.774
2707	-0.013	-0.003	0.774
2708	-0.014	-0.005	0.774
2709	-0.015	-0.005	0.775
2710	-0.014	-0.006	0.771
2711	-0.015	-0.007	0.772
2712	-0.014	-0.010	0.776
2713	-0.015	-0.009	0.774
2714	-0.015	-0.005	0.775
2715	-0.013	-0.003	0.775
2716	-0.013	-0.004	0.772
2717	-0.013	-0.003	0.774
2718	-0.013	-0.008	0.775
2719	-0.015	-0.008	0.776
2720	-0.012	-0.007	0.773
2721	-0.014	-0.005	0.775
2722	-0.015	-0.008	0.774
2723	-0.013	-0.006	0.774
2724	-0.015	-0.005	0.772
2725	-0.017	-0.007	0.772
2726	-0.013	-0.008	0.774
2727	-0.015	-0.005	0.775
2728	-0.016	-0.009	0.774
2729	-0.017	-0.007	0.773
2730	-0.015	-0.009	0.772
2731	-0.015	-0.004	0.773
2732	-0.015	-0.007	0.773
2733	-0.013	-0.007	0.772
2734	-0.013	-0.005	0.774
2735	-0.014	-0.006	0.773
2736	-0.013	-0.007	0.775
2737	-0.015	-0.008	0.774
2738	-0.013	-0.005	0.774
2739	-0.015	-0.009	0.771
2740	-0.013	-0.004	0.775
2741	-0.012	-0.005	0.771
2742	-0.012	-0.004	0.776
2743	-0.012	-0.005	0.772
2744	-0.013	-0.005	0.772
2745	-0.011	-0.007	0.774
2746	-0.013	-0.006	0.773
2747	-0.013	-0.011	0.775
2748	-0.009	-0.006	0.774
2749	-0.013	-0.007	0.772
2750	-0.015	-0.006	0.771
2751	-0.011	-0.008	0.772
2752	-0.012	-0.005	0.775
2753	-0.016	-0.008	0.776
2754	-0.013	-0.009	0.776
2755	-0.012	-0.006	0.776
2756	-0.016	-0.006	0.773
2757	-0.013	-0.008	0.774
2758	-0.013	-0.009	0.772
2759	-0.013	-0.005	0.774
2760	-0.015	-0.006	0.775
2761	-0.012	-0.007	0.774
2762	-0.013	-0.007	0.772
2763	-0.014	-0.006	0.774
2764	-0.013	-0.009	0.774
2765	-0.013	-0.008	0.773
2766	-0.011	-0.005	0.774
2767	-0.013	-0.009	0.775
2768	-0.011	-0.007	0.772
2769	-0.011	-0.005	0.775
2770	-0.015	-0.007	0.774
2771	-0.013	-0.009	0.773
2772	-0.011	-0.007	0.773
2773	-0.015	-0.007	0.771
2774	-0.016	-0.011	0.773
2775	-0.012	-0.007	0.775
2776	-0.013	-0.007	0.771
2777	-0.015	-0.009	0.772
2778	-0.013	-0.007	0.771
2779	-0.013	-0.007	0.774
2780	-0.013	-0.005	0.773
2781	-0.015	-0.007	0.772
2782	-0.012	-0.005	0.773
2783	-0.012	-0.004	0.778
2784	-0.017	-0.010	0.774
2785	-0.014	-0.009	0.771
2786	-0.016	-0.007	0.774
2787	-0.015	-0.009	0.775
2788	-0.015	-0.009	0.772
2789	-0.012	-0.007	0.772
2790	-0.013	-0.007	0.774
2791	-0.013	-0.007	0.773
2792	-0.013	-0.008	0.774
2793	-0.013	-0.006	0.774
2794	-0.013	-0.008	0.773
2795	-0.016	-0.009	0.773
2796	-0.016	-0.006	0.771
2797	-0.014	-0.007	0.774
2798	-0.013	-0.008	0.772
2799	-0.014	-0.007	0.775
2800	-0.015	-0.013	0.774
2801	-0.015	-0.008	0.772
2802	-0.013	-0.006	0.773
2803	-0.011	-0.006	0.775
2804	-0.013	-0.005	0.776
2805	-0.014	-0.005	0.771
2806	-0.013	-0.011	0.771
2807	-0.014	-0.010	0.776
2808	-0.018	-0.008	0.774
2809	-0.015	-0.007	0.775
2810	-0.013	-0.005	0.770
2811	-0.013	-0.006	0.775
2812	-0.012	-0.008	0.773
2813	-0.013	-0.008	0.772
2814	-0.015	-0.008	0.774
2815	-0.015	-0.007	0.776
2816	-0.015	-0.008	0.774
2817	-0.011	-0.006	0.773
2818	-0.016	-0.004	0.774
2819	-0.012	-0.006	0.771
2820	-0.010	-0.005	0.773
2821	-0.012	-0.008	0.774
2822	-0.012	-0.009	0.774
2823	-0.012	-0.008	0.776
2824	-0.009	-0.005	0.773
2825	-0.013	-0.007	0.774
2826	-0.013	-0.007	0.775
2827	-0.010	-0.007	0.773
2828	-0.011	-0.007	0.773
2829	-0.012	-0.006	0.772
2830	-0.013	-0.007	0.774
2831	-0.012	-0.008	0.776
2832	-0.015	-0.008	0.777
2833	-0.016	-0.009	0.777
2834	-0.012	-0.008	0.775
2835	-0.014	-0.007	0.775
2836	-0.013	-0.005	0.772
2837	-0.013	-0.006	0.773
2838	-0.013	-0.005	0.772
2839	-0.013	-0.007	0.773
2840	-0.014	-0.008	0.771
2841	-0.012	-0.005	0.772
2842	-0.014	-0.007	0.773
2843	-0.013	-0.005	0.773
2844	-0.012	-0.005	0.775
2845	-0.012	-0.007	0.772
2846	-0.013	-0.007	0.775
2847	-0.013	-0.006	0.772
2848	-0.011	-0.006	0.776
2849	-0.013	-0.008	0.772
2850	-0.014	-0.008	0.774
2851	-0.013	-0.009	0.775
2852	-0.013	-0.007	0.771
2853	-0.012	-0.008	0.770
2854	-0.013	-0.006	0.772
2855	-0.011	-0.006	0.776
2856	-0.015	-0.009	0.774
2857	-0.013	-0.006	0.773
2858	-0.011	-0.006	0.772
2859	-0.013	-0.008	0.772
2860	-0.016	-0.009	0.776
2861	-0.014	-0.006	0.772
2862	-0.013	-0.008	0.772
2863	-0.013	-0.006	0.771
2864	-0.013	-0.007	0.772
2865	-0.014	-0.007	0.772
2866	-0.014	-0.009	0.774
2867	-0.016	-0.010	0.775
2868	-0.014	-0.007	0.774
2869	-0.015	-0.003	0.774
2870	-0.017	-0.005	0.772
2871	-0.015	-0.006	0.774
2872	-0.012	-0.009	0.776
2873	-0.015	-0.008	0.774
2874	-0.017	-0.006	0.775
2875	-0.015	-0.007	0.775
2876	-0.014	-0.008	0.773
2877	-0.016	-0.009	0.775
2878	-0.015	-0.006	0.772
2879	-0.013	-0.005	0.774
2880	-0.016	-0.009	0.776
2881	-0.016	-0.007	0.772
2882	-0.013	-0.009	0.772
2883	-0.013	-0.007	0.775
2884	-0.014	-0.011	0.771
2885	-0.015	-0.007	0.773
2886	-0.015	-0.007	0.773
2887	-0.014	-0.005	0.772
2888	-0.015	-0.009	0.773
2889	-0.013	-0.007	0.774
2890	-0.012	-0.008	0.772
2891	-0.013	-0.007	0.773
2892	-0.013	-0.009	0.773
2893	-0.013	-0.006	0.772
2894	-0.014	-0.008	0.773
2895	-0.013	-0.004	0.775
2896	-0.013	-0.006	0.775
2897	-0.013	-0.006	0.774
2898	-0.015	-0.007	0.770
2899	-0.013	-0.008	0.774
2900	-0.011	-0.008	0.771
2901	-0.014	-0.009	0.774
2902	-0.014	-0.007	0.772
2903	-0.013	-0.006	0.775
2904	-0.013	-0.005	0.773
2905	-0.016	-0.005	0.772
2906	-0.015	-0.008	0.774
2907	-0.014	-0.008	0.775
2908	-0.014	-0.009	0.775
2909	-0.013	-0.009	0.775
2910	-0.011	-0.006	0.773
2911	-0.014	-0.002	0.774
2912	-0.016	-0.006	0.773
2913	-0.014	-0.006	0.772
2914	-0.013	-0.009	0.774
2915	-0.015	-0.009	0.773
2916	-0.017	-0.011	0.775
2917	-0.012	-0.007	0.770
2918	-0.013	-0.007	0.773
2919	-0.015	-0.004	0.774
2920	-0.013	-0.008	0.773
2921	-0.014	-0.006	0.772
2922	-0.016	-0.010	0.773
2923	-0.015	-0.007	0.776
2924	-0.013	-0.006	0.778
2925	-0.013	-0.007	0.772
2926	-0.015	-0.007	0.774
2927	-0.012	-0.007	0.773
2928	-0.011	-0.009	0.775
2929	-0.015	-0.007	0.773
2930	-0.015	-0.009	0.773
2931	-0.013	-0.005	0.773
2932	-0.013	-0.009	0.771
2933	-0.015	-0.008	0.771
2934	-0.012	-0.008	0.774
2935	-0.013	-0.004	0.771
2936	-0.012	-0.008	0.774
2937	-0.012	-0.009	0.775
2938	-0.013	-0.008	0.772
2939	-0.013	-0.005	0.772
2940	-0.015	-0.011	0.775
2941	-0.012	-0.007	0.775
2942	-0.012	-0.009	0.771
2943	-0.014	-0.007	0.774
2944	-0.011	-0.007	0.774
2945	-0.013	-0.003	0.774
2946	-0.016	-0.008	0.775
2947	-0.014	-0.010	0.771
2948	-0.010	-0.011	0.772
2949	-0.011	-0.005	0.774
2950	-0.015	-0.007	0.772
2951	-0.013	-0.005	0.774
2952	-0.012	-0.004	0.772
2953	-0.013	-0.009	0.776
2954	-0.014	-0.013	0.774
2955	-0.013	-0.008	0.772
2956	-0.013	-0.007	0.770
2957	-0.013	-0.006	0.773
2958	-0.013	-0.005	0.772
2959	-0.013	-0.008	0.773
2960	-0.017	-0.008	0.772
2961	-0.011	-0.006	0.776
2962	-0.009	-0.008	0.775
2963	-0.012	-0.007	0.774
2964	-0.013	-0.007	0.777
2965	-0.012	-0.006	0.775
2966	-0.011	-0.005	0.775
2967	-0.015	-0.007	0.772
2968	-0.013	-0.009	0.772
2969	-0.013	-0.009	0.774
2970	-0.014	-0.007	0.775
2971	-0.013	-0.007	0.775
2972	-0.011	-0.007	0.774
2973	-0.011	-0.007	0.772
2974	-0.015	-0.009	0.777
2975	-0.014	-0.008	0.773
2976	-0.013	-0.006	0.776
2977	-0.015	-0.007	0.772
2978	-0.015	-0.006	0.771
2979	-0.015	-0.006	0.772
2980	-0.015	-0.005	0.776
2981	-0.013	-0.007	0.771
2982	-0.010	-0.008	0.773
2983	-0.011	-0.009	0.773
2984	-0.014	-0.010	0.778
2985	-0.011	-0.010	0.773
2986	-0.007	-0.007	0.774
2987	-0.010	-0.005	0.774
2988	-0.011	-0.003	0.774
2989	-0.009	-0.001	0.775
2990	-0.010	-0.005	0.777
2991	-0.013	-0.010	0.772
2992	-0.014	-0.014	0.775
2993	-0.009	-0.013	0.774
2994	-0.009	-0.009	0.776
2995	-0.010	-0.007	0.774
2996	-0.010	-0.005	0.775
2997	-0.010	-0.005	0.774
2998	-0.012	-0.007	0.773
2999	-0.014	-0.009	0.772
3000	-0.013	-0.010	0.776
3001	-0.011	-0.010	0.776
3002	-0.014	-0.009	0.772
3003	-0.012	-0.008	0.771
3004	-0.013	-0.006	0.776
3005	-0.014	-0.004	0.774
3006	-0.016	-0.007	0.774
3007	-0.013	-0.006	0.775
3008	-0.015	-0.011	0.771
3009	-0.013	-0.010	0.778
3010	-0.011	-0.009	0.773
3011	-0.012	-0.006	0.774
3012	-0.015	-0.004	0.772
