0	0.003	-0.002	0.779
1	0.004	-0.002	0.781
2	0.001	-0.005	0.777
3	0.002	-0.006	0.781
4	0.003	-0.007	0.779
5	0.005	-0.002	0.785
6	0.004	-0.002	0.779
7	0.002	-0.002	0.786
8	0.003	-0.002	0.778
9	0.003	-0.002	0.783
10	0.003	-0.005	0.777
11	0.003	-0.005	0.783
12	0.003	-0.003	0.776
13	0.003	-0.001	0.785
14	0.003	-0.001	0.779
15	0.004	-0.004	0.784
16	0.004	-0.003	0.781
17	0.004	-0.003	0.783
18	0.001	-0.004	0.775
19	0.002	-0.004	0.782
20	0.001	-0.005	0.778
21	0.003	-0.005	0.783
22	0.003	-0.002	0.779
23	0.003	-0.002	0.781
24	0.005	0.000	0.779
25	0.001	-0.005	0.778
26	0.003	-0.006	0.780
27	0.005	-0.005	0.780
28	0.005	-0.004	0.779
29	0.001	-0.004	0.780
30	0.003	-0.003	0.780
31	0.003	-0.003	0.777
32	-0.001	-0.002	0.780
33	0.001	-0.004	0.778
34	0.003	-0.002	0.784
35	0.005	-0.004	0.780
36	0.001	-0.003	0.782
37	0.004	-0.003	0.777
38	0.002	-0.004	0.784
39	0.003	0.001	0.779
40	0.002	-0.002	0.786
41	0.002	-0.002	0.778
42	0.001	-0.001	0.784
43	0.001	-0.004	0.779
44	0.000	-0.005	0.784
45	0.003	-0.004	0.779
46	0.002	-0.002	0.782
47	0.003	0.001	0.778
48	0.001	-0.002	0.782
49	0.000	-0.001	0.779
50	0.000	-0.002	0.781
51	0.001	-0.002	0.779
52	0.001	-0.004	0.779
53	0.003	-0.005	0.779
54	0.003	-0.003	0.783
55	0.001	-0.004	0.779
56	0.000	-0.003	0.782
57	0.003	0.001	0.781
58	0.004	-0.003	0.781
59	0.000	-0.006	0.779
60	0.004	-0.005	0.779
61	0.003	-0.003	0.784
62	0.001	-0.004	0.779
63	0.004	-0.002	0.781
64	0.004	-0.001	0.777
65	0.004	-0.001	0.783
66	0.003	-0.001	0.777
67	0.004	0.000	0.783
68	0.004	-0.003	0.779
69	0.002	-0.001	0.784
70	0.005	-0.005	0.780
71	0.006	-0.001	0.784
72	0.005	0.001	0.778
73	0.002	-0.003	0.784
74	0.007	-0.002	0.775
75	0.003	-0.001	0.782
76	0.004	-0.003	0.775
77	0.003	-0.002	0.781
78	0.005	-0.001	0.778
79	0.004	-0.001	0.781
80	0.005	-0.001	0.779
81	0.001	-0.005	0.779
82	0.005	-0.004	0.777
83	0.004	-0.001	0.780
84	0.003	-0.001	0.783
85	0.005	-0.004	0.781
86	0.004	-0.001	0.778
87	0.005	-0.002	0.779
88	0.006	-0.003	0.781
89	0.005	-0.003	0.781
90	0.005	-0.002	0.783
91	0.005	-0.002	0.779
92	0.004	-0.003	0.784
93	0.007	-0.003	0.779
94	0.005	-0.002	0.780
95	0.005	-0.001	0.778
96	0.003	0.000	0.787
97	0.006	0.001	0.777
98	0.005	0.000	0.783
99	0.005	-0.002	0.776
100	0.006	-0.004	0.781
101	0.004	-0.003	0.779
102	0.005	-0.001	0.785
103	0.001	-0.002	0.779
104	0.003	0.000	0.780
105	0.007	0.001	0.779
106	0.005	-0.002	0.782
107	0.004	-0.005	0.778
108	0.005	-0.002	0.785
109	0.004	0.000	0.779
110	0.007	-0.002	0.783
111	0.004	-0.001	0.778
112	0.006	0.001	0.782
113	0.006	-0.002	0.779
114	0.001	-0.001	0.779
115	0.001	-0.004	0.780
116	0.004	-0.002	0.781
117	0.004	-0.003	0.781
118	0.003	-0.003	0.777
119	0.003	-0.002	0.781
120	0.002	-0.002	0.778
121	0.005	-0.002	0.783
122	0.003	-0.004	0.779
123	0.003	-0.006	0.780
124	0.005	-0.002	0.778
125	0.005	-0.005	0.784
126	0.004	-0.002	0.779
127	0.004	-0.003	0.780
128	0.004	-0.002	0.778
129	0.005	-0.002	0.786
130	0.003	-0.005	0.778
131	0.005	-0.003	0.782
132	0.005	-0.005	0.776
133	0.005	-0.004	0.785
134	0.002	-0.003	0.776
135	0.005	-0.003	0.785
136	0.004	-0.003	0.781
137	0.004	-0.003	0.782
138	0.005	-0.004	0.777
139	0.006	-0.002	0.780
140	0.005	-0.003	0.777
141	0.005	-0.004	0.779
142	0.003	0.000	0.777
143	0.005	-0.005	0.780
144	0.004	-0.001	0.779
145	0.003	-0.002	0.782
146	0.002	-0.001	0.780
147	0.004	0.000	0.780
148	0.003	-0.005	0.777
149	0.002	-0.003	0.778
150	0.002	-0.003	0.781
151	0.003	0.001	0.780
152	0.000	0.001	0.780
153	0.001	-0.001	0.776
154	0.001	-0.002	0.780
155	0.001	-0.002	0.778
156	0.003	-0.005	0.784
157	0.001	-0.003	0.778
158	0.002	-0.003	0.783
159	0.001	0.000	0.776
160	0.002	-0.001	0.780
161	0.003	-0.001	0.779
162	0.005	-0.003	0.784
163	0.001	-0.003	0.778
164	0.001	-0.003	0.784
165	0.004	-0.006	0.778
166	0.002	-0.003	0.784
167	0.003	-0.002	0.778
168	0.006	-0.002	0.785
169	0.005	0.001	0.777
170	0.003	-0.002	0.782
171	0.002	-0.003	0.779
172	0.003	-0.005	0.783
173	0.004	-0.003	0.778
174	0.004	-0.003	0.781
175	0.003	-0.002	0.781
176	0.002	-0.001	0.778
177	0.001	-0.001	0.780
178	0.001	-0.001	0.780
179	0.003	-0.003	0.782
180	0.005	-0.005	0.778
181	0.005	-0.004	0.784
182	0.003	-0.005	0.777
183	0.004	-0.002	0.781
184	0.003	-0.002	0.780
185	0.001	-0.002	0.784
186	0.005	-0.006	0.778
187	0.005	-0.006	0.784
188	0.003	-0.003	0.775
189	0.001	-0.005	0.783
190	0.003	-0.002	0.776
191	0.004	-0.001	0.784
192	0.003	-0.002	0.779
193	0.001	-0.004	0.785
194	0.003	-0.004	0.778
195	0.001	-0.005	0.783
196	-0.001	-0.002	0.777
197	0.004	-0.003	0.783
198	0.003	-0.001	0.781
199	0.003	-0.005	0.780
200	0.003	-0.002	0.777
201	0.002	-0.002	0.783
202	0.002	-0.002	0.783
203	0.003	-0.003	0.779
204	0.002	-0.005	0.780
205	0.001	-0.004	0.783
206	0.003	0.000	0.780
207	0.000	0.001	0.780
208	0.002	0.001	0.783
209	0.001	-0.002	0.779
210	0.001	-0.008	0.779
211	0.002	-0.008	0.777
212	-0.001	-0.003	0.783
213	0.001	-0.002	0.780
214	0.001	0.001	0.783
215	0.002	-0.001	0.776
216	0.003	-0.001	0.784
217	0.002	-0.005	0.776
218	0.003	-0.007	0.786
219	-0.001	-0.005	0.775
220	0.005	-0.001	0.782
221	0.006	0.001	0.776
222	0.005	0.002	0.785
223	0.004	0.001	0.780
224	0.003	-0.007	0.786
225	0.002	-0.006	0.778
226	0.005	-0.007	0.782
227	0.004	-0.003	0.776
228	0.003	0.002	0.781
229	0.004	0.005	0.776
230	0.003	0.002	0.783
231	0.002	-0.003	0.780
232	0.003	-0.005	0.780
233	0.001	-0.006	0.782
234	0.000	-0.005	0.778
235	0.003	-0.002	0.779
236	0.002	0.000	0.780
237	0.005	-0.002	0.783
238	0.003	0.000	0.779
239	0.001	-0.002	0.784
240	0.002	-0.003	0.780
241	0.000	-0.008	0.779
242	0.003	-0.006	0.779
243	0.001	-0.001	0.782
244	0.002	0.001	0.781
245	0.001	-0.001	0.781
246	0.003	-0.002	0.778
247	0.001	-0.003	0.784
248	0.000	-0.007	0.775
249	0.000	-0.004	0.784
250	0.000	-0.003	0.778
251	0.002	-0.001	0.784
252	-0.002	0.002	0.778
253	-0.002	-0.004	0.784
254	0.002	-0.005	0.776
255	0.000	-0.005	0.780
256	0.001	-0.006	0.774
257	0.001	-0.003	0.782
258	0.002	0.003	0.778
259	0.002	0.003	0.785
260	0.001	-0.002	0.779
261	0.001	-0.010	0.783
262	0.000	-0.010	0.780
263	-0.001	-0.008	0.778
264	0.002	-0.002	0.779
265	0.005	-0.001	0.779
266	0.002	0.004	0.780
267	0.001	0.001	0.778
268	0.004	-0.005	0.780
269	0.002	-0.008	0.778
270	0.001	-0.009	0.784
271	0.004	-0.007	0.779
272	0.006	0.001	0.780
273	0.003	0.003	0.776
274	0.001	-0.004	0.784
275	0.003	0.001	0.776
276	0.002	-0.002	0.783
277	0.005	-0.004	0.775
278	0.001	-0.009	0.783
279	0.002	-0.009	0.780
280	0.003	-0.003	0.785
281	0.003	0.000	0.775
282	0.003	-0.002	0.782
283	0.005	-0.005	0.778
284	0.003	-0.002	0.786
285	0.004	-0.003	0.777
286	0.001	0.000	0.783
287	0.002	0.000	0.777
288	0.002	0.001	0.781
289	0.000	-0.002	0.779
290	0.000	-0.004	0.784
291	0.001	-0.004	0.780
292	0.004	-0.002	0.781
293	0.002	-0.001	0.779
294	0.002	0.002	0.780
295	0.005	0.001	0.783
296	0.003	-0.003	0.783
297	0.001	-0.005	0.780
298	0.004	-0.003	0.778
299	0.003	-0.002	0.780
300	0.003	0.001	0.778
301	-0.001	0.000	0.781
302	0.003	0.000	0.778
303	0.003	-0.003	0.786
304	0.004	-0.002	0.777
305	0.006	-0.001	0.784
306	0.004	0.002	0.778
307	0.003	0.002	0.782
308	0.003	-0.003	0.778
309	0.003	-0.003	0.782
310	0.003	-0.003	0.780
311	0.003	-0.002	0.786
312	0.006	-0.002	0.777
313	0.003	0.001	0.785
314	0.004	-0.001	0.777
315	0.003	-0.003	0.785
316	0.002	-0.002	0.778
317	0.003	0.001	0.785
318	0.007	-0.003	0.776
319	0.002	-0.004	0.784
320	0.003	-0.004	0.778
321	0.006	-0.003	0.783
322	0.003	0.001	0.779
323	0.002	0.000	0.780
324	0.004	-0.001	0.779
325	0.005	-0.001	0.781
326	0.003	-0.002	0.778
327	0.001	-0.004	0.778
328	0.004	-0.005	0.779
329	0.002	-0.002	0.779
330	0.003	0.001	0.783
331	0.003	-0.002	0.779
332	0.003	-0.003	0.785
333	0.003	-0.003	0.779
334	-0.002	-0.003	0.779
335	-0.001	-0.003	0.778
336	0.004	-0.001	0.782
337	0.002	0.000	0.779
338	0.002	-0.005	0.780
339	0.002	-0.002	0.776
340	0.003	-0.002	0.785
341	0.002	-0.003	0.777
342	0.002	-0.003	0.783
343	0.003	-0.005	0.777
344	0.001	-0.001	0.784
345	-0.001	-0.002	0.777
346	-0.003	-0.003	0.783
347	0.002	-0.002	0.778
348	0.002	0.001	0.783
349	0.002	-0.003	0.776
350	0.002	-0.006	0.781
351	0.002	-0.003	0.779
352	0.002	-0.002	0.783
353	-0.001	-0.005	0.779
354	0.004	-0.001	0.780
355	0.001	0.001	0.777
356	-0.001	-0.005	0.777
357	-0.002	-0.006	0.779
358	-0.001	-0.003	0.778
359	0.000	-0.003	0.784
360	0.001	-0.002	0.778
361	0.000	-0.002	0.783
362	0.001	-0.001	0.776
363	0.001	-0.002	0.785
364	0.001	-0.002	0.776
365	-0.001	-0.003	0.785
366	0.002	-0.003	0.778
367	0.001	-0.002	0.784
368	-0.001	-0.003	0.778
369	0.001	-0.003	0.782
370	0.001	-0.001	0.774
371	0.002	-0.001	0.780
372	0.001	-0.003	0.774
373	-0.001	-0.001	0.785
374	0.001	-0.004	0.776
375	-0.001	-0.004	0.782
376	0.000	-0.001	0.778
377	0.001	-0.003	0.782
378	0.002	-0.003	0.779
379	0.002	-0.003	0.783
380	0.001	-0.002	0.776
381	0.000	-0.002	0.781
382	0.002	-0.001	0.780
383	0.000	-0.002	0.781
384	0.003	-0.005	0.782
385	0.003	-0.001	0.780
386	0.001	-0.002	0.781
387	-0.001	-0.004	0.782
388	0.004	0.000	0.782
389	0.004	0.000	0.780
390	0.003	-0.002	0.782
391	0.003	-0.002	0.779
392	0.002	-0.003	0.784
393	0.002	-0.003	0.779
394	0.001	-0.001	0.783
395	0.004	-0.005	0.779
396	0.002	-0.002	0.782
397	-0.002	-0.003	0.776
398	-0.001	-0.002	0.779
399	0.001	-0.001	0.777
400	0.001	-0.002	0.782
401	-0.001	-0.005	0.775
402	0.002	-0.003	0.782
403	0.002	-0.004	0.778
404	0.003	-0.004	0.784
405	0.001	-0.003	0.776
406	0.004	-0.003	0.783
407	0.003	-0.002	0.780
408	0.003	-0.002	0.781
409	0.001	-0.004	0.780
410	0.002	-0.003	0.781
411	0.002	-0.002	0.778
412	0.003	-0.005	0.779
413	0.001	-0.006	0.780
414	0.001	-0.003	0.782
415	0.001	0.000	0.779
416	0.001	-0.004	0.781
417	0.005	-0.003	0.780
418	0.004	-0.003	0.781
419	0.003	-0.001	0.783
420	0.001	-0.007	0.779
421	0.001	-0.004	0.784
422	0.003	-0.005	0.779
423	0.003	-0.003	0.782
424	0.004	-0.002	0.780
425	0.005	0.001	0.785
426	0.002	-0.003	0.779
427	-0.001	-0.003	0.783
428	0.002	-0.006	0.777
429	0.003	-0.005	0.783
430	0.003	-0.003	0.777
431	0.003	-0.005	0.782
432	0.002	-0.004	0.778
433	0.004	-0.001	0.783
434	0.005	-0.003	0.780
435	0.003	-0.003	0.783
436	0.003	-0.004	0.778
437	0.003	-0.004	0.783
438	0.001	-0.004	0.781
439	0.002	-0.003	0.782
440	0.005	-0.001	0.780
441	0.005	-0.003	0.781
442	0.002	-0.004	0.779
443	0.002	-0.002	0.782
444	0.002	-0.005	0.781
445	0.002	-0.002	0.779
446	0.001	-0.007	0.777
447	0.004	-0.007	0.780
448	0.004	-0.002	0.778
449	0.002	-0.002	0.775
450	0.005	0.001	0.779
451	0.005	0.000	0.775
452	0.006	-0.002	0.781
453	0.005	-0.004	0.776
454	0.005	-0.007	0.783
455	0.007	-0.006	0.777
456	0.004	-0.002	0.783
457	0.004	-0.002	0.778
458	0.004	0.001	0.778
459	0.007	-0.001	0.779
460	0.004	-0.002	0.781
461	0.005	-0.004	0.779
462	0.003	-0.005	0.783
463	0.003	-0.003	0.777
464	0.003	-0.003	0.783
465	0.002	-0.001	0.776
466	0.003	0.000	0.784
467	0.002	0.002	0.778
468	0.002	-0.004	0.781
469	0.002	-0.003	0.780
470	0.003	-0.005	0.780
471	0.003	-0.003	0.780
472	0.002	-0.001	0.779
473	0.002	0.002	0.780
474	0.002	0.002	0.778
475	0.002	-0.002	0.781
476	-0.001	-0.003	0.778
477	0.002	-0.005	0.780
478	0.001	-0.005	0.777
479	0.001	-0.002	0.783
480	-0.001	-0.004	0.777
481	0.003	0.001	0.785
482	0.001	0.001	0.778
483	0.002	-0.001	0.783
484	0.001	-0.004	0.778
485	0.003	-0.005	0.785
486	0.001	-0.004	0.779
487	-0.001	-0.005	0.782
488	0.000	-0.002	0.777
489	0.000	0.000	0.783
490	-0.003	-0.001	0.774
491	-0.002	0.001	0.783
492	0.001	-0.003	0.778
493	0.001	-0.005	0.780
494	0.001	-0.005	0.779
495	0.001	-0.003	0.782
496	0.001	0.000	0.778
497	0.001	0.000	0.783
498	0.000	-0.002	0.780
499	0.002	-0.003	0.780
500	0.002	-0.004	0.777
501	-0.001	-0.003	0.783
502	0.001	-0.004	0.780
503	-0.001	-0.003	0.779
504	0.001	-0.001	0.783
505	0.001	-0.003	0.776
506	0.001	-0.003	0.780
507	0.002	-0.003	0.781
508	0.001	-0.003	0.784
509	0.004	-0.003	0.778
510	0.001	-0.004	0.783
511	0.003	-0.001	0.777
512	0.002	-0.003	0.785
513	0.000	-0.003	0.776
514	0.002	-0.001	0.782
515	0.000	0.000	0.779
516	0.002	-0.002	0.781
517	0.001	-0.006	0.777
518	-0.095	-0.037	1.054
519	-0.186	-0.073	1.084
520	-0.179	-0.066	1.080
521	-0.174	-0.067	1.074
522	-0.172	-0.063	1.069
523	-0.172	-0.065	1.062
524	-0.173	-0.065	1.066
525	-0.170	-0.064	1.057
526	-0.171	-0.063	1.066
527	-0.169	-0.066	1.063
528	-0.169	-0.061	1.061
529	-0.168	-0.064	1.057
530	-0.169	-0.063	1.056
531	-0.167	-0.061	1.060
532	-0.167	-0.061	1.056
533	-0.165	-0.060	1.058
534	-0.166	-0.062	1.054
535	-0.165	-0.063	1.058
536	-0.165	-0.062	1.053
537	-0.163	-0.060	1.054
538	-0.164	-0.061	1.047
539	-0.163	-0.063	1.057
540	-0.162	-0.063	1.051
541	-0.163	-0.062	1.049
542	-0.164	-0.061	1.044
543	-0.164	-0.063	1.054
544	-0.161	-0.062	1.046
545	-0.164	-0.061	1.050
546	-0.164	-0.064	1.042
547	-0.164	-0.061	1.051
548	-0.162	-0.062	1.046
549	-0.162	-0.061	1.048
550	-0.164	-0.064	1.044
551	-0.162	-0.061	1.047
552	-0.160	-0.060	1.041
553	-0.161	-0.061	1.042
554	-0.161	-0.062	1.042
555	-0.159	-0.058	1.044
556	-0.163	-0.060	1.042
557	-0.162	-0.060	1.039
558	-0.162	-0.060	1.040
559	-0.160	-0.059	1.038
560	-0.160	-0.057	1.040
561	-0.161	-0.060	1.039
562	-0.161	-0.059	1.040
563	-0.160	-0.057	1.036
564	-0.161	-0.057	1.040
565	-0.163	-0.058	1.035
566	-0.158	-0.056	1.042
567	-0.161	-0.057	1.036
568	-0.161	-0.055	1.042
569	-0.162	-0.055	1.034
570	-0.160	-0.056	1.040
571	-0.162	-0.057	1.034
572	-0.163	-0.055	1.039
573	-0.159	-0.057	1.033
574	-0.161	-0.055	1.039
575	-0.159	-0.055	1.035
576	-0.161	-0.057	1.036
577	-0.159	-0.057	1.030
578	-0.158	-0.055	1.038
579	-0.159	-0.055	1.031
580	-0.159	-0.056	1.034
581	-0.160	-0.057	1.033
582	-0.158	-0.056	1.033
583	-0.158	-0.058	1.034
584	-0.159	-0.056	1.035
585	-0.158	-0.056	1.032
586	-0.157	-0.054	1.034
587	-0.158	-0.057	1.034
588	-0.158	-0.056	1.031
589	-0.156	-0.058	1.032
590	-0.158	-0.054	1.031
591	-0.155	-0.059	1.036
592	-0.156	-0.055	1.033
593	-0.153	-0.057	1.034
594	-0.156	-0.054	1.029
595	-0.156	-0.058	1.034
596	-0.155	-0.056	1.027
597	-0.154	-0.056	1.034
598	-0.154	-0.054	1.032
599	-0.156	-0.057	1.034
600	-0.155	-0.056	1.030
601	-0.155	-0.056	1.031
602	-0.155	-0.056	1.027
603	-0.155	-0.053	1.033
604	-0.152	-0.054	1.026
605	-0.155	-0.053	1.034
606	-0.155	-0.055	1.027
607	-0.155	-0.053	1.030
608	-0.154	-0.054	1.028
609	-0.152	-0.057	1.031
610	-0.154	-0.053	1.028
611	-0.155	-0.054	1.031
612	-0.151	-0.053	1.035
613	-0.154	-0.053	1.028
614	-0.154	-0.056	1.029
615	-0.155	-0.051	1.032
616	-0.151	-0.056	1.032
617	-0.153	-0.054	1.024
618	-0.154	-0.053	1.032
619	-0.151	-0.053	1.036
620	-0.153	-0.056	1.027
621	-0.155	-0.053	1.025
622	-0.153	-0.053	1.037
623	-0.148	-0.054	1.027
624	-0.153	-0.054	1.024
625	-0.153	-0.054	1.026
626	-0.151	-0.054	1.037
627	-0.150	-0.055	1.020
628	-0.152	-0.052	1.026
629	-0.150	-0.053	1.028
630	-0.150	-0.053	1.034
631	-0.149	-0.051	1.022
632	-0.150	-0.054	1.029
633	-0.152	-0.054	1.023
634	-0.152	-0.053	1.025
635	-0.152	-0.054	1.022
636	-0.151	-0.053	1.032
637	-0.153	-0.057	1.023
638	-0.153	-0.052	1.024
639	-0.154	-0.055	1.024
640	-0.152	-0.054	1.028
641	-0.150	-0.055	1.024
642	-0.152	-0.052	1.022
643	-0.153	-0.053	1.026
644	-0.152	-0.055	1.026
645	-0.152	-0.051	1.029
646	-0.151	-0.052	1.026
647	-0.154	-0.056	1.031
648	-0.152	-0.054	1.022
649	-0.152	-0.052	1.028
650	-0.150	-0.053	1.025
651	-0.152	-0.053	1.030
652	-0.151	-0.053	1.021
653	-0.150	-0.053	1.027
654	-0.151	-0.053	1.020
655	-0.152	-0.053	1.029
656	-0.152	-0.050	1.025
657	-0.150	-0.052	1.028
658	-0.149	-0.052	1.020
659	-0.151	-0.053	1.025
660	-0.150	-0.054	1.020
661	-0.150	-0.053	1.026
662	-0.150	-0.052	1.018
663	-0.150	-0.056	1.027
664	-0.148	-0.053	1.023
665	-0.148	-0.052	1.028
666	-0.150	-0.053	1.021
667	-0.149	-0.052	1.024
668	-0.150	-0.053	1.019
669	-0.151	-0.053	1.028
670	-0.150	-0.053	1.022
671	-0.152	-0.053	1.020
672	-0.149	-0.049	1.022
673	-0.148	-0.053	1.021
674	-0.150	-0.053	1.028
675	-0.149	-0.051	1.019
676	-0.149	-0.052	1.022
677	-0.149	-0.053	1.019
678	-0.147	-0.054	1.030
679	-0.149	-0.052	1.023
680	-0.149	-0.051	1.024
681	-0.149	-0.055	1.020
682	-0.149	-0.052	1.029
683	-0.147	-0.050	1.020
684	-0.147	-0.052	1.027
685	-0.151	-0.053	1.020
686	-0.150	-0.054	1.026
687	-0.150	-0.053	1.019
688	-0.148	-0.051	1.025
689	-0.149	-0.055	1.018
690	-0.150	-0.050	1.023
691	-0.148	-0.052	1.020
692	-0.148	-0.051	1.023
693	-0.149	-0.053	1.021
694	-0.148	-0.053	1.022
695	-0.149	-0.052	1.022
696	-0.148	-0.053	1.021
697	-0.150	-0.054	1.022
698	-0.149	-0.052	1.020
699	-0.151	-0.055	1.020
700	-0.151	-0.052	1.015
701	-0.150	-0.052	1.023
702	-0.153	-0.053	1.021
703	-0.151	-0.052	1.016
704	-0.151	-0.054	1.020
705	-0.150	-0.053	1.028
706	-0.151	-0.052	1.014
707	-0.150	-0.053	1.016
708	-0.151	-0.053	1.021
709	-0.150	-0.052	1.026
710	-0.152	-0.048	1.011
711	-0.152	-0.051	1.023
712	-0.153	-0.050	1.022
713	-0.152	-0.053	1.018
714	-0.150	-0.051	1.010
715	-0.153	-0.049	1.021
716	-0.154	-0.050	1.020
717	-0.153	-0.052	1.020
718	-0.150	-0.051	1.018
719	-0.151	-0.050	1.024
720	-0.151	-0.052	1.014
721	-0.150	-0.053	1.019
722	-0.149	-0.048	1.019
723	-0.150	-0.054	1.022
724	-0.151	-0.050	1.014
725	-0.151	-0.052	1.016
726	-0.148	-0.052	1.017
727	-0.148	-0.053	1.019
728	-0.150	-0.055	1.018
729	-0.149	-0.052	1.016
730	-0.147	-0.052	1.017
731	-0.148	-0.052	1.014
732	-0.150	-0.052	1.016
733	-0.147	-0.052	1.015
734	-0.149	-0.051	1.018
735	-0.149	-0.053	1.011
736	-0.147	-0.052	1.022
737	-0.147	-0.050	1.012
738	-0.148	-0.053	1.016
739	-0.148	-0.051	1.012
740	-0.146	-0.050	1.015
741	-0.147	-0.049	1.011
742	-0.148	-0.052	1.021
743	-0.148	-0.053	1.015
744	-0.147	-0.050	1.021
745	-0.145	-0.052	1.014
746	-0.147	-0.052	1.014
747	-0.146	-0.051	1.013
748	-0.146	-0.051	1.018
749	-0.147	-0.053	1.014
750	-0.146	-0.052	1.016
751	-0.146	-0.052	1.015
752	-0.146	-0.051	1.018
753	-0.146	-0.051	1.014
754	-0.144	-0.053	1.018
755	-0.145	-0.051	1.018
756	-0.147	-0.053	1.011
757	-0.147	-0.050	1.015
758	-0.147	-0.051	1.012
759	-0.145	-0.053	1.023
760	-0.144	-0.053	1.018
761	-0.147	-0.052	1.019
762	-0.147	-0.053	1.012
763	-0.147	-0.050	1.022
764	-0.146	-0.050	1.012
765	-0.145	-0.052	1.016
766	-0.146	-0.049	1.014
767	-0.145	-0.050	1.020
768	-0.146	-0.051	1.015
769	-0.145	-0.050	1.017
770	-0.147	-0.053	1.010
771	-0.146	-0.051	1.015
772	-0.147	-0.052	1.014
773	-0.148	-0.052	1.014
774	-0.146	-0.053	1.016
775	-0.148	-0.051	1.012
776	-0.148	-0.054	1.011
777	-0.147	-0.055	1.014
778	-0.148	-0.051	1.011
779	-0.148	-0.050	1.012
780	-0.150	-0.055	1.010
781	-0.148	-0.051	1.010
782	-0.146	-0.047	1.014
783	-0.149	-0.050	1.009
784	-0.149	-0.048	1.016
785	-0.149	-0.047	1.014
786	-0.147	-0.045	1.015
787	-0.150	-0.049	1.009
788	-0.148	-0.049	1.018
789	-0.147	-0.046	1.012
790	-0.147	-0.044	1.016
791	-0.146	-0.046	1.011
792	-0.149	-0.048	1.015
793	-0.147	-0.045	1.011
794	-0.148	-0.046	1.020
795	-0.148	-0.045	1.012
796	-0.148	-0.047	1.016
797	-0.148	-0.045	1.014
798	-0.150	-0.044	1.015
799	-0.150	-0.045	1.016
800	-0.149	-0.049	1.020
801	-0.145	-0.046	1.014
802	-0.147	-0.049	1.010
803	-0.149	-0.052	1.011
804	-0.147	-0.050	1.015
805	-0.147	-0.049	1.016
806	-0.148	-0.051	1.015
807	-0.148	-0.051	1.014
808	-0.146	-0.050	1.010
809	-0.145	-0.052	1.014
810	-0.146	-0.052	1.014
811	-0.148	-0.051	1.014
812	-0.146	-0.053	1.008
813	-0.145	-0.052	1.017
814	-0.146	-0.049	1.012
815	-0.146	-0.049	1.014
816	-0.144	-0.052	1.013
817	-0.148	-0.051	1.018
818	-0.148	-0.050	1.014
819	-0.146	-0.052	1.016
820	-0.146	-0.051	1.008
821	-0.144	-0.050	1.016
822	-0.145	-0.052	1.010
823	-0.144	-0.054	1.019
824	-0.145	-0.052	1.012
825	-0.146	-0.051	1.016
826	-0.146	-0.052	1.011
827	-0.145	-0.052	1.011
828	-0.145	-0.049	1.009
829	-0.146	-0.052	1.012
830	-0.146	-0.053	1.014
831	-0.143	-0.049	1.011
832	-0.146	-0.050	1.011
833	-0.146	-0.053	1.012
834	-0.145	-0.052	1.013
835	-0.144	-0.049	1.010
836	-0.144	-0.049	1.009
837	-0.146	-0.052	1.012
838	-0.145	-0.052	1.011
839	-0.144	-0.050	1.008
840	-0.143	-0.051	1.013
841	-0.146	-0.052	1.012
842	-0.143	-0.050	1.015
843	-0.144	-0.051	1.008
844	-0.147	-0.052	1.014
845	-0.146	-0.053	1.008
846	-0.146	-0.053	1.015
847	-0.146	-0.050	1.008
848	-0.147	-0.054	1.016
849	-0.147	-0.051	1.010
850	-0.144	-0.051	1.015
851	-0.145	-0.052	1.008
852	-0.147	-0.053	1.011
853	-0.147	-0.049	1.007
854	-0.147	-0.052	1.012
855	-0.147	-0.051	1.011
856	-0.147	-0.050	1.010
857	-0.146	-0.051	1.010
858	-0.147	-0.051	1.013
859	-0.147	-0.051	1.012
860	-0.148	-0.050	1.013
861	-0.147	-0.052	1.006
862	-0.146	-0.050	1.010
863	-0.148	-0.048	1.007
864	-0.147	-0.050	1.006
865	-0.148	-0.052	1.012
866	-0.148	-0.051	1.012
867	-0.148	-0.051	1.014
868	-0.148	-0.048	1.007
869	-0.148	-0.052	1.014
870	-0.148	-0.051	1.007
871	-0.147	-0.051	1.010
872	-0.147	-0.051	1.008
873	-0.148	-0.051	1.015
874	-0.149	-0.051	1.008
875	-0.148	-0.053	1.012
876	-0.147	-0.054	1.008
877	-0.146	-0.053	1.015
878	-0.149	-0.052	1.006
879	-0.148	-0.052	1.011
880	-0.147	-0.056	1.008
881	-0.148	-0.051	1.010
882	-0.149	-0.054	1.006
883	-0.147	-0.054	1.008
884	-0.146	-0.053	1.015
885	-0.146	-0.052	1.013
886	-0.146	-0.053	1.007
887	-0.147	-0.053	1.006
888	-0.144	-0.051	1.011
889	-0.147	-0.050	1.011
890	-0.145	-0.052	1.013
891	-0.147	-0.052	1.007
892	-0.145	-0.053	1.014
893	-0.146	-0.051	1.006
894	-0.148	-0.050	1.015
895	-0.143	-0.052	1.009
896	-0.144	-0.051	1.014
897	-0.144	-0.051	1.007
898	-0.144	-0.052	1.018
899	-0.144	-0.051	1.010
900	-0.145	-0.052	1.013
901	-0.147	-0.050	1.006
902	-0.144	-0.052	1.016
903	-0.144	-0.052	1.011
904	-0.146	-0.052	1.012
905	-0.146	-0.052	1.011
906	-0.145	-0.052	1.011
907	-0.144	-0.052	1.012
908	-0.144	-0.053	1.022
909	-0.144	-0.052	1.012
910	-0.145	-0.051	1.011
911	-0.143	-0.051	1.014
912	-0.144	-0.053	1.008
913	-0.147	-0.051	1.010
914	-0.144	-0.050	1.014
915	-0.142	-0.053	1.014
916	-0.146	-0.052	1.006
917	-0.144	-0.053	1.006
918	-0.147	-0.050	1.012
919	-0.144	-0.051	1.019
920	-0.144	-0.052	1.005
921	-0.147	-0.051	1.008
922	-0.145	-0.053	1.008
923	-0.143	-0.053	1.015
924	-0.147	-0.052	1.008
925	-0.145	-0.052	1.010
926	-0.144	-0.051	1.011
927	-0.143	-0.051	1.012
928	-0.146	-0.052	1.006
929	-0.146	-0.052	1.014
930	-0.146	-0.052	1.003
931	-0.143	-0.051	1.010
932	-0.146	-0.053	1.014
933	-0.146	-0.055	1.012
934	-0.146	-0.052	1.006
935	-0.145	-0.052	1.009
936	-0.146	-0.052	1.013
937	-0.146	-0.050	1.008
938	-0.144	-0.053	1.006
939	-0.148	-0.051	1.011
940	-0.146	-0.052	1.012
941	-0.145	-0.052	1.005
942	-0.144	-0.050	1.011
943	-0.147	-0.053	1.010
944	-0.146	-0.052	1.012
945	-0.144	-0.051	1.005
946	-0.144	-0.049	1.012
947	-0.146	-0.053	1.006
948	-0.146	-0.053	1.012
949	-0.143	-0.051	1.005
950	-0.144	-0.051	1.012
951	-0.143	-0.052	1.009
952	-0.145	-0.052	1.012
953	-0.145	-0.052	1.004
954	-0.144	-0.053	1.013
955	-0.144	-0.052	1.007
956	-0.144	-0.051	1.010
957	-0.142	-0.049	1.010
958	-0.144	-0.052	1.008
959	-0.145	-0.052	1.006
960	-0.143	-0.050	1.006
961	-0.143	-0.050	1.011
962	-0.142	-0.052	1.015
963	-0.143	-0.055	1.008
964	-0.143	-0.051	1.006
965	-0.144	-0.051	1.014
966	-0.144	-0.051	1.014
967	-0.143	-0.052	1.011
968	-0.142	-0.053	1.007
969	-0.143	-0.054	1.012
970	-0.144	-0.052	1.009
971	-0.143	-0.051	1.012
972	-0.142	-0.050	1.008
973	-0.143	-0.052	1.012
974	-0.143	-0.051	1.007
975	-0.142	-0.051	1.009
976	-0.144	-0.048	1.005
977	-0.142	-0.052	1.012
978	-0.144	-0.051	1.008
979	-0.144	-0.052	1.009
980	-0.142	-0.049	1.008
981	-0.144	-0.050	1.014
982	-0.146	-0.051	1.008
983	-0.141	-0.050	1.015
984	-0.143	-0.051	1.009
985	-0.143	-0.052	1.010
986	-0.143	-0.050	1.007
987	-0.142	-0.050	1.008
988	-0.144	-0.051	1.010
989	-0.144	-0.054	1.008
990	-0.144	-0.052	1.009
991	-0.143	-0.051	1.012
992	-0.144	-0.052	1.012
993	-0.142	-0.050	1.008
994	-0.143	-0.052	1.010
995	-0.142	-0.050	1.005
996	-0.146	-0.052	1.008
997	-0.145	-0.051	1.002
998	-0.142	-0.053	1.009
999	-0.142	-0.051	1.006
1000	-0.144	-0.052	1.008
1001	-0.142	-0.052	1.006
1002	-0.143	-0.050	1.010
1003	-0.144	-0.052	1.003
1004	-0.146	-0.051	1.009
1005	-0.143	-0.050	1.000
1006	-0.144	-0.047	1.008
1007	-0.143	-0.050	1.007
1008	-0.144	-0.051	1.007
1009	-0.146	-0.051	1.006
1010	-0.145	-0.049	1.009
1011	-0.146	-0.046	1.006
1012	-0.146	-0.048	1.008
1013	-0.148	-0.046	1.001
1014	-0.146	-0.047	1.004
1015	-0.147	-0.049	1.006
1016	-0.147	-0.049	1.002
1017	-0.146	-0.047	1.007
1018	-0.147	-0.051	1.002
1019	-0.291	-0.120	1.232
1020	-0.264	-0.130	1.223
1021	-0.258	-0.127	1.224
1022	-0.253	-0.126	1.208
1023	-0.254	-0.126	1.208
1024	-0.249	-0.122	1.201
1025	-0.248	-0.127	1.210
1026	-0.248	-0.126	1.197
1027	-0.247	-0.124	1.202
1028	-0.247	-0.123	1.196
1029	-0.244	-0.123	1.206
1030	-0.245	-0.126	1.199
1031	-0.244	-0.123	1.200
1032	-0.245	-0.123	1.194
1033	-0.243	-0.122	1.194
1034	-0.243	-0.121	1.194
1035	-0.242	-0.122	1.198
1036	-0.239	-0.122	1.194
1037	-0.242	-0.122	1.193
1038	-0.242	-0.120	1.193
1039	-0.240	-0.124	1.194
1040	-0.240	-0.123	1.195
1041	-0.239	-0.121	1.192
1042	-0.241	-0.120	1.192
1043	-0.238	-0.122	1.189
1044	-0.238	-0.121	1.191
1045	-0.241	-0.121	1.190
1046	-0.238	-0.118	1.196
1047	-0.239	-0.121	1.185
1048	-0.236	-0.120	1.194
1049	-0.237	-0.120	1.183
1050	-0.237	-0.121	1.188
1051	-0.238	-0.122	1.187
1052	-0.236	-0.120	1.192
1053	-0.234	-0.118	1.183
1054	-0.235	-0.118	1.190
1055	-0.235	-0.118	1.188
1056	-0.236	-0.119	1.190
1057	-0.235	-0.117	1.182
1058	-0.237	-0.117	1.186
1059	-0.234	-0.118	1.187
1060	-0.235	-0.121	1.187
1061	-0.237	-0.120	1.186
1062	-0.235	-0.120	1.181
1063	-0.233	-0.117	1.185
1064	-0.235	-0.117	1.184
1065	-0.238	-0.120	1.186
1066	-0.235	-0.119	1.179
1067	-0.235	-0.120	1.185
1068	-0.236	-0.118	1.185
1069	-0.234	-0.119	1.187
1070	-0.234	-0.119	1.177
1071	-0.234	-0.119	1.186
1072	-0.233	-0.120	1.178
1073	-0.235	-0.120	1.188
1074	-0.233	-0.115	1.177
1075	-0.234	-0.117	1.182
1076	-0.234	-0.116	1.181
1077	-0.231	-0.118	1.184
1078	-0.231	-0.116	1.176
1079	-0.234	-0.115	1.179
1080	-0.234	-0.117	1.182
1081	-0.233	-0.117	1.179
1082	-0.230	-0.117	1.176
1083	-0.235	-0.117	1.182
1084	-0.232	-0.117	1.178
1085	-0.233	-0.116	1.177
1086	-0.232	-0.114	1.174
1087	-0.234	-0.116	1.175
1088	-0.234	-0.113	1.178
1089	-0.231	-0.115	1.173
1090	-0.230	-0.115	1.178
1091	-0.233	-0.117	1.172
1092	-0.233	-0.116	1.179
1093	-0.231	-0.114	1.169
1094	-0.232	-0.115	1.178
1095	-0.235	-0.119	1.173
1096	-0.231	-0.117	1.177
1097	-0.233	-0.118	1.169
1098	-0.234	-0.116	1.175
1099	-0.232	-0.117	1.172
1100	-0.230	-0.116	1.176
1101	-0.231	-0.116	1.170
1102	-0.232	-0.116	1.177
1103	-0.234	-0.113	1.170
1104	-0.232	-0.114	1.177
1105	-0.232	-0.118	1.171
1106	-0.233	-0.116	1.171
1107	-0.232	-0.114	1.175
1108	-0.231	-0.115	1.173
1109	-0.232	-0.114	1.173
1110	-0.233	-0.116	1.169
1111	-0.234	-0.117	1.170
1112	-0.229	-0.116	1.171
1113	-0.229	-0.112	1.173
1114	-0.229	-0.114	1.169
1115	-0.230	-0.116	1.168
1116	-0.229	-0.116	1.169
1117	-0.230	-0.114	1.173
1118	-0.230	-0.116	1.166
1119	-0.231	-0.112	1.171
1120	-0.226	-0.113	1.167
1121	-0.230	-0.115	1.173
1122	-0.233	-0.117	1.165
1123	-0.229	-0.116	1.173
1124	-0.229	-0.113	1.166
1125	-0.230	-0.115	1.175
1126	-0.229	-0.115	1.169
1127	-0.227	-0.114	1.170
1128	-0.228	-0.114	1.167
1129	-0.230	-0.114	1.171
1130	-0.229	-0.113	1.171
1131	-0.228	-0.115	1.169
1132	-0.229	-0.115	1.171
1133	-0.228	-0.115	1.169
1134	-0.227	-0.113	1.173
1135	-0.227	-0.114	1.169
1136	-0.229	-0.114	1.170
1137	-0.227	-0.116	1.167
1138	-0.229	-0.112	1.169
1139	-0.226	-0.114	1.168
1140	-0.226	-0.114	1.174
1141	-0.227	-0.115	1.167
1142	-0.227	-0.114	1.171
1143	-0.226	-0.114	1.172
1144	-0.227	-0.114	1.170
1145	-0.226	-0.111	1.168
1146	-0.229	-0.112	1.173
1147	-0.228	-0.111	1.167
1148	-0.229	-0.113	1.171
1149	-0.229	-0.110	1.166
1150	-0.227	-0.112	1.170
1151	-0.230	-0.111	1.167
1152	-0.231	-0.109	1.163
1153	-0.230	-0.107	1.163
1154	-0.233	-0.109	1.164
1155	-0.230	-0.109	1.166
1156	-0.233	-0.109	1.166
1157	-0.232	-0.108	1.164
1158	-0.233	-0.107	1.165
1159	-0.234	-0.107	1.168
1160	-0.234	-0.110	1.163
1161	-0.232	-0.107	1.166
1162	-0.234	-0.108	1.161
1163	-0.234	-0.109	1.167
1164	-0.234	-0.108	1.161
1165	-0.233	-0.106	1.166
1166	-0.233	-0.106	1.157
1167	-0.233	-0.109	1.166
1168	-0.232	-0.110	1.163
1169	-0.233	-0.109	1.169
1170	-0.233	-0.108	1.161
1171	-0.231	-0.110	1.168
1172	-0.230	-0.110	1.163
1173	-0.230	-0.110	1.163
1174	-0.233	-0.109	1.164
1175	-0.232	-0.108	1.163
1176	-0.229	-0.111	1.162
1177	-0.230	-0.111	1.163
1178	-0.229	-0.112	1.162
1179	-0.230	-0.112	1.161
1180	-0.228	-0.111	1.163
1181	-0.227	-0.110	1.160
1182	-0.230	-0.108	1.165
1183	-0.230	-0.111	1.158
1184	-0.228	-0.109	1.163
1185	-0.228	-0.114	1.159
1186	-0.230	-0.113	1.160
1187	-0.226	-0.112	1.156
1188	-0.226	-0.111	1.165
1189	-0.228	-0.112	1.159
1190	-0.227	-0.110	1.161
1191	-0.225	-0.110	1.159
1192	-0.225	-0.111	1.159
1193	-0.227	-0.110	1.155
1194	-0.225	-0.113	1.167
1195	-0.223	-0.111	1.159
1196	-0.225	-0.112	1.163
1197	-0.224	-0.111	1.161
1198	-0.225	-0.109	1.163
1199	-0.225	-0.110	1.163
1200	-0.225	-0.110	1.159
1201	-0.226	-0.110	1.164
1202	-0.224	-0.111	1.163
1203	-0.224	-0.112	1.161
1204	-0.227	-0.108	1.159
1205	-0.226	-0.112	1.161
1206	-0.226	-0.110	1.156
1207	-0.226	-0.109	1.161
1208	-0.225	-0.112	1.159
1209	-0.224	-0.113	1.161
1210	-0.223	-0.111	1.157
1211	-0.224	-0.108	1.167
1212	-0.227	-0.113	1.159
1213	-0.223	-0.111	1.164
1214	-0.224	-0.109	1.155
1215	-0.226	-0.110	1.161
1216	-0.226	-0.113	1.157
1217	-0.226	-0.112	1.163
1218	-0.225	-0.111	1.160
1219	-0.227	-0.112	1.159
1220	-0.226	-0.112	1.157
1221	-0.226	-0.112	1.157
1222	-0.226	-0.111	1.157
1223	-0.227	-0.113	1.159
1224	-0.226	-0.114	1.162
1225	-0.227	-0.115	1.158
1226	-0.227	-0.113	1.157
1227	-0.227	-0.114	1.160
1228	-0.227	-0.114	1.163
1229	-0.225	-0.111	1.157
1230	-0.228	-0.115	1.163
1231	-0.227	-0.114	1.159
1232	-0.228	-0.116	1.160
1233	-0.228	-0.113	1.155
1234	-0.228	-0.114	1.157
1235	-0.228	-0.115	1.156
1236	-0.226	-0.113	1.160
1237	-0.229	-0.111	1.154
1238	-0.228	-0.114	1.162
1239	-0.228	-0.115	1.155
1240	-0.228	-0.113	1.159
1241	-0.227	-0.114	1.155
1242	-0.230	-0.114	1.159
1243	-0.228	-0.112	1.156
1244	-0.229	-0.111	1.158
1245	-0.229	-0.112	1.161
1246	-0.228	-0.112	1.156
1247	-0.227	-0.111	1.157
1248	-0.227	-0.110	1.157
1249	-0.225	-0.113	1.161
1250	-0.228	-0.114	1.151
1251	-0.226	-0.114	1.157
1252	-0.226	-0.113	1.153
1253	-0.224	-0.113	1.159
1254	-0.226	-0.113	1.154
1255	-0.225	-0.112	1.159
1256	-0.225	-0.112	1.157
1257	-0.224	-0.114	1.167
1258	-0.226	-0.114	1.156
1259	-0.222	-0.111	1.156
1260	-0.226	-0.111	1.152
1261	-0.225	-0.112	1.161
1262	-0.223	-0.113	1.150
1263	-0.222	-0.113	1.155
1264	-0.224	-0.111	1.153
1265	-0.224	-0.110	1.153
1266	-0.220	-0.111	1.156
1267	-0.223	-0.111	1.154
1268	-0.223	-0.111	1.157
1269	-0.223	-0.114	1.159
1270	-0.221	-0.110	1.160
1271	-0.222	-0.112	1.156
1272	-0.224	-0.112	1.155
1273	-0.223	-0.111	1.152
1274	-0.221	-0.109	1.163
1275	-0.222	-0.110	1.155
1276	-0.222	-0.110	1.157
1277	-0.220	-0.110	1.151
1278	-0.223	-0.110	1.156
1279	-0.223	-0.111	1.151
1280	-0.222	-0.108	1.157
1281	-0.220	-0.109	1.157
1282	-0.220	-0.107	1.155
1283	-0.222	-0.109	1.155
1284	-0.221	-0.110	1.154
1285	-0.223	-0.110	1.151
1286	-0.220	-0.109	1.155
1287	-0.221	-0.109	1.153
1288	-0.223	-0.109	1.159
1289	-0.220	-0.107	1.157
1290	-0.220	-0.110	1.156
1291	-0.221	-0.113	1.157
1292	-0.221	-0.110	1.153
1293	-0.220	-0.109	1.156
1294	-0.221	-0.111	1.154
1295	-0.223	-0.113	1.159
1296	-0.220	-0.110	1.149
1297	-0.222	-0.111	1.157
1298	-0.225	-0.111	1.151
1299	-0.224	-0.111	1.157
1300	-0.222	-0.109	1.152
1301	-0.220	-0.108	1.156
1302	-0.224	-0.110	1.147
1303	-0.223	-0.110	1.151
1304	-0.222	-0.109	1.150
1305	-0.225	-0.110	1.153
1306	-0.224	-0.110	1.147
1307	-0.224	-0.111	1.147
1308	-0.224	-0.107	1.151
1309	-0.225	-0.108	1.150
1310	-0.225	-0.109	1.149
1311	-0.226	-0.110	1.148
1312	-0.226	-0.107	1.151
1313	-0.228	-0.110	1.149
1314	-0.227	-0.108	1.152
1315	-0.224	-0.107	1.151
1316	-0.228	-0.108	1.151
1317	-0.227	-0.109	1.148
1318	-0.226	-0.109	1.152
1319	-0.226	-0.109	1.151
1320	-0.225	-0.109	1.151
1321	-0.227	-0.110	1.146
1322	-0.227	-0.111	1.154
1323	-0.224	-0.109	1.149
1324	-0.224	-0.110	1.151
1325	-0.225	-0.111	1.148
1326	-0.225	-0.111	1.154
1327	-0.225	-0.110	1.151
1328	-0.226	-0.109	1.151
1329	-0.226	-0.110	1.150
1330	-0.224	-0.110	1.148
1331	-0.223	-0.109	1.151
1332	-0.225	-0.111	1.151
1333	-0.226	-0.110	1.155
1334	-0.223	-0.110	1.149
1335	-0.222	-0.110	1.152
1336	-0.225	-0.110	1.150
1337	-0.223	-0.110	1.152
1338	-0.222	-0.108	1.149
1339	-0.223	-0.109	1.157
1340	-0.222	-0.110	1.148
1341	-0.222	-0.108	1.156
1342	-0.222	-0.108	1.150
1343	-0.222	-0.108	1.157
1344	-0.224	-0.112	1.148
1345	-0.220	-0.108	1.153
1346	-0.222	-0.107	1.151
1347	-0.222	-0.109	1.155
1348	-0.221	-0.109	1.158
1349	-0.219	-0.108	1.153
1350	-0.221	-0.108	1.151
1351	-0.222	-0.111	1.151
1352	-0.222	-0.111	1.158
1353	-0.221	-0.110	1.155
1354	-0.218	-0.109	1.153
1355	-0.222	-0.110	1.150
1356	-0.221	-0.111	1.155
1357	-0.219	-0.109	1.152
1358	-0.220	-0.111	1.157
1359	-0.221	-0.109	1.149
1360	-0.220	-0.111	1.159
1361	-0.220	-0.109	1.153
1362	-0.220	-0.112	1.156
1363	-0.218	-0.112	1.148
1364	-0.220	-0.111	1.154
1365	-0.217	-0.109	1.156
1366	-0.218	-0.111	1.158
1367	-0.218	-0.109	1.150
1368	-0.218	-0.108	1.157
1369	-0.220	-0.106	1.152
1370	-0.220	-0.110	1.154
1371	-0.218	-0.110	1.154
1372	-0.221	-0.109	1.152
1373	-0.220	-0.110	1.151
1374	-0.222	-0.109	1.150
1375	-0.220	-0.110	1.153
1376	-0.221	-0.107	1.147
1377	-0.221	-0.108	1.158
1378	-0.222	-0.111	1.148
1379	-0.220	-0.110	1.155
1380	-0.221	-0.109	1.147
1381	-0.220	-0.110	1.152
1382	-0.220	-0.111	1.146
1383	-0.222	-0.110	1.155
1384	-0.221	-0.111	1.147
1385	-0.222	-0.111	1.151
1386	-0.221	-0.110	1.148
1387	-0.221	-0.109	1.148
1388	-0.218	-0.107	1.148
1389	-0.222	-0.109	1.150
1390	-0.222	-0.111	1.147
1391	-0.218	-0.107	1.147
1392	-0.218	-0.111	1.151
1393	-0.222	-0.110	1.144
1394	-0.218	-0.110	1.147
1395	-0.219	-0.107	1.148
1396	-0.220	-0.109	1.150
1397	-0.221	-0.108	1.143
1398	-0.219	-0.109	1.147
1399	-0.219	-0.109	1.143
1400	-0.219	-0.111	1.149
1401	-0.219	-0.108	1.147
1402	-0.219	-0.109	1.153
1403	-0.218	-0.107	1.147
1404	-0.219	-0.110	1.147
1405	-0.218	-0.109	1.144
1406	-0.217	-0.111	1.149
1407	-0.219	-0.109	1.149
1408	-0.220	-0.112	1.148
1409	-0.217	-0.109	1.146
1410	-0.216	-0.107	1.153
1411	-0.218	-0.109	1.147
1412	-0.218	-0.111	1.146
1413	-0.218	-0.111	1.151
1414	-0.216	-0.110	1.149
1415	-0.217	-0.111	1.147
1416	-0.220	-0.110	1.147
1417	-0.217	-0.108	1.151
1418	-0.218	-0.109	1.149
1419	-0.218	-0.110	1.153
1420	-0.218	-0.110	1.145
1421	-0.217	-0.109	1.152
1422	-0.218	-0.108	1.147
1423	-0.220	-0.112	1.155
1424	-0.216	-0.111	1.144
1425	-0.214	-0.111	1.151
1426	-0.218	-0.107	1.147
1427	-0.220	-0.111	1.151
1428	-0.217	-0.110	1.151
1429	-0.217	-0.109	1.148
1430	-0.219	-0.110	1.147
1431	-0.217	-0.112	1.148
1432	-0.217	-0.110	1.151
1433	-0.216	-0.108	1.146
1434	-0.220	-0.109	1.146
1435	-0.220	-0.110	1.147
1436	-0.220	-0.110	1.153
1437	-0.218	-0.108	1.145
1438	-0.221	-0.111	1.152
1439	-0.217	-0.108	1.145
1440	-0.219	-0.109	1.155
1441	-0.216	-0.110	1.149
1442	-0.218	-0.110	1.150
1443	-0.218	-0.108	1.145
1444	-0.218	-0.111	1.151
1445	-0.220	-0.112	1.145
1446	-0.221	-0.111	1.147
1447	-0.220	-0.109	1.148
1448	-0.221	-0.109	1.144
1449	-0.221	-0.109	1.146
1450	-0.221	-0.109	1.144
1451	-0.220	-0.108	1.143
1452	-0.221	-0.111	1.141
1453	-0.221	-0.112	1.145
1454	-0.220	-0.110	1.142
1455	-0.220	-0.106	1.147
1456	-0.222	-0.110	1.140
1457	-0.221	-0.107	1.143
1458	-0.220	-0.104	1.142
1459	-0.220	-0.105	1.148
1460	-0.221	-0.106	1.136
1461	-0.220	-0.106	1.150
1462	-0.220	-0.106	1.142
1463	-0.222	-0.106	1.143
1464	-0.220	-0.104	1.140
1465	-0.219	-0.106	1.145
1466	-0.220	-0.106	1.143
1467	-0.221	-0.107	1.143
1468	-0.220	-0.109	1.138
1469	-0.218	-0.107	1.141
1470	-0.218	-0.105	1.140
1471	-0.219	-0.106	1.139
1472	-0.219	-0.107	1.143
1473	-0.217	-0.110	1.142
1474	-0.217	-0.107	1.143
1475	-0.216	-0.108	1.134
1476	-0.220	-0.110	1.147
1477	-0.218	-0.112	1.140
1478	-0.218	-0.110	1.144
1479	-0.216	-0.110	1.137
1480	-0.220	-0.110	1.150
1481	-0.218	-0.107	1.142
1482	-0.216	-0.109	1.142
1483	-0.217	-0.109	1.142
1484	-0.217	-0.108	1.145
1485	-0.219	-0.108	1.145
1486	-0.218	-0.110	1.143
1487	-0.217	-0.110	1.143
1488	-0.217	-0.108	1.144
1489	-0.215	-0.107	1.143
1490	-0.217	-0.108	1.145
1491	-0.218	-0.108	1.147
1492	-0.216	-0.106	1.139
1493	-0.217	-0.108	1.145
1494	-0.215	-0.107	1.141
1495	-0.214	-0.109	1.148
1496	-0.215	-0.110	1.139
1497	-0.216	-0.109	1.145
1498	-0.215	-0.107	1.142
1499	-0.216	-0.108	1.145
1500	-0.216	-0.109	1.135
1501	-0.217	-0.109	1.144
1502	-0.216	-0.111	1.140
1503	-0.216	-0.110	1.143
1504	-0.217	-0.107	1.144
1505	-0.217	-0.108	1.141
1506	-0.216	-0.109	1.141
1507	-0.215	-0.107	1.140
1508	-0.214	-0.105	1.143
1509	-0.215	-0.109	1.139
1510	-0.216	-0.109	1.144
1511	-0.214	-0.105	1.136
1512	-0.214	-0.107	1.147
1513	-0.214	-0.109	1.140
1514	-0.216	-0.108	1.145
1515	-0.214	-0.107	1.140
1516	-0.215	-0.105	1.144
1517	-0.216	-0.106	1.140
1518	-0.213	-0.104	1.144
1519	-0.213	-0.107	1.143
1520	-0.386	-0.190	1.430
1521	-0.370	-0.187	1.412
1522	-0.361	-0.184	1.407
1523	-0.360	-0.181	1.393
1524	-0.356	-0.182	1.400
1525	-0.356	-0.180	1.400
1526	-0.352	-0.179	1.387
1527	-0.354	-0.179	1.385
1528	-0.353	-0.179	1.387
1529	-0.352	-0.177	1.387
1530	-0.351	-0.178	1.379
1531	-0.353	-0.178	1.383
1532	-0.351	-0.176	1.382
1533	-0.350	-0.178	1.385
1534	-0.349	-0.176	1.377
1535	-0.351	-0.177	1.382
1536	-0.350	-0.177	1.378
1537	-0.347	-0.177	1.378
1538	-0.348	-0.174	1.381
1539	-0.347	-0.176	1.378
1540	-0.349	-0.176	1.373
1541	-0.346	-0.175	1.377
1542	-0.347	-0.176	1.376
1543	-0.347	-0.177	1.374
1544	-0.347	-0.176	1.377
1545	-0.346	-0.173	1.372
1546	-0.345	-0.173	1.382
1547	-0.347	-0.174	1.372
1548	-0.344	-0.174	1.368
1549	-0.344	-0.173	1.372
1550	-0.343	-0.175	1.377
1551	-0.344	-0.172	1.370
1552	-0.345	-0.172	1.374
1553	-0.345	-0.173	1.368
1554	-0.344	-0.174	1.375
1555	-0.344	-0.175	1.364
1556	-0.342	-0.172	1.366
1557	-0.343	-0.174	1.373
1558	-0.342	-0.174	1.368
1559	-0.342	-0.174	1.364
1560	-0.342	-0.172	1.366
1561	-0.343	-0.172	1.364
1562	-0.343	-0.174	1.368
1563	-0.342	-0.174	1.365
1564	-0.340	-0.172	1.362
1565	-0.340	-0.172	1.369
1566	-0.340	-0.171	1.360
1567	-0.338	-0.173	1.364
1568	-0.339	-0.172	1.361
1569	-0.338	-0.174	1.365
1570	-0.339	-0.173	1.361
1571	-0.336	-0.169	1.360
1572	-0.337	-0.171	1.357
1573	-0.339	-0.169	1.369
1574	-0.337	-0.171	1.358
1575	-0.336	-0.168	1.362
1576	-0.338	-0.171	1.366
1577	-0.338	-0.169	1.357
1578	-0.337	-0.169	1.357
1579	-0.336	-0.172	1.363
1580	-0.337	-0.171	1.359
1581	-0.338	-0.173	1.358
1582	-0.334	-0.172	1.362
1583	-0.334	-0.172	1.353
1584	-0.333	-0.173	1.363
1585	-0.337	-0.172	1.351
1586	-0.335	-0.171	1.361
1587	-0.335	-0.172	1.359
1588	-0.335	-0.172	1.360
1589	-0.334	-0.171	1.357
1590	-0.334	-0.170	1.358
1591	-0.334	-0.171	1.355
1592	-0.335	-0.172	1.360
1593	-0.335	-0.170	1.357
1594	-0.333	-0.170	1.359
1595	-0.332	-0.172	1.357
1596	-0.333	-0.172	1.354
1597	-0.334	-0.169	1.359
1598	-0.334	-0.173	1.352
1599	-0.335	-0.169	1.363
1600	-0.334	-0.173	1.348
1601	-0.335	-0.170	1.356
1602	-0.334	-0.170	1.353
1603	-0.335	-0.173	1.355
1604	-0.333	-0.172	1.354
1605	-0.334	-0.169	1.358
1606	-0.335	-0.167	1.347
1607	-0.335	-0.169	1.359
1608	-0.333	-0.168	1.353
1609	-0.333	-0.168	1.354
1610	-0.334	-0.170	1.353
1611	-0.336	-0.172	1.354
1612	-0.335	-0.167	1.352
1613	-0.331	-0.167	1.351
1614	-0.334	-0.168	1.354
1615	-0.334	-0.169	1.347
1616	-0.335	-0.167	1.352
1617	-0.333	-0.167	1.351
1618	-0.336	-0.170	1.351
1619	-0.336	-0.169	1.349
1620	-0.335	-0.169	1.355
1621	-0.333	-0.166	1.338
1622	-0.335	-0.170	1.355
1623	-0.334	-0.169	1.353
1624	-0.333	-0.169	1.355
1625	-0.334	-0.168	1.344
1626	-0.332	-0.172	1.353
1627	-0.333	-0.170	1.349
1628	-0.331	-0.168	1.345
1629	-0.334	-0.169	1.349
1630	-0.331	-0.170	1.355
1631	-0.331	-0.168	1.345
1632	-0.332	-0.166	1.347
1633	-0.332	-0.169	1.353
1634	-0.331	-0.170	1.346
1635	-0.332	-0.168	1.351
1636	-0.332	-0.169	1.345
1637	-0.332	-0.168	1.352
1638	-0.329	-0.170	1.345
1639	-0.329	-0.167	1.349
1640	-0.332	-0.168	1.344
1641	-0.331	-0.169	1.357
1642	-0.330	-0.169	1.355
1643	-0.330	-0.168	1.345
1644	-0.333	-0.169	1.347
1645	-0.329	-0.173	1.353
1646	-0.328	-0.170	1.343
1647	-0.330	-0.166	1.347
1648	-0.330	-0.171	1.357
1649	-0.328	-0.172	1.348
1650	-0.329	-0.168	1.348
1651	-0.328	-0.169	1.351
1652	-0.329	-0.172	1.349
1653	-0.330	-0.168	1.345
1654	-0.327	-0.167	1.350
1655	-0.327	-0.168	1.342
1656	-0.326	-0.171	1.352
1657	-0.327	-0.168	1.342
1658	-0.328	-0.168	1.344
1659	-0.327	-0.167	1.347
1660	-0.326	-0.169	1.349
1661	-0.325	-0.166	1.343
1662	-0.326	-0.166	1.348
1663	-0.324	-0.169	1.343
1664	-0.326	-0.166	1.346
1665	-0.326	-0.167	1.348
1666	-0.326	-0.168	1.342
1667	-0.326	-0.166	1.345
1668	-0.326	-0.168	1.350
1669	-0.327	-0.167	1.347
1670	-0.326	-0.168	1.336
1671	-0.325	-0.167	1.347
1672	-0.324	-0.166	1.342
1673	-0.327	-0.167	1.347
1674	-0.324	-0.167	1.343
1675	-0.325	-0.164	1.349
1676	-0.329	-0.164	1.341
1677	-0.326	-0.167	1.347
1678	-0.329	-0.168	1.340
1679	-0.328	-0.165	1.341
1680	-0.328	-0.164	1.346
1681	-0.330	-0.169	1.343
1682	-0.327	-0.165	1.340
1683	-0.327	-0.166	1.345
1684	-0.327	-0.167	1.342
1685	-0.328	-0.169	1.340
1686	-0.328	-0.164	1.345
1687	-0.330	-0.167	1.334
1688	-0.330	-0.168	1.345
1689	-0.329	-0.168	1.340
1690	-0.327	-0.168	1.339
1691	-0.328	-0.167	1.337
1692	-0.328	-0.167	1.344
1693	-0.327	-0.167	1.333
1694	-0.328	-0.165	1.337
1695	-0.328	-0.168	1.340
1696	-0.331	-0.165	1.341
1697	-0.327	-0.167	1.334
1698	-0.329	-0.164	1.336
1699	-0.329	-0.168	1.340
1700	-0.328	-0.167	1.337
1701	-0.327	-0.165	1.336
1702	-0.329	-0.167	1.334
1703	-0.329	-0.168	1.351
1704	-0.327	-0.166	1.331
1705	-0.329	-0.168	1.339
1706	-0.326	-0.168	1.336
1707	-0.325	-0.166	1.344
1708	-0.324	-0.166	1.332
1709	-0.327	-0.166	1.338
1710	-0.329	-0.169	1.339
1711	-0.327	-0.165	1.343
1712	-0.327	-0.167	1.336
1713	-0.327	-0.167	1.341
1714	-0.327	-0.165	1.340
1715	-0.325	-0.165	1.334
1716	-0.325	-0.166	1.342
1717	-0.325	-0.166	1.332
1718	-0.326	-0.163	1.342
1719	-0.325	-0.166	1.335
1720	-0.326	-0.166	1.339
1721	-0.325	-0.166	1.331
1722	-0.323	-0.167	1.344
1723	-0.324	-0.166	1.335
1724	-0.324	-0.164	1.337
1725	-0.323	-0.167	1.335
1726	-0.322	-0.166	1.335
1727	-0.323	-0.164	1.341
1728	-0.326	-0.167	1.337
1729	-0.323	-0.167	1.330
1730	-0.322	-0.165	1.332
1731	-0.324	-0.164	1.334
1732	-0.325	-0.169	1.335
1733	-0.324	-0.165	1.337
1734	-0.323	-0.164	1.333
1735	-0.323	-0.167	1.342
1736	-0.324	-0.165	1.331
1737	-0.324	-0.164	1.339
1738	-0.322	-0.165	1.335
1739	-0.322	-0.163	1.335
1740	-0.325	-0.165	1.331
1741	-0.322	-0.164	1.342
1742	-0.322	-0.164	1.330
1743	-0.324	-0.166	1.339
1744	-0.322	-0.164	1.334
1745	-0.322	-0.166	1.332
1746	-0.325	-0.161	1.338
1747	-0.324	-0.164	1.331
1748	-0.323	-0.165	1.336
1749	-0.323	-0.164	1.336
1750	-0.322	-0.163	1.338
1751	-0.323	-0.165	1.332
1752	-0.321	-0.164	1.343
1753	-0.321	-0.157	1.331
1754	-0.323	-0.164	1.338
1755	-0.324	-0.160	1.334
1756	-0.321	-0.160	1.341
1757	-0.321	-0.162	1.337
1758	-0.324	-0.162	1.340
1759	-0.322	-0.163	1.339
1760	-0.321	-0.160	1.340
1761	-0.324	-0.160	1.337
1762	-0.322	-0.161	1.336
1763	-0.322	-0.161	1.337
1764	-0.322	-0.162	1.332
1765	-0.323	-0.163	1.337
1766	-0.322	-0.162	1.337
1767	-0.322	-0.160	1.343
1768	-0.323	-0.163	1.328
1769	-0.321	-0.161	1.339
1770	-0.318	-0.162	1.336
1771	-0.320	-0.162	1.331
1772	-0.323	-0.161	1.326
1773	-0.323	-0.162	1.340
1774	-0.318	-0.161	1.335
1775	-0.321	-0.160	1.324
1776	-0.324	-0.161	1.331
1777	-0.321	-0.163	1.343
1778	-0.319	-0.161	1.329
1779	-0.322	-0.163	1.327
1780	-0.322	-0.164	1.338
1781	-0.321	-0.161	1.333
1782	-0.318	-0.163	1.330
1783	-0.318	-0.163	1.333
1784	-0.320	-0.162	1.338
1785	-0.318	-0.161	1.324
1786	-0.319	-0.163	1.331
1787	-0.321	-0.163	1.335
1788	-0.318	-0.163	1.335
1789	-0.320	-0.160	1.323
1790	-0.321	-0.160	1.335
1791	-0.318	-0.160	1.337
1792	-0.320	-0.164	1.328
1793	-0.320	-0.161	1.329
1794	-0.320	-0.163	1.336
1795	-0.320	-0.163	1.338
1796	-0.318	-0.161	1.326
1797	-0.321	-0.166	1.341
1798	-0.320	-0.164	1.333
1799	-0.318	-0.163	1.337
1800	-0.319	-0.165	1.327
1801	-0.322	-0.164	1.329
1802	-0.321	-0.164	1.327
1803	-0.321	-0.163	1.342
1804	-0.320	-0.165	1.329
1805	-0.322	-0.164	1.328
1806	-0.321	-0.165	1.332
1807	-0.319	-0.164	1.336
1808	-0.319	-0.163	1.334
1809	-0.322	-0.164	1.328
1810	-0.319	-0.161	1.332
1811	-0.320	-0.164	1.334
1812	-0.321	-0.163	1.331
1813	-0.320	-0.164	1.323
1814	-0.320	-0.163	1.338
1815	-0.319	-0.163	1.333
1816	-0.318	-0.164	1.333
1817	-0.320	-0.163	1.328
1818	-0.320	-0.164	1.339
1819	-0.321	-0.162	1.324
1820	-0.320	-0.165	1.329
1821	-0.318	-0.161	1.335
1822	-0.318	-0.164	1.326
1823	-0.320	-0.164	1.325
1824	-0.318	-0.164	1.330
1825	-0.320	-0.160	1.335
1826	-0.322	-0.163	1.323
1827	-0.323	-0.164	1.330
1828	-0.321	-0.162	1.326
1829	-0.321	-0.163	1.331
1830	-0.323	-0.165	1.316
1831	-0.323	-0.162	1.328
1832	-0.321	-0.165	1.332
1833	-0.321	-0.160	1.329
1834	-0.322	-0.163	1.323
1835	-0.320	-0.162	1.328
1836	-0.321	-0.163	1.324
1837	-0.321	-0.164	1.329
1838	-0.320	-0.161	1.327
1839	-0.320	-0.163	1.329
1840	-0.320	-0.164	1.332
1841	-0.318	-0.160	1.320
1842	-0.320	-0.165	1.324
1843	-0.321	-0.161	1.327
1844	-0.321	-0.160	1.327
1845	-0.321	-0.164	1.320
1846	-0.318	-0.161	1.327
1847	-0.320	-0.164	1.329
1848	-0.320	-0.162	1.323
1849	-0.323	-0.161	1.318
1850	-0.320	-0.161	1.335
1851	-0.320	-0.161	1.324
1852	-0.320	-0.164	1.321
1853	-0.321	-0.163	1.332
1854	-0.321	-0.162	1.323
1855	-0.323	-0.163	1.317
1856	-0.320	-0.161	1.329
1857	-0.320	-0.163	1.330
1858	-0.320	-0.161	1.315
1859	-0.323	-0.161	1.326
1860	-0.323	-0.162	1.320
1861	-0.320	-0.161	1.325
1862	-0.321	-0.164	1.323
1863	-0.322	-0.163	1.322
1864	-0.322	-0.164	1.319
1865	-0.319	-0.165	1.329
1866	-0.320	-0.160	1.318
1867	-0.320	-0.163	1.326
1868	-0.320	-0.163	1.324
1869	-0.320	-0.161	1.320
1870	-0.321	-0.160	1.325
1871	-0.319	-0.161	1.327
1872	-0.318	-0.162	1.320
1873	-0.319	-0.160	1.324
1874	-0.320	-0.164	1.328
1875	-0.319	-0.164	1.322
1876	-0.320	-0.163	1.325
1877	-0.319	-0.161	1.320
1878	-0.318	-0.161	1.326
1879	-0.317	-0.164	1.325
1880	-0.318	-0.160	1.322
1881	-0.319	-0.162	1.325
1882	-0.318	-0.162	1.325
1883	-0.318	-0.163	1.325
1884	-0.320	-0.163	1.322
1885	-0.320	-0.163	1.323
1886	-0.318	-0.160	1.322
1887	-0.317	-0.163	1.333
1888	-0.318	-0.163	1.321
1889	-0.317	-0.161	1.323
1890	-0.318	-0.161	1.323
1891	-0.319	-0.159	1.330
1892	-0.320	-0.163	1.318
1893	-0.318	-0.163	1.324
1894	-0.319	-0.160	1.325
1895	-0.320	-0.160	1.323
1896	-0.320	-0.161	1.320
1897	-0.319	-0.161	1.319
1898	-0.318	-0.160	1.321
1899	-0.318	-0.162	1.318
1900	-0.321	-0.159	1.324
1901	-0.318	-0.161	1.317
1902	-0.320	-0.159	1.320
1903	-0.317	-0.164	1.323
1904	-0.317	-0.159	1.321
1905	-0.318	-0.159	1.313
1906	-0.319	-0.159	1.327
1907	-0.319	-0.162	1.316
1908	-0.317	-0.160	1.319
1909	-0.318	-0.160	1.318
1910	-0.319	-0.161	1.320
1911	-0.317	-0.162	1.316
1912	-0.317	-0.160	1.321
1913	-0.320	-0.158	1.324
1914	-0.317	-0.161	1.310
1915	-0.318	-0.159	1.320
1916	-0.317	-0.162	1.322
1917	-0.319	-0.159	1.317
1918	-0.319	-0.161	1.314
1919	-0.318	-0.159	1.324
1920	-0.318	-0.162	1.315
1921	-0.318	-0.161	1.321
1922	-0.317	-0.160	1.320
1923	-0.318	-0.159	1.312
1924	-0.319	-0.161	1.320
1925	-0.318	-0.163	1.324
1926	-0.318	-0.160	1.316
1927	-0.318	-0.159	1.311
1928	-0.317	-0.159	1.325
1929	-0.317	-0.161	1.312
1930	-0.314	-0.161	1.321
1931	-0.318	-0.159	1.318
1932	-0.318	-0.162	1.321
1933	-0.318	-0.160	1.312
1934	-0.317	-0.160	1.325
1935	-0.319	-0.160	1.312
1936	-0.317	-0.162	1.315
1937	-0.319	-0.160	1.317
1938	-0.317	-0.161	1.315
1939	-0.319	-0.163	1.318
1940	-0.318	-0.161	1.318
1941	-0.317	-0.162	1.326
1942	-0.318	-0.160	1.311
1943	-0.319	-0.159	1.318
1944	-0.317	-0.161	1.318
1945	-0.317	-0.160	1.318
1946	-0.319	-0.163	1.313
1947	-0.320	-0.161	1.326
1948	-0.318	-0.162	1.313
1949	-0.317	-0.163	1.312
1950	-0.319	-0.161	1.317
1951	-0.318	-0.163	1.325
1952	-0.318	-0.159	1.315
1953	-0.318	-0.163	1.313
1954	-0.318	-0.163	1.321
1955	-0.318	-0.162	1.318
1956	-0.319	-0.159	1.312
1957	-0.319	-0.161	1.316
1958	-0.317	-0.162	1.320
1959	-0.320	-0.163	1.308
1960	-0.318	-0.159	1.319
1961	-0.318	-0.163	1.321
1962	-0.319	-0.161	1.320
1963	-0.320	-0.162	1.312
1964	-0.318	-0.160	1.322
1965	-0.320	-0.162	1.323
1966	-0.318	-0.161	1.312
1967	-0.318	-0.161	1.313
1968	-0.317	-0.159	1.319
1969	-0.317	-0.163	1.317
1970	-0.319	-0.159	1.315
1971	-0.317	-0.160	1.325
1972	-0.318	-0.162	1.316
1973	-0.316	-0.162	1.310
1974	-0.317	-0.159	1.316
1975	-0.317	-0.162	1.320
1976	-0.318	-0.160	1.312
1977	-0.317	-0.161	1.324
1978	-0.316	-0.158	1.315
1979	-0.318	-0.163	1.312
1980	-0.316	-0.160	1.315
1981	-0.315	-0.163	1.317
1982	-0.315	-0.158	1.322
1983	-0.318	-0.162	1.316
1984	-0.316	-0.157	1.317
1985	-0.317	-0.160	1.314
1986	-0.316	-0.159	1.319
1987	-0.318	-0.162	1.307
1988	-0.318	-0.161	1.317
1989	-0.314	-0.159	1.312
1990	-0.317	-0.157	1.311
1991	-0.317	-0.160	1.312
1992	-0.315	-0.159	1.322
1993	-0.316	-0.160	1.315
1994	-0.316	-0.157	1.313
1995	-0.314	-0.160	1.313
1996	-0.314	-0.159	1.306
1997	-0.318	-0.159	1.317
1998	-0.316	-0.161	1.308
1999	-0.316	-0.157	1.312
2000	-0.316	-0.161	1.310
2001	-0.316	-0.158	1.314
2002	-0.317	-0.161	1.308
2003	-0.318	-0.160	1.317
2004	-0.315	-0.158	1.309
2005	-0.316	-0.160	1.312
2006	-0.315	-0.159	1.310
2007	-0.315	-0.159	1.312
2008	-0.316	-0.156	1.310
2009	-0.315	-0.160	1.312
2010	-0.314	-0.157	1.314
2011	-0.315	-0.158	1.305
2012	-0.317	-0.158	1.316
2013	-0.316	-0.160	1.310
2014	-0.317	-0.156	1.312
2015	-0.317	-0.158	1.313
2016	-0.315	-0.158	1.312
2017	-0.315	-0.159	1.307
2018	-0.315	-0.159	1.314
2019	-0.318	-0.159	1.307
2020	-0.331	-0.168	1.425
2021	-0.508	-0.247	1.641
2022	-0.502	-0.243	1.632
2023	-0.497	-0.241	1.628
2024	-0.493	-0.237	1.613
2025	-0.490	-0.237	1.612
2026	-0.489	-0.233	1.608
2027	-0.486	-0.234	1.612
2028	-0.485	-0.236	1.600
2029	-0.485	-0.232	1.597
2030	-0.484	-0.232	1.599
2031	-0.485	-0.233	1.598
2032	-0.483	-0.231	1.593
2033	-0.480	-0.230	1.596
2034	-0.480	-0.230	1.597
2035	-0.478	-0.230	1.582
2036	-0.477	-0.228	1.592
2037	-0.476	-0.230	1.592
2038	-0.478	-0.229	1.589
2039	-0.479	-0.229	1.582
2040	-0.475	-0.225	1.597
2041	-0.476	-0.229	1.583
2042	-0.476	-0.227	1.588
2043	-0.475	-0.229	1.579
2044	-0.475	-0.226	1.577
2045	-0.476	-0.227	1.587
2046	-0.473	-0.225	1.588
2047	-0.474	-0.229	1.572
2048	-0.474	-0.226	1.579
2049	-0.471	-0.226	1.589
2050	-0.471	-0.226	1.571
2051	-0.472	-0.224	1.571
2052	-0.470	-0.225	1.578
2053	-0.470	-0.225	1.579
2054	-0.472	-0.225	1.567
2055	-0.471	-0.223	1.573
2056	-0.470	-0.225	1.570
2057	-0.471	-0.226	1.576
2058	-0.470	-0.225	1.570
2059	-0.470	-0.222	1.571
2060	-0.471	-0.226	1.574
2061	-0.468	-0.224	1.567
2062	-0.468	-0.224	1.573
2063	-0.470	-0.221	1.566
2064	-0.470	-0.226	1.575
2065	-0.469	-0.224	1.563
2066	-0.467	-0.221	1.570
2067	-0.466	-0.223	1.567
2068	-0.469	-0.222	1.570
2069	-0.465	-0.225	1.563
2070	-0.469	-0.222	1.567
2071	-0.469	-0.222	1.565
2072	-0.467	-0.222	1.565
2073	-0.466	-0.222	1.563
2074	-0.465	-0.221	1.564
2075	-0.468	-0.223	1.562
2076	-0.467	-0.222	1.560
2077	-0.467	-0.221	1.567
2078	-0.469	-0.223	1.554
2079	-0.467	-0.220	1.565
2080	-0.463	-0.222	1.562
2081	-0.466	-0.223	1.563
2082	-0.466	-0.221	1.554
2083	-0.466	-0.221	1.561
2084	-0.466	-0.221	1.561
2085	-0.465	-0.224	1.558
2086	-0.466	-0.222	1.562
2087	-0.463	-0.220	1.564
2088	-0.464	-0.222	1.562
2089	-0.463	-0.221	1.554
2090	-0.464	-0.221	1.562
2091	-0.462	-0.222	1.554
2092	-0.463	-0.218	1.564
2093	-0.466	-0.221	1.556
2094	-0.463	-0.221	1.560
2095	-0.462	-0.218	1.558
2096	-0.465	-0.223	1.556
2097	-0.462	-0.219	1.558
2098	-0.464	-0.221	1.558
2099	-0.461	-0.219	1.552
2100	-0.463	-0.221	1.556
2101	-0.461	-0.221	1.562
2102	-0.461	-0.221	1.554
2103	-0.463	-0.221	1.558
2104	-0.462	-0.220	1.556
2105	-0.462	-0.220	1.559
2106	-0.461	-0.219	1.553
2107	-0.461	-0.219	1.562
2108	-0.461	-0.221	1.552
2109	-0.460	-0.217	1.557
2110	-0.461	-0.218	1.555
2111	-0.460	-0.217	1.558
2112	-0.461	-0.219	1.550
2113	-0.460	-0.221	1.553
2114	-0.460	-0.217	1.560
2115	-0.462	-0.222	1.550
2116	-0.461	-0.218	1.555
2117	-0.460	-0.217	1.552
2118	-0.460	-0.219	1.558
2119	-0.462	-0.220	1.548
2120	-0.461	-0.217	1.550
2121	-0.461	-0.221	1.553
2122	-0.460	-0.221	1.555
2123	-0.461	-0.220	1.550
2124	-0.461	-0.221	1.551
2125	-0.460	-0.216	1.552
2126	-0.460	-0.220	1.548
2127	-0.461	-0.220	1.554
2128	-0.457	-0.217	1.553
2129	-0.460	-0.220	1.557
2130	-0.459	-0.220	1.546
2131	-0.460	-0.216	1.554
2132	-0.458	-0.216	1.550
2133	-0.459	-0.216	1.548
2134	-0.461	-0.218	1.546
2135	-0.459	-0.217	1.553
2136	-0.458	-0.219	1.548
2137	-0.459	-0.218	1.548
2138	-0.459	-0.218	1.551
2139	-0.457	-0.218	1.550
2140	-0.457	-0.217	1.551
2141	-0.460	-0.215	1.548
2142	-0.458	-0.219	1.554
2143	-0.459	-0.218	1.548
2144	-0.460	-0.217	1.553
2145	-0.459	-0.218	1.546
2146	-0.458	-0.218	1.553
2147	-0.459	-0.217	1.545
2148	-0.457	-0.219	1.546
2149	-0.460	-0.216	1.550
2150	-0.457	-0.218	1.548
2151	-0.458	-0.218	1.549
2152	-0.458	-0.215	1.546
2153	-0.459	-0.219	1.551
2154	-0.457	-0.217	1.549
2155	-0.458	-0.217	1.554
2156	-0.457	-0.216	1.545
2157	-0.456	-0.218	1.548
2158	-0.454	-0.217	1.540
2159	-0.458	-0.215	1.550
2160	-0.457	-0.218	1.548
2161	-0.455	-0.214	1.548
2162	-0.456	-0.215	1.548
2163	-0.458	-0.218	1.545
2164	-0.457	-0.216	1.548
2165	-0.455	-0.216	1.546
2166	-0.455	-0.217	1.547
2167	-0.457	-0.218	1.539
2168	-0.456	-0.216	1.548
2169	-0.456	-0.215	1.542
2170	-0.455	-0.218	1.548
2171	-0.458	-0.217	1.544
2172	-0.456	-0.216	1.547
2173	-0.455	-0.216	1.546
2174	-0.455	-0.218	1.546
2175	-0.457	-0.220	1.547
2176	-0.454	-0.216	1.542
2177	-0.455	-0.219	1.544
2178	-0.457	-0.217	1.541
2179	-0.455	-0.217	1.546
2180	-0.456	-0.218	1.541
2181	-0.456	-0.217	1.548
2182	-0.456	-0.217	1.544
2183	-0.455	-0.216	1.547
2184	-0.454	-0.216	1.539
2185	-0.456	-0.218	1.546
2186	-0.456	-0.214	1.548
2187	-0.456	-0.217	1.545
2188	-0.454	-0.215	1.544
2189	-0.457	-0.216	1.542
2190	-0.455	-0.218	1.542
2191	-0.455	-0.215	1.536
2192	-0.456	-0.214	1.543
2193	-0.456	-0.216	1.544
2194	-0.454	-0.215	1.546
2195	-0.454	-0.217	1.539
2196	-0.455	-0.214	1.549
2197	-0.456	-0.218	1.546
2198	-0.454	-0.216	1.538
2199	-0.455	-0.214	1.541
2200	-0.455	-0.217	1.544
2201	-0.455	-0.215	1.540
2202	-0.455	-0.212	1.542
2203	-0.453	-0.214	1.548
2204	-0.456	-0.216	1.540
2205	-0.455	-0.217	1.543
2206	-0.454	-0.212	1.540
2207	-0.455	-0.214	1.540
2208	-0.455	-0.214	1.539
2209	-0.454	-0.214	1.544
2210	-0.453	-0.215	1.541
2211	-0.453	-0.214	1.540
2212	-0.455	-0.214	1.546
2213	-0.455	-0.214	1.541
2214	-0.453	-0.214	1.547
2215	-0.455	-0.215	1.544
2216	-0.454	-0.215	1.548
2217	-0.450	-0.214	1.538
2218	-0.451	-0.216	1.544
2219	-0.452	-0.213	1.538
2220	-0.451	-0.216	1.544
2221	-0.453	-0.214	1.539
2222	-0.451	-0.215	1.542
2223	-0.453	-0.216	1.540
2224	-0.454	-0.216	1.542
2225	-0.452	-0.215	1.547
2226	-0.454	-0.215	1.541
2227	-0.453	-0.215	1.545
2228	-0.450	-0.216	1.540
2229	-0.453	-0.215	1.548
2230	-0.453	-0.212	1.537
2231	-0.453	-0.214	1.539
2232	-0.456	-0.216	1.540
2233	-0.450	-0.213	1.544
2234	-0.456	-0.214	1.542
2235	-0.452	-0.216	1.537
2236	-0.453	-0.216	1.543
2237	-0.452	-0.214	1.540
2238	-0.452	-0.214	1.540
2239	-0.452	-0.212	1.535
2240	-0.451	-0.215	1.547
2241	-0.454	-0.214	1.538
2242	-0.454	-0.213	1.541
2243	-0.453	-0.214	1.537
2244	-0.450	-0.215	1.543
2245	-0.453	-0.214	1.539
2246	-0.453	-0.215	1.538
2247	-0.451	-0.216	1.546
2248	-0.454	-0.215	1.536
2249	-0.453	-0.214	1.533
2250	-0.454	-0.215	1.543
2251	-0.452	-0.215	1.546
2252	-0.451	-0.214	1.534
2253	-0.451	-0.214	1.539
2254	-0.451	-0.212	1.534
2255	-0.450	-0.216	1.543
2256	-0.451	-0.215	1.542
2257	-0.453	-0.213	1.534
2258	-0.451	-0.214	1.540
2259	-0.449	-0.213	1.538
2260	-0.452	-0.214	1.542
2261	-0.454	-0.214	1.532
2262	-0.449	-0.213	1.539
2263	-0.451	-0.213	1.538
2264	-0.452	-0.215	1.545
2265	-0.452	-0.211	1.537
2266	-0.451	-0.214	1.535
2267	-0.453	-0.214	1.538
2268	-0.453	-0.214	1.538
2269	-0.452	-0.212	1.536
2270	-0.450	-0.213	1.534
2271	-0.452	-0.213	1.542
2272	-0.452	-0.213	1.536
2273	-0.451	-0.212	1.538
2274	-0.448	-0.212	1.537
2275	-0.450	-0.214	1.536
2276	-0.450	-0.214	1.535
2277	-0.450	-0.212	1.542
2278	-0.453	-0.215	1.537
2279	-0.451	-0.211	1.533
2280	-0.449	-0.212	1.536
2281	-0.448	-0.213	1.540
2282	-0.450	-0.211	1.532
2283	-0.448	-0.214	1.535
2284	-0.448	-0.212	1.536
2285	-0.450	-0.211	1.532
2286	-0.452	-0.212	1.540
2287	-0.449	-0.210	1.537
2288	-0.449	-0.213	1.539
2289	-0.450	-0.211	1.535
2290	-0.449	-0.214	1.540
2291	-0.450	-0.213	1.535
2292	-0.449	-0.210	1.538
2293	-0.448	-0.214	1.540
2294	-0.450	-0.215	1.533
2295	-0.452	-0.212	1.535
2296	-0.451	-0.212	1.534
2297	-0.451	-0.212	1.540
2298	-0.451	-0.214	1.533
2299	-0.448	-0.211	1.540
2300	-0.446	-0.211	1.537
2301	-0.449	-0.212	1.544
2302	-0.450	-0.214	1.535
2303	-0.448	-0.211	1.534
2304	-0.446	-0.211	1.538
2305	-0.450	-0.214	1.532
2306	-0.450	-0.215	1.533
2307	-0.450	-0.210	1.538
2308	-0.449	-0.210	1.541
2309	-0.451	-0.213	1.532
2310	-0.449	-0.214	1.543
2311	-0.449	-0.210	1.534
2312	-0.450	-0.210	1.534
2313	-0.450	-0.213	1.537
2314	-0.452	-0.212	1.539
2315	-0.449	-0.210	1.538
2316	-0.450	-0.212	1.534
2317	-0.451	-0.211	1.539
2318	-0.449	-0.211	1.532
2319	-0.450	-0.212	1.538
2320	-0.449	-0.215	1.531
2321	-0.449	-0.212	1.540
2322	-0.447	-0.211	1.534
2323	-0.449	-0.211	1.536
2324	-0.448	-0.213	1.533
2325	-0.448	-0.211	1.534
2326	-0.448	-0.210	1.535
2327	-0.448	-0.212	1.538
2328	-0.449	-0.214	1.537
2329	-0.449	-0.210	1.530
2330	-0.449	-0.213	1.536
2331	-0.451	-0.212	1.534
2332	-0.451	-0.210	1.535
2333	-0.449	-0.212	1.529
2334	-0.449	-0.213	1.535
2335	-0.450	-0.210	1.532
2336	-0.448	-0.212	1.535
2337	-0.449	-0.212	1.532
2338	-0.445	-0.209	1.532
2339	-0.450	-0.211	1.539
2340	-0.449	-0.210	1.533
2341	-0.446	-0.212	1.536
2342	-0.449	-0.209	1.532
2343	-0.449	-0.212	1.540
2344	-0.447	-0.212	1.532
2345	-0.446	-0.209	1.542
2346	-0.448	-0.212	1.532
2347	-0.450	-0.213	1.534
2348	-0.448	-0.210	1.532
2349	-0.447	-0.210	1.534
2350	-0.450	-0.212	1.538
2351	-0.451	-0.211	1.532
2352	-0.449	-0.208	1.534
2353	-0.448	-0.213	1.532
2354	-0.448	-0.211	1.535
2355	-0.446	-0.211	1.534
2356	-0.447	-0.210	1.537
2357	-0.450	-0.210	1.529
2358	-0.449	-0.211	1.533
2359	-0.448	-0.211	1.532
2360	-0.447	-0.212	1.533
2361	-0.450	-0.211	1.528
2362	-0.447	-0.210	1.531
2363	-0.449	-0.210	1.537
2364	-0.448	-0.214	1.529
2365	-0.450	-0.210	1.534
2366	-0.447	-0.212	1.532
2367	-0.446	-0.211	1.533
2368	-0.448	-0.212	1.533
2369	-0.449	-0.213	1.528
2370	-0.449	-0.208	1.532
2371	-0.446	-0.212	1.535
2372	-0.450	-0.209	1.532
2373	-0.450	-0.211	1.532
2374	-0.448	-0.211	1.540
2375	-0.448	-0.211	1.526
2376	-0.448	-0.210	1.537
2377	-0.448	-0.213	1.532
2378	-0.445	-0.210	1.536
2379	-0.450	-0.212	1.530
2380	-0.448	-0.212	1.540
2381	-0.446	-0.210	1.531
2382	-0.448	-0.213	1.533
2383	-0.449	-0.211	1.536
2384	-0.448	-0.210	1.532
2385	-0.446	-0.213	1.539
2386	-0.447	-0.212	1.532
2387	-0.448	-0.210	1.534
2388	-0.449	-0.211	1.534
2389	-0.447	-0.212	1.537
2390	-0.450	-0.212	1.529
2391	-0.448	-0.209	1.530
2392	-0.447	-0.211	1.534
2393	-0.447	-0.212	1.536
2394	-0.448	-0.212	1.534
2395	-0.447	-0.212	1.524
2396	-0.445	-0.210	1.534
2397	-0.445	-0.211	1.527
2398	-0.448	-0.212	1.538
2399	-0.447	-0.212	1.525
2400	-0.446	-0.210	1.535
2401	-0.444	-0.211	1.531
2402	-0.448	-0.212	1.529
2403	-0.446	-0.211	1.531
2404	-0.448	-0.209	1.532
2405	-0.446	-0.211	1.535
2406	-0.446	-0.212	1.529
2407	-0.446	-0.215	1.534
2408	-0.444	-0.210	1.532
2409	-0.447	-0.210	1.533
2410	-0.448	-0.212	1.528
2411	-0.446	-0.210	1.532
2412	-0.445	-0.210	1.528
2413	-0.445	-0.212	1.533
2414	-0.448	-0.211	1.528
2415	-0.444	-0.213	1.527
2416	-0.444	-0.209	1.536
2417	-0.446	-0.209	1.526
2418	-0.446	-0.211	1.534
2419	-0.446	-0.212	1.530
2420	-0.446	-0.210	1.530
2421	-0.447	-0.211	1.527
2422	-0.450	-0.211	1.532
2423	-0.444	-0.210	1.531
2424	-0.445	-0.211	1.532
2425	-0.445	-0.212	1.530
2426	-0.447	-0.209	1.532
2427	-0.445	-0.211	1.532
2428	-0.445	-0.209	1.530
2429	-0.445	-0.209	1.536
2430	-0.446	-0.209	1.531
2431	-0.443	-0.210	1.531
2432	-0.447	-0.210	1.529
2433	-0.445	-0.211	1.534
2434	-0.445	-0.209	1.532
2435	-0.446	-0.207	1.531
2436	-0.444	-0.211	1.532
2437	-0.444	-0.211	1.531
2438	-0.444	-0.213	1.530
2439	-0.445	-0.212	1.525
2440	-0.446	-0.212	1.535
2441	-0.443	-0.209	1.528
2442	-0.445	-0.209	1.530
2443	-0.446	-0.210	1.532
2444	-0.447	-0.211	1.531
2445	-0.445	-0.209	1.530
2446	-0.442	-0.209	1.528
2447	-0.445	-0.211	1.532
2448	-0.445	-0.211	1.529
2449	-0.445	-0.211	1.534
2450	-0.443	-0.211	1.534
2451	-0.445	-0.211	1.533
2452	-0.445	-0.211	1.526
2453	-0.443	-0.212	1.534
2454	-0.443	-0.212	1.523
2455	-0.445	-0.211	1.532
2456	-0.445	-0.210	1.526
2457	-0.444	-0.210	1.530
2458	-0.443	-0.210	1.526
2459	-0.444	-0.213	1.526
2460	-0.445	-0.211	1.533
2461	-0.443	-0.209	1.530
2462	-0.444	-0.209	1.531
2463	-0.444	-0.212	1.526
2464	-0.443	-0.211	1.535
2465	-0.444	-0.211	1.527
2466	-0.446	-0.213	1.530
2467	-0.444	-0.209	1.526
2468	-0.444	-0.208	1.529
2469	-0.442	-0.209	1.530
2470	-0.445	-0.211	1.524
2471	-0.444	-0.211	1.531
2472	-0.441	-0.210	1.527
2473	-0.444	-0.208	1.533
2474	-0.445	-0.211	1.525
2475	-0.443	-0.210	1.530
2476	-0.444	-0.211	1.526
2477	-0.442	-0.211	1.530
2478	-0.446	-0.212	1.528
2479	-0.444	-0.210	1.524
2480	-0.443	-0.208	1.529
2481	-0.446	-0.210	1.526
2482	-0.444	-0.210	1.528
2483	-0.443	-0.211	1.526
2484	-0.445	-0.211	1.528
2485	-0.445	-0.210	1.531
2486	-0.441	-0.210	1.530
2487	-0.441	-0.208	1.527
2488	-0.446	-0.208	1.530
2489	-0.444	-0.212	1.532
2490	-0.441	-0.212	1.528
2491	-0.441	-0.210	1.527
2492	-0.443	-0.211	1.524
2493	-0.444	-0.209	1.532
2494	-0.442	-0.209	1.526
2495	-0.443	-0.208	1.532
2496	-0.444	-0.209	1.520
2497	-0.444	-0.211	1.529
2498	-0.443	-0.210	1.526
2499	-0.445	-0.210	1.530
2500	-0.443	-0.210	1.528
2501	-0.442	-0.208	1.524
2502	-0.442	-0.208	1.532
2503	-0.443	-0.209	1.525
2504	-0.444	-0.210	1.526
2505	-0.442	-0.208	1.524
2506	-0.439	-0.210	1.531
2507	-0.442	-0.208	1.529
2508	-0.442	-0.208	1.522
2509	-0.442	-0.207	1.525
2510	-0.441	-0.209	1.524
2511	-0.442	-0.207	1.531
2512	-0.443	-0.209	1.517
2513	-0.442	-0.207	1.526
2514	-0.442	-0.209	1.524
2515	-0.441	-0.207	1.529
2516	-0.440	-0.209	1.522
2517	-0.441	-0.208	1.525
2518	-0.441	-0.209	1.522
2519	-0.442	-0.208	1.524
2520	-0.442	-0.210	1.527
2521	-0.288	-0.144	1.185
2522	-0.088	-0.056	0.866
2523	-0.016	-0.007	0.763
2524	-0.016	-0.005	0.780
2525	-0.015	-0.006	0.778
2526	-0.015	-0.002	0.782
2527	-0.015	-0.001	0.783
2528	-0.015	-0.001	0.779
2529	-0.016	-0.001	0.777
2530	-0.016	-0.006	0.766
2531	-0.015	-0.004	0.775
2532	-0.016	-0.004	0.778
2533	-0.018	-0.005	0.776
2534	-0.018	-0.007	0.771
2535	-0.018	-0.004	0.788
2536	-0.015	-0.005	0.784
2537	-0.019	-0.002	0.782
2538	-0.017	-0.005	0.777
2539	-0.017	-0.003	0.782
2540	-0.018	-0.003	0.788
2541	-0.016	-0.005	0.782
2542	-0.016	-0.004	0.778
2543	-0.015	-0.004	0.773
2544	-0.015	-0.003	0.786
2545	-0.017	-0.006	0.778
2546	-0.018	-0.005	0.780
2547	-0.017	-0.004	0.776
2548	-0.018	-0.007	0.778
2549	-0.018	-0.007	0.780
2550	-0.018	-0.003	0.780
2551	-0.016	-0.001	0.781
2552	-0.018	-0.005	0.776
2553	-0.017	-0.005	0.782
2554	-0.015	-0.004	0.776
2555	-0.015	-0.005	0.784
2556	-0.018	-0.003	0.777
2557	-0.019	-0.005	0.779
2558	-0.017	-0.003	0.776
2559	-0.016	-0.001	0.778
2560	-0.017	-0.003	0.778
2561	-0.016	-0.001	0.776
2562	-0.017	-0.001	0.783
2563	-0.018	-0.004	0.777
2564	-0.016	-0.005	0.783
2565	-0.016	-0.006	0.775
2566	-0.016	-0.005	0.779
2567	-0.019	-0.004	0.776
2568	-0.015	-0.002	0.779
2569	-0.015	-0.006	0.779
2570	-0.017	-0.003	0.776
2571	-0.019	-0.006	0.780
2572	-0.016	-0.006	0.778
2573	-0.016	-0.006	0.779
2574	-0.018	-0.009	0.777
2575	-0.017	-0.009	0.784
2576	-0.016	-0.004	0.776
2577	-0.017	-0.004	0.780
2578	-0.020	-0.003	0.779
2579	-0.015	-0.003	0.780
2580	-0.014	-0.003	0.781
2581	-0.015	-0.003	0.777
2582	-0.018	-0.005	0.781
2583	-0.018	-0.004	0.775
2584	-0.014	-0.003	0.780
2585	-0.017	-0.005	0.776
2586	-0.017	-0.005	0.781
2587	-0.016	-0.006	0.781
2588	-0.015	-0.005	0.779
2589	-0.014	-0.006	0.780
2590	-0.015	-0.004	0.774
2591	-0.013	-0.002	0.781
2592	-0.013	-0.003	0.775
2593	-0.016	-0.002	0.780
2594	-0.015	-0.004	0.778
2595	-0.015	-0.002	0.780
2596	-0.017	-0.003	0.776
2597	-0.015	-0.002	0.782
2598	-0.015	-0.003	0.782
2599	-0.013	-0.002	0.779
2600	-0.013	-0.004	0.781
2601	-0.014	-0.005	0.776
2602	-0.014	-0.005	0.784
2603	-0.015	-0.004	0.777
2604	-0.014	-0.004	0.780
2605	-0.015	-0.005	0.778
2606	-0.012	-0.004	0.782
2607	-0.013	-0.004	0.781
2608	-0.016	-0.001	0.780
2609	-0.013	-0.002	0.781
2610	-0.012	-0.002	0.778
2611	-0.014	-0.004	0.783
2612	-0.013	-0.002	0.780
2613	-0.014	-0.004	0.784
2614	-0.013	-0.006	0.774
2615	-0.014	-0.004	0.784
2616	-0.015	-0.004	0.777
2617	-0.014	-0.006	0.777
2618	-0.013	-0.005	0.779
2619	-0.016	-0.003	0.777
2620	-0.013	-0.001	0.780
2621	-0.015	-0.003	0.777
2622	-0.016	-0.003	0.782
2623	-0.018	-0.007	0.774
2624	-0.015	-0.003	0.784
2625	-0.017	-0.004	0.777
2626	-0.015	-0.005	0.779
2627	-0.017	-0.003	0.779
2628	-0.018	-0.002	0.779
2629	-0.015	0.001	0.780
2630	-0.017	-0.003	0.780
2631	-0.017	-0.007	0.782
2632	-0.017	-0.004	0.779
2633	-0.017	-0.004	0.783
2634	-0.015	-0.003	0.776
2635	-0.017	-0.001	0.782
2636	-0.015	-0.002	0.780
2637	-0.016	-0.003	0.779
2638	-0.018	-0.005	0.780
2639	-0.017	-0.005	0.778
2640	-0.017	-0.005	0.782
2641	-0.016	-0.005	0.778
2642	-0.017	-0.004	0.781
2643	-0.014	-0.003	0.777
2644	-0.013	-0.002	0.781
2645	-0.014	-0.005	0.778
2646	-0.015	-0.005	0.783
2647	-0.013	-0.002	0.779
2648	-0.014	-0.002	0.776
2649	-0.016	-0.002	0.780
2650	-0.012	-0.003	0.776
2651	-0.015	-0.001	0.780
2652	-0.014	-0.004	0.778
2653	-0.015	-0.005	0.779
2654	-0.013	-0.005	0.776
2655	-0.011	-0.002	0.780
2656	-0.014	-0.002	0.777
2657	-0.014	-0.001	0.776
2658	-0.014	-0.001	0.781
2659	-0.010	-0.004	0.777
2660	-0.013	-0.007	0.783
2661	-0.011	-0.010	0.778
2662	-0.010	-0.005	0.782
2663	-0.010	-0.002	0.776
2664	-0.012	-0.004	0.781
2665	-0.010	0.002	0.778
2666	-0.009	-0.001	0.779
2667	-0.010	-0.004	0.778
2668	-0.010	-0.006	0.777
2669	-0.009	-0.006	0.781
2670	-0.010	-0.005	0.778
2671	-0.010	-0.003	0.782
2672	-0.009	-0.002	0.777
2673	-0.009	-0.002	0.783
2674	-0.010	-0.003	0.778
2675	-0.010	-0.004	0.780
2676	-0.010	-0.006	0.779
2677	-0.009	-0.003	0.776
2678	-0.011	-0.006	0.780
2679	-0.012	-0.006	0.775
2680	-0.011	-0.006	0.779
2681	-0.009	-0.002	0.776
2682	-0.012	-0.004	0.781
2683	-0.011	-0.004	0.776
2684	-0.011	-0.004	0.783
2685	-0.011	-0.001	0.780
2686	-0.011	-0.004	0.778
2687	-0.011	-0.005	0.776
2688	-0.011	-0.002	0.778
2689	-0.010	-0.006	0.781
2690	-0.011	-0.002	0.777
2691	-0.010	-0.004	0.782
2692	-0.011	-0.003	0.778
2693	-0.011	-0.002	0.783
2694	-0.013	-0.003	0.778
2695	-0.010	-0.003	0.779
2696	-0.010	-0.007	0.782
2697	-0.012	-0.005	0.778
2698	-0.013	-0.005	0.781
2699	-0.011	-0.001	0.776
2700	-0.011	0.004	0.780
2701	-0.012	0.000	0.775
2702	-0.013	-0.005	0.779
2703	-0.012	-0.004	0.777
2704	-0.012	-0.003	0.780
2705	-0.013	-0.004	0.776
2706	-0.013	-0.002	0.778
2707	-0.014	0.002	0.784
2708	-0.013	-0.003	0.778
2709	-0.015	-0.005	0.784
2710	-0.013	-0.004	0.779
2711	-0.015	-0.002	0.783
2712	-0.015	-0.002	0.776
2713	-0.013	-0.002	0.780
2714	-0.013	-0.002	0.778
2715	-0.012	-0.004	0.780
2716	-0.015	-0.003	0.779
2717	-0.015	-0.005	0.778
2718	-0.012	-0.003	0.783
2719	-0.013	0.001	0.776
2720	-0.012	-0.002	0.783
2721	-0.014	-0.001	0.777
2722	-0.012	-0.002	0.779
2723	-0.015	-0.004	0.777
2724	-0.015	-0.005	0.776
2725	-0.012	-0.002	0.779
2726	-0.013	0.001	0.778
2727	-0.014	-0.002	0.778
2728	-0.013	-0.003	0.774
2729	-0.012	-0.001	0.783
2730	-0.012	-0.004	0.775
2731	-0.012	-0.002	0.780
2732	-0.010	-0.003	0.775
2733	-0.010	-0.002	0.779
2734	-0.013	-0.002	0.776
2735	-0.009	-0.003	0.774
2736	-0.011	-0.002	0.780
2737	-0.007	-0.004	0.774
2738	-0.012	-0.003	0.780
2739	-0.011	-0.001	0.777
2740	-0.009	-0.003	0.779
2741	-0.009	-0.002	0.776
2742	-0.011	-0.003	0.778
2743	-0.011	-0.002	0.779
2744	-0.010	-0.003	0.778
2745	-0.009	-0.002	0.783
2746	-0.011	-0.003	0.775
2747	-0.010	-0.005	0.779
2748	-0.009	0.000	0.775
2749	-0.009	-0.004	0.779
2750	-0.011	-0.005	0.778
2751	-0.009	-0.005	0.780
2752	-0.007	-0.002	0.779
2753	-0.009	-0.004	0.780
2754	-0.009	-0.003	0.782
2755	-0.009	-0.003	0.777
2756	-0.009	-0.002	0.781
2757	-0.009	-0.002	0.776
2758	-0.009	-0.002	0.780
2759	-0.008	-0.002	0.775
2760	-0.010	-0.005	0.781
2761	-0.007	-0.004	0.777
2762	-0.009	-0.005	0.778
2763	-0.007	-0.002	0.780
2764	-0.007	-0.001	0.777
2765	-0.009	-0.005	0.784
2766	-0.007	-0.004	0.777
2767	-0.007	-0.001	0.781
2768	-0.006	-0.004	0.774
2769	-0.009	-0.004	0.780
2770	-0.006	-0.002	0.776
2771	-0.009	-0.004	0.781
2772	-0.008	-0.004	0.783
2773	-0.007	-0.004	0.779
2774	-0.005	-0.003	0.785
2775	-0.006	-0.002	0.775
2776	-0.007	-0.003	0.778
2777	-0.007	-0.003	0.776
2778	-0.006	-0.002	0.781
2779	-0.007	-0.001	0.778
2780	-0.007	-0.004	0.777
2781	-0.009	-0.003	0.779
2782	-0.009	-0.003	0.774
2783	-0.008	-0.002	0.782
2784	-0.007	-0.003	0.776
2785	-0.009	-0.002	0.781
2786	-0.008	0.000	0.778
2787	-0.009	-0.004	0.782
2788	-0.007	-0.002	0.781
2789	-0.006	-0.002	0.776
2790	-0.009	-0.005	0.780
2791	-0.008	-0.003	0.778
2792	-0.007	-0.001	0.783
2793	-0.008	0.001	0.778
2794	-0.011	-0.001	0.782
2795	-0.010	-0.003	0.776
2796	-0.010	-0.002	0.779
2797	-0.009	-0.002	0.779
2798	-0.011	-0.003	0.781
2799	-0.010	-0.003	0.785
2800	-0.011	-0.002	0.776
2801	-0.011	-0.005	0.782
2802	-0.011	-0.003	0.777
2803	-0.011	-0.003	0.783
2804	-0.009	-0.001	0.776
2805	-0.011	-0.004	0.779
2806	-0.012	-0.003	0.780
2807	-0.011	-0.003	0.777
2808	-0.010	-0.001	0.778
2809	-0.011	-0.003	0.775
2810	-0.011	-0.001	0.784
2811	-0.011	-0.002	0.779
2812	-0.012	-0.004	0.783
2813	-0.010	0.001	0.779
2814	-0.011	-0.002	0.780
2815	-0.010	-0.003	0.779
2816	-0.012	-0.003	0.780
2817	-0.013	-0.002	0.779
2818	-0.011	-0.003	0.776
2819	-0.010	-0.001	0.782
2820	-0.011	-0.004	0.776
2821	-0.011	-0.003	0.782
2822	-0.009	-0.002	0.778
2823	-0.009	-0.002	0.776
2824	-0.011	-0.002	0.778
2825	-0.011	-0.001	0.780
2826	-0.010	-0.001	0.779
2827	-0.012	-0.002	0.778
2828	-0.012	-0.002	0.780
2829	-0.009	-0.006	0.777
2830	-0.011	-0.004	0.784
2831	-0.011	-0.001	0.780
2832	-0.008	0.000	0.780
2833	-0.009	0.001	0.779
2834	-0.008	-0.001	0.779
2835	-0.007	-0.003	0.780
2836	-0.011	-0.003	0.776
2837	-0.009	-0.004	0.778
2838	-0.006	-0.002	0.775
2839	-0.008	0.001	0.783
2840	-0.010	-0.002	0.773
2841	-0.008	-0.001	0.780
2842	-0.007	-0.003	0.779
2843	-0.009	-0.004	0.779
2844	-0.007	-0.003	0.780
2845	-0.007	-0.002	0.775
2846	-0.007	-0.003	0.780
2847	-0.011	-0.003	0.776
2848	-0.008	0.000	0.779
2849	-0.009	-0.002	0.777
2850	-0.010	0.000	0.780
2851	-0.010	-0.002	0.777
2852	-0.009	-0.001	0.779
2853	-0.007	-0.003	0.783
2854	-0.010	-0.005	0.779
2855	-0.009	-0.002	0.783
2856	-0.010	0.001	0.776
2857	-0.009	0.002	0.783
2858	-0.009	-0.003	0.776
2859	-0.008	-0.001	0.779
2860	-0.008	-0.001	0.779
2861	-0.009	-0.003	0.779
2862	-0.008	-0.005	0.780
2863	-0.010	0.000	0.776
2864	-0.009	0.001	0.783
2865	-0.010	-0.002	0.775
2866	-0.009	-0.002	0.784
2867	-0.005	-0.002	0.778
2868	-0.009	-0.002	0.778
2869	-0.008	-0.004	0.777
2870	-0.009	-0.002	0.780
2871	-0.010	-0.003	0.779
2872	-0.010	-0.002	0.776
2873	-0.010	0.000	0.780
2874	-0.010	0.001	0.776
2875	-0.011	-0.001	0.780
2876	-0.011	-0.002	0.775
2877	-0.011	-0.001	0.780
2878	-0.009	-0.002	0.778
2879	-0.010	-0.003	0.779
2880	-0.010	-0.003	0.780
2881	-0.009	0.000	0.778
2882	-0.009	0.003	0.783
2883	-0.008	0.000	0.778
2884	-0.009	-0.003	0.780
2885	-0.010	-0.002	0.778
2886	-0.009	-0.003	0.781
2887	-0.009	-0.004	0.781
2888	-0.009	0.000	0.779
2889	-0.007	0.001	0.782
2890	-0.008	-0.001	0.779
2891	-0.010	-0.003	0.782
2892	-0.011	-0.003	0.776
2893	-0.007	-0.003	0.784
2894	-0.010	-0.003	0.779
2895	-0.009	-0.004	0.782
2896	-0.009	-0.003	0.777
2897	-0.007	0.002	0.781
2898	-0.006	-0.001	0.782
2899	-0.009	-0.001	0.776
2900	-0.007	-0.002	0.784
2901	-0.007	-0.003	0.777
2902	-0.007	-0.004	0.780
2903	-0.009	-0.004	0.780
2904	-0.005	-0.001	0.779
2905	-0.005	0.000	0.777
2906	-0.009	-0.002	0.779
2907	-0.007	-0.005	0.780
2908	-0.005	-0.003	0.774
2909	-0.004	-0.002	0.781
2910	-0.006	-0.003	0.778
2911	-0.003	-0.002	0.781
2912	-0.004	-0.003	0.776
2913	-0.004	-0.003	0.779
2914	-0.005	-0.004	0.779
2915	-0.004	-0.004	0.778
2916	-0.003	-0.003	0.782
2917	-0.007	-0.002	0.778
2918	-0.005	-0.004	0.783
2919	-0.003	-0.001	0.777
2920	-0.002	-0.003	0.780
2921	-0.001	-0.001	0.776
2922	-0.005	-0.002	0.780
2923	-0.003	-0.002	0.778
2924	-0.004	-0.006	0.778
2925	-0.003	-0.005	0.781
2926	-0.005	-0.003	0.777
2927	-0.002	-0.001	0.782
2928	0.000	-0.002	0.778
2929	-0.005	-0.003	0.782
2930	-0.004	-0.003	0.778
2931	-0.004	-0.003	0.777
2932	-0.006	-0.004	0.779
2933	-0.005	-0.006	0.776
2934	-0.005	-0.002	0.786
2935	-0.005	-0.004	0.774
2936	-0.006	-0.003	0.782
2937	-0.007	-0.003	0.778
2938	-0.006	-0.002	0.785
2939	-0.006	-0.002	0.780
2940	-0.009	-0.003	0.780
2941	-0.008	-0.005	0.781
2942	-0.006	0.001	0.777
2943	-0.010	-0.001	0.778
2944	-0.009	-0.004	0.776
2945	-0.006	-0.003	0.784
2946	-0.008	-0.002	0.778
2947	-0.009	-0.005	0.782
2948	-0.011	-0.002	0.778
2949	-0.009	-0.002	0.781
2950	-0.009	0.001	0.779
2951	-0.009	0.001	0.777
2952	-0.012	-0.002	0.780
2953	-0.009	-0.005	0.775
2954	-0.009	-0.004	0.780
2955	-0.009	-0.005	0.778
2956	-0.007	-0.002	0.778
2957	-0.009	-0.001	0.779
2958	-0.009	-0.001	0.780
2959	-0.007	-0.001	0.779
2960	-0.007	-0.003	0.778
2961	-0.008	0.000	0.783
2962	-0.011	-0.006	0.774
2963	-0.008	-0.005	0.780
2964	-0.007	-0.005	0.777
2965	-0.005	-0.003	0.777
2966	-0.006	-0.002	0.780
2967	-0.006	0.003	0.781
2968	-0.006	0.002	0.780
2969	-0.005	0.000	0.778
2970	-0.005	-0.003	0.787
2971	-0.004	-0.006	0.778
2972	-0.004	-0.005	0.784
2973	-0.007	-0.005	0.779
2974	-0.005	-0.005	0.781
2975	-0.005	0.002	0.781
2976	-0.002	0.003	0.776
2977	-0.005	0.000	0.780
2978	-0.006	-0.003	0.775
2979	-0.003	-0.007	0.782
2980	-0.005	-0.009	0.777
2981	-0.005	-0.009	0.782
2982	-0.005	-0.001	0.776
2983	-0.002	0.002	0.779
2984	-0.005	-0.001	0.780
2985	-0.004	-0.004	0.778
2986	-0.005	-0.005	0.784
2987	-0.005	-0.006	0.775
2988	-0.005	-0.004	0.781
2989	-0.008	-0.004	0.776
2990	-0.006	-0.003	0.779
2991	-0.005	-0.001	0.779
2992	-0.008	-0.003	0.778
2993	-0.006	-0.007	0.779
2994	-0.005	-0.002	0.778
2995	-0.008	-0.002	0.785
2996	-0.007	-0.001	0.776
2997	-0.007	-0.002	0.778
2998	-0.007	0.000	0.774
2999	-0.007	-0.001	0.779
3000	-0.007	-0.003	0.778
3001	-0.010	-0.002	0.779
3002	-0.007	-0.003	0.780
3003	-0.009	-0.001	0.776
3004	-0.009	0.000	0.782
3005	-0.009	0.002	0.776
3006	-0.009	-0.002	0.784
3007	-0.007	-0.005	0.778
3008	-0.010	-0.005	0.780
3009	-0.010	-0.003	0.780
3010	-0.009	-0.006	0.779
3011	-0.008	-0.004	0.782
3012	-0.009	0.000	0.776
