0	-0.011631	-0.017369	-0.088369	0.032460
1	-0.012161	-0.016021	-0.088749	0.031840
2	-0.012690	-0.017583	-0.089129	0.029856
3	-0.013220	-0.022598	-0.089508	0.045508
4	-0.013750	-0.017795	-0.089888	0.031979
5	-0.014280	-0.011356	-0.090268	0.027813
6	-0.014809	-0.019646	-0.090648	0.027739
7	-0.015339	-0.017297	-0.091027	0.031027
8	-0.015869	-0.010131	-0.091407	0.029316
9	-0.016399	-0.025783	-0.091787	0.034605
10	-0.016928	-0.014527	-0.092167	0.024894
11	-0.017458	-0.014451	-0.092547	0.033911
12	-0.017988	-0.010376	-0.092926	0.040744
13	-0.018518	-0.014664	-0.093306	0.050579
14	-0.019047	-0.020044	-0.093686	0.069322
15	-0.019577	-0.011605	-0.094066	0.078248
16	-0.020107	-0.021620	-0.094446	0.076628
17	-0.020637	-0.010908	-0.094825	0.089189
18	-0.021166	-0.007834	-0.095205	0.088114
19	-0.021696	-0.018486	-0.095585	0.099403
20	-0.022226	-0.005410	-0.095965	0.085147
21	-0.022756	-0.021971	-0.096344	0.107071
22	-0.023286	-0.012350	-0.096724	0.102724
23	-0.023815	-0.028821	-0.097104	0.101831
24	-0.024345	-0.020110	-0.097484	0.100393
25	-0.024875	-0.024761	-0.097864	0.056409
26	-0.025405	-0.039868	-0.098243	0.056334
27	-0.025934	-0.048430	-0.098623	0.051078
28	-0.026464	-0.056991	-0.099003	0.025276
29	-0.026994	-0.077551	-0.099383	0.024201
30	-0.027524	-0.090567	-0.099763	0.016127
31	-0.028053	-0.079765	-0.100142	0.035597
32	-0.028583	-0.061872	-0.100522	0.030795
33	-0.029113	-0.076796	-0.100902	0.028811
34	-0.029643	-0.063721	-0.101282	0.026373
35	-0.030172	-0.060464	-0.101661	0.018843
36	-0.030702	-0.063480	-0.102041	0.037859
37	-0.031232	-0.050859	-0.102421	0.022694
38	-0.031762	-0.026329	-0.102801	0.035346
39	-0.032291	-0.013709	-0.103181	0.065090
40	-0.032821	-0.007452	-0.103560	0.067651
41	-0.033351	0.012715	-0.103940	0.076940
42	-0.033881	0.000790	-0.104320	0.050229
43	-0.034410	-0.025772	-0.104700	0.056064
44	-0.034940	-0.014515	-0.105079	0.061897
45	-0.035470	-0.020985	-0.105459	0.076459
46	-0.036000	-0.027182	-0.105839	0.076384
47	-0.036529	-0.025926	-0.106219	0.049401
48	-0.037059	-0.038941	-0.106599	0.063417
49	-0.037589	-0.046320	-0.106978	0.060069
50	-0.038119	-0.046608	-0.107358	0.059085
51	-0.038648	-0.036807	-0.107738	0.045829
52	-0.039178	-0.046549	-0.108118	0.026209
53	-0.039708	-0.053019	-0.108498	0.064225
54	-0.040238	-0.014035	-0.108877	0.047241
55	-0.040767	-0.026597	-0.109257	0.027257
56	-0.041297	-0.027612	-0.109637	0.020364
57	-0.041827	-0.028355	-0.110017	0.016290
58	-0.042357	-0.038734	-0.110396	0.041123
59	-0.042886	-0.053023	-0.110776	0.032049
60	-0.043416	-0.053675	-0.111156	0.036338
61	-0.043946	-0.063599	-0.111536	0.008172
62	-0.044476	-0.082706	-0.111916	0.002916
63	-0.045006	-0.068721	-0.112295	0.026659
64	-0.045535	-0.066010	-0.112675	0.002766
65	-0.046065	-0.106571	-0.113055	0.019600
66	-0.046595	-0.112769	-0.113435	0.018617
67	-0.047125	-0.106239	-0.113814	0.007632
68	-0.047654	-0.112710	-0.114194	0.001739
69	-0.048184	-0.108089	-0.114574	-0.015517
70	-0.048714	-0.079559	-0.114954	-0.014773
71	-0.049244	-0.070029	-0.115334	-0.008121
72	-0.049773	-0.072772	-0.115713	0.014258
73	-0.050303	-0.042879	-0.116093	0.026093
74	-0.050833	-0.061076	-0.116473	0.014018
75	-0.051363	-0.067546	-0.116853	0.043398
76	-0.051892	-0.022835	-0.117233	0.010688
77	-0.052422	-0.014851	-0.117612	0.000521
78	-0.052952	-0.017957	-0.117992	-0.000008
79	-0.053482	-0.009973	-0.118372	-0.003173
80	-0.054011	-0.000444	-0.118752	0.023207
81	-0.054541	-0.008732	-0.119131	0.012949
82	-0.055071	-0.021111	-0.119511	0.003420
83	-0.055601	-0.016581	-0.119891	-0.022927
84	-0.056130	-0.032052	-0.120271	-0.014911
85	-0.056660	-0.014704	-0.120651	-0.006167
86	-0.057190	-0.015992	-0.121030	-0.052243
87	-0.057720	-0.051916	-0.121410	-0.027408
88	-0.058249	-0.057842	-0.121790	-0.017210
89	-0.058779	-0.062585	-0.122170	-0.027012
90	-0.059309	-0.061146	-0.122549	-0.028360
91	-0.059839	-0.082525	-0.122929	-0.051071
92	-0.060368	-0.070996	-0.123309	-0.027236
93	-0.060898	-0.057375	-0.123689	-0.036947
94	-0.061428	-0.053572	-0.124069	-0.023295
95	-0.061958	-0.037860	-0.124448	-0.021916
96	-0.062487	-0.029695	-0.124828	-0.032445
97	-0.063017	-0.031438	-0.125208	0.008844
98	-0.063547	-0.026998	-0.125588	-0.003048
99	-0.064077	-0.005741	-0.125968	0.001786
100	-0.064606	0.012879	-0.126347	0.002802
101	-0.065136	0.017591	-0.126727	0.010636
102	-0.065666	0.047575	-0.127107	0.038471
103	-0.066196	0.014923	-0.127487	0.033123
104	-0.066725	-0.006730	-0.127866	0.047230
105	-0.067255	0.008437	-0.128246	0.035973
106	-0.067785	-0.002851	-0.128626	0.021171
107	-0.068315	-0.023594	-0.129006	0.025733
108	-0.068845	-0.021882	-0.129386	-0.005705
109	-0.069374	-0.010171	-0.129765	-0.027508
110	-0.069904	-0.015278	-0.130145	-0.003310
111	-0.070434	-0.030748	-0.130525	0.007980
112	-0.070964	-0.027945	-0.130905	0.012541
113	-0.071493	-0.029143	-0.131284	-0.013534
114	-0.072023	0.000296	-0.131664	-0.023609
115	-0.072553	0.045098	-0.132044	-0.025138
116	-0.073083	0.029356	-0.132424	-0.013758
117	-0.073612	0.033612	-0.132804	0.000531
118	-0.074142	0.043960	-0.133183	-0.006362
119	-0.074672	0.048036	-0.133563	0.021654
120	-0.075202	0.045202	-0.133943	0.031761
121	-0.075731	0.037640	-0.134323	0.020505
122	-0.076261	0.061443	-0.134703	0.017339
123	-0.076791	0.057609	-0.135082	0.015082
124	-0.077321	0.071321	-0.135462	0.033826
125	-0.077850	0.052032	-0.135842	0.039569
126	-0.078380	0.015925	-0.136222	0.027677
127	-0.078910	0.029274	-0.136601	0.035146
128	-0.079440	0.034258	-0.136981	0.011072
129	-0.079969	0.028969	-0.137361	0.004906
130	-0.080499	0.044499	-0.137741	-0.017168
131	-0.081029	0.058302	-0.138121	-0.025879
132	-0.081559	0.088741	-0.138500	-0.026682
133	-0.082088	0.067815	-0.138880	-0.042484
134	-0.082618	0.072254	-0.139260	-0.022013
135	-0.083148	0.060330	-0.139640	-0.031633
136	-0.083678	0.065405	-0.140019	-0.012345
137	-0.084207	0.096025	-0.140399	-0.010510
138	-0.084737	0.081192	-0.140779	-0.016766
139	-0.085267	0.081085	-0.141159	0.016159
140	-0.085797	0.083797	-0.141539	0.019539
141	-0.086326	0.081326	-0.141918	0.026100
142	-0.086856	0.052583	-0.142298	0.034389
143	-0.087386	0.023750	-0.142678	0.031223
144	-0.087916	0.034280	-0.143058	0.029513
145	-0.088445	0.022990	-0.143438	-0.006380
146	-0.088975	0.025520	-0.143817	-0.018456
147	-0.089505	0.040960	-0.144197	-0.044076
148	-0.090035	0.004217	-0.144577	-0.045878
149	-0.090564	0.022200	-0.144957	-0.044225
150	-0.091094	0.010821	-0.145336	-0.077846
151	-0.091624	0.017079	-0.145716	-0.082375
152	-0.092154	0.035972	-0.146096	-0.093086
153	-0.092684	0.049411	-0.146476	-0.076706
154	-0.093213	0.084122	-0.146856	-0.075689
155	-0.093743	0.074470	-0.147235	-0.063129
156	-0.094273	0.097091	-0.147615	-0.040294
157	-0.094803	0.097258	-0.147995	-0.029641
158	-0.095332	0.068968	-0.148375	-0.007170
159	-0.095862	0.071317	-0.148754	-0.030519
160	-0.096392	0.070301	-0.149134	-0.020230
161	-0.096922	0.083377	-0.149514	-0.014486
162	-0.097451	0.076451	-0.149894	-0.008470
163	-0.097981	0.062526	-0.150274	0.007183
164	-0.098511	0.056329	-0.150653	-0.013165
165	-0.099041	0.014041	-0.151033	-0.011694
166	-0.099570	0.013479	-0.151413	-0.009678
167	-0.100100	-0.033445	-0.151793	-0.140934
168	-0.100630	-0.037734	-0.152173	-0.255827
169	-0.101160	0.005433	-0.152552	-0.326448
170	-0.101689	0.019871	-0.152932	-0.431795
171	-0.102219	0.154219	-0.153312	-0.381052
172	-0.102749	0.201113	-0.153692	-0.512126
173	-0.103279	0.332824	-0.154071	-0.347838
174	-0.103808	0.333444	-0.154451	-0.446822
175	-0.104338	0.382338	-0.154831	-0.392533
176	-0.104868	0.680323	-0.155211	-0.283789
177	-0.105398	0.805398	-0.155591	-0.210591
178	-0.105927	0.914563	-0.155970	-0.134303
179	-0.106457	0.965912	-0.156350	0.011168
180	-0.106987	1.068442	-0.156730	0.252821
181	-0.107517	1.098699	-0.157110	0.339110
182	-0.108046	1.096591	-0.157489	0.256398
183	-0.108576	1.203031	-0.157869	0.361142
184	-0.109106	1.170197	-0.158249	0.114522
185	-0.109636	1.282727	-0.158629	0.036356
186	-0.110165	1.405074	-0.159009	0.190918
187	-0.110695	1.256059	-0.159388	-0.037885
188	-0.111225	1.211043	-0.159768	-0.125323
189	-0.111755	1.250028	-0.160148	-0.142670
190	-0.112284	1.245102	-0.160528	-0.217017
191	-0.112814	1.259996	-0.160908	-0.426819
192	-0.113344	1.349980	-0.161287	-0.428349
193	-0.113874	1.298874	-0.161667	-0.523060
194	-0.114404	1.199949	-0.162047	-0.527589
195	-0.114933	1.200842	-0.162427	-0.696482
196	-0.115463	1.197463	-0.162806	-0.679830
197	-0.115993	1.093902	-0.163186	-1.141541
198	-0.116523	1.098432	-0.163566	-1.043525
199	-0.117052	1.139870	-0.163946	-0.806418
200	-0.117582	1.105218	-0.164326	-0.710583
201	-0.118112	1.100476	-0.164705	-0.689022
202	-0.118642	1.046551	-0.165085	-0.524097
203	-0.119171	1.002898	-0.165465	-0.535990
204	-0.119701	0.971156	-0.165845	-0.338155
205	-0.120231	1.041049	-0.166225	-0.378230
206	-0.120761	1.125216	-0.166604	0.017513
207	-0.121290	1.169745	-0.166984	0.089075
208	-0.121820	1.278093	-0.167364	0.198000
209	-0.122350	1.228259	-0.167744	0.217562
210	-0.122880	1.148880	-0.168123	-0.120150
211	-0.123409	1.185409	-0.168503	-0.037679
212	-0.123939	1.262666	-0.168883	-0.085299
213	-0.124469	1.340651	-0.169263	-0.326101
214	-0.124999	1.374181	-0.169643	-0.280084
215	-0.125528	1.420892	-0.170022	-0.510978
216	-0.126058	1.415876	-0.170402	-0.307780
217	-0.126588	1.375133	-0.170782	-0.419763
218	-0.127118	1.369027	-0.171162	-0.358202
219	-0.127647	1.325738	-0.171541	-0.469095
220	-0.128177	1.306450	-0.171921	-0.556624
221	-0.128707	1.413616	-0.172301	-0.447881
222	-0.129237	1.440055	-0.172681	-0.369955
223	-0.129766	1.393493	-0.173061	-0.502666
224	-0.130296	1.375023	-0.173440	-0.751924
225	-0.130826	1.275826	-0.173820	-0.662453
226	-0.131356	1.302265	-0.174200	-0.578073
227	-0.131885	1.292794	-0.174580	-0.682875
228	-0.132415	1.243779	-0.174960	-0.803040
229	-0.132945	1.271036	-0.175339	-0.772570
230	-0.133475	1.233293	-0.175719	-0.612917
231	-0.134004	1.308640	-0.176099	-0.643719
232	-0.134534	1.304261	-0.176479	-0.765521
233	-0.135064	1.253064	-0.176858	-0.922597
234	-0.135594	1.310139	-0.177238	-0.762126
235	-0.136123	1.248668	-0.177618	-0.479746
236	-0.136653	1.254289	-0.177998	-0.554820
237	-0.137183	1.261547	-0.178378	-0.281804
238	-0.137713	1.249440	-0.178757	-0.363152
239	-0.138243	1.351243	-0.179137	-0.100045
240	-0.138772	1.223227	-0.179517	-0.256665
241	-0.139302	1.207575	-0.179897	-0.277194
242	-0.139832	1.176014	-0.180276	-0.168269
243	-0.140362	1.180089	-0.180656	0.038020
244	-0.140891	1.199527	-0.181036	0.125672
245	-0.141421	1.137421	-0.181416	0.081689
246	-0.141951	1.126042	-0.181796	-0.023931
247	-0.142481	1.208754	-0.182175	0.060630
248	-0.143010	1.197828	-0.182555	-0.235990
249	-0.143540	1.137358	-0.182935	-0.167792
250	-0.144070	1.049979	-0.183315	-0.206867
251	-0.144600	1.113873	-0.183695	-0.132578
252	-0.145129	1.159674	-0.184074	0.037165
253	-0.145659	1.145023	-0.184454	-0.051637
254	-0.146189	1.148644	-0.184834	0.053016
255	-0.146719	1.147174	-0.185214	0.016759
256	-0.147248	1.190521	-0.185593	-0.004771
257	-0.147778	1.183687	-0.185973	0.212428
258	-0.148308	1.099217	-0.186353	-0.038283
259	-0.148838	1.089202	-0.186733	-0.061903
260	-0.149367	1.166731	-0.187113	0.031840
261	-0.149897	1.179533	-0.187492	-0.021144
262	-0.150427	1.159245	-0.187872	-0.061764
263	-0.150957	1.152593	-0.188252	-0.014203
264	-0.151486	1.183941	-0.188632	-0.097368
265	-0.152016	1.164107	-0.189011	-0.266716
266	-0.152546	1.163728	-0.189391	-0.540245
267	-0.153076	1.119531	-0.189771	-0.621774
268	-0.153605	1.209423	-0.190151	-0.570122
269	-0.154135	1.272590	-0.190531	-0.455105
270	-0.154665	1.244483	-0.190910	-0.437181
271	-0.155195	1.240104	-0.191290	-0.515346
272	-0.155724	1.186724	-0.191670	-0.684785
273	-0.156254	1.282890	-0.192050	-0.460041
274	-0.156784	1.266420	-0.192430	-0.492206
275	-0.157314	1.264769	-0.192809	-0.230282
276	-0.157843	1.193388	-0.193189	-0.295266
277	-0.158373	1.163737	-0.193569	-0.245431
278	-0.158903	1.148994	-0.193949	0.017494
279	-0.159433	1.028978	-0.194328	0.031328
280	-0.159962	1.039507	-0.194708	0.170163
281	-0.160492	1.121492	-0.195088	0.005724
282	-0.161022	1.103931	-0.195468	0.123286
283	-0.161552	1.166643	-0.195848	0.028030
284	-0.162082	1.070355	-0.196227	-0.166955
285	-0.162611	1.063884	-0.196607	-0.259484
286	-0.163141	0.988596	-0.196987	-0.537468
287	-0.163671	0.984671	-0.197367	-0.497088
288	-0.164201	0.991565	-0.197746	-0.353799
289	-0.164730	0.985003	-0.198126	-0.625692
290	-0.165260	1.086805	-0.198506	-0.711403
291	-0.165790	1.036699	-0.198886	-0.865841
292	-0.166320	0.919320	-0.199266	-0.722825
293	-0.166849	0.967849	-0.199645	-0.926991
294	-0.167379	0.903470	-0.200025	-0.834702
295	-0.167909	0.972454	-0.200405	-0.848140
296	-0.168439	1.006984	-0.200785	-0.800033
297	-0.168968	1.061604	-0.201165	-0.450926
298	-0.169498	1.117771	-0.201544	-0.443001
299	-0.170028	1.103846	-0.201924	-0.415621
300	-0.170558	1.160103	-0.202304	-0.260787
301	-0.171087	1.164723	-0.202684	-0.288680
302	-0.171617	1.190617	-0.203063	-0.198937
303	-0.172147	1.281147	-0.203443	-0.066102
304	-0.172677	1.235950	-0.203823	0.099187
305	-0.173206	1.224024	-0.204203	0.211658
306	-0.173736	1.198281	-0.204583	0.268856
307	-0.174266	1.187084	-0.204962	0.351780
308	-0.174796	1.203341	-0.205342	0.020160
309	-0.175325	1.124961	-0.205722	-0.024733
310	-0.175855	1.187219	-0.206102	0.009920
311	-0.176385	1.202112	-0.206481	0.106208
312	-0.176915	1.109915	-0.206861	-0.126503
313	-0.177444	1.109717	-0.207241	-0.159850
314	-0.177974	1.015974	-0.207621	-0.287015
315	-0.178504	1.049413	-0.208001	-0.313726
316	-0.179034	1.154216	-0.208380	-0.318893
317	-0.179563	1.038927	-0.208760	-0.391695
318	-0.180093	1.070366	-0.209140	-0.381133
319	-0.180623	1.032168	-0.209520	-0.200207
320	-0.181153	1.063789	-0.209900	-0.107373
321	-0.181682	1.021137	-0.210279	-0.221357
322	-0.182212	1.072939	-0.210659	-0.190068
323	-0.182742	1.150651	-0.211039	-0.077961
324	-0.183272	1.132272	-0.211419	-0.235399
325	-0.183802	1.211166	-0.211798	-0.164202
326	-0.184331	1.159240	-0.212178	-0.244549
327	-0.184861	1.048952	-0.212558	-0.524533
328	-0.185391	1.068846	-0.212938	-0.611153
329	-0.185921	1.017830	-0.213318	-0.556955
330	-0.186450	1.003268	-0.213697	-0.770121
331	-0.186980	0.997707	-0.214077	-0.850832
332	-0.187510	1.060510	-0.214457	-0.827088
333	-0.188040	1.015040	-0.214837	-0.933799
334	-0.188569	1.059296	-0.215216	-0.875693
335	-0.189099	1.127372	-0.215596	-0.829313
336	-0.189629	1.119811	-0.215976	-0.672115
337	-0.190159	1.157795	-0.216356	-0.721917
338	-0.190688	1.270779	-0.216736	-0.558446
339	-0.191218	1.293582	-0.217115	-0.480885
340	-0.191748	1.335021	-0.217495	-0.666687
341	-0.192278	1.437096	-0.217875	-0.304580
342	-0.192807	1.517262	-0.218255	-0.413472
343	-0.193337	1.477246	-0.218635	-0.302365
344	-0.193867	1.436503	-0.219014	-0.348986
345	-0.194397	1.376215	-0.219394	-0.176151
346	-0.194926	1.375926	-0.219774	0.070229
347	-0.195456	1.386456	-0.220154	-0.137482
348	-0.195986	1.314531	-0.220533	-0.126012
349	-0.196516	1.266516	-0.220913	-0.137451
350	-0.197045	1.245045	-0.221293	-0.137162
351	-0.197575	1.205211	-0.221673	0.048128
352	-0.198105	1.139105	-0.222053	-0.156856
353	-0.198635	1.130180	-0.222432	0.038250
354	-0.199164	1.109800	-0.222812	0.009539
355	-0.199694	1.101603	-0.223192	-0.130990
356	-0.200224	1.103042	-0.223572	-0.402155
357	-0.200754	1.130754	-0.223952	-0.556684
358	-0.201283	1.073101	-0.224331	-0.489214
359	-0.201813	1.083086	-0.224711	-0.395925
360	-0.202343	1.008525	-0.225091	-0.430000
361	-0.202873	1.081418	-0.225471	-0.302620
362	-0.203402	1.075311	-0.225850	-0.464877
363	-0.203932	1.070477	-0.226230	-0.512315
364	-0.204462	1.019826	-0.226610	-0.555026
365	-0.204992	0.991447	-0.226990	-0.709555
366	-0.205521	1.028248	-0.227370	-0.570448
367	-0.206051	0.919506	-0.227749	-0.588796
368	-0.206581	0.919945	-0.228129	-0.583235
369	-0.207111	0.871475	-0.228509	-0.594036
370	-0.207641	0.958005	-0.228889	-0.609202
371	-0.208170	1.047897	-0.229268	-0.525641
372	-0.208700	1.061882	-0.229648	-0.483988
373	-0.209230	0.971957	-0.230028	-0.366790
374	-0.209760	0.943942	-0.230408	-0.317774
375	-0.210289	0.916198	-0.230788	-0.543667
376	-0.210819	0.938637	-0.231167	-0.488197
377	-0.211349	0.890349	-0.231547	-0.519726
378	-0.211879	1.040697	-0.231927	-0.301800
379	-0.212408	0.996044	-0.232307	-0.233966
380	-0.212938	1.063120	-0.232687	-0.032949
381	-0.213468	1.036195	-0.233066	-0.143116
382	-0.213998	1.031816	-0.233446	0.010173
383	-0.214527	0.958982	-0.233826	-0.284901
384	-0.215057	1.152602	-0.234206	-0.288158
385	-0.215587	1.191314	-0.234585	-0.156870
386	-0.216117	1.269026	-0.234965	0.243965
387	-0.216646	1.377101	-0.235345	0.456254
388	-0.217176	1.378176	-0.235725	0.500634
389	-0.217706	1.347070	-0.236105	0.555287
390	-0.218236	1.317781	-0.236484	0.489302
391	-0.218765	1.323401	-0.236864	0.330955
392	-0.219295	1.290295	-0.237244	0.463244
393	-0.219825	1.345916	-0.237624	0.245897
394	-0.220355	1.466264	-0.238003	0.491821
395	-0.220884	1.424157	-0.238383	0.416474
396	-0.221414	1.399414	-0.238763	0.259399
397	-0.221944	1.356126	-0.239143	0.122052
398	-0.222474	1.241019	-0.239523	-0.213932
399	-0.223003	1.269730	-0.239902	-0.290462
400	-0.223533	1.374624	-0.240282	-0.334354
401	-0.224063	1.409699	-0.240662	-0.392793
402	-0.224593	1.413411	-0.241042	-0.437867
403	-0.225122	1.451213	-0.241422	-0.430942
404	-0.225652	1.350743	-0.241801	-0.325563
405	-0.226182	1.289546	-0.242181	-0.327364
406	-0.226712	1.250439	-0.242561	-0.313439
407	-0.227241	1.262241	-0.242941	-0.346968
408	-0.227771	1.375316	-0.243320	-0.384498
409	-0.228301	1.421937	-0.243700	-0.209118
410	-0.228831	1.459467	-0.244080	-0.075647
411	-0.229361	1.315634	-0.244460	-0.132267
412	-0.229890	1.269072	-0.244840	-0.145433
413	-0.230420	1.276238	-0.245219	-0.085417
414	-0.230950	1.260223	-0.245599	-0.237128
415	-0.231480	1.349116	-0.245979	-0.327021
416	-0.232009	1.332827	-0.246359	-0.523005
417	-0.232539	1.394448	-0.246738	-0.648717
418	-0.233069	1.373342	-0.247118	-0.568700
419	-0.233599	1.304599	-0.247498	-0.541411
420	-0.234128	1.334764	-0.247878	-0.817304
421	-0.234658	1.298476	-0.248258	-0.912197
422	-0.235188	1.355097	-0.248637	-0.976545
423	-0.235718	1.426991	-0.249017	-0.884438
424	-0.236247	1.417338	-0.249397	-1.077603
425	-0.236777	1.387959	-0.249777	-0.895587
426	-0.237307	1.331580	-0.250157	-0.807934
427	-0.237837	1.426837	-0.250536	-0.863555
428	-0.238366	1.433002	-0.250916	-0.719448
429	-0.238896	1.493805	-0.251296	-0.611340
430	-0.239426	1.398335	-0.251676	-0.519779
431	-0.239956	1.355683	-0.252055	-0.284490
432	-0.240485	1.330212	-0.252435	-0.329110
433	-0.241015	1.224470	-0.252815	-0.179185
434	-0.241545	1.158000	-0.253195	-0.251169
435	-0.242075	1.094802	-0.253575	-0.139425
436	-0.242604	1.071149	-0.253954	-0.258319
437	-0.243134	1.102043	-0.254334	-0.280393
438	-0.243664	1.006119	-0.254714	0.095896
439	-0.244194	0.909376	-0.255094	-0.254815
440	-0.244723	0.908723	-0.255473	-0.128527
441	-0.245253	1.003798	-0.255853	-0.389420
442	-0.245783	0.985056	-0.256233	-0.516040
443	-0.246313	0.966586	-0.256613	-0.434569
444	-0.246842	1.019660	-0.256993	-0.586916
445	-0.247372	1.035099	-0.257372	-0.596628
446	-0.247902	1.003175	-0.257752	-0.254793
447	-0.248432	0.995159	-0.258132	-0.376595
448	-0.248961	0.879143	-0.258512	-0.405124
449	-0.249491	0.762582	-0.258892	-0.475017
450	-0.250021	0.747294	-0.259271	-0.120729
451	-0.250551	0.680824	-0.259651	-0.238622
452	-0.251080	0.692444	-0.260031	-0.019424
453	-0.251610	0.695065	-0.260411	0.229411
454	-0.252140	0.742413	-0.260790	0.282245
455	-0.252670	0.731397	-0.261170	0.264443
456	-0.253200	0.729473	-0.261550	0.193368
457	-0.253729	0.865274	-0.261930	-0.081070
458	-0.254259	0.897714	-0.262310	-0.161054
459	-0.254789	0.855971	-0.262689	0.157598
460	-0.255319	0.962774	-0.263069	-0.026386
461	-0.255848	0.972575	-0.263449	-0.094096
462	-0.256378	0.919105	-0.263829	-0.327444
463	-0.256908	0.943272	-0.264208	-0.177974
464	-0.257438	0.909893	-0.264588	-0.415685
465	-0.257967	0.890603	-0.264968	-0.518577
466	-0.258497	0.871224	-0.265348	-0.352743
467	-0.259027	0.931118	-0.265728	-0.192181
468	-0.259557	0.942284	-0.266107	0.099471
469	-0.260086	0.941813	-0.266487	0.178032
470	-0.260616	1.071071	-0.266867	-0.352588
471	-0.261146	1.093782	-0.267247	-0.031753
472	-0.261676	1.077131	-0.267627	-0.163737
473	-0.262205	1.186660	-0.268006	0.009370
474	-0.262735	1.204008	-0.268386	-0.148614
475	-0.263265	1.219992	-0.268766	0.038039
476	-0.263795	1.270068	-0.269146	0.186419
477	-0.264324	1.287779	-0.269525	0.223525
478	-0.264854	1.189672	-0.269905	-0.047913
479	-0.265384	1.108657	-0.270285	-0.376351
480	-0.265914	1.174459	-0.270665	-0.176062
481	-0.266443	1.095261	-0.271045	0.048318
482	-0.266973	1.049609	-0.271424	-0.065849
483	-0.267503	1.094230	-0.271804	-0.001378
484	-0.268033	1.030669	-0.272184	0.070548
485	-0.268562	0.962289	-0.272564	0.132109
486	-0.269092	0.918547	-0.272943	0.202761
487	-0.269622	0.902077	-0.273323	0.202868
488	-0.270152	0.910516	-0.273703	0.056885
489	-0.270681	0.928681	-0.274083	0.469538
490	-0.271211	0.953302	-0.274463	0.416372
491	-0.271741	0.893923	-0.274842	0.403206
492	-0.272271	0.989816	-0.275222	0.367767
493	-0.272800	1.039073	-0.275602	0.235602
494	-0.273330	0.988421	-0.275982	0.226618
495	-0.273860	1.002042	-0.276362	0.090089
496	-0.274390	1.017208	-0.276741	-0.208532
497	-0.274919	1.050737	-0.277121	-0.612788
498	-0.275449	0.992722	-0.277501	-0.654499
499	-0.275979	0.995706	-0.277881	-0.524119
500	-0.276509	1.085418	-0.278260	-0.663376
501	-0.277039	1.046675	-0.278640	-0.761724
502	-0.277568	1.027841	-0.279020	-0.702707
503	-0.278098	0.989734	-0.279400	-0.681873
504	-0.278628	0.982628	-0.279780	-0.699947
505	-0.279158	0.946522	-0.280159	-0.713296
506	-0.279687	1.002596	-0.280539	-0.689188
507	-0.280217	0.984035	-0.280919	-0.542081
508	-0.280747	1.042929	-0.281299	-0.255246
509	-0.281277	1.098368	-0.281679	-0.407230
510	-0.281806	1.121351	-0.282058	-0.441487
511	-0.282336	1.061609	-0.282438	-0.437926
512	-0.282866	1.038321	-0.282818	-0.461455
513	-0.283396	1.040396	-0.283198	-0.626075
514	-0.283925	1.025380	-0.283577	-0.501878
515	-0.284455	1.023819	-0.283957	-0.450588
516	-0.284985	1.120349	-0.284337	-0.547208
517	-0.285515	1.135424	-0.284717	-0.473647
518	-0.286044	1.134499	-0.285097	-0.491358
519	-0.286574	1.061847	-0.285476	-0.472706
520	-0.287104	1.033649	-0.285856	-0.317235
521	-0.287634	1.018179	-0.286236	-0.426855
522	-0.288163	1.014799	-0.286616	-0.538748
523	-0.288693	0.976693	-0.286995	-0.199278
524	-0.289223	1.001859	-0.287375	-0.040443
525	-0.289753	0.977935	-0.287755	-0.350336
526	-0.290282	0.942737	-0.288135	-0.355683
527	-0.290812	0.926721	-0.288515	-0.375394
528	-0.291342	0.865978	-0.288894	-0.239561
529	-0.291872	0.820690	-0.289274	-0.407453
530	-0.292401	0.867856	-0.289654	-0.426528
531	-0.292931	0.927567	-0.290034	-0.443239
532	-0.293461	0.875552	-0.290414	-0.564131
533	-0.293991	0.906900	-0.290793	-0.557752
534	-0.294520	0.991793	-0.291173	-0.601645
535	-0.295050	0.964595	-0.291553	-0.768992
536	-0.295580	0.930580	-0.291933	-0.577431
537	-0.296110	0.961110	-0.292312	-0.596143
538	-0.296639	0.958003	-0.292692	-0.259490
539	-0.297169	0.925442	-0.293072	-0.710837
540	-0.297699	0.974426	-0.293452	-0.343366
541	-0.298229	0.885865	-0.293832	-0.530441
542	-0.298759	0.853941	-0.294211	-0.519880
543	-0.299288	0.805379	-0.294591	-0.446045
544	-0.299818	0.714636	-0.294971	-0.333211
545	-0.300348	0.669075	-0.295351	-0.295740
546	-0.300878	0.541787	-0.295730	-0.279725
547	-0.301407	0.572043	-0.296110	-0.172435
548	-0.301937	0.443846	-0.296490	-0.146692
549	-0.302467	0.348376	-0.296870	-0.268675
550	-0.302997	0.287270	-0.297250	-0.004386
551	-0.303526	0.165162	-0.297629	-0.171280
552	-0.304056	0.153874	-0.298009	0.049554
553	-0.304586	0.068222	-0.298389	0.038207
554	-0.305116	0.085934	-0.298769	0.128042
555	-0.305645	0.046190	-0.299149	0.102604
556	-0.306175	-0.001825	-0.299528	-0.017836
557	-0.306705	0.053160	-0.299908	0.058363
558	-0.307235	-0.023401	-0.300288	0.033833
559	-0.307764	0.024582	-0.300668	0.060213
560	-0.308294	0.024385	-0.301047	0.038592
561	-0.308824	0.029460	-0.301427	0.044882
562	-0.309354	0.039990	-0.301807	0.044898
563	-0.309883	0.008974	-0.302187	0.038005
564	-0.310413	-0.031860	-0.302567	0.028840
565	-0.310943	-0.042330	-0.302946	0.035764
566	-0.311473	-0.025163	-0.303326	0.037326
567	-0.312002	-0.018543	-0.303706	0.044979
568	-0.312532	-0.004468	-0.304086	0.051177
569	-0.313062	0.013971	-0.304465	0.019010
570	-0.313592	-0.027772	-0.304845	0.011027
571	-0.314121	-0.044788	-0.305225	0.034134
572	-0.314651	-0.045531	-0.305605	0.030241
573	-0.315181	-0.048546	-0.305985	0.030167
574	-0.315711	-0.048107	-0.306364	-0.008909
575	-0.316240	-0.022033	-0.306744	0.002926
576	-0.316770	-0.021957	-0.307124	0.009579
577	-0.317300	-0.051336	-0.307504	0.030413
578	-0.317830	-0.043715	-0.307884	0.012884
579	-0.318359	-0.054186	-0.308263	0.009536
580	-0.318889	-0.064384	-0.308643	0.063098
581	-0.319419	-0.019490	-0.309023	0.041478
582	-0.319949	-0.011051	-0.309403	0.018039
583	-0.320478	-0.008431	-0.309782	0.001600
584	-0.321008	-0.000992	-0.310162	-0.007111
585	-0.321538	0.009538	-0.310542	0.023451
586	-0.322068	-0.002114	-0.310922	0.011286
587	-0.322598	-0.009584	-0.311302	0.000029
588	-0.323127	0.015309	-0.311681	-0.013410
589	-0.323657	0.014021	-0.312061	-0.023848
590	-0.324187	0.012914	-0.312441	-0.046650
591	-0.324717	0.022353	-0.312821	-0.099179
592	-0.325246	-0.009572	-0.313200	-0.089800
593	-0.325776	-0.015406	-0.313580	-0.060693
594	-0.326306	-0.023058	-0.313960	-0.072040
595	-0.326836	-0.023891	-0.314340	-0.060660
596	-0.327365	-0.017999	-0.314720	-0.068916
597	-0.327895	-0.000469	-0.315099	-0.067719
598	-0.328425	0.018880	-0.315479	-0.051521
599	-0.328955	0.009046	-0.315859	-0.045596
600	-0.329484	0.016029	-0.316239	-0.012761
601	-0.330014	0.013378	-0.316619	-0.016381
602	-0.330544	0.015544	-0.316998	0.009907
603	-0.331074	0.030801	-0.317378	0.007378
604	-0.331603	0.030967	-0.317758	-0.014515
605	-0.332133	0.040860	-0.318138	-0.008317
606	-0.332663	0.029754	-0.318517	-0.012483
607	-0.333193	0.044102	-0.318897	0.004261
608	-0.333722	0.029177	-0.319277	0.013459
609	-0.334252	0.020797	-0.319657	0.004202
610	-0.334782	0.032873	-0.320037	-0.005690
611	-0.335312	0.022857	-0.320416	-0.037039
612	-0.335841	0.024386	-0.320796	-0.035659
613	-0.336371	0.032007	-0.321176	-0.050915
614	-0.336901	0.019810	-0.321556	-0.042080
615	-0.337431	0.033249	-0.321935	-0.037883
616	-0.337960	0.028415	-0.322315	-0.032867
617	-0.338490	0.039217	-0.322695	-0.036487
618	-0.339020	0.028747	-0.323075	-0.064016
619	-0.339550	0.033095	-0.323455	-0.062545
620	-0.340079	0.028624	-0.323834	-0.064530
621	-0.340609	0.023336	-0.324214	-0.065786
622	-0.341139	0.022503	-0.324594	-0.061588
623	-0.341669	0.025396	-0.324974	-0.062844
624	-0.342198	0.029471	-0.325354	-0.065282
625	-0.342728	0.034728	-0.325733	-0.066994
626	-0.343258	0.035622	-0.326113	-0.065796
627	-0.343788	0.034788	-0.326493	-0.063052
628	-0.344317	0.033499	-0.326873	-0.061491
629	-0.344847	0.032302	-0.327252	-0.060566
630	-0.345377	0.034741	-0.327632	-0.060186
631	-0.345907	0.037725	-0.328012	-0.060988
632	-0.346437	0.039073	-0.328392	-0.065517
633	-0.346966	0.039057	-0.328772	-0.066773
