0	0.048258	-0.071258	-0.027259	-0.009741
1	0.047749	-0.070749	-0.027634	-0.009366
2	0.047240	-0.053240	-0.028009	-0.008991
3	0.046731	-0.078731	-0.028384	-0.008616
4	0.046222	-0.078222	-0.028759	-0.021241
5	0.045713	-0.077713	-0.029134	-0.020866
6	0.045203	-0.077203	-0.029510	-0.020490
7	0.044694	-0.076694	-0.029885	-0.027115
8	0.044185	-0.078185	-0.030260	-0.027740
9	0.043676	-0.077676	-0.030635	-0.027365
10	0.043167	-0.073167	-0.031010	-0.026990
11	0.042658	-0.047657	-0.031385	-0.026615
12	0.042148	-0.047148	-0.031760	-0.026240
13	0.041639	-0.027639	-0.032135	0.030135
14	0.041130	-0.019130	-0.032510	-0.047490
15	0.040621	-0.018621	-0.032886	0.030886
16	0.040112	0.000888	-0.033261	0.031261
17	0.039602	0.001398	-0.033636	0.037636
18	0.039093	0.001907	-0.034011	0.038011
19	0.038584	-0.033584	-0.034386	0.058386
20	0.038075	-0.033075	-0.034761	0.080761
21	0.037566	-0.032566	-0.035136	0.081136
22	0.037057	-0.032057	-0.035511	0.081511
23	0.036547	-0.063547	-0.035886	0.081886
24	0.036038	0.005962	-0.036262	0.077262
25	0.035529	0.006471	-0.036637	0.076637
26	0.035020	-0.062020	-0.037012	0.077012
27	0.034511	-0.061511	-0.037387	0.078387
28	0.034002	0.007998	-0.037762	0.077762
29	0.033493	-0.105492	-0.038137	0.078137
30	0.032983	-0.041983	-0.038512	0.064512
31	0.032474	-0.041474	-0.038887	0.064887
32	0.031965	-0.040965	-0.039262	0.020262
33	0.031456	-0.121456	-0.039637	0.020637
34	0.030947	-0.120947	-0.040013	-0.060987
35	0.030437	-0.157438	-0.040388	-0.060612
36	0.029928	-0.156928	-0.040763	-0.012237
37	0.029419	-0.156419	-0.041138	0.007138
38	0.028910	0.012090	-0.041513	0.039513
39	0.028401	0.012599	-0.041888	0.039888
40	0.027892	0.013108	-0.042263	0.040263
41	0.027383	0.013618	-0.042638	0.040638
42	0.026873	-0.005873	-0.043013	0.041013
43	0.026364	-0.005364	-0.043389	-0.006611
44	0.025855	0.017145	-0.043764	-0.006236
45	0.025346	0.017654	-0.044139	0.080139
46	0.024837	0.018163	-0.044514	0.080514
47	0.024328	0.018672	-0.044889	0.089889
48	0.023818	-0.017818	-0.045264	0.090264
49	0.023309	-0.038309	-0.045639	0.103639
50	0.022800	-0.037800	-0.046014	0.091014
51	0.022291	-0.037291	-0.046389	0.104389
52	0.021782	-0.074782	-0.046765	0.104765
53	0.021272	-0.074272	-0.047140	0.105140
54	0.020763	-0.073763	-0.047515	0.053515
55	0.020254	-0.073254	-0.047890	-0.018110
56	0.019745	-0.036745	-0.048265	-0.017735
57	0.019236	-0.036236	-0.048640	-0.050360
58	0.018727	-0.035727	-0.049015	-0.049985
59	0.018218	-0.035217	-0.049390	0.110390
60	0.017708	-0.020708	-0.049765	0.110765
61	0.017199	-0.042199	-0.050141	-0.082859
62	0.016690	-0.144690	-0.050516	0.076516
63	0.016181	-0.083181	-0.050891	0.076891
64	0.015672	-0.082672	-0.051266	0.055266
65	0.015163	-0.153163	-0.051641	0.055641
66	0.014653	-0.081653	-0.052016	0.056016
67	0.014144	-0.081144	-0.052391	-0.003609
68	0.013635	-0.131635	-0.052766	-0.003234
69	0.013126	-0.043126	-0.053141	-0.002859
70	0.012617	-0.042617	-0.053517	-0.002483
71	0.012108	-0.130107	-0.053892	0.101892
72	0.011598	-0.160598	-0.054267	0.102267
73	0.011089	-0.083089	-0.054642	0.102642
74	0.010580	-0.154580	-0.055017	-0.042983
75	0.010071	-0.154071	-0.055392	-0.043608
76	0.009562	-0.081562	-0.055767	-0.128233
77	0.009052	0.029948	-0.056142	-0.042858
78	0.008543	0.030457	-0.056517	0.045517
79	0.008034	0.060966	-0.056893	0.045893
80	0.007525	0.061475	-0.057268	0.046268
81	0.007016	0.061984	-0.057643	0.070643
82	0.006507	0.075493	-0.058018	0.047018
83	0.005998	0.076003	-0.058393	0.003393
84	0.005488	-0.117488	-0.058768	0.003768
85	0.004979	-0.066979	-0.059143	-0.049857
86	0.004470	-0.066470	-0.059518	-0.049482
87	0.003961	-0.065961	-0.059893	-0.049107
88	0.003452	-0.065452	-0.060269	-0.035731
89	0.002943	-0.064943	-0.060644	-0.035356
90	0.002433	-0.075433	-0.061019	0.049019
91	0.001924	-0.059924	-0.061394	0.049394
92	0.001415	-0.074415	-0.061769	0.049769
93	0.000906	-0.094906	-0.062144	0.050144
94	0.000397	-0.094397	-0.062519	0.050519
95	-0.000113	-0.160888	-0.062894	0.015894
96	-0.000622	-0.160378	-0.063269	-0.157731
97	-0.001131	-0.159869	-0.063645	-0.094355
98	-0.001640	-0.050360	-0.064020	-0.093980
99	-0.002149	0.065149	-0.064395	-0.093605
100	-0.002658	0.065658	-0.064770	-0.093230
101	-0.003167	0.074167	-0.065145	-0.015855
102	-0.003677	0.076677	-0.065520	-0.015480
103	-0.004186	0.077186	-0.065895	0.064895
104	-0.004695	0.077695	-0.066270	0.065270
105	-0.005204	0.078204	-0.066645	0.065645
106	-0.005713	0.034713	-0.067021	-0.015979
107	-0.006222	0.033223	-0.067396	-0.092604
108	-0.006732	0.033732	-0.067771	-0.092229
109	-0.007241	0.034241	-0.068146	-0.075854
110	-0.007750	0.001750	-0.068521	0.012521
111	-0.008259	0.002259	-0.068896	0.012896
112	-0.008768	-0.048232	-0.069271	0.013271
113	-0.009278	-0.047723	-0.069646	0.013646
114	-0.009787	-0.047213	-0.070021	0.014021
115	-0.010296	0.015296	-0.070397	-0.097603
116	-0.010805	-0.024195	-0.070772	0.033772
117	-0.011314	-0.023686	-0.071147	0.034147
118	-0.011823	0.016823	-0.071522	-0.022478
119	-0.012332	0.017332	-0.071897	-0.022103
120	-0.012842	0.028842	-0.072272	-0.021728
121	-0.013351	0.032351	-0.072647	-0.021353
122	-0.013860	0.032860	-0.073022	-0.040978
123	-0.014369	0.030369	-0.073397	-0.003603
124	-0.014878	0.030878	-0.073773	-0.003227
125	-0.015387	-0.000613	-0.074148	0.059148
126	-0.015897	-0.016103	-0.074523	0.059523
127	-0.016406	-0.015594	-0.074898	0.059898
128	-0.016915	-0.015085	-0.075273	0.017273
129	-0.017424	-0.011576	-0.075648	0.017648
130	-0.017933	0.067933	-0.076023	0.018023
131	-0.018443	0.068443	-0.076398	0.018398
132	-0.018952	0.068952	-0.076773	-0.056227
133	-0.019461	0.068461	-0.077149	-0.010851
134	-0.019970	0.068970	-0.077524	-0.010476
135	-0.020479	0.053479	-0.077899	-0.111101
136	-0.020988	0.053988	-0.078274	-0.054726
137	-0.021498	0.070498	-0.078649	-0.054351
138	-0.022007	0.136007	-0.079024	-0.053976
139	-0.022516	0.136516	-0.079399	-0.053601
140	-0.023025	0.137025	-0.079774	0.008774
141	-0.023534	0.137534	-0.080149	0.025149
142	-0.024043	0.038043	-0.080525	0.088525
143	-0.024553	0.038553	-0.080900	0.088900
144	-0.025062	0.039062	-0.081275	0.089275
145	-0.025571	0.051571	-0.081650	0.089650
146	-0.026080	0.052080	-0.082025	0.090025
147	-0.026589	0.052589	-0.082400	0.017400
148	-0.027098	-0.055902	-0.082775	0.017775
149	-0.027607	-0.055393	-0.083150	0.018150
150	-0.028117	-0.054883	-0.083525	-0.026475
151	-0.028626	-0.058374	-0.083901	-0.026099
152	-0.029135	-0.035865	-0.084276	-0.107724
153	-0.029644	0.012644	-0.084651	-0.107349
154	-0.030153	0.013153	-0.085026	-0.134974
155	-0.030662	0.042662	-0.085401	-0.106599
156	-0.031172	0.043172	-0.085776	-0.106224
157	-0.031681	0.043681	-0.086151	-0.123849
158	-0.032190	0.104190	-0.086526	-0.100474
159	-0.032699	0.104699	-0.086901	-0.069099
160	-0.033208	0.148208	-0.087277	-0.068723
161	-0.033717	0.148718	-0.087652	-0.068348
162	-0.034227	0.161227	-0.088027	-0.014973
163	-0.034736	0.161736	-0.088402	0.009402
164	-0.035245	0.162245	-0.088777	0.014777
165	-0.035754	-0.033246	-0.089152	0.015152
166	-0.036263	0.091263	-0.089527	0.051527
167	-0.036772	0.069773	-0.089902	0.051902
168	-0.037282	0.070282	-0.090277	0.052277
169	-0.037791	0.070791	-0.090653	0.052653
170	-0.038300	0.071300	-0.091028	0.053028
171	-0.038809	-0.005191	-0.091403	0.000403
172	-0.039318	-0.062682	-0.091778	0.000778
173	-0.039828	-0.100173	-0.092153	0.001153
174	-0.040337	-0.099663	-0.092528	-0.089472
175	-0.040846	-0.081154	-0.092903	-0.089097
176	-0.041355	0.046355	-0.093278	-0.722722
177	-0.041864	0.205864	-0.093653	-0.722347
178	-0.042373	0.585373	-0.094029	-0.721971
179	-0.042883	1.383882	-0.094404	0.610404
180	-0.043392	1.384392	-0.094779	0.610779
181	-0.043901	1.384901	-0.095154	0.611154
182	-0.044410	1.385410	-0.095529	1.196529
183	-0.044919	1.385919	-0.095904	1.196904
184	-0.045428	1.274428	-0.096279	0.715279
185	-0.045938	1.274938	-0.096654	0.715654
186	-0.046447	1.332447	-0.097029	1.198029
187	-0.046956	1.275956	-0.097405	0.716405
188	-0.047465	1.333465	-0.097780	0.346780
189	-0.047974	1.545974	-0.098155	0.347155
190	-0.048483	1.546483	-0.098530	-0.299470
191	-0.048992	1.546992	-0.098905	-0.440095
192	-0.049502	1.757502	-0.099280	-0.298720
193	-0.050011	1.758011	-0.099655	-0.439345
194	-0.050520	1.464520	-0.100030	-0.246970
195	-0.051029	1.465029	-0.100405	-0.246595
196	-0.051538	1.465538	-0.100780	-0.246220
197	-0.052047	1.466047	-0.101156	-0.372844
198	-0.052557	1.368557	-0.101531	-0.372469
199	-0.053066	1.369066	-0.101906	-0.471094
200	-0.053575	1.369575	-0.102281	-0.470719
201	-0.054084	1.370084	-0.102656	-0.490344
202	-0.054593	1.200593	-0.103031	-0.616969
203	-0.055102	1.033103	-0.103406	-1.340594
204	-0.055612	1.201612	-0.103781	-0.489219
205	-0.056121	1.234121	-0.104156	-0.241844
206	-0.056630	1.234630	-0.104532	0.272532
207	-0.057139	1.235139	-0.104907	0.272907
208	-0.057648	1.235648	-0.105282	1.441282
209	-0.058158	0.903157	-0.105657	1.441657
210	-0.058667	0.894667	-0.106032	0.834032
211	-0.059176	0.904176	-0.106407	0.834407
212	-0.059685	1.436685	-0.106782	1.442782
213	-0.060194	1.690194	-0.107157	0.835157
214	-0.060703	1.833703	-0.107532	0.835532
215	-0.061213	1.834213	-0.107908	-0.027092
216	-0.061722	1.834722	-0.108283	-0.026717
217	-0.062231	1.692231	-0.108658	-0.026342
218	-0.062740	1.294740	-0.109033	-0.025967
219	-0.063249	1.295249	-0.109408	-0.025592
220	-0.063758	1.295758	-0.109783	-0.243217
221	-0.064268	1.296267	-0.110158	-0.242842
222	-0.064777	1.380777	-0.110533	-0.242467
223	-0.065286	1.509286	-0.110908	0.299908
224	-0.065795	1.509795	-0.111284	0.300284
225	-0.066304	1.510304	-0.111659	0.300659
226	-0.066813	1.510813	-0.112034	0.301034
227	-0.067322	1.539322	-0.112409	-0.157591
228	-0.067832	1.584832	-0.112784	-0.157216
229	-0.068341	1.540341	-0.113159	-0.156841
230	-0.068850	1.556850	-0.113534	-0.156466
231	-0.069359	1.557359	-0.113909	0.740909
232	-0.069868	1.557868	-0.114284	0.741284
233	-0.070377	1.438378	-0.114660	0.150660
234	-0.070887	1.438887	-0.115035	0.151035
235	-0.071396	1.439396	-0.115410	0.151410
236	-0.071905	1.439905	-0.115785	0.105785
237	-0.072414	1.581414	-0.116160	0.106160
238	-0.072923	1.581923	-0.116535	-1.020465
239	-0.073432	1.582432	-0.116910	0.106910
240	-0.073942	1.491942	-0.117285	-0.453715
241	-0.074451	1.492451	-0.117660	-0.453340
242	-0.074960	1.341960	-0.118036	-0.084964
243	-0.075469	1.342469	-0.118411	0.310411
244	-0.075978	1.342978	-0.118786	-0.084214
245	-0.076487	1.518487	-0.119161	1.872161
246	-0.076997	1.518997	-0.119536	1.872536
247	-0.077506	1.519506	-0.119911	1.872911
248	-0.078015	1.234015	-0.120286	-0.130714
249	-0.078524	1.535524	-0.120661	0.771661
250	-0.079033	1.235033	-0.121036	0.772036
251	-0.079543	1.235542	-0.121412	0.772412
252	-0.080052	1.236052	-0.121787	0.772787
253	-0.080561	1.236561	-0.122162	0.845162
254	-0.081070	1.237070	-0.122537	0.845537
255	-0.081579	1.137579	-0.122912	0.005912
256	-0.082088	1.138088	-0.123287	0.846287
257	-0.082598	1.216597	-0.123662	0.846662
258	-0.083107	1.273107	-0.124037	0.301037
259	-0.083616	1.217616	-0.124412	0.301412
260	-0.084125	1.274125	-0.124788	1.443788
261	-0.084634	1.274634	-0.125163	0.874163
262	-0.085143	1.275143	-0.125538	0.874538
263	-0.085653	1.219652	-0.125913	0.874913
264	-0.086162	1.220162	-0.126288	0.875288
265	-0.086671	1.220671	-0.126663	0.384663
266	-0.087180	1.287180	-0.127038	0.385038
267	-0.087689	1.287689	-0.127413	0.859413
268	-0.088198	1.288198	-0.127788	0.859788
269	-0.088708	1.288707	-0.128164	0.860164
270	-0.089217	1.332217	-0.128539	0.860539
271	-0.089726	1.356726	-0.128914	0.824914
272	-0.090235	1.357235	-0.129289	0.060289
273	-0.090744	1.357744	-0.129664	0.060664
274	-0.091253	1.419253	-0.130039	0.061039
275	-0.091763	1.358762	-0.130414	0.061414
276	-0.092272	1.216272	-0.130789	-0.647211
277	-0.092781	1.281781	-0.131164	0.177164
278	-0.093290	1.282290	-0.131540	0.177540
279	-0.093799	1.282799	-0.131915	0.177915
280	-0.094308	1.283308	-0.132290	0.470290
281	-0.094818	1.398818	-0.132665	0.858665
282	-0.095327	1.399327	-0.133040	0.859040
283	-0.095836	1.399836	-0.133415	0.859415
284	-0.096345	1.020345	-0.133790	0.820790
285	-0.096854	0.888854	-0.134165	0.860165
286	-0.097363	0.889363	-0.134540	0.879540
287	-0.097872	1.017872	-0.134916	0.879916
288	-0.098382	1.088382	-0.135291	1.105291
289	-0.098891	1.370891	-0.135666	1.105666
290	-0.099400	1.371400	-0.136041	0.881041
291	-0.099909	1.371909	-0.136416	-0.547584
292	-0.100418	1.090418	-0.136791	-0.547209
293	-0.100927	0.992927	-0.137166	-0.546834
294	-0.101437	0.963437	-0.137541	-0.210459
295	-0.101946	0.948946	-0.137916	-0.210084
296	-0.102455	0.964455	-0.138292	-0.009708
297	-0.102964	0.964964	-0.138667	-0.009333
298	-0.103473	0.965473	-0.139042	-0.008958
299	-0.103982	1.468983	-0.139417	-0.775583
300	-0.104492	1.469492	-0.139792	-0.775208
301	-0.105001	1.623001	-0.140167	-0.817833
302	-0.105510	1.623510	-0.140542	-0.774458
303	-0.106019	1.624019	-0.140917	-0.018083
304	-0.106528	1.327528	-0.141292	-0.017708
305	-0.107037	1.328037	-0.141668	0.290668
306	-0.107547	1.172547	-0.142043	0.291043
307	-0.108056	1.173056	-0.142418	0.291418
308	-0.108565	1.147565	-0.142793	0.167793
309	-0.109074	1.519074	-0.143168	0.168168
310	-0.109583	1.519583	-0.143543	0.168543
311	-0.110092	1.520092	-0.143918	0.199918
312	-0.110602	1.466602	-0.144293	0.200293
313	-0.111111	1.467111	-0.144668	0.893668
314	-0.111620	1.349620	-0.145044	0.894044
315	-0.112129	1.350129	-0.145419	0.201419
316	-0.112638	1.468638	-0.145794	0.671794
317	-0.113147	1.351147	-0.146169	0.672169
318	-0.113657	1.351657	-0.146544	0.592544
319	-0.114166	1.196166	-0.146919	0.592919
320	-0.114675	1.196675	-0.147294	0.593294
321	-0.115184	1.197184	-0.147669	0.593669
322	-0.115693	1.492693	-0.148044	0.143044
323	-0.116203	1.493202	-0.148420	0.143420
324	-0.116712	1.548712	-0.148795	0.749795
325	-0.117221	1.549221	-0.149170	0.750170
326	-0.117730	1.549730	-0.149545	0.403545
327	-0.118239	1.025239	-0.149920	0.403920
328	-0.118748	1.550748	-0.150295	0.936295
329	-0.119258	1.358258	-0.150670	0.404670
330	-0.119767	1.358767	-0.151045	0.405045
331	-0.120276	1.419276	-0.151420	-0.490580
332	-0.120785	1.419785	-0.151796	-0.135204
333	-0.121294	1.360294	-0.152171	-0.489829
334	-0.121803	0.921803	-0.152546	-0.489454
335	-0.122313	0.987313	-0.152921	-0.134079
336	-0.122822	0.922822	-0.153296	-0.133704
337	-0.123331	0.769331	-0.153671	-0.484329
338	-0.123840	0.988840	-0.154046	-0.320954
339	-0.124349	1.264349	-0.154421	-0.237579
340	-0.124858	1.716858	-0.154796	-0.320204
341	-0.125368	1.717368	-0.155172	-0.319828
342	-0.125877	1.717877	-0.155547	-0.236453
343	-0.126386	1.338386	-0.155922	-0.236078
344	-0.126895	1.712895	-0.156297	-0.682703
345	-0.127404	1.339404	-0.156672	-0.682328
346	-0.127913	1.442913	-0.157047	-0.437953
347	-0.128422	1.714422	-0.157422	-0.437578
348	-0.128932	1.714932	-0.157797	-0.437203
349	-0.129441	1.451441	-0.158172	0.901172
350	-0.129950	1.451950	-0.158548	0.901547
351	-0.130459	1.452459	-0.158923	1.067923
352	-0.130968	1.290968	-0.159298	1.068298
353	-0.131478	1.291478	-0.159673	1.068673
354	-0.131987	1.291987	-0.160048	1.069048
355	-0.132496	1.292496	-0.160423	1.069423
356	-0.133005	1.293005	-0.160798	-0.556202
357	-0.133514	1.185514	-0.161173	-0.555827
358	-0.134023	1.164023	-0.161548	-0.555452
359	-0.134532	1.186532	-0.161923	0.463923
360	-0.135042	1.165042	-0.162299	0.585299
361	-0.135551	1.165551	-0.162674	0.585674
362	-0.136060	1.197060	-0.163049	0.465049
363	-0.136569	1.354569	-0.163424	0.465424
364	-0.137078	1.198078	-0.163799	-0.304201
365	-0.137587	1.198587	-0.164174	-0.303826
366	-0.138097	1.199097	-0.164549	-0.303451
367	-0.138606	1.232606	-0.164924	0.064924
368	-0.139115	0.937115	-0.165299	0.065299
369	-0.139624	1.110624	-0.165675	0.065675
370	-0.140133	1.111133	-0.166050	-0.005950
371	-0.140643	1.111642	-0.166425	-0.005575
372	-0.141152	1.112152	-0.166800	-0.183200
373	-0.141661	1.112661	-0.167175	-0.765825
374	-0.142170	1.131170	-0.167550	-0.349450
375	-0.142679	1.131679	-0.167925	-0.423075
376	-0.143188	1.601188	-0.168300	-0.348700
377	-0.143697	1.601697	-0.168675	-0.348325
378	-0.144207	1.602207	-0.169051	0.303051
379	-0.144716	1.386716	-0.169426	0.523426
380	-0.145225	1.387225	-0.169801	0.523801
381	-0.145734	1.354734	-0.170176	0.524176
382	-0.146243	0.985243	-0.170551	0.524551
383	-0.146753	0.803753	-0.170926	-0.504074
384	-0.147262	0.986262	-0.171301	-0.503699
385	-0.147771	1.108771	-0.171676	0.280676
386	-0.148280	1.109280	-0.172051	0.397051
387	-0.148789	1.311789	-0.172427	0.397427
388	-0.149298	1.312298	-0.172802	0.965802
389	-0.149807	1.304807	-0.173177	0.966177
390	-0.150317	1.313317	-0.173552	1.068552
391	-0.150826	1.313826	-0.173927	0.966927
392	-0.151335	1.344335	-0.174302	1.069302
393	-0.151844	2.078844	-0.174677	1.830677
394	-0.152353	2.079353	-0.175052	1.831052
395	-0.152863	1.345862	-0.175427	1.831427
396	-0.153372	1.346372	-0.175803	1.831803
397	-0.153881	1.312881	-0.176178	0.882178
398	-0.154390	1.083390	-0.176553	0.545553
399	-0.154899	1.313899	-0.176928	0.545928
400	-0.155408	1.908408	-0.177303	0.047303
401	-0.155917	1.908917	-0.177678	0.239678
402	-0.156427	1.909427	-0.178053	0.240053
403	-0.156936	1.909936	-0.178428	0.240428
404	-0.157445	1.615445	-0.178803	0.240803
405	-0.157954	0.956954	-0.179179	0.241179
406	-0.158463	0.957463	-0.179554	0.398554
407	-0.158973	1.171972	-0.179929	0.398929
408	-0.159482	1.172482	-0.180304	-0.449696
409	-0.159991	1.362991	-0.180679	0.399679
410	-0.160500	1.363500	-0.181054	0.400054
411	-0.161009	1.235009	-0.181429	-0.037571
412	-0.161518	1.235518	-0.181804	0.392804
413	-0.162027	1.236028	-0.182179	0.393179
414	-0.162537	1.236537	-0.182555	-0.005445
415	-0.163046	1.420046	-0.182930	0.063930
416	-0.163555	1.420555	-0.183305	0.064305
417	-0.164064	1.421064	-0.183680	0.001680
418	-0.164573	1.421573	-0.184055	0.002055
419	-0.165083	1.340083	-0.184430	0.065430
420	-0.165592	1.202592	-0.184805	0.002805
421	-0.166101	1.203101	-0.185180	-0.222820
422	-0.166610	1.203610	-0.185555	-1.046445
423	-0.167119	1.789119	-0.185931	-0.990069
424	-0.167628	1.789628	-0.186306	-0.989694
425	-0.168137	1.790138	-0.186681	-0.388319
426	-0.168647	1.751647	-0.187056	-0.387944
427	-0.169156	1.752156	-0.187431	-0.387569
428	-0.169665	1.505665	-0.187806	-0.387194
429	-0.170174	1.506174	-0.188181	-0.103819
430	-0.170683	1.506683	-0.188556	-0.931444
431	-0.171193	1.451193	-0.188931	-0.103069
432	-0.171702	1.451702	-0.189307	-0.102693
433	-0.172211	1.452211	-0.189682	-0.102318
434	-0.172720	1.928720	-0.190057	0.595057
435	-0.173229	1.929229	-0.190432	0.800432
436	-0.173738	1.929738	-0.190807	0.800807
437	-0.174247	1.930248	-0.191182	0.801182
438	-0.174757	1.522757	-0.191557	0.801557
439	-0.175266	1.283266	-0.191932	0.801932
440	-0.175775	0.718775	-0.192307	0.717307
441	-0.176284	0.719284	-0.192683	-0.381317
442	-0.176793	0.660793	-0.193058	-0.352942
443	-0.177302	0.720303	-0.193433	-0.352567
444	-0.177812	1.047812	-0.193808	-0.352192
445	-0.178321	1.048321	-0.194183	-0.351817
446	-0.178830	1.508830	-0.194558	1.334558
447	-0.179339	1.509339	-0.194933	1.334933
448	-0.179848	1.350848	-0.195308	1.335308
449	-0.180358	1.351357	-0.195683	-0.637317
450	-0.180867	1.351867	-0.196059	-0.636941
451	-0.181376	1.077376	-0.196434	-0.958566
452	-0.181885	0.926885	-0.196809	-0.636191
453	-0.182394	0.889394	-0.197184	-0.635816
454	-0.182903	0.889903	-0.197559	-0.847441
455	-0.183412	0.515413	-0.197934	0.564934
456	-0.183922	0.515922	-0.198309	0.634309
457	-0.184431	0.696431	-0.198684	0.634684
458	-0.184940	0.782940	-0.199059	0.843059
459	-0.185449	1.104449	-0.199435	0.893435
460	-0.185958	1.104958	-0.199810	0.893810
461	-0.186468	1.105468	-0.200185	0.894185
462	-0.186977	1.105977	-0.200560	0.844560
463	-0.187486	1.106486	-0.200935	0.055935
464	-0.187995	0.977995	-0.201310	-0.054690
465	-0.188504	0.871504	-0.201685	0.056685
466	-0.189013	0.940013	-0.202060	0.057060
467	-0.189522	0.940522	-0.202435	0.057435
468	-0.190032	0.873032	-0.202811	-0.110189
469	-0.190541	0.941541	-0.203186	2.487186
470	-0.191050	0.942050	-0.203561	-0.109439
471	-0.191559	0.805559	-0.203936	-0.109064
472	-0.192068	0.764068	-0.204311	0.669311
473	-0.192578	1.525578	-0.204686	0.669686
474	-0.193087	1.526087	-0.205061	0.670061
475	-0.193596	1.526596	-0.205436	0.670436
476	-0.194105	1.527105	-0.205811	0.670811
477	-0.194614	1.527614	-0.206187	2.070187
478	-0.195123	1.194123	-0.206562	2.070562
479	-0.195632	1.194632	-0.206937	0.229937
480	-0.196142	1.399142	-0.207312	0.749312
481	-0.196651	1.399651	-0.207687	0.749687
482	-0.197160	1.400160	-0.208062	0.444062
483	-0.197669	1.400669	-0.208437	0.750437
484	-0.198178	1.315178	-0.208812	0.750812
485	-0.198688	0.914687	-0.209187	0.445187
486	-0.199197	1.316197	-0.209563	0.494563
487	-0.199706	0.787706	-0.209938	0.494938
488	-0.200215	0.775215	-0.210313	0.495313
489	-0.200724	1.110724	-0.210688	0.495688
490	-0.201233	1.111233	-0.211063	0.815063
491	-0.201742	1.111743	-0.211438	1.021438
492	-0.202252	1.112252	-0.211813	1.176813
493	-0.202761	1.132761	-0.212188	1.177188
494	-0.203270	1.133270	-0.212563	1.177563
495	-0.203779	1.133779	-0.212939	1.427939
496	-0.204288	1.044288	-0.213314	1.178314
497	-0.204797	1.044798	-0.213689	0.446689
498	-0.205307	1.045307	-0.214064	0.350064
499	-0.205816	1.228816	-0.214439	0.350439
500	-0.206325	1.229325	-0.214814	-0.639186
501	-0.206834	1.229834	-0.215189	-0.480811
502	-0.207343	1.348343	-0.215564	-0.638436
503	-0.207852	1.230852	-0.215939	-0.638061
504	-0.208362	0.850362	-0.216315	-0.479685
505	-0.208871	0.910871	-0.216690	-0.013310
506	-0.209380	1.350380	-0.217065	0.003065
507	-0.209889	0.911889	-0.217440	0.003440
508	-0.210398	0.912398	-0.217815	0.906815
509	-0.210907	0.956908	-0.218190	0.907190
510	-0.211417	1.150417	-0.218565	0.004565
511	-0.211926	0.957926	-0.218940	-0.838060
512	-0.212435	1.151435	-0.219315	-0.215685
513	-0.212944	1.151944	-0.219690	-0.240310
514	-0.213453	1.447453	-0.220066	-0.214934
515	-0.213962	1.447963	-0.220441	-0.214559
516	-0.214472	1.448472	-0.220816	-0.114184
517	-0.214981	1.163981	-0.221191	0.042191
518	-0.215490	1.164490	-0.221566	0.042566
519	-0.215999	1.105999	-0.221941	0.042941
520	-0.216508	0.976508	-0.222316	0.494316
521	-0.217017	0.977017	-0.222691	0.043691
522	-0.217527	1.133527	-0.223066	-0.273934
523	-0.218036	1.218036	-0.223442	0.495442
524	-0.218545	1.218545	-0.223817	0.495817
525	-0.219054	1.219054	-0.224192	0.090192
526	-0.219563	1.219563	-0.224567	0.090567
527	-0.220073	1.135073	-0.224942	0.090942
528	-0.220582	0.993582	-0.225317	0.025317
529	-0.221091	0.938091	-0.225692	0.091692
530	-0.221600	0.994600	-0.226067	0.935067
531	-0.222109	0.995109	-0.226442	0.935442
532	-0.222618	0.939618	-0.226818	0.935818
533	-0.223127	1.029127	-0.227193	0.936193
534	-0.223637	1.029637	-0.227568	0.936568
535	-0.224146	0.963146	-0.227943	-0.332057
536	-0.224655	1.042655	-0.228318	-0.119682
537	-0.225164	1.167164	-0.228693	-0.119307
538	-0.225673	1.167673	-0.229068	-0.118932
539	-0.226183	1.282183	-0.229443	-0.158557
540	-0.226692	1.282692	-0.229818	-0.118182
541	-0.227201	1.283201	-0.230194	-0.157806
542	-0.227710	0.876710	-0.230569	-0.807431
543	-0.228219	1.081219	-0.230944	-0.539056
544	-0.228728	1.006728	-0.231319	0.978319
545	-0.229237	1.007238	-0.231694	-0.538306
546	-0.229747	1.082747	-0.232069	1.325069
547	-0.230256	1.083256	-0.232444	1.325444
548	-0.230765	1.098765	-0.232819	1.325819
549	-0.231274	1.099274	-0.233194	-0.042806
550	-0.231783	1.099783	-0.233570	0.122570
551	-0.232292	0.374292	-0.233945	0.122945
552	-0.232802	0.374802	-0.234320	0.123320
553	-0.233311	0.375311	-0.234695	0.372695
554	-0.233820	0.375820	-0.235070	0.373070
555	-0.234329	0.376329	-0.235445	0.373445
556	-0.234838	-0.043162	-0.235820	0.029820
557	-0.235347	-0.042653	-0.236195	0.030195
558	-0.235857	-0.042143	-0.236570	0.030570
559	-0.236366	0.068366	-0.236946	0.030946
560	-0.236875	0.080875	-0.237321	0.031321
561	-0.237384	0.081384	-0.237696	-0.074304
562	-0.237893	0.081893	-0.238071	0.064071
563	-0.238402	0.082402	-0.238446	0.064446
564	-0.238912	-0.067088	-0.238821	0.102821
565	-0.239421	-0.066579	-0.239196	0.103196
566	-0.239930	-0.046070	-0.239571	0.103571
567	-0.240439	-0.012561	-0.239946	0.103946
568	-0.240948	-0.012052	-0.240322	0.099322
569	-0.241457	-0.011543	-0.240697	0.099697
570	-0.241967	-0.044033	-0.241072	0.100072
571	-0.242476	-0.034524	-0.241447	0.100447
572	-0.242985	-0.034015	-0.241822	-0.074178
573	-0.243494	-0.033506	-0.242197	0.148197
574	-0.244003	0.036003	-0.242572	0.148572
575	-0.244512	0.036512	-0.242947	0.148947
576	-0.245022	0.037022	-0.243322	0.149322
577	-0.245531	-0.079469	-0.243698	0.149698
578	-0.246040	-0.020960	-0.244073	0.056073
579	-0.246549	-0.087451	-0.244448	-0.000552
580	-0.247058	-0.086942	-0.244823	-0.000177
581	-0.247567	-0.019433	-0.245198	0.000198
582	-0.248077	-0.018923	-0.245573	-0.057427
583	-0.248586	-0.033414	-0.245948	-0.057052
584	-0.249095	-0.004905	-0.246323	-0.044677
585	-0.249604	-0.004396	-0.246698	0.089698
586	-0.250113	-0.027887	-0.247074	0.140074
587	-0.250622	0.003622	-0.247449	0.140449
588	-0.251132	0.004132	-0.247824	0.140824
589	-0.251641	0.007641	-0.248199	0.141199
590	-0.252150	0.008150	-0.248574	-0.124426
591	-0.252659	0.008659	-0.248949	-0.124051
592	-0.253168	-0.004832	-0.249324	-0.123676
593	-0.253678	-0.004323	-0.249699	-0.123301
594	-0.254187	-0.014813	-0.250074	-0.058926
595	-0.254696	-0.014304	-0.250450	-0.058550
596	-0.255205	-0.013795	-0.250825	-0.111175
597	-0.255714	-0.013286	-0.251200	-0.110800
598	-0.256223	-0.012777	-0.251575	-0.110425
599	-0.256732	-0.039268	-0.251950	-0.110050
600	-0.257242	-0.076758	-0.252325	-0.109675
601	-0.257751	-0.076249	-0.252700	-0.047300
602	-0.258260	-0.075740	-0.253075	-0.008925
603	-0.258769	-0.014231	-0.253450	-0.008550
604	-0.259278	0.058278	-0.253826	-0.008174
605	-0.259788	0.058787	-0.254201	-0.002799
606	-0.260297	0.064297	-0.254576	0.006576
607	-0.260806	0.064806	-0.254951	0.006951
608	-0.261315	0.065315	-0.255326	0.049326
609	-0.261824	0.048824	-0.255701	0.049701
610	-0.262333	0.049333	-0.256076	0.050076
611	-0.262842	0.031842	-0.256451	-0.149549
612	-0.263352	0.032352	-0.256826	-0.093174
613	-0.263861	0.050861	-0.257202	-0.092798
614	-0.264370	0.033370	-0.257577	-0.092423
615	-0.264879	0.033879	-0.257952	-0.092048
616	-0.265388	0.009388	-0.258327	-0.091673
617	-0.265898	0.009898	-0.258702	-0.102298
618	-0.266407	0.005407	-0.259077	-0.103923
619	-0.266916	0.005916	-0.259452	-0.103548
620	-0.267425	-0.044575	-0.259827	-0.118173
621	-0.267934	-0.052066	-0.260202	-0.118798
622	-0.268443	-0.051557	-0.260578	-0.118422
623	-0.268952	-0.021047	-0.260953	-0.118047
624	-0.269462	-0.020538	-0.261328	-0.125672
625	-0.269971	-0.020029	-0.261703	-0.127297
626	-0.270480	-0.019520	-0.262078	-0.126922
627	-0.270989	-0.045011	-0.262453	-0.126547
628	-0.271498	-0.044502	-0.262828	-0.116172
629	-0.272007	-0.043993	-0.263203	-0.115797
630	-0.272517	-0.021483	-0.263578	-0.115422
631	-0.273026	-0.020974	-0.263954	-0.115046
632	-0.273535	-0.020465	-0.264329	-0.120671
633	-0.274044	-0.019956	-0.264704	-0.120296
634	-0.274553	-0.026447	-0.265079	-0.115921
635	-0.275062	-0.029938	-0.265454	-0.115546
636	-0.275572	-0.032428	-0.265829	-0.115171
637	-0.276081	-0.028919	-0.266204	-0.114796
638	-0.276590	-0.031410	-0.266579	-0.116421
639	-0.277099	-0.030901	-0.266954	-0.116046
