0	-0.005	-0.003	0.771	0.0
1	-0.005	-0.004	0.767	0.2
2	-0.008	-0.006	0.770	0.4
3	-0.005	-0.006	0.768	0.6
4	-0.005	-0.005	0.768	0.8
5	-0.005	-0.003	0.770	1.0
6	-0.004	-0.004	0.772	1.2
7	-0.005	-0.003	0.770	1.4
8	-0.003	-0.006	0.768	1.6
9	-0.004	-0.004	0.769	1.8
10	-0.005	-0.005	0.766	2.0
11	-0.004	-0.003	0.770	2.2
12	-0.002	-0.005	0.769	2.4
13	-0.002	0.000	0.771	2.6
14	0.000	-0.003	0.770	2.8
15	-0.002	-0.001	0.772	3.0
16	-0.004	-0.001	0.766	3.2
17	-0.004	-0.002	0.774	3.4
18	-0.002	-0.002	0.773	3.6
19	-0.005	-0.002	0.771	3.8
20	-0.005	-0.002	0.770	4.0
21	-0.004	-0.004	0.768	4.2
22	-0.004	0.001	0.766	4.4
23	-0.005	-0.002	0.766	4.6
24	-0.005	0.000	0.773	4.8
25	-0.005	0.001	0.770	5.0
26	-0.007	-0.002	0.774	5.2
27	-0.004	-0.003	0.769	5.4
28	-0.007	-0.006	0.771	5.6
29	-0.005	-0.005	0.770	5.8
30	-0.006	-0.006	0.772	6.0
31	-0.005	-0.003	0.772	6.2
32	-0.007	-0.004	0.771	6.4
33	-0.006	-0.003	0.770	6.6
34	-0.006	-0.004	0.767	6.8
35	-0.005	-0.004	0.767	7.0
36	-0.005	-0.006	0.768	7.2
37	-0.004	-0.004	0.770	7.4
38	-0.003	0.001	0.770	7.6
39	-0.001	-0.002	0.771	7.8
40	-0.002	-0.001	0.770	8.0
41	-0.003	0.000	0.768	8.2
42	-0.002	0.001	0.767	8.4
43	-0.004	-0.004	0.774	8.6
44	-0.003	-0.002	0.770	8.8
45	-0.002	-0.001	0.770	9.0
46	-0.003	0.001	0.769	9.2
47	-0.002	0.002	0.769	9.4
48	-0.003	-0.002	0.767	9.6
49	-0.005	0.001	0.769	9.8
50	-0.003	-0.001	0.772	10.0
51	-0.002	-0.002	0.768	10.2
52	-0.004	-0.005	0.774	10.4
53	-0.003	-0.008	0.771	10.6
54	-0.002	-0.003	0.769	10.8
55	-0.004	0.003	0.768	11.0
56	-0.001	-0.001	0.770	11.2
57	-0.003	-0.003	0.772	11.4
58	-0.007	-0.003	0.773	11.6
59	-0.005	-0.006	0.767	11.8
60	-0.003	-0.007	0.768	12.0
61	-0.004	-0.005	0.768	12.2
62	-0.005	-0.003	0.769	12.4
63	-0.006	-0.003	0.769	12.6
64	-0.007	-0.001	0.772	12.8
65	-0.005	-0.003	0.772	13.0
66	-0.006	-0.005	0.768	13.2
67	-0.005	-0.005	0.770	13.4
68	-0.007	-0.006	0.769	13.6
69	-0.007	-0.006	0.767	13.8
70	-0.005	-0.002	0.769	14.0
71	-0.003	-0.002	0.772	14.2
72	-0.005	-0.004	0.769	14.4
73	-0.009	-0.004	0.768	14.6
74	-0.007	-0.007	0.766	14.8
75	-0.004	-0.010	0.768	15.0
76	-0.005	-0.009	0.771	15.2
77	-0.006	-0.007	0.772	15.4
78	-0.006	-0.010	0.772	15.6
79	-0.006	-0.004	0.768	15.8
80	-0.005	-0.005	0.772	16.0
81	-0.006	-0.005	0.771	16.2
82	-0.005	-0.007	0.772	16.4
83	-0.005	-0.008	0.769	16.6
84	-0.008	-0.008	0.773	16.8
85	-0.006	-0.008	0.768	17.0
86	-0.004	-0.006	0.771	17.2
87	-0.007	-0.004	0.766	17.4
88	-0.006	-0.005	0.769	17.6
89	-0.005	-0.007	0.770	17.8
90	-0.006	-0.006	0.771	18.0
91	-0.007	-0.008	0.772	18.2
92	-0.007	-0.009	0.771	18.4
93	-0.005	-0.009	0.773	18.6
94	-0.007	-0.007	0.770	18.8
95	-0.010	-0.004	0.770	19.0
96	-0.007	-0.003	0.768	19.2
97	-0.006	-0.007	0.772	19.4
98	-0.008	-0.009	0.768	19.6
99	-0.005	-0.010	0.769	19.8
100	-0.007	-0.007	0.767	20.0
101	-0.007	-0.007	0.768	20.2
102	-0.006	-0.008	0.772	20.4
103	-0.004	-0.006	0.771	20.6
104	-0.006	-0.006	0.771	20.8
105	-0.007	-0.006	0.771	21.0
106	-0.007	-0.006	0.771	21.2
107	-0.007	-0.007	0.771	21.4
108	-0.006	-0.007	0.771	21.6
109	-0.004	-0.009	0.773	21.8
110	-0.005	-0.007	0.771	22.0
111	-0.005	-0.004	0.771	22.2
112	-0.003	-0.004	0.771	22.4
113	-0.005	-0.004	0.768	22.6
114	-0.005	-0.006	0.768	22.8
115	-0.006	-0.007	0.770	23.0
116	-0.005	-0.009	0.770	23.2
117	-0.003	-0.008	0.772	23.4
118	-0.005	-0.006	0.769	23.6
119	-0.005	-0.006	0.772	23.8
120	-0.003	-0.005	0.764	24.0
121	-0.004	-0.004	0.771	24.2
122	-0.005	-0.007	0.771	24.4
123	-0.006	-0.008	0.772	24.6
124	-0.007	-0.005	0.768	24.8
125	-0.007	-0.007	0.773	25.0
126	-0.009	-0.007	0.766	25.2
127	-0.005	-0.005	0.768	25.4
128	-0.006	-0.002	0.770	25.6
129	-0.007	-0.007	0.770	25.8
130	-0.006	-0.006	0.772	26.0
131	-0.008	-0.012	0.770	26.2
132	-0.007	-0.010	0.771	26.4
133	-0.009	-0.007	0.769	26.6
134	-0.007	-0.007	0.768	26.8
135	-0.006	-0.005	0.766	27.0
136	-0.010	-0.007	0.771	27.2
137	-0.008	-0.005	0.771	27.4
138	-0.007	-0.006	0.771	27.6
139	-0.007	-0.009	0.767	27.8
140	-0.007	-0.008	0.770	28.0
141	-0.008	-0.008	0.769	28.2
142	-0.006	-0.007	0.770	28.4
143	-0.008	-0.005	0.772	28.6
144	-0.007	-0.006	0.772	28.8
145	-0.007	-0.007	0.774	29.0
146	-0.007	-0.006	0.771	29.2
147	-0.009	-0.007	0.769	29.4
148	-0.009	-0.007	0.765	29.6
149	-0.009	-0.007	0.774	29.8
150	-0.007	-0.005	0.769	30.0
151	-0.006	-0.007	0.771	30.2
152	-0.009	-0.006	0.771	30.4
153	-0.008	-0.002	0.771	30.6
154	-0.009	-0.005	0.772	30.8
155	-0.008	-0.003	0.769	31.0
156	-0.007	-0.007	0.768	31.2
157	-0.007	-0.007	0.770	31.4
158	-0.009	-0.007	0.774	31.6
159	-0.009	-0.005	0.768	31.8
160	-0.009	-0.006	0.770	32.0
161	-0.009	-0.006	0.767	32.2
162	-0.007	-0.007	0.769	32.4
163	-0.009	-0.006	0.769	32.6
164	-0.010	-0.005	0.771	32.8
165	-0.010	-0.005	0.770	33.0
166	-0.010	-0.009	0.770	33.2
167	-0.010	-0.004	0.766	33.4
168	-0.008	-0.002	0.768	33.6
169	-0.007	-0.005	0.771	33.8
170	-0.009	-0.004	0.774	34.0
171	-0.009	-0.005	0.772	34.2
172	-0.007	-0.006	0.770	34.4
173	-0.004	-0.004	0.773	34.6
174	-0.007	-0.004	0.769	34.8
175	-0.004	-0.003	0.773	35.0
176	-0.005	-0.002	0.767	35.2
177	-0.008	-0.002	0.768	35.4
178	-0.007	-0.002	0.771	35.6
179	-0.005	-0.002	0.773	35.8
180	-0.006	-0.001	0.766	36.0
181	-0.003	-0.004	0.768	36.2
182	-0.006	-0.005	0.767	36.4
183	-0.005	-0.003	0.768	36.6
184	-0.005	-0.003	0.771	36.8
185	-0.004	-0.003	0.770	37.0
186	-0.004	-0.003	0.771	37.2
187	-0.003	-0.004	0.770	37.4
188	-0.004	-0.005	0.772	37.6
189	-0.003	-0.007	0.767	37.8
190	-0.002	-0.005	0.771	38.0
191	-0.002	-0.005	0.770	38.2
192	-0.001	-0.003	0.770	38.4
193	0.001	-0.002	0.768	38.6
194	-0.004	-0.004	0.768	38.8
195	-0.007	-0.007	0.767	39.0
196	-0.006	-0.011	0.767	39.2
197	-0.005	-0.008	0.772	39.4
198	-0.005	-0.005	0.769	39.6
199	-0.005	-0.003	0.773	39.8
200	-0.008	-0.003	0.765	40.0
201	-0.005	-0.005	0.771	40.2
202	-0.007	-0.003	0.768	40.4
203	-0.006	-0.006	0.774	40.6
204	-0.008	-0.007	0.775	40.8
205	-0.007	-0.007	0.772	41.0
206	-0.007	-0.005	0.773	41.2
207	-0.006	-0.003	0.770	41.4
208	-0.006	-0.001	0.767	41.6
209	-0.006	-0.002	0.768	41.8
210	-0.004	-0.001	0.773	42.0
211	-0.007	-0.005	0.766	42.2
212	-0.005	-0.006	0.771	42.4
213	-0.007	-0.007	0.772	42.6
214	-0.005	-0.001	0.772	42.8
215	-0.003	0.000	0.766	43.0
216	-0.004	0.000	0.772	43.2
217	-0.003	0.001	0.768	43.4
218	-0.004	-0.002	0.773	43.6
219	-0.004	-0.002	0.773	43.8
220	-0.002	-0.006	0.771	44.0
221	-0.005	-0.004	0.769	44.2
222	0.001	-0.004	0.767	44.4
223	-0.001	-0.003	0.769	44.6
224	0.001	0.002	0.767	44.8
225	-0.001	0.002	0.768	45.0
226	0.001	-0.001	0.769	45.2
227	0.002	-0.005	0.769	45.4
228	0.000	-0.007	0.765	45.6
229	0.002	-0.008	0.769	45.8
230	0.002	-0.010	0.770	46.0
231	-0.001	-0.006	0.770	46.2
232	-0.001	-0.005	0.771	46.4
233	0.001	-0.004	0.771	46.6
234	-0.002	-0.007	0.774	46.8
235	-0.004	-0.008	0.767	47.0
236	-0.003	-0.011	0.770	47.2
237	-0.004	-0.011	0.768	47.4
238	-0.004	-0.010	0.773	47.6
239	-0.005	-0.009	0.769	47.8
240	-0.005	-0.005	0.771	48.0
241	-0.008	-0.007	0.768	48.2
242	-0.005	-0.005	0.770	48.4
243	-0.008	-0.008	0.768	48.6
244	-0.007	-0.005	0.769	48.8
245	-0.007	-0.011	0.769	49.0
246	-0.005	-0.008	0.771	49.2
247	-0.009	-0.009	0.771	49.4
248	-0.007	-0.007	0.768	49.6
249	-0.009	-0.003	0.770	49.8
250	-0.009	-0.003	0.767	50.0
251	-0.009	-0.003	0.770	50.2
252	-0.009	-0.005	0.769	50.4
253	-0.010	-0.006	0.771	50.6
254	-0.011	-0.010	0.770	50.8
255	-0.009	-0.007	0.770	51.0
256	-0.012	-0.005	0.766	51.2
257	-0.012	-0.005	0.767	51.4
258	-0.011	-0.003	0.770	51.6
259	-0.012	-0.003	0.771	51.8
260	-0.009	-0.005	0.773	52.0
261	-0.011	-0.006	0.772	52.2
262	-0.007	-0.009	0.773	52.4
263	-0.008	-0.008	0.768	52.6
264	-0.005	-0.003	0.769	52.8
265	-0.006	-0.003	0.767	53.0
266	-0.005	0.001	0.771	53.2
267	-0.003	-0.004	0.768	53.4
268	-0.002	-0.004	0.771	53.6
269	-0.002	-0.005	0.769	53.8
270	-0.004	-0.005	0.769	54.0
271	0.000	-0.005	0.769	54.2
272	-0.001	-0.003	0.768	54.4
273	-0.001	-0.001	0.769	54.6
274	0.000	-0.001	0.771	54.8
275	-0.001	-0.003	0.771	55.0
276	-0.003	-0.005	0.769	55.2
277	-0.004	-0.006	0.772	55.4
278	-0.003	-0.008	0.768	55.6
279	-0.003	-0.008	0.771	55.8
280	-0.001	-0.004	0.772	56.0
281	-0.002	-0.004	0.773	56.2
282	-0.002	-0.004	0.770	56.4
283	0.001	-0.003	0.769	56.6
284	0.000	-0.003	0.772	56.8
285	-0.001	-0.004	0.767	57.0
286	0.000	-0.006	0.769	57.2
287	-0.002	-0.005	0.770	57.4
288	-0.002	-0.003	0.771	57.6
289	-0.001	-0.001	0.771	57.8
290	0.000	-0.002	0.772	58.0
291	-0.002	-0.003	0.767	58.2
292	-0.003	-0.003	0.770	58.4
293	-0.001	-0.002	0.771	58.6
294	-0.001	-0.003	0.770	58.8
295	0.000	-0.003	0.772	59.0
296	0.001	-0.006	0.769	59.2
297	0.001	-0.001	0.769	59.4
298	0.002	-0.005	0.769	59.6
299	0.004	-0.001	0.771	59.8
300	0.006	-0.002	0.766	60.0
301	0.005	-0.001	0.774	60.2
302	0.006	-0.005	0.767	60.4
303	0.006	-0.004	0.770	60.6
304	0.003	-0.002	0.767	60.8
305	0.006	-0.003	0.771	61.0
306	0.006	-0.002	0.769	61.2
307	0.004	-0.002	0.772	61.4
308	0.005	-0.001	0.771	61.6
309	0.006	-0.003	0.773	61.8
310	0.005	0.001	0.771	62.0
311	0.004	0.000	0.768	62.2
312	0.004	-0.003	0.768	62.4
313	0.003	-0.003	0.766	62.6
314	0.003	-0.001	0.771	62.8
315	0.002	-0.001	0.771	63.0
316	0.003	-0.001	0.773	63.2
317	0.004	-0.001	0.769	63.4
318	0.003	-0.004	0.769	63.6
319	0.005	-0.001	0.768	63.8
320	0.003	-0.002	0.770	64.0
321	0.002	0.000	0.774	64.2
322	0.000	-0.002	0.770	64.4
323	0.002	-0.001	0.772	64.6
324	-0.001	-0.003	0.768	64.8
325	0.001	-0.002	0.773	65.0
326	-0.001	-0.004	0.766	65.2
327	0.000	-0.003	0.769	65.4
328	-0.003	0.001	0.768	65.6
329	0.001	-0.005	0.772	65.8
330	-0.003	-0.002	0.770	66.0
331	-0.004	-0.002	0.770	66.2
332	-0.006	-0.002	0.766	66.4
333	-0.003	-0.003	0.766	66.6
334	-0.005	-0.001	0.769	66.8
335	-0.006	-0.002	0.765	67.0
336	-0.005	-0.002	0.772	67.2
337	-0.007	-0.001	0.766	67.4
338	-0.005	-0.003	0.771	67.6
339	-0.003	-0.001	0.768	67.8
340	-0.005	-0.003	0.772	68.0
341	-0.006	0.000	0.766	68.2
342	-0.006	-0.003	0.772	68.4
343	-0.007	-0.002	0.771	68.6
344	-0.005	-0.002	0.771	68.8
345	-0.003	-0.001	0.771	69.0
346	-0.004	-0.002	0.769	69.2
347	-0.004	-0.002	0.768	69.4
348	-0.005	-0.001	0.764	69.6
349	-0.001	-0.001	0.768	69.8
350	-0.003	-0.003	0.771	70.0
351	0.000	-0.003	0.771	70.2
352	-0.001	-0.001	0.766	70.4
353	-0.001	-0.003	0.770	70.6
354	-0.002	-0.002	0.768	70.8
355	0.000	-0.003	0.768	71.0
356	-0.001	-0.002	0.767	71.2
357	-0.001	-0.005	0.772	71.4
358	-0.001	-0.003	0.773	71.6
359	0.001	-0.005	0.769	71.8
360	-0.004	-0.004	0.771	72.0
361	-0.004	-0.004	0.768	72.2
362	-0.007	0.001	0.769	72.4
363	-0.006	-0.004	0.770	72.6
364	-0.007	-0.004	0.772	72.8
365	-0.008	-0.004	0.771	73.0
366	-0.007	-0.003	0.772	73.2
367	-0.005	-0.003	0.768	73.4
368	-0.006	-0.005	0.768	73.6
369	-0.009	-0.004	0.768	73.8
370	-0.007	-0.002	0.770	74.0
371	-0.007	0.000	0.773	74.2
372	-0.003	0.000	0.771	74.4
373	-0.002	-0.002	0.775	74.6
374	-0.001	-0.001	0.769	74.8
375	0.000	-0.003	0.768	75.0
376	0.000	-0.002	0.769	75.2
377	0.001	0.000	0.772	75.4
378	0.000	0.000	0.769	75.6
379	-0.002	0.002	0.772	75.8
380	-0.001	-0.003	0.770	76.0
381	-0.002	0.000	0.771	76.2
382	-0.002	-0.001	0.766	76.4
383	-0.002	-0.002	0.767	76.6
384	-0.003	-0.005	0.768	76.8
385	-0.001	-0.003	0.768	77.0
386	-0.002	0.001	0.772	77.2
387	0.000	-0.001	0.768	77.4
388	-0.002	-0.001	0.773	77.6
389	-0.003	-0.002	0.766	77.8
390	-0.003	-0.003	0.771	78.0
391	-0.005	-0.001	0.770	78.2
392	-0.003	-0.003	0.771	78.4
393	-0.002	-0.001	0.769	78.6
394	-0.005	-0.003	0.771	78.8
395	-0.003	-0.003	0.775	79.0
396	-0.002	0.000	0.768	79.2
397	-0.003	-0.002	0.768	79.4
398	-0.003	-0.001	0.766	79.6
399	-0.005	-0.006	0.772	79.8
400	-0.003	-0.002	0.766	80.0
401	-0.004	-0.003	0.772	80.2
402	-0.004	0.001	0.771	80.4
403	-0.002	-0.001	0.769	80.6
404	-0.002	-0.003	0.769	80.8
405	-0.001	-0.002	0.768	81.0
406	-0.003	-0.005	0.771	81.2
407	-0.003	-0.004	0.771	81.4
408	-0.003	-0.004	0.772	81.6
409	-0.002	-0.004	0.769	81.8
410	-0.004	-0.001	0.773	82.0
411	-0.004	-0.003	0.769	82.2
412	-0.002	0.000	0.772	82.4
413	-0.001	-0.004	0.765	82.6
414	-0.004	-0.001	0.772	82.8
415	-0.003	-0.003	0.770	83.0
416	-0.004	-0.004	0.769	83.2
417	-0.002	-0.002	0.769	83.4
418	-0.001	-0.003	0.770	83.6
419	-0.002	-0.002	0.769	83.8
420	0.001	-0.001	0.768	84.0
421	-0.001	-0.001	0.772	84.2
422	0.001	-0.001	0.770	84.4
423	0.001	-0.004	0.771	84.6
424	-0.002	-0.002	0.771	84.8
425	0.002	-0.004	0.771	85.0
426	0.001	-0.002	0.769	85.2
427	-0.001	-0.004	0.773	85.4
428	0.000	-0.001	0.771	85.6
429	-0.001	-0.003	0.771	85.8
430	0.000	-0.002	0.770	86.0
431	0.000	-0.004	0.768	86.2
432	-0.001	-0.003	0.768	86.4
433	0.001	-0.001	0.767	86.6
434	0.001	-0.004	0.772	86.8
435	-0.001	-0.002	0.769	87.0
436	0.001	-0.003	0.771	87.2
437	0.001	-0.003	0.772	87.4
438	0.001	-0.001	0.770	87.6
439	0.001	-0.003	0.767	87.8
440	0.001	-0.003	0.765	88.0
441	0.001	-0.005	0.768	88.2
442	0.002	-0.003	0.771	88.4
443	0.002	0.001	0.772	88.6
444	0.003	-0.003	0.772	88.8
445	0.003	-0.002	0.772	89.0
446	0.003	-0.001	0.771	89.2
447	0.003	-0.004	0.770	89.4
448	0.002	-0.003	0.768	89.6
449	0.002	-0.005	0.774	89.8
450	0.002	-0.004	0.771	90.0
451	0.003	-0.003	0.772	90.2
452	0.002	-0.002	0.768	90.4
453	0.004	-0.001	0.767	90.6
454	0.006	-0.003	0.768	90.8
455	0.006	-0.004	0.766	91.0
456	0.004	-0.003	0.771	91.2
457	0.002	-0.005	0.768	91.4
458	0.004	-0.004	0.773	91.6
459	0.004	-0.003	0.772	91.8
460	0.004	0.000	0.770	92.0
461	0.002	-0.002	0.768	92.2
462	0.004	-0.001	0.769	92.4
463	0.002	-0.003	0.770	92.6
464	0.001	-0.005	0.771	92.8
465	0.002	-0.006	0.773	93.0
466	0.003	-0.003	0.773	93.2
467	0.004	-0.003	0.770	93.4
468	0.002	-0.002	0.768	93.6
469	0.001	-0.001	0.769	93.8
470	-0.002	-0.001	0.767	94.0
471	0.001	-0.004	0.771	94.2
472	0.003	-0.003	0.770	94.4
473	0.002	-0.003	0.771	94.6
474	0.004	-0.005	0.770	94.8
475	0.002	-0.001	0.768	95.0
476	0.000	-0.004	0.771	95.2
477	-0.001	-0.003	0.766	95.4
478	0.001	-0.001	0.772	95.6
479	-0.001	-0.001	0.771	95.8
480	0.003	-0.002	0.775	96.0
481	0.002	-0.002	0.767	96.2
482	0.002	-0.006	0.771	96.4
483	0.003	-0.005	0.768	96.6
484	0.001	-0.002	0.772	96.8
485	0.000	-0.004	0.768	97.0
486	0.002	-0.002	0.771	97.2
487	0.004	-0.004	0.771	97.4
488	0.003	-0.003	0.767	97.6
489	0.002	0.000	0.769	97.8
490	0.002	-0.005	0.765	98.0
491	0.001	-0.005	0.767	98.2
492	0.001	-0.005	0.768	98.4
493	0.000	-0.003	0.774	98.6
494	0.003	-0.002	0.766	98.8
495	0.002	-0.003	0.772	99.0
496	-0.002	-0.006	0.767	99.2
497	-0.001	-0.006	0.769	99.4
498	-0.001	-0.008	0.766	99.6
499	0.002	-0.007	0.769	99.8
500	-0.001	-0.002	0.774	100.0
501	-0.002	-0.002	0.772	100.2
502	-0.001	-0.002	0.775	100.4
503	-0.004	-0.003	0.769	100.6
504	-0.003	-0.001	0.771	100.8
505	-0.003	-0.005	0.769	101.0
506	-0.004	-0.005	0.770	101.2
507	-0.004	-0.006	0.770	101.4
508	-0.007	-0.005	0.769	101.6
509	-0.003	-0.003	0.768	101.8
510	-0.002	-0.003	0.767	102.0
511	-0.005	-0.001	0.767	102.2
512	-0.004	-0.002	0.770	102.4
513	-0.002	-0.005	0.767	102.6
514	-0.002	-0.001	0.770	102.8
515	-0.001	-0.005	0.772	103.0
516	-0.001	-0.004	0.770	103.2
517	-0.038	-0.218	1.115	103.4
518	-0.040	-0.211	1.093	103.6
519	-0.036	-0.204	1.078	103.8
520	-0.036	-0.202	1.088	104.0
521	-0.036	-0.194	1.092	104.2
522	-0.034	-0.194	1.074	104.4
523	-0.036	-0.196	1.072	104.6
524	-0.035	-0.192	1.077	104.8
525	-0.036	-0.189	1.066	105.0
526	-0.034	-0.190	1.059	105.2
527	-0.035	-0.186	1.064	105.4
528	-0.036	-0.186	1.066	105.6
529	-0.034	-0.186	1.052	105.8
530	-0.036	-0.184	1.055	106.0
531	-0.034	-0.182	1.062	106.2
532	-0.033	-0.183	1.060	106.4
533	-0.034	-0.184	1.044	106.6
534	-0.033	-0.184	1.052	106.8
535	-0.034	-0.180	1.054	107.0
536	-0.033	-0.181	1.050	107.2
537	-0.033	-0.183	1.048	107.4
538	-0.033	-0.180	1.041	107.6
539	-0.030	-0.178	1.051	107.8
540	-0.030	-0.178	1.048	108.0
541	-0.033	-0.178	1.044	108.2
542	-0.031	-0.180	1.044	108.4
543	-0.032	-0.179	1.050	108.6
544	-0.031	-0.177	1.044	108.8
545	-0.033	-0.176	1.043	109.0
546	-0.032	-0.175	1.046	109.2
547	-0.032	-0.176	1.042	109.4
548	-0.034	-0.179	1.043	109.6
549	-0.032	-0.175	1.037	109.8
550	-0.031	-0.175	1.041	110.0
551	-0.031	-0.176	1.040	110.2
552	-0.031	-0.174	1.036	110.4
553	-0.029	-0.173	1.039	110.6
554	-0.030	-0.173	1.044	110.8
555	-0.031	-0.175	1.038	111.0
556	-0.029	-0.175	1.035	111.2
557	-0.032	-0.174	1.034	111.4
558	-0.029	-0.174	1.041	111.6
559	-0.029	-0.173	1.036	111.8
560	-0.029	-0.171	1.028	112.0
561	-0.030	-0.173	1.045	112.2
562	-0.029	-0.174	1.034	112.4
563	-0.028	-0.174	1.031	112.6
564	-0.030	-0.172	1.029	112.8
565	-0.029	-0.174	1.035	113.0
566	-0.029	-0.171	1.032	113.2
567	-0.027	-0.173	1.037	113.4
568	-0.030	-0.172	1.029	113.6
569	-0.029	-0.171	1.035	113.8
570	-0.030	-0.171	1.034	114.0
571	-0.031	-0.171	1.027	114.2
572	-0.030	-0.169	1.033	114.4
573	-0.029	-0.170	1.029	114.6
574	-0.030	-0.170	1.029	114.8
575	-0.031	-0.168	1.032	115.0
576	-0.032	-0.165	1.032	115.2
577	-0.031	-0.169	1.027	115.4
578	-0.029	-0.168	1.024	115.6
579	-0.030	-0.167	1.027	115.8
580	-0.029	-0.168	1.034	116.0
581	-0.028	-0.167	1.029	116.2
582	-0.031	-0.171	1.030	116.4
583	-0.030	-0.166	1.027	116.6
584	-0.030	-0.169	1.027	116.8
585	-0.031	-0.167	1.028	117.0
586	-0.029	-0.169	1.022	117.2
587	-0.029	-0.169	1.028	117.4
588	-0.030	-0.164	1.030	117.6
589	-0.030	-0.166	1.028	117.8
590	-0.032	-0.165	1.026	118.0
591	-0.029	-0.163	1.028	118.2
592	-0.029	-0.164	1.026	118.4
593	-0.029	-0.165	1.022	118.6
594	-0.028	-0.164	1.024	118.8
595	-0.026	-0.161	1.028	119.0
596	-0.028	-0.163	1.029	119.2
597	-0.027	-0.162	1.021	119.4
598	-0.028	-0.164	1.026	119.6
599	-0.026	-0.164	1.025	119.8
600	-0.026	-0.162	1.025	120.0
601	-0.026	-0.164	1.018	120.2
602	-0.027	-0.163	1.027	120.4
603	-0.030	-0.161	1.028	120.6
604	-0.028	-0.163	1.024	120.8
605	-0.029	-0.163	1.024	121.0
606	-0.030	-0.162	1.022	121.2
607	-0.028	-0.161	1.028	121.4
608	-0.028	-0.165	1.014	121.6
609	-0.030	-0.164	1.017	121.8
610	-0.026	-0.162	1.028	122.0
611	-0.027	-0.162	1.023	122.2
612	-0.030	-0.164	1.016	122.4
613	-0.029	-0.165	1.024	122.6
614	-0.029	-0.161	1.024	122.8
615	-0.029	-0.164	1.018	123.0
616	-0.029	-0.160	1.013	123.2
617	-0.030	-0.163	1.026	123.4
618	-0.032	-0.164	1.027	123.6
619	-0.028	-0.162	1.017	123.8
620	-0.029	-0.163	1.025	124.0
621	-0.029	-0.161	1.022	124.2
622	-0.030	-0.162	1.021	124.4
623	-0.029	-0.162	1.017	124.6
624	-0.029	-0.162	1.023	124.8
625	-0.029	-0.160	1.020	125.0
626	-0.029	-0.160	1.018	125.2
627	-0.032	-0.162	1.019	125.4
628	-0.029	-0.161	1.022	125.6
629	-0.029	-0.159	1.018	125.8
630	-0.028	-0.160	1.012	126.0
631	-0.029	-0.159	1.022	126.2
632	-0.029	-0.163	1.022	126.4
633	-0.030	-0.160	1.025	126.6
634	-0.030	-0.159	1.014	126.8
635	-0.030	-0.161	1.018	127.0
636	-0.029	-0.160	1.024	127.2
637	-0.030	-0.159	1.020	127.4
638	-0.029	-0.158	1.016	127.6
639	-0.028	-0.158	1.025	127.8
640	-0.028	-0.156	1.022	128.0
641	-0.029	-0.158	1.013	128.2
642	-0.030	-0.157	1.020	128.4
643	-0.027	-0.154	1.019	128.6
644	-0.030	-0.160	1.015	128.8
645	-0.029	-0.160	1.013	129.0
646	-0.029	-0.156	1.018	129.2
647	-0.028	-0.158	1.016	129.4
648	-0.028	-0.157	1.017	129.6
649	-0.029	-0.157	1.021	129.8
650	-0.026	-0.158	1.017	130.0
651	-0.029	-0.154	1.015	130.2
652	-0.028	-0.155	1.016	130.4
653	-0.030	-0.158	1.015	130.6
654	-0.028	-0.157	1.016	130.8
655	-0.025	-0.158	1.021	131.0
656	-0.029	-0.156	1.018	131.2
657	-0.027	-0.155	1.015	131.4
658	-0.028	-0.155	1.019	131.6
659	-0.027	-0.157	1.019	131.8
660	-0.029	-0.157	1.014	132.0
661	-0.028	-0.155	1.021	132.2
662	-0.028	-0.155	1.020	132.4
663	-0.028	-0.155	1.017	132.6
664	-0.027	-0.156	1.019	132.8
665	-0.028	-0.155	1.015	133.0
666	-0.027	-0.155	1.018	133.2
667	-0.028	-0.154	1.009	133.4
668	-0.029	-0.152	1.018	133.6
669	-0.026	-0.156	1.019	133.8
670	-0.028	-0.157	1.017	134.0
671	-0.026	-0.157	1.017	134.2
672	-0.026	-0.154	1.014	134.4
673	-0.030	-0.159	1.014	134.6
674	-0.027	-0.160	1.014	134.8
675	-0.026	-0.158	1.016	135.0
676	-0.028	-0.157	1.017	135.2
677	-0.026	-0.156	1.020	135.4
678	-0.029	-0.155	1.013	135.6
679	-0.029	-0.157	1.016	135.8
680	-0.028	-0.157	1.012	136.0
681	-0.026	-0.156	1.012	136.2
682	-0.028	-0.157	1.013	136.4
683	-0.026	-0.154	1.016	136.6
684	-0.028	-0.154	1.016	136.8
685	-0.028	-0.156	1.019	137.0
686	-0.026	-0.155	1.016	137.2
687	-0.027	-0.155	1.012	137.4
688	-0.028	-0.154	1.013	137.6
689	-0.025	-0.155	1.014	137.8
690	-0.026	-0.154	1.013	138.0
691	-0.028	-0.156	1.008	138.2
692	-0.029	-0.157	1.018	138.4
693	-0.028	-0.155	1.013	138.6
694	-0.029	-0.155	1.012	138.8
695	-0.027	-0.157	1.017	139.0
696	-0.028	-0.157	1.011	139.2
697	-0.026	-0.154	1.013	139.4
698	-0.026	-0.156	1.014	139.6
699	-0.028	-0.157	1.016	139.8
700	-0.025	-0.158	1.014	140.0
701	-0.028	-0.155	1.019	140.2
702	-0.027	-0.153	1.012	140.4
703	-0.029	-0.156	1.011	140.6
704	-0.029	-0.157	1.014	140.8
705	-0.026	-0.154	1.016	141.0
706	-0.028	-0.156	1.011	141.2
707	-0.029	-0.156	1.019	141.4
708	-0.028	-0.154	1.017	141.6
709	-0.027	-0.157	1.010	141.8
710	-0.028	-0.157	1.014	142.0
711	-0.027	-0.158	1.018	142.2
712	-0.026	-0.156	1.006	142.4
713	-0.028	-0.154	1.010	142.6
714	-0.026	-0.154	1.015	142.8
715	-0.028	-0.155	1.014	143.0
716	-0.026	-0.155	1.010	143.2
717	-0.027	-0.156	1.015	143.4
718	-0.027	-0.155	1.011	143.6
719	-0.026	-0.153	1.018	143.8
720	-0.027	-0.158	1.014	144.0
721	-0.028	-0.156	1.014	144.2
722	-0.027	-0.154	1.014	144.4
723	-0.028	-0.154	1.024	144.6
724	-0.025	-0.155	1.013	144.8
725	-0.025	-0.156	1.010	145.0
726	-0.025	-0.156	1.013	145.2
727	-0.027	-0.155	1.012	145.4
728	-0.026	-0.155	1.015	145.6
729	-0.025	-0.153	1.016	145.8
730	-0.029	-0.156	1.015	146.0
731	-0.026	-0.156	1.012	146.2
732	-0.028	-0.157	1.014	146.4
733	-0.026	-0.155	1.012	146.6
734	-0.026	-0.157	1.014	146.8
735	-0.029	-0.158	1.019	147.0
736	-0.025	-0.159	1.012	147.2
737	-0.026	-0.154	1.011	147.4
738	-0.029	-0.154	1.020	147.6
739	-0.026	-0.152	1.006	147.8
740	-0.026	-0.152	1.010	148.0
741	-0.027	-0.152	1.015	148.2
742	-0.024	-0.155	1.020	148.4
743	-0.026	-0.155	1.015	148.6
744	-0.028	-0.157	1.018	148.8
745	-0.028	-0.155	1.020	149.0
746	-0.028	-0.155	1.006	149.2
747	-0.027	-0.155	1.012	149.4
748	-0.028	-0.156	1.010	149.6
749	-0.027	-0.155	1.019	149.8
750	-0.027	-0.157	1.013	150.0
751	-0.028	-0.154	1.013	150.2
752	-0.028	-0.153	1.019	150.4
753	-0.025	-0.153	1.016	150.6
754	-0.026	-0.155	1.010	150.8
755	-0.028	-0.155	1.010	151.0
756	-0.027	-0.155	1.016	151.2
757	-0.028	-0.153	1.011	151.4
758	-0.026	-0.156	1.019	151.6
759	-0.027	-0.155	1.011	151.8
760	-0.027	-0.153	1.019	152.0
761	-0.029	-0.158	1.012	152.2
762	-0.028	-0.157	1.009	152.4
763	-0.029	-0.155	1.018	152.6
764	-0.025	-0.154	1.012	152.8
765	-0.026	-0.153	1.013	153.0
766	-0.026	-0.155	1.018	153.2
767	-0.025	-0.157	1.014	153.4
768	-0.028	-0.156	1.013	153.6
769	-0.024	-0.157	1.006	153.8
770	-0.029	-0.158	1.010	154.0
771	-0.026	-0.157	1.015	154.2
772	-0.026	-0.156	1.017	154.4
773	-0.025	-0.159	1.012	154.6
774	-0.027	-0.159	1.011	154.8
775	-0.025	-0.157	1.010	155.0
776	-0.027	-0.157	1.012	155.2
777	-0.028	-0.158	1.007	155.4
778	-0.027	-0.158	1.013	155.6
779	-0.029	-0.159	1.014	155.8
780	-0.028	-0.159	1.016	156.0
781	-0.027	-0.156	1.004	156.2
782	-0.026	-0.156	1.013	156.4
783	-0.028	-0.156	1.015	156.6
784	-0.027	-0.155	1.007	156.8
785	-0.026	-0.158	1.008	157.0
786	-0.026	-0.159	1.020	157.2
787	-0.027	-0.153	1.020	157.4
788	-0.028	-0.155	1.006	157.6
789	-0.028	-0.157	1.011	157.8
790	-0.030	-0.157	1.011	158.0
791	-0.028	-0.160	1.014	158.2
792	-0.028	-0.159	1.008	158.4
793	-0.028	-0.157	1.015	158.6
794	-0.028	-0.156	1.012	158.8
795	-0.025	-0.160	1.012	159.0
796	-0.026	-0.159	1.010	159.2
797	-0.026	-0.160	1.012	159.4
798	-0.026	-0.160	1.012	159.6
799	-0.026	-0.159	1.004	159.8
800	-0.026	-0.159	1.009	160.0
801	-0.029	-0.159	1.019	160.2
802	-0.025	-0.159	1.018	160.4
803	-0.024	-0.159	1.008	160.6
804	-0.028	-0.158	1.015	160.8
805	-0.026	-0.158	1.009	161.0
806	-0.026	-0.159	1.015	161.2
807	-0.025	-0.157	1.012	161.4
808	-0.026	-0.159	1.018	161.6
809	-0.026	-0.160	1.015	161.8
810	-0.027	-0.161	1.010	162.0
811	-0.025	-0.158	1.018	162.2
812	-0.025	-0.156	1.013	162.4
813	-0.026	-0.157	1.010	162.6
814	-0.026	-0.159	1.009	162.8
815	-0.028	-0.160	1.010	163.0
816	-0.027	-0.160	1.016	163.2
817	-0.028	-0.161	1.014	163.4
818	-0.027	-0.159	1.011	163.6
819	-0.026	-0.159	1.014	163.8
820	-0.028	-0.157	1.012	164.0
821	-0.027	-0.159	1.009	164.2
822	-0.026	-0.160	1.019	164.4
823	-0.026	-0.160	1.014	164.6
824	-0.026	-0.159	1.016	164.8
825	-0.028	-0.159	1.011	165.0
826	-0.029	-0.157	1.016	165.2
827	-0.026	-0.158	1.014	165.4
828	-0.028	-0.161	1.012	165.6
829	-0.027	-0.160	1.009	165.8
830	-0.026	-0.155	1.022	166.0
831	-0.028	-0.158	1.015	166.2
832	-0.028	-0.159	1.013	166.4
833	-0.027	-0.160	1.010	166.6
834	-0.026	-0.158	1.018	166.8
835	-0.026	-0.158	1.014	167.0
836	-0.024	-0.156	1.012	167.2
837	-0.028	-0.157	1.013	167.4
838	-0.025	-0.159	1.012	167.6
839	-0.028	-0.159	1.016	167.8
840	-0.026	-0.159	1.016	168.0
841	-0.025	-0.159	1.015	168.2
842	-0.026	-0.157	1.009	168.4
843	-0.024	-0.159	1.010	168.6
844	-0.024	-0.159	1.014	168.8
845	-0.024	-0.158	1.015	169.0
846	-0.026	-0.159	1.014	169.2
847	-0.025	-0.160	1.011	169.4
848	-0.025	-0.158	1.016	169.6
849	-0.025	-0.157	1.014	169.8
850	-0.025	-0.158	1.014	170.0
851	-0.026	-0.159	1.010	170.2
852	-0.025	-0.159	1.018	170.4
853	-0.023	-0.159	1.014	170.6
854	-0.026	-0.160	1.016	170.8
855	-0.024	-0.160	1.012	171.0
856	-0.027	-0.160	1.011	171.2
857	-0.026	-0.158	1.013	171.4
858	-0.025	-0.158	1.009	171.6
859	-0.026	-0.158	1.014	171.8
860	-0.024	-0.159	1.013	172.0
861	-0.024	-0.159	1.006	172.2
862	-0.023	-0.158	1.006	172.4
863	-0.025	-0.158	1.013	172.6
864	-0.024	-0.157	1.011	172.8
865	-0.024	-0.156	1.014	173.0
866	-0.024	-0.159	1.014	173.2
867	-0.023	-0.159	1.014	173.4
868	-0.024	-0.160	1.012	173.6
869	-0.022	-0.156	1.009	173.8
870	-0.024	-0.156	1.015	174.0
871	-0.025	-0.155	1.010	174.2
872	-0.023	-0.156	1.015	174.4
873	-0.025	-0.157	1.011	174.6
874	-0.025	-0.160	1.016	174.8
875	-0.024	-0.159	1.009	175.0
876	-0.024	-0.158	1.016	175.2
877	-0.025	-0.157	1.016	175.4
878	-0.023	-0.155	1.011	175.6
879	-0.025	-0.156	1.006	175.8
880	-0.024	-0.157	1.009	176.0
881	-0.026	-0.156	1.018	176.2
882	-0.024	-0.157	1.012	176.4
883	-0.025	-0.158	1.016	176.6
884	-0.025	-0.157	1.013	176.8
885	-0.023	-0.157	1.014	177.0
886	-0.024	-0.159	1.011	177.2
887	-0.024	-0.156	1.011	177.4
888	-0.022	-0.156	1.012	177.6
889	-0.023	-0.156	1.012	177.8
890	-0.023	-0.158	1.012	178.0
891	-0.023	-0.158	1.015	178.2
892	-0.024	-0.156	1.021	178.4
893	-0.025	-0.154	1.014	178.6
894	-0.023	-0.156	1.011	178.8
895	-0.022	-0.156	1.015	179.0
896	-0.024	-0.156	1.015	179.2
897	-0.026	-0.157	1.012	179.4
898	-0.024	-0.159	1.018	179.6
899	-0.022	-0.154	1.023	179.8
900	-0.025	-0.156	1.015	180.0
901	-0.026	-0.156	1.015	180.2
902	-0.025	-0.155	1.010	180.4
903	-0.025	-0.153	1.014	180.6
904	-0.025	-0.155	1.006	180.8
905	-0.022	-0.153	1.017	181.0
906	-0.022	-0.154	1.015	181.2
907	-0.024	-0.159	1.015	181.4
908	-0.025	-0.155	1.014	181.6
909	-0.022	-0.156	1.012	181.8
910	-0.023	-0.155	1.018	182.0
911	-0.022	-0.156	1.012	182.2
912	-0.024	-0.154	1.016	182.4
913	-0.022	-0.155	1.014	182.6
914	-0.023	-0.156	1.020	182.8
915	-0.021	-0.156	1.020	183.0
916	-0.022	-0.154	1.017	183.2
917	-0.023	-0.155	1.012	183.4
918	-0.025	-0.156	1.015	183.6
919	-0.024	-0.156	1.010	183.8
920	-0.023	-0.157	1.018	184.0
921	-0.022	-0.154	1.015	184.2
922	-0.021	-0.158	1.015	184.4
923	-0.024	-0.157	1.016	184.6
924	-0.022	-0.158	1.018	184.8
925	-0.022	-0.158	1.016	185.0
926	-0.023	-0.159	1.008	185.2
927	-0.022	-0.158	1.013	185.4
928	-0.023	-0.158	1.011	185.6
929	-0.023	-0.157	1.015	185.8
930	-0.022	-0.154	1.017	186.0
931	-0.022	-0.158	1.020	186.2
932	-0.021	-0.158	1.014	186.4
933	-0.022	-0.157	1.015	186.6
934	-0.020	-0.156	1.012	186.8
935	-0.019	-0.155	1.013	187.0
936	-0.019	-0.157	1.019	187.2
937	-0.021	-0.158	1.019	187.4
938	-0.021	-0.159	1.022	187.6
939	-0.021	-0.159	1.011	187.8
940	-0.022	-0.158	1.016	188.0
941	-0.021	-0.157	1.012	188.2
942	-0.021	-0.156	1.016	188.4
943	-0.021	-0.160	1.016	188.6
944	-0.021	-0.160	1.016	188.8
945	-0.022	-0.157	1.019	189.0
946	-0.022	-0.161	1.014	189.2
947	-0.021	-0.162	1.015	189.4
948	-0.020	-0.162	1.011	189.6
949	-0.020	-0.163	1.013	189.8
950	-0.020	-0.161	1.014	190.0
951	-0.020	-0.157	1.015	190.2
952	-0.019	-0.157	1.016	190.4
953	-0.019	-0.158	1.016	190.6
954	-0.020	-0.160	1.015	190.8
955	-0.020	-0.159	1.020	191.0
956	-0.022	-0.157	1.015	191.2
957	-0.022	-0.159	1.014	191.4
958	-0.019	-0.158	1.017	191.6
959	-0.020	-0.159	1.022	191.8
960	-0.019	-0.160	1.014	192.0
961	-0.019	-0.157	1.018	192.2
962	-0.021	-0.157	1.017	192.4
963	-0.022	-0.157	1.020	192.6
964	-0.023	-0.156	1.014	192.8
965	-0.020	-0.158	1.013	193.0
966	-0.019	-0.157	1.018	193.2
967	-0.021	-0.156	1.013	193.4
968	-0.019	-0.157	1.019	193.6
969	-0.020	-0.156	1.012	193.8
970	-0.022	-0.156	1.014	194.0
971	-0.019	-0.156	1.018	194.2
972	-0.022	-0.159	1.008	194.4
973	-0.020	-0.158	1.019	194.6
974	-0.022	-0.158	1.012	194.8
975	-0.021	-0.157	1.025	195.0
976	-0.021	-0.157	1.014	195.2
977	-0.021	-0.157	1.016	195.4
978	-0.020	-0.156	1.015	195.6
979	-0.019	-0.156	1.018	195.8
980	-0.019	-0.157	1.013	196.0
981	-0.019	-0.159	1.014	196.2
982	-0.020	-0.158	1.021	196.4
983	-0.022	-0.156	1.015	196.6
984	-0.021	-0.157	1.017	196.8
985	-0.021	-0.155	1.009	197.0
986	-0.023	-0.158	1.019	197.2
987	-0.021	-0.155	1.013	197.4
988	-0.022	-0.158	1.010	197.6
989	-0.023	-0.157	1.023	197.8
990	-0.019	-0.157	1.014	198.0
991	-0.024	-0.155	1.014	198.2
992	-0.020	-0.154	1.014	198.4
993	-0.021	-0.157	1.014	198.6
994	-0.022	-0.157	1.008	198.8
995	-0.022	-0.154	1.020	199.0
996	-0.020	-0.155	1.014	199.2
997	-0.021	-0.155	1.018	199.4
998	-0.021	-0.154	1.018	199.6
999	-0.020	-0.155	1.012	199.8
1000	-0.022	-0.156	1.008	200.0
1001	-0.022	-0.155	1.020	200.2
1002	-0.022	-0.153	1.016	200.4
1003	-0.023	-0.157	1.026	200.6
1004	-0.022	-0.156	1.024	200.8
1005	-0.023	-0.156	1.010	201.0
1006	-0.022	-0.155	1.020	201.2
1007	-0.021	-0.157	1.009	201.4
1008	-0.022	-0.157	1.014	201.6
1009	-0.023	-0.155	1.018	201.8
1010	-0.022	-0.156	1.015	202.0
1011	-0.021	-0.156	1.018	202.2
1012	-0.022	-0.156	1.022	202.4
1013	-0.024	-0.154	1.015	202.6
1014	-0.024	-0.156	1.007	202.8
1015	-0.023	-0.155	1.011	203.0
1016	-0.021	-0.157	1.018	203.2
1017	-0.025	-0.179	1.160	203.4
1018	-0.049	-0.368	1.343	203.6
1019	-0.047	-0.360	1.345	203.8
1020	-0.047	-0.353	1.332	204.0
1021	-0.046	-0.350	1.310	204.2
1022	-0.045	-0.348	1.307	204.4
1023	-0.043	-0.343	1.317	204.6
1024	-0.043	-0.341	1.314	204.8
1025	-0.044	-0.339	1.299	205.0
1026	-0.044	-0.339	1.305	205.2
1027	-0.046	-0.333	1.309	205.4
1028	-0.042	-0.334	1.303	205.6
1029	-0.042	-0.336	1.293	205.8
1030	-0.043	-0.334	1.296	206.0
1031	-0.043	-0.330	1.292	206.2
1032	-0.044	-0.330	1.293	206.4
1033	-0.042	-0.329	1.283	206.6
1034	-0.042	-0.330	1.293	206.8
1035	-0.041	-0.329	1.290	207.0
1036	-0.041	-0.328	1.284	207.2
1037	-0.041	-0.325	1.270	207.4
1038	-0.040	-0.324	1.281	207.6
1039	-0.041	-0.326	1.284	207.8
1040	-0.038	-0.326	1.276	208.0
1041	-0.039	-0.325	1.281	208.2
1042	-0.041	-0.322	1.282	208.4
1043	-0.040	-0.322	1.284	208.6
1044	-0.040	-0.323	1.263	208.8
1045	-0.041	-0.323	1.273	209.0
1046	-0.041	-0.320	1.278	209.2
1047	-0.040	-0.320	1.273	209.4
1048	-0.040	-0.322	1.272	209.6
1049	-0.038	-0.319	1.282	209.8
1050	-0.040	-0.318	1.278	210.0
1051	-0.038	-0.316	1.265	210.2
1052	-0.039	-0.316	1.267	210.4
1053	-0.040	-0.314	1.269	210.6
1054	-0.040	-0.315	1.270	210.8
1055	-0.042	-0.316	1.268	211.0
1056	-0.039	-0.317	1.266	211.2
1057	-0.038	-0.315	1.270	211.4
1058	-0.039	-0.311	1.270	211.6
1059	-0.038	-0.316	1.267	211.8
1060	-0.039	-0.312	1.261	212.0
1061	-0.038	-0.314	1.264	212.2
1062	-0.038	-0.313	1.265	212.4
1063	-0.038	-0.312	1.272	212.6
1064	-0.037	-0.313	1.272	212.8
1065	-0.038	-0.313	1.269	213.0
1066	-0.040	-0.312	1.264	213.2
1067	-0.037	-0.311	1.270	213.4
1068	-0.037	-0.309	1.262	213.6
1069	-0.041	-0.310	1.258	213.8
1070	-0.038	-0.311	1.262	214.0
1071	-0.037	-0.310	1.264	214.2
1072	-0.039	-0.312	1.265	214.4
1073	-0.037	-0.312	1.261	214.6
1074	-0.036	-0.310	1.266	214.8
1075	-0.037	-0.312	1.266	215.0
1076	-0.037	-0.309	1.264	215.2
1077	-0.035	-0.309	1.258	215.4
1078	-0.036	-0.310	1.259	215.6
1079	-0.037	-0.309	1.266	215.8
1080	-0.039	-0.309	1.264	216.0
1081	-0.038	-0.307	1.256	216.2
1082	-0.037	-0.306	1.255	216.4
1083	-0.039	-0.309	1.260	216.6
1084	-0.038	-0.308	1.256	216.8
1085	-0.038	-0.311	1.260	217.0
1086	-0.038	-0.309	1.261	217.2
1087	-0.039	-0.307	1.261	217.4
1088	-0.037	-0.308	1.255	217.6
1089	-0.037	-0.306	1.255	217.8
1090	-0.036	-0.308	1.258	218.0
1091	-0.035	-0.305	1.262	218.2
1092	-0.037	-0.305	1.256	218.4
1093	-0.036	-0.307	1.256	218.6
1094	-0.037	-0.304	1.256	218.8
1095	-0.037	-0.307	1.254	219.0
1096	-0.038	-0.306	1.251	219.2
1097	-0.037	-0.308	1.256	219.4
1098	-0.039	-0.305	1.260	219.6
1099	-0.041	-0.307	1.250	219.8
1100	-0.038	-0.307	1.251	220.0
1101	-0.035	-0.305	1.257	220.2
1102	-0.037	-0.303	1.255	220.4
1103	-0.036	-0.305	1.244	220.6
1104	-0.038	-0.302	1.252	220.8
1105	-0.036	-0.307	1.259	221.0
1106	-0.036	-0.305	1.246	221.2
1107	-0.039	-0.307	1.254	221.4
1108	-0.038	-0.305	1.252	221.6
1109	-0.037	-0.305	1.259	221.8
1110	-0.040	-0.304	1.249	222.0
1111	-0.036	-0.306	1.250	222.2
1112	-0.037	-0.303	1.254	222.4
1113	-0.038	-0.303	1.252	222.6
1114	-0.040	-0.304	1.246	222.8
1115	-0.037	-0.306	1.257	223.0
1116	-0.038	-0.306	1.257	223.2
1117	-0.038	-0.304	1.248	223.4
1118	-0.038	-0.306	1.252	223.6
1119	-0.037	-0.304	1.251	223.8
1120	-0.036	-0.303	1.254	224.0
1121	-0.036	-0.302	1.247	224.2
1122	-0.034	-0.304	1.252	224.4
1123	-0.037	-0.300	1.253	224.6
1124	-0.035	-0.304	1.249	224.8
1125	-0.038	-0.304	1.245	225.0
1126	-0.038	-0.304	1.252	225.2
1127	-0.037	-0.304	1.256	225.4
1128	-0.038	-0.304	1.243	225.6
1129	-0.037	-0.305	1.249	225.8
1130	-0.036	-0.305	1.256	226.0
1131	-0.036	-0.305	1.257	226.2
1132	-0.036	-0.302	1.244	226.4
1133	-0.037	-0.304	1.244	226.6
1134	-0.035	-0.302	1.251	226.8
1135	-0.037	-0.302	1.251	227.0
1136	-0.038	-0.302	1.246	227.2
1137	-0.036	-0.304	1.252	227.4
1138	-0.036	-0.303	1.256	227.6
1139	-0.035	-0.303	1.248	227.8
1140	-0.036	-0.305	1.250	228.0
1141	-0.035	-0.301	1.250	228.2
1142	-0.036	-0.303	1.251	228.4
1143	-0.035	-0.302	1.243	228.6
1144	-0.037	-0.303	1.248	228.8
1145	-0.036	-0.301	1.253	229.0
1146	-0.037	-0.301	1.251	229.2
1147	-0.033	-0.303	1.238	229.4
1148	-0.034	-0.301	1.248	229.6
1149	-0.035	-0.300	1.246	229.8
1150	-0.036	-0.302	1.240	230.0
1151	-0.036	-0.304	1.247	230.2
1152	-0.034	-0.302	1.255	230.4
1153	-0.036	-0.302	1.250	230.6
1154	-0.034	-0.302	1.242	230.8
1155	-0.034	-0.301	1.248	231.0
1156	-0.034	-0.304	1.246	231.2
1157	-0.034	-0.301	1.248	231.4
1158	-0.033	-0.302	1.244	231.6
1159	-0.033	-0.302	1.253	231.8
1160	-0.032	-0.299	1.250	232.0
1161	-0.035	-0.302	1.243	232.2
1162	-0.031	-0.299	1.252	232.4
1163	-0.033	-0.300	1.252	232.6
1164	-0.034	-0.302	1.246	232.8
1165	-0.033	-0.302	1.242	233.0
1166	-0.032	-0.302	1.254	233.2
1167	-0.034	-0.300	1.249	233.4
1168	-0.032	-0.303	1.248	233.6
1169	-0.035	-0.303	1.244	233.8
1170	-0.032	-0.300	1.249	234.0
1171	-0.034	-0.301	1.247	234.2
1172	-0.033	-0.303	1.242	234.4
1173	-0.031	-0.301	1.244	234.6
1174	-0.031	-0.302	1.247	234.8
1175	-0.033	-0.302	1.250	235.0
1176	-0.035	-0.302	1.246	235.2
1177	-0.034	-0.301	1.247	235.4
1178	-0.031	-0.302	1.246	235.6
1179	-0.033	-0.301	1.244	235.8
1180	-0.033	-0.300	1.252	236.0
1181	-0.034	-0.300	1.247	236.2
1182	-0.033	-0.301	1.248	236.4
1183	-0.033	-0.300	1.250	236.6
1184	-0.034	-0.300	1.256	236.8
1185	-0.033	-0.301	1.248	237.0
1186	-0.031	-0.301	1.247	237.2
1187	-0.035	-0.301	1.246	237.4
1188	-0.033	-0.303	1.248	237.6
1189	-0.030	-0.299	1.248	237.8
1190	-0.033	-0.300	1.246	238.0
1191	-0.034	-0.301	1.248	238.2
1192	-0.030	-0.298	1.246	238.4
1193	-0.033	-0.298	1.246	238.6
1194	-0.033	-0.300	1.242	238.8
1195	-0.032	-0.299	1.244	239.0
1196	-0.034	-0.301	1.250	239.2
1197	-0.035	-0.300	1.246	239.4
1198	-0.031	-0.299	1.241	239.6
1199	-0.033	-0.297	1.242	239.8
1200	-0.033	-0.299	1.248	240.0
1201	-0.036	-0.300	1.246	240.2
1202	-0.033	-0.299	1.244	240.4
1203	-0.032	-0.301	1.246	240.6
1204	-0.031	-0.301	1.251	240.8
1205	-0.033	-0.301	1.240	241.0
1206	-0.034	-0.300	1.251	241.2
1207	-0.034	-0.298	1.248	241.4
1208	-0.033	-0.301	1.243	241.6
1209	-0.036	-0.301	1.239	241.8
1210	-0.033	-0.301	1.248	242.0
1211	-0.035	-0.299	1.242	242.2
1212	-0.033	-0.298	1.245	242.4
1213	-0.031	-0.300	1.246	242.6
1214	-0.034	-0.301	1.250	242.8
1215	-0.032	-0.299	1.240	243.0
1216	-0.033	-0.299	1.238	243.2
1217	-0.033	-0.298	1.245	243.4
1218	-0.033	-0.300	1.244	243.6
1219	-0.032	-0.297	1.248	243.8
1220	-0.032	-0.297	1.243	244.0
1221	-0.034	-0.298	1.248	244.2
1222	-0.032	-0.297	1.240	244.4
1223	-0.030	-0.300	1.245	244.6
1224	-0.033	-0.298	1.240	244.8
1225	-0.033	-0.298	1.238	245.0
1226	-0.034	-0.300	1.248	245.2
1227	-0.034	-0.298	1.248	245.4
1228	-0.033	-0.299	1.248	245.6
1229	-0.030	-0.300	1.246	245.8
1230	-0.029	-0.297	1.242	246.0
1231	-0.032	-0.298	1.240	246.2
1232	-0.032	-0.299	1.242	246.4
1233	-0.034	-0.298	1.243	246.6
1234	-0.032	-0.297	1.250	246.8
1235	-0.033	-0.298	1.243	247.0
1236	-0.027	-0.298	1.238	247.2
1237	-0.032	-0.298	1.248	247.4
1238	-0.031	-0.298	1.242	247.6
1239	-0.029	-0.297	1.237	247.8
1240	-0.032	-0.297	1.247	248.0
1241	-0.030	-0.297	1.244	248.2
1242	-0.031	-0.298	1.240	248.4
1243	-0.033	-0.297	1.242	248.6
1244	-0.031	-0.298	1.239	248.8
1245	-0.030	-0.296	1.246	249.0
1246	-0.032	-0.297	1.238	249.2
1247	-0.034	-0.300	1.240	249.4
1248	-0.032	-0.301	1.243	249.6
1249	-0.032	-0.297	1.242	249.8
1250	-0.030	-0.298	1.247	250.0
1251	-0.031	-0.298	1.241	250.2
1252	-0.031	-0.298	1.250	250.4
1253	-0.031	-0.298	1.238	250.6
1254	-0.031	-0.297	1.242	250.8
1255	-0.035	-0.298	1.242	251.0
1256	-0.034	-0.296	1.245	251.2
1257	-0.033	-0.297	1.247	251.4
1258	-0.032	-0.297	1.240	251.6
1259	-0.033	-0.296	1.240	251.8
1260	-0.031	-0.297	1.238	252.0
1261	-0.034	-0.296	1.240	252.2
1262	-0.034	-0.297	1.232	252.4
1263	-0.033	-0.297	1.242	252.6
1264	-0.033	-0.298	1.242	252.8
1265	-0.033	-0.299	1.243	253.0
1266	-0.032	-0.298	1.238	253.2
1267	-0.034	-0.297	1.242	253.4
1268	-0.032	-0.299	1.241	253.6
1269	-0.033	-0.295	1.241	253.8
1270	-0.033	-0.298	1.240	254.0
1271	-0.031	-0.296	1.241	254.2
1272	-0.032	-0.296	1.247	254.4
1273	-0.032	-0.297	1.239	254.6
1274	-0.031	-0.296	1.240	254.8
1275	-0.030	-0.295	1.246	255.0
1276	-0.030	-0.297	1.242	255.2
1277	-0.030	-0.296	1.238	255.4
1278	-0.030	-0.296	1.249	255.6
1279	-0.031	-0.298	1.244	255.8
1280	-0.031	-0.295	1.238	256.0
1281	-0.030	-0.296	1.238	256.2
1282	-0.032	-0.297	1.247	256.4
1283	-0.034	-0.298	1.241	256.6
1284	-0.032	-0.299	1.238	256.8
1285	-0.032	-0.297	1.243	257.0
1286	-0.032	-0.297	1.241	257.2
1287	-0.033	-0.299	1.247	257.4
1288	-0.032	-0.300	1.244	257.6
1289	-0.031	-0.299	1.245	257.8
1290	-0.031	-0.299	1.239	258.0
1291	-0.031	-0.297	1.243	258.2
1292	-0.030	-0.298	1.244	258.4
1293	-0.032	-0.298	1.238	258.6
1294	-0.033	-0.298	1.246	258.8
1295	-0.033	-0.297	1.246	259.0
1296	-0.032	-0.297	1.244	259.2
1297	-0.033	-0.297	1.239	259.4
1298	-0.031	-0.298	1.244	259.6
1299	-0.030	-0.296	1.238	259.8
1300	-0.033	-0.297	1.243	260.0
1301	-0.032	-0.296	1.246	260.2
1302	-0.032	-0.295	1.249	260.4
1303	-0.029	-0.297	1.243	260.6
1304	-0.032	-0.298	1.243	260.8
1305	-0.033	-0.299	1.243	261.0
1306	-0.033	-0.295	1.243	261.2
1307	-0.032	-0.296	1.240	261.4
1308	-0.032	-0.298	1.239	261.6
1309	-0.034	-0.296	1.244	261.8
1310	-0.032	-0.297	1.247	262.0
1311	-0.030	-0.296	1.245	262.2
1312	-0.032	-0.299	1.239	262.4
1313	-0.034	-0.298	1.243	262.6
1314	-0.034	-0.298	1.244	262.8
1315	-0.033	-0.300	1.241	263.0
1316	-0.031	-0.296	1.244	263.2
1317	-0.032	-0.298	1.244	263.4
1318	-0.033	-0.298	1.243	263.6
1319	-0.032	-0.296	1.244	263.8
1320	-0.031	-0.297	1.242	264.0
1321	-0.034	-0.299	1.240	264.2
1322	-0.034	-0.300	1.243	264.4
1323	-0.033	-0.298	1.247	264.6
1324	-0.033	-0.298	1.248	264.8
1325	-0.033	-0.298	1.247	265.0
1326	-0.035	-0.297	1.242	265.2
1327	-0.034	-0.296	1.245	265.4
1328	-0.033	-0.296	1.237	265.6
1329	-0.034	-0.299	1.238	265.8
1330	-0.034	-0.297	1.240	266.0
1331	-0.032	-0.297	1.244	266.2
1332	-0.032	-0.296	1.243	266.4
1333	-0.033	-0.297	1.244	266.6
1334	-0.035	-0.296	1.243	266.8
1335	-0.033	-0.295	1.241	267.0
1336	-0.034	-0.296	1.239	267.2
1337	-0.033	-0.296	1.241	267.4
1338	-0.034	-0.298	1.243	267.6
1339	-0.036	-0.296	1.244	267.8
1340	-0.036	-0.296	1.246	268.0
1341	-0.033	-0.297	1.234	268.2
1342	-0.034	-0.296	1.248	268.4
1343	-0.032	-0.296	1.240	268.6
1344	-0.034	-0.297	1.242	268.8
1345	-0.034	-0.297	1.243	269.0
1346	-0.035	-0.298	1.242	269.2
1347	-0.034	-0.297	1.244	269.4
1348	-0.033	-0.296	1.241	269.6
1349	-0.035	-0.296	1.244	269.8
1350	-0.035	-0.297	1.243	270.0
1351	-0.033	-0.295	1.241	270.2
1352	-0.032	-0.296	1.236	270.4
1353	-0.033	-0.297	1.245	270.6
1354	-0.034	-0.297	1.243	270.8
1355	-0.035	-0.295	1.242	271.0
1356	-0.033	-0.297	1.236	271.2
1357	-0.033	-0.298	1.247	271.4
1358	-0.034	-0.295	1.235	271.6
1359	-0.036	-0.297	1.234	271.8
1360	-0.035	-0.296	1.243	272.0
1361	-0.034	-0.295	1.242	272.2
1362	-0.034	-0.296	1.244	272.4
1363	-0.033	-0.295	1.240	272.6
1364	-0.034	-0.295	1.244	272.8
1365	-0.033	-0.296	1.246	273.0
1366	-0.033	-0.296	1.243	273.2
1367	-0.031	-0.296	1.242	273.4
1368	-0.035	-0.295	1.242	273.6
1369	-0.032	-0.295	1.247	273.8
1370	-0.032	-0.295	1.246	274.0
1371	-0.033	-0.295	1.243	274.2
1372	-0.032	-0.295	1.242	274.4
1373	-0.034	-0.296	1.243	274.6
1374	-0.034	-0.297	1.240	274.8
1375	-0.032	-0.295	1.239	275.0
1376	-0.034	-0.295	1.247	275.2
1377	-0.034	-0.297	1.244	275.4
1378	-0.034	-0.297	1.236	275.6
1379	-0.033	-0.298	1.242	275.8
1380	-0.032	-0.297	1.239	276.0
1381	-0.032	-0.298	1.239	276.2
1382	-0.035	-0.297	1.240	276.4
1383	-0.034	-0.297	1.236	276.6
1384	-0.034	-0.297	1.245	276.8
1385	-0.034	-0.297	1.243	277.0
1386	-0.030	-0.296	1.240	277.2
1387	-0.033	-0.296	1.242	277.4
1388	-0.034	-0.296	1.240	277.6
1389	-0.032	-0.297	1.234	277.8
1390	-0.032	-0.297	1.242	278.0
1391	-0.035	-0.296	1.246	278.2
1392	-0.034	-0.295	1.243	278.4
1393	-0.030	-0.295	1.242	278.6
1394	-0.033	-0.296	1.239	278.8
1395	-0.032	-0.295	1.243	279.0
1396	-0.033	-0.296	1.237	279.2
1397	-0.034	-0.297	1.241	279.4
1398	-0.032	-0.297	1.242	279.6
1399	-0.034	-0.297	1.248	279.8
1400	-0.034	-0.297	1.244	280.0
1401	-0.033	-0.297	1.236	280.2
1402	-0.033	-0.296	1.240	280.4
1403	-0.034	-0.296	1.236	280.6
1404	-0.034	-0.298	1.233	280.8
1405	-0.034	-0.296	1.238	281.0
1406	-0.035	-0.295	1.244	281.2
1407	-0.034	-0.295	1.240	281.4
1408	-0.033	-0.295	1.238	281.6
1409	-0.035	-0.295	1.237	281.8
1410	-0.034	-0.295	1.244	282.0
1411	-0.034	-0.295	1.236	282.2
1412	-0.032	-0.297	1.239	282.4
1413	-0.036	-0.296	1.240	282.6
1414	-0.033	-0.297	1.244	282.8
1415	-0.034	-0.296	1.242	283.0
1416	-0.034	-0.296	1.242	283.2
1417	-0.033	-0.298	1.243	283.4
1418	-0.034	-0.295	1.238	283.6
1419	-0.036	-0.295	1.238	283.8
1420	-0.037	-0.297	1.240	284.0
1421	-0.034	-0.297	1.239	284.2
1422	-0.035	-0.295	1.237	284.4
1423	-0.036	-0.298	1.245	284.6
1424	-0.035	-0.297	1.238	284.8
1425	-0.036	-0.298	1.236	285.0
1426	-0.037	-0.297	1.237	285.2
1427	-0.035	-0.296	1.235	285.4
1428	-0.037	-0.297	1.244	285.6
1429	-0.037	-0.295	1.235	285.8
1430	-0.037	-0.299	1.239	286.0
1431	-0.036	-0.296	1.234	286.2
1432	-0.035	-0.294	1.244	286.4
1433	-0.036	-0.298	1.238	286.6
1434	-0.039	-0.297	1.236	286.8
1435	-0.038	-0.295	1.242	287.0
1436	-0.038	-0.297	1.240	287.2
1437	-0.035	-0.298	1.237	287.4
1438	-0.037	-0.296	1.238	287.6
1439	-0.036	-0.296	1.243	287.8
1440	-0.040	-0.299	1.240	288.0
1441	-0.036	-0.296	1.240	288.2
1442	-0.036	-0.298	1.235	288.4
1443	-0.035	-0.297	1.240	288.6
1444	-0.038	-0.295	1.238	288.8
1445	-0.037	-0.296	1.241	289.0
1446	-0.037	-0.295	1.238	289.2
1447	-0.037	-0.296	1.241	289.4
1448	-0.037	-0.295	1.242	289.6
1449	-0.038	-0.295	1.236	289.8
1450	-0.039	-0.296	1.241	290.0
1451	-0.036	-0.297	1.242	290.2
1452	-0.037	-0.295	1.242	290.4
1453	-0.033	-0.296	1.236	290.6
1454	-0.037	-0.297	1.241	290.8
1455	-0.036	-0.297	1.240	291.0
1456	-0.036	-0.296	1.240	291.2
1457	-0.037	-0.295	1.237	291.4
1458	-0.038	-0.294	1.238	291.6
1459	-0.038	-0.295	1.242	291.8
1460	-0.037	-0.294	1.240	292.0
1461	-0.037	-0.297	1.239	292.2
1462	-0.036	-0.297	1.242	292.4
1463	-0.035	-0.298	1.240	292.6
1464	-0.037	-0.297	1.235	292.8
1465	-0.037	-0.296	1.234	293.0
1466	-0.036	-0.297	1.239	293.2
1467	-0.036	-0.296	1.244	293.4
1468	-0.037	-0.294	1.244	293.6
1469	-0.036	-0.296	1.235	293.8
1470	-0.036	-0.298	1.244	294.0
1471	-0.036	-0.296	1.239	294.2
1472	-0.035	-0.298	1.236	294.4
1473	-0.035	-0.296	1.236	294.6
1474	-0.035	-0.294	1.244	294.8
1475	-0.035	-0.294	1.236	295.0
1476	-0.036	-0.296	1.243	295.2
1477	-0.033	-0.297	1.236	295.4
1478	-0.036	-0.295	1.239	295.6
1479	-0.034	-0.293	1.234	295.8
1480	-0.034	-0.295	1.240	296.0
1481	-0.037	-0.294	1.241	296.2
1482	-0.035	-0.297	1.239	296.4
1483	-0.034	-0.296	1.242	296.6
1484	-0.034	-0.296	1.240	296.8
1485	-0.034	-0.294	1.239	297.0
1486	-0.037	-0.297	1.241	297.2
1487	-0.034	-0.294	1.236	297.4
1488	-0.033	-0.295	1.234	297.6
1489	-0.035	-0.293	1.236	297.8
1490	-0.034	-0.296	1.244	298.0
1491	-0.034	-0.297	1.236	298.2
1492	-0.033	-0.296	1.241	298.4
1493	-0.034	-0.292	1.238	298.6
1494	-0.034	-0.294	1.246	298.8
1495	-0.035	-0.293	1.234	299.0
1496	-0.033	-0.295	1.238	299.2
1497	-0.032	-0.293	1.240	299.4
1498	-0.035	-0.293	1.245	299.6
1499	-0.032	-0.295	1.238	299.8
1500	-0.034	-0.295	1.243	300.0
1501	-0.035	-0.296	1.240	300.2
1502	-0.033	-0.297	1.237	300.4
1503	-0.033	-0.295	1.237	300.6
1504	-0.034	-0.293	1.235	300.8
1505	-0.033	-0.294	1.242	301.0
1506	-0.033	-0.294	1.239	301.2
1507	-0.036	-0.294	1.238	301.4
1508	-0.033	-0.296	1.234	301.6
1509	-0.032	-0.295	1.239	301.8
1510	-0.033	-0.295	1.240	302.0
1511	-0.034	-0.297	1.238	302.2
1512	-0.033	-0.293	1.241	302.4
1513	-0.035	-0.298	1.240	302.6
1514	-0.033	-0.296	1.244	302.8
1515	-0.035	-0.296	1.240	303.0
1516	-0.033	-0.294	1.241	303.2
1517	-0.035	-0.294	1.237	303.4
1518	-0.047	-0.412	1.531	303.6
1519	-0.061	-0.542	1.629	303.8
1520	-0.059	-0.525	1.601	304.0
1521	-0.058	-0.517	1.585	304.2
1522	-0.057	-0.512	1.587	304.4
1523	-0.057	-0.506	1.581	304.6
1524	-0.057	-0.507	1.560	304.8
1525	-0.056	-0.503	1.572	305.0
1526	-0.053	-0.499	1.570	305.2
1527	-0.055	-0.497	1.560	305.4
1528	-0.055	-0.497	1.548	305.6
1529	-0.052	-0.494	1.558	305.8
1530	-0.052	-0.490	1.554	306.0
1531	-0.054	-0.488	1.544	306.2
1532	-0.054	-0.489	1.536	306.4
1533	-0.049	-0.489	1.549	306.6
1534	-0.051	-0.488	1.538	306.8
1535	-0.051	-0.484	1.530	307.0
1536	-0.052	-0.484	1.542	307.2
1537	-0.051	-0.482	1.538	307.4
1538	-0.050	-0.480	1.531	307.6
1539	-0.050	-0.479	1.528	307.8
1540	-0.050	-0.479	1.532	308.0
1541	-0.051	-0.478	1.531	308.2
1542	-0.048	-0.478	1.524	308.4
1543	-0.048	-0.474	1.524	308.6
1544	-0.050	-0.473	1.527	308.8
1545	-0.049	-0.474	1.524	309.0
1546	-0.051	-0.472	1.523	309.2
1547	-0.050	-0.473	1.530	309.4
1548	-0.049	-0.469	1.523	309.6
1549	-0.050	-0.469	1.517	309.8
1550	-0.050	-0.469	1.513	310.0
1551	-0.050	-0.468	1.526	310.2
1552	-0.049	-0.469	1.514	310.4
1553	-0.049	-0.469	1.513	310.6
1554	-0.049	-0.467	1.516	310.8
1555	-0.048	-0.466	1.513	311.0
1556	-0.048	-0.467	1.512	311.2
1557	-0.049	-0.466	1.511	311.4
1558	-0.049	-0.467	1.510	311.6
1559	-0.046	-0.464	1.508	311.8
1560	-0.047	-0.467	1.513	312.0
1561	-0.047	-0.463	1.516	312.2
1562	-0.049	-0.465	1.505	312.4
1563	-0.047	-0.465	1.502	312.6
1564	-0.049	-0.464	1.509	312.8
1565	-0.046	-0.464	1.510	313.0
1566	-0.047	-0.463	1.501	313.2
1567	-0.047	-0.462	1.508	313.4
1568	-0.048	-0.461	1.509	313.6
1569	-0.046	-0.464	1.501	313.8
1570	-0.046	-0.462	1.505	314.0
1571	-0.047	-0.464	1.504	314.2
1572	-0.045	-0.463	1.501	314.4
1573	-0.047	-0.464	1.500	314.6
1574	-0.045	-0.460	1.506	314.8
1575	-0.046	-0.460	1.507	315.0
1576	-0.045	-0.457	1.496	315.2
1577	-0.045	-0.461	1.499	315.4
1578	-0.046	-0.462	1.508	315.6
1579	-0.044	-0.459	1.501	315.8
1580	-0.046	-0.460	1.500	316.0
1581	-0.045	-0.460	1.497	316.2
1582	-0.045	-0.459	1.502	316.4
1583	-0.045	-0.460	1.498	316.6
1584	-0.046	-0.461	1.498	316.8
1585	-0.045	-0.460	1.493	317.0
1586	-0.044	-0.457	1.502	317.2
1587	-0.045	-0.456	1.497	317.4
1588	-0.045	-0.457	1.495	317.6
1589	-0.044	-0.456	1.497	317.8
1590	-0.044	-0.457	1.504	318.0
1591	-0.044	-0.457	1.498	318.2
1592	-0.045	-0.456	1.492	318.4
1593	-0.044	-0.457	1.500	318.6
1594	-0.044	-0.456	1.498	318.8
1595	-0.042	-0.456	1.493	319.0
1596	-0.046	-0.457	1.496	319.2
1597	-0.043	-0.456	1.499	319.4
1598	-0.043	-0.454	1.505	319.6
1599	-0.041	-0.454	1.493	319.8
1600	-0.042	-0.457	1.494	320.0
1601	-0.043	-0.456	1.501	320.2
1602	-0.041	-0.454	1.496	320.4
1603	-0.043	-0.457	1.490	320.6
1604	-0.044	-0.456	1.497	320.8
1605	-0.040	-0.453	1.499	321.0
1606	-0.042	-0.457	1.491	321.2
1607	-0.041	-0.455	1.492	321.4
1608	-0.044	-0.454	1.497	321.6
1609	-0.043	-0.455	1.496	321.8
1610	-0.043	-0.456	1.491	322.0
1611	-0.042	-0.455	1.492	322.2
1612	-0.045	-0.456	1.487	322.4
1613	-0.043	-0.454	1.494	322.6
1614	-0.044	-0.454	1.487	322.8
1615	-0.045	-0.455	1.492	323.0
1616	-0.045	-0.454	1.490	323.2
1617	-0.044	-0.456	1.488	323.4
1618	-0.046	-0.456	1.485	323.6
1619	-0.045	-0.456	1.490	323.8
1620	-0.044	-0.457	1.495	324.0
1621	-0.044	-0.456	1.484	324.2
1622	-0.046	-0.456	1.483	324.4
1623	-0.046	-0.455	1.488	324.6
1624	-0.046	-0.455	1.496	324.8
1625	-0.046	-0.455	1.483	325.0
1626	-0.046	-0.456	1.486	325.2
1627	-0.045	-0.455	1.489	325.4
1628	-0.048	-0.455	1.494	325.6
1629	-0.046	-0.456	1.479	325.8
1630	-0.047	-0.454	1.486	326.0
1631	-0.048	-0.453	1.494	326.2
1632	-0.046	-0.452	1.492	326.4
1633	-0.048	-0.453	1.482	326.6
1634	-0.049	-0.453	1.481	326.8
1635	-0.048	-0.451	1.495	327.0
1636	-0.046	-0.448	1.485	327.2
1637	-0.047	-0.450	1.480	327.4
1638	-0.047	-0.449	1.486	327.6
1639	-0.049	-0.449	1.490	327.8
1640	-0.048	-0.450	1.482	328.0
1641	-0.049	-0.450	1.478	328.2
1642	-0.048	-0.449	1.488	328.4
1643	-0.051	-0.451	1.482	328.6
1644	-0.049	-0.452	1.479	328.8
1645	-0.049	-0.450	1.484	329.0
1646	-0.049	-0.449	1.492	329.2
1647	-0.047	-0.450	1.482	329.4
1648	-0.047	-0.450	1.480	329.6
1649	-0.047	-0.450	1.485	329.8
1650	-0.046	-0.450	1.488	330.0
1651	-0.046	-0.451	1.479	330.2
1652	-0.048	-0.451	1.482	330.4
1653	-0.046	-0.450	1.486	330.6
1654	-0.046	-0.448	1.482	330.8
1655	-0.046	-0.449	1.484	331.0
1656	-0.045	-0.447	1.480	331.2
1657	-0.047	-0.450	1.486	331.4
1658	-0.045	-0.447	1.481	331.6
1659	-0.045	-0.450	1.480	331.8
1660	-0.043	-0.449	1.482	332.0
1661	-0.045	-0.448	1.486	332.2
1662	-0.045	-0.448	1.482	332.4
1663	-0.046	-0.450	1.485	332.6
1664	-0.046	-0.447	1.484	332.8
1665	-0.044	-0.449	1.474	333.0
1666	-0.048	-0.450	1.479	333.2
1667	-0.044	-0.448	1.478	333.4
1668	-0.043	-0.448	1.484	333.6
1669	-0.045	-0.448	1.482	333.8
1670	-0.044	-0.449	1.488	334.0
1671	-0.045	-0.449	1.478	334.2
1672	-0.045	-0.446	1.482	334.4
1673	-0.045	-0.447	1.487	334.6
1674	-0.044	-0.447	1.483	334.8
1675	-0.044	-0.449	1.476	335.0
1676	-0.044	-0.447	1.483	335.2
1677	-0.044	-0.447	1.488	335.4
1678	-0.042	-0.449	1.481	335.6
1679	-0.044	-0.449	1.482	335.8
1680	-0.044	-0.448	1.482	336.0
1681	-0.042	-0.447	1.484	336.2
1682	-0.044	-0.450	1.478	336.4
1683	-0.044	-0.449	1.481	336.6
1684	-0.043	-0.449	1.485	336.8
1685	-0.044	-0.449	1.482	337.0
1686	-0.042	-0.448	1.486	337.2
1687	-0.044	-0.447	1.481	337.4
1688	-0.045	-0.450	1.484	337.6
1689	-0.044	-0.450	1.480	337.8
1690	-0.045	-0.450	1.487	338.0
1691	-0.046	-0.448	1.476	338.2
1692	-0.044	-0.448	1.485	338.4
1693	-0.046	-0.448	1.486	338.6
1694	-0.046	-0.448	1.482	338.8
1695	-0.045	-0.449	1.478	339.0
1696	-0.044	-0.447	1.476	339.2
1697	-0.044	-0.446	1.485	339.4
1698	-0.046	-0.447	1.479	339.6
1699	-0.045	-0.447	1.480	339.8
1700	-0.046	-0.448	1.478	340.0
1701	-0.045	-0.445	1.479	340.2
1702	-0.045	-0.446	1.474	340.4
1703	-0.046	-0.448	1.478	340.6
1704	-0.045	-0.445	1.476	340.8
1705	-0.045	-0.447	1.475	341.0
1706	-0.046	-0.444	1.472	341.2
1707	-0.044	-0.445	1.480	341.4
1708	-0.048	-0.447	1.487	341.6
1709	-0.045	-0.447	1.473	341.8
1710	-0.046	-0.446	1.481	342.0
1711	-0.042	-0.448	1.480	342.2
1712	-0.045	-0.446	1.477	342.4
1713	-0.045	-0.448	1.478	342.6
1714	-0.044	-0.448	1.479	342.8
1715	-0.042	-0.447	1.480	343.0
1716	-0.043	-0.449	1.479	343.2
1717	-0.045	-0.446	1.482	343.4
1718	-0.045	-0.448	1.482	343.6
1719	-0.044	-0.447	1.478	343.8
1720	-0.044	-0.446	1.476	344.0
1721	-0.045	-0.445	1.481	344.2
1722	-0.042	-0.444	1.477	344.4
1723	-0.042	-0.447	1.478	344.6
1724	-0.044	-0.445	1.484	344.8
1725	-0.044	-0.446	1.482	345.0
1726	-0.044	-0.445	1.478	345.2
1727	-0.040	-0.443	1.474	345.4
1728	-0.043	-0.445	1.476	345.6
1729	-0.043	-0.443	1.472	345.8
1730	-0.044	-0.446	1.480	346.0
1731	-0.043	-0.445	1.479	346.2
1732	-0.041	-0.442	1.478	346.4
1733	-0.043	-0.444	1.475	346.6
1734	-0.042	-0.443	1.480	346.8
1735	-0.044	-0.444	1.472	347.0
1736	-0.044	-0.442	1.468	347.2
1737	-0.042	-0.443	1.479	347.4
1738	-0.043	-0.442	1.475	347.6
1739	-0.042	-0.446	1.474	347.8
1740	-0.042	-0.443	1.476	348.0
1741	-0.041	-0.443	1.486	348.2
1742	-0.041	-0.445	1.473	348.4
1743	-0.044	-0.444	1.474	348.6
1744	-0.040	-0.444	1.476	348.8
1745	-0.041	-0.443	1.482	349.0
1746	-0.044	-0.445	1.471	349.2
1747	-0.042	-0.444	1.478	349.4
1748	-0.042	-0.444	1.489	349.6
1749	-0.044	-0.447	1.470	349.8
1750	-0.040	-0.447	1.469	350.0
1751	-0.042	-0.443	1.478	350.2
1752	-0.044	-0.442	1.482	350.4
1753	-0.041	-0.443	1.472	350.6
1754	-0.042	-0.444	1.474	350.8
1755	-0.042	-0.443	1.483	351.0
1756	-0.042	-0.442	1.478	351.2
1757	-0.044	-0.442	1.468	351.4
1758	-0.043	-0.443	1.479	351.6
1759	-0.042	-0.440	1.478	351.8
1760	-0.041	-0.442	1.467	352.0
1761	-0.043	-0.444	1.471	352.2
1762	-0.042	-0.443	1.479	352.4
1763	-0.043	-0.443	1.478	352.6
1764	-0.044	-0.445	1.472	352.8
1765	-0.042	-0.446	1.473	353.0
1766	-0.041	-0.444	1.477	353.2
1767	-0.041	-0.443	1.472	353.4
1768	-0.042	-0.445	1.467	353.6
1769	-0.043	-0.447	1.472	353.8
1770	-0.040	-0.442	1.473	354.0
1771	-0.039	-0.444	1.473	354.2
1772	-0.041	-0.444	1.472	354.4
1773	-0.041	-0.442	1.471	354.6
1774	-0.043	-0.444	1.477	354.8
1775	-0.041	-0.443	1.474	355.0
1776	-0.041	-0.442	1.473	355.2
1777	-0.042	-0.440	1.475	355.4
1778	-0.042	-0.441	1.473	355.6
1779	-0.043	-0.441	1.469	355.8
1780	-0.040	-0.442	1.477	356.0
1781	-0.042	-0.439	1.478	356.2
1782	-0.043	-0.439	1.471	356.4
1783	-0.041	-0.439	1.467	356.6
1784	-0.046	-0.441	1.472	356.8
1785	-0.043	-0.441	1.475	357.0
1786	-0.043	-0.437	1.468	357.2
1787	-0.044	-0.440	1.473	357.4
1788	-0.043	-0.437	1.481	357.6
1789	-0.043	-0.437	1.471	357.8
1790	-0.044	-0.437	1.474	358.0
1791	-0.044	-0.436	1.473	358.2
1792	-0.043	-0.435	1.472	358.4
1793	-0.045	-0.436	1.470	358.6
1794	-0.042	-0.437	1.476	358.8
1795	-0.044	-0.437	1.468	359.0
1796	-0.045	-0.436	1.474	359.2
1797	-0.045	-0.437	1.471	359.4
1798	-0.044	-0.439	1.473	359.6
1799	-0.044	-0.440	1.471	359.8
1800	-0.047	-0.439	1.470	360.0
1801	-0.045	-0.440	1.471	360.2
1802	-0.043	-0.440	1.474	360.4
1803	-0.045	-0.440	1.471	360.6
1804	-0.043	-0.439	1.472	360.8
1805	-0.044	-0.438	1.475	361.0
1806	-0.045	-0.440	1.470	361.2
1807	-0.044	-0.438	1.471	361.4
1808	-0.045	-0.439	1.472	361.6
1809	-0.043	-0.441	1.467	361.8
1810	-0.045	-0.442	1.468	362.0
1811	-0.043	-0.441	1.469	362.2
1812	-0.042	-0.439	1.480	362.4
1813	-0.043	-0.441	1.473	362.6
1814	-0.045	-0.445	1.466	362.8
1815	-0.045	-0.442	1.468	363.0
1816	-0.044	-0.441	1.473	363.2
1817	-0.043	-0.440	1.466	363.4
1818	-0.041	-0.444	1.465	363.6
1819	-0.044	-0.441	1.474	363.8
1820	-0.041	-0.443	1.476	364.0
1821	-0.043	-0.443	1.469	364.2
1822	-0.043	-0.442	1.460	364.4
1823	-0.042	-0.441	1.480	364.6
1824	-0.042	-0.442	1.472	364.8
1825	-0.043	-0.443	1.468	365.0
1826	-0.041	-0.442	1.470	365.2
1827	-0.040	-0.443	1.475	365.4
1828	-0.043	-0.442	1.472	365.6
1829	-0.042	-0.443	1.471	365.8
1830	-0.041	-0.441	1.478	366.0
1831	-0.040	-0.442	1.467	366.2
1832	-0.042	-0.442	1.471	366.4
1833	-0.042	-0.443	1.472	366.6
1834	-0.043	-0.441	1.478	366.8
1835	-0.041	-0.441	1.478	367.0
1836	-0.042	-0.443	1.472	367.2
1837	-0.042	-0.442	1.474	367.4
1838	-0.042	-0.441	1.468	367.6
1839	-0.043	-0.443	1.476	367.8
1840	-0.043	-0.440	1.463	368.0
1841	-0.042	-0.443	1.467	368.2
1842	-0.042	-0.442	1.467	368.4
1843	-0.041	-0.443	1.464	368.6
1844	-0.046	-0.441	1.465	368.8
1845	-0.042	-0.441	1.478	369.0
1846	-0.045	-0.444	1.471	369.2
1847	-0.044	-0.442	1.470	369.4
1848	-0.044	-0.443	1.472	369.6
1849	-0.045	-0.441	1.471	369.8
1850	-0.044	-0.443	1.472	370.0
1851	-0.045	-0.441	1.466	370.2
1852	-0.041	-0.439	1.474	370.4
1853	-0.044	-0.441	1.473	370.6
1854	-0.043	-0.441	1.471	370.8
1855	-0.044	-0.442	1.468	371.0
1856	-0.044	-0.441	1.471	371.2
1857	-0.045	-0.441	1.471	371.4
1858	-0.044	-0.443	1.466	371.6
1859	-0.046	-0.440	1.470	371.8
1860	-0.045	-0.443	1.472	372.0
1861	-0.043	-0.440	1.479	372.2
1862	-0.044	-0.441	1.468	372.4
1863	-0.044	-0.442	1.472	372.6
1864	-0.043	-0.440	1.470	372.8
1865	-0.045	-0.440	1.469	373.0
1866	-0.045	-0.437	1.469	373.2
1867	-0.044	-0.440	1.478	373.4
1868	-0.044	-0.439	1.468	373.6
1869	-0.044	-0.440	1.469	373.8
1870	-0.044	-0.437	1.480	374.0
1871	-0.045	-0.439	1.479	374.2
1872	-0.045	-0.441	1.464	374.4
1873	-0.043	-0.435	1.462	374.6
1874	-0.044	-0.440	1.477	374.8
1875	-0.043	-0.439	1.481	375.0
1876	-0.044	-0.439	1.467	375.2
1877	-0.043	-0.439	1.464	375.4
1878	-0.042	-0.438	1.478	375.6
1879	-0.044	-0.439	1.480	375.8
1880	-0.046	-0.439	1.466	376.0
1881	-0.044	-0.442	1.460	376.2
1882	-0.044	-0.443	1.471	376.4
1883	-0.043	-0.442	1.473	376.6
1884	-0.044	-0.441	1.467	376.8
1885	-0.042	-0.443	1.468	377.0
1886	-0.044	-0.442	1.466	377.2
1887	-0.043	-0.442	1.469	377.4
1888	-0.044	-0.441	1.472	377.6
1889	-0.042	-0.438	1.468	377.8
1890	-0.041	-0.442	1.466	378.0
1891	-0.044	-0.442	1.459	378.2
1892	-0.043	-0.442	1.468	378.4
1893	-0.045	-0.440	1.473	378.6
1894	-0.044	-0.442	1.476	378.8
1895	-0.041	-0.444	1.468	379.0
1896	-0.043	-0.442	1.465	379.2
1897	-0.042	-0.441	1.468	379.4
1898	-0.042	-0.442	1.472	379.6
1899	-0.043	-0.442	1.470	379.8
1900	-0.045	-0.441	1.472	380.0
1901	-0.044	-0.439	1.470	380.2
1902	-0.043	-0.440	1.469	380.4
1903	-0.043	-0.443	1.471	380.6
1904	-0.045	-0.442	1.472	380.8
1905	-0.042	-0.441	1.470	381.0
1906	-0.042	-0.440	1.464	381.2
1907	-0.044	-0.443	1.471	381.4
1908	-0.044	-0.440	1.472	381.6
1909	-0.042	-0.439	1.463	381.8
1910	-0.044	-0.438	1.472	382.0
1911	-0.044	-0.440	1.468	382.2
1912	-0.044	-0.438	1.467	382.4
1913	-0.045	-0.439	1.464	382.6
1914	-0.046	-0.438	1.478	382.8
1915	-0.045	-0.437	1.467	383.0
1916	-0.044	-0.439	1.464	383.2
1917	-0.047	-0.441	1.463	383.4
1918	-0.046	-0.439	1.474	383.6
1919	-0.046	-0.440	1.462	383.8
1920	-0.046	-0.442	1.469	384.0
1921	-0.047	-0.440	1.467	384.2
1922	-0.048	-0.439	1.465	384.4
1923	-0.046	-0.439	1.467	384.6
1924	-0.045	-0.439	1.460	384.8
1925	-0.047	-0.440	1.465	385.0
1926	-0.046	-0.440	1.469	385.2
1927	-0.049	-0.439	1.463	385.4
1928	-0.047	-0.439	1.463	385.6
1929	-0.048	-0.439	1.468	385.8
1930	-0.048	-0.439	1.470	386.0
1931	-0.048	-0.438	1.455	386.2
1932	-0.047	-0.438	1.460	386.4
1933	-0.048	-0.438	1.464	386.6
1934	-0.048	-0.441	1.464	386.8
1935	-0.047	-0.440	1.462	387.0
1936	-0.047	-0.440	1.467	387.2
1937	-0.048	-0.440	1.462	387.4
1938	-0.046	-0.441	1.466	387.6
1939	-0.046	-0.438	1.465	387.8
1940	-0.046	-0.440	1.457	388.0
1941	-0.046	-0.439	1.466	388.2
1942	-0.048	-0.440	1.464	388.4
1943	-0.045	-0.439	1.465	388.6
1944	-0.047	-0.437	1.464	388.8
1945	-0.045	-0.438	1.460	389.0
1946	-0.046	-0.440	1.464	389.2
1947	-0.044	-0.440	1.472	389.4
1948	-0.045	-0.439	1.459	389.6
1949	-0.044	-0.441	1.461	389.8
1950	-0.045	-0.439	1.466	390.0
1951	-0.044	-0.441	1.469	390.2
1952	-0.043	-0.439	1.459	390.4
1953	-0.044	-0.437	1.464	390.6
1954	-0.043	-0.439	1.470	390.8
1955	-0.044	-0.438	1.465	391.0
1956	-0.044	-0.439	1.459	391.2
1957	-0.041	-0.438	1.464	391.4
1958	-0.044	-0.439	1.472	391.6
1959	-0.044	-0.439	1.461	391.8
1960	-0.043	-0.436	1.466	392.0
1961	-0.043	-0.435	1.476	392.2
1962	-0.044	-0.439	1.461	392.4
1963	-0.043	-0.440	1.463	392.6
1964	-0.042	-0.437	1.466	392.8
1965	-0.046	-0.439	1.463	393.0
1966	-0.041	-0.439	1.459	393.2
1967	-0.044	-0.437	1.464	393.4
1968	-0.044	-0.436	1.472	393.6
1969	-0.042	-0.436	1.467	393.8
1970	-0.044	-0.439	1.459	394.0
1971	-0.043	-0.438	1.463	394.2
1972	-0.044	-0.436	1.470	394.4
1973	-0.043	-0.439	1.462	394.6
1974	-0.042	-0.438	1.457	394.8
1975	-0.043	-0.437	1.463	395.0
1976	-0.041	-0.436	1.470	395.2
1977	-0.043	-0.439	1.466	395.4
1978	-0.042	-0.436	1.461	395.6
1979	-0.044	-0.435	1.466	395.8
1980	-0.042	-0.435	1.463	396.0
1981	-0.042	-0.437	1.457	396.2
1982	-0.042	-0.436	1.465	396.4
1983	-0.045	-0.436	1.471	396.6
1984	-0.042	-0.439	1.462	396.8
1985	-0.042	-0.437	1.461	397.0
1986	-0.042	-0.438	1.469	397.2
1987	-0.040	-0.437	1.464	397.4
1988	-0.044	-0.437	1.455	397.6
1989	-0.043	-0.436	1.461	397.8
1990	-0.041	-0.435	1.463	398.0
1991	-0.043	-0.439	1.459	398.2
1992	-0.041	-0.438	1.462	398.4
1993	-0.043	-0.437	1.463	398.6
1994	-0.044	-0.438	1.468	398.8
1995	-0.042	-0.437	1.464	399.0
1996	-0.044	-0.436	1.460	399.2
1997	-0.044	-0.436	1.461	399.4
1998	-0.044	-0.435	1.459	399.6
1999	-0.044	-0.436	1.456	399.8
2000	-0.044	-0.437	1.459	400.0
2001	-0.045	-0.437	1.464	400.2
2002	-0.043	-0.436	1.466	400.4
2003	-0.043	-0.436	1.464	400.6
2004	-0.044	-0.437	1.463	400.8
2005	-0.042	-0.435	1.461	401.0
2006	-0.044	-0.434	1.464	401.2
2007	-0.044	-0.435	1.464	401.4
2008	-0.043	-0.437	1.459	401.6
2009	-0.044	-0.437	1.463	401.8
2010	-0.042	-0.436	1.462	402.0
2011	-0.041	-0.436	1.464	402.2
2012	-0.043	-0.437	1.463	402.4
2013	-0.042	-0.435	1.460	402.6
2014	-0.042	-0.434	1.461	402.8
2015	-0.042	-0.436	1.458	403.0
2016	-0.045	-0.433	1.462	403.2
2017	-0.041	-0.434	1.465	403.4
2018	-0.041	-0.433	1.467	403.6
2019	-0.065	-0.655	1.848	403.8
2020	-0.068	-0.697	1.877	404.0
2021	-0.068	-0.683	1.861	404.2
2022	-0.063	-0.678	1.853	404.4
2023	-0.062	-0.673	1.824	404.6
2024	-0.063	-0.666	1.826	404.8
2025	-0.061	-0.664	1.833	405.0
2026	-0.060	-0.659	1.810	405.2
2027	-0.060	-0.658	1.806	405.4
2028	-0.057	-0.653	1.813	405.6
2029	-0.058	-0.650	1.808	405.8
2030	-0.057	-0.650	1.795	406.0
2031	-0.058	-0.647	1.792	406.2
2032	-0.058	-0.645	1.798	406.4
2033	-0.056	-0.640	1.797	406.6
2034	-0.056	-0.642	1.784	406.8
2035	-0.055	-0.640	1.785	407.0
2036	-0.054	-0.637	1.787	407.2
2037	-0.052	-0.638	1.779	407.4
2038	-0.056	-0.636	1.778	407.6
2039	-0.053	-0.632	1.782	407.8
2040	-0.054	-0.634	1.779	408.0
2041	-0.051	-0.632	1.767	408.2
2042	-0.051	-0.631	1.773	408.4
2043	-0.054	-0.632	1.773	408.6
2044	-0.053	-0.630	1.767	408.8
2045	-0.052	-0.628	1.766	409.0
2046	-0.051	-0.630	1.763	409.2
2047	-0.050	-0.628	1.766	409.4
2048	-0.050	-0.625	1.760	409.6
2049	-0.050	-0.627	1.758	409.8
2050	-0.052	-0.627	1.766	410.0
2051	-0.052	-0.624	1.762	410.2
2052	-0.052	-0.624	1.760	410.4
2053	-0.049	-0.624	1.763	410.6
2054	-0.049	-0.621	1.765	410.8
2055	-0.051	-0.620	1.756	411.0
2056	-0.051	-0.622	1.752	411.2
2057	-0.052	-0.622	1.754	411.4
2058	-0.051	-0.620	1.756	411.6
2059	-0.050	-0.621	1.752	411.8
2060	-0.052	-0.621	1.754	412.0
2061	-0.053	-0.619	1.756	412.2
2062	-0.053	-0.618	1.753	412.4
2063	-0.051	-0.620	1.752	412.6
2064	-0.051	-0.618	1.746	412.8
2065	-0.053	-0.617	1.752	413.0
2066	-0.051	-0.616	1.746	413.2
2067	-0.051	-0.618	1.749	413.4
2068	-0.054	-0.616	1.751	413.6
2069	-0.050	-0.616	1.752	413.8
2070	-0.052	-0.618	1.752	414.0
2071	-0.052	-0.615	1.743	414.2
2072	-0.053	-0.614	1.750	414.4
2073	-0.052	-0.612	1.742	414.6
2074	-0.054	-0.617	1.743	414.8
2075	-0.052	-0.615	1.747	415.0
2076	-0.052	-0.611	1.747	415.2
2077	-0.052	-0.613	1.745	415.4
2078	-0.052	-0.614	1.740	415.6
2079	-0.053	-0.611	1.747	415.8
2080	-0.051	-0.610	1.743	416.0
2081	-0.052	-0.613	1.742	416.2
2082	-0.049	-0.612	1.740	416.4
2083	-0.051	-0.611	1.748	416.6
2084	-0.051	-0.612	1.738	416.8
2085	-0.052	-0.612	1.740	417.0
2086	-0.052	-0.611	1.742	417.2
2087	-0.052	-0.612	1.745	417.4
2088	-0.049	-0.612	1.740	417.6
2089	-0.050	-0.610	1.742	417.8
2090	-0.049	-0.610	1.742	418.0
2091	-0.049	-0.609	1.737	418.2
2092	-0.049	-0.608	1.740	418.4
2093	-0.050	-0.608	1.732	418.6
2094	-0.049	-0.609	1.742	418.8
2095	-0.049	-0.608	1.740	419.0
2096	-0.049	-0.607	1.742	419.2
2097	-0.048	-0.607	1.739	419.4
2098	-0.049	-0.608	1.742	419.6
2099	-0.049	-0.608	1.735	419.8
2100	-0.045	-0.608	1.730	420.0
2101	-0.050	-0.607	1.739	420.2
2102	-0.049	-0.608	1.733	420.4
2103	-0.047	-0.606	1.734	420.6
2104	-0.049	-0.606	1.738	420.8
2105	-0.049	-0.607	1.742	421.0
2106	-0.049	-0.606	1.730	421.2
2107	-0.048	-0.605	1.724	421.4
2108	-0.049	-0.606	1.734	421.6
2109	-0.048	-0.607	1.737	421.8
2110	-0.049	-0.606	1.727	422.0
2111	-0.049	-0.606	1.726	422.2
2112	-0.048	-0.606	1.737	422.4
2113	-0.047	-0.604	1.730	422.6
2114	-0.048	-0.604	1.730	422.8
2115	-0.046	-0.605	1.727	423.0
2116	-0.049	-0.603	1.738	423.2
2117	-0.047	-0.601	1.729	423.4
2118	-0.047	-0.606	1.723	423.6
2119	-0.048	-0.604	1.728	423.8
2120	-0.049	-0.601	1.729	424.0
2121	-0.047	-0.602	1.732	424.2
2122	-0.049	-0.605	1.729	424.4
2123	-0.047	-0.602	1.730	424.6
2124	-0.049	-0.605	1.722	424.8
2125	-0.046	-0.603	1.727	425.0
2126	-0.046	-0.601	1.733	425.2
2127	-0.046	-0.601	1.723	425.4
2128	-0.048	-0.602	1.728	425.6
2129	-0.046	-0.602	1.722	425.8
2130	-0.046	-0.602	1.725	426.0
2131	-0.047	-0.603	1.727	426.2
2132	-0.046	-0.601	1.728	426.4
2133	-0.048	-0.601	1.723	426.6
2134	-0.047	-0.604	1.726	426.8
2135	-0.047	-0.603	1.722	427.0
2136	-0.049	-0.605	1.721	427.2
2137	-0.046	-0.604	1.732	427.4
2138	-0.046	-0.601	1.728	427.6
2139	-0.045	-0.605	1.730	427.8
2140	-0.048	-0.604	1.722	428.0
2141	-0.049	-0.601	1.732	428.2
2142	-0.049	-0.603	1.723	428.4
2143	-0.050	-0.603	1.721	428.6
2144	-0.048	-0.601	1.726	428.8
2145	-0.049	-0.602	1.727	429.0
2146	-0.050	-0.603	1.723	429.2
2147	-0.049	-0.603	1.719	429.4
2148	-0.050	-0.603	1.733	429.6
2149	-0.050	-0.600	1.724	429.8
2150	-0.049	-0.603	1.719	430.0
2151	-0.050	-0.603	1.724	430.2
2152	-0.051	-0.600	1.724	430.4
2153	-0.048	-0.601	1.721	430.6
2154	-0.050	-0.604	1.719	430.8
2155	-0.050	-0.600	1.734	431.0
2156	-0.051	-0.601	1.725	431.2
2157	-0.052	-0.602	1.723	431.4
2158	-0.051	-0.600	1.717	431.6
2159	-0.051	-0.600	1.725	431.8
2160	-0.049	-0.599	1.717	432.0
2161	-0.050	-0.599	1.719	432.2
2162	-0.050	-0.598	1.719	432.4
2163	-0.048	-0.597	1.722	432.6
2164	-0.049	-0.598	1.724	432.8
2165	-0.049	-0.600	1.718	433.0
2166	-0.049	-0.597	1.722	433.2
2167	-0.045	-0.601	1.721	433.4
2168	-0.048	-0.598	1.728	433.6
2169	-0.049	-0.600	1.715	433.8
2170	-0.049	-0.601	1.722	434.0
2171	-0.048	-0.599	1.725	434.2
2172	-0.047	-0.598	1.723	434.4
2173	-0.047	-0.597	1.721	434.6
2174	-0.046	-0.600	1.722	434.8
2175	-0.050	-0.600	1.723	435.0
2176	-0.048	-0.600	1.718	435.2
2177	-0.046	-0.596	1.724	435.4
2178	-0.047	-0.596	1.713	435.6
2179	-0.046	-0.599	1.717	435.8
2180	-0.049	-0.598	1.718	436.0
2181	-0.046	-0.597	1.724	436.2
2182	-0.046	-0.597	1.720	436.4
2183	-0.048	-0.599	1.721	436.6
2184	-0.045	-0.599	1.723	436.8
2185	-0.049	-0.598	1.717	437.0
2186	-0.047	-0.596	1.710	437.2
2187	-0.048	-0.600	1.719	437.4
2188	-0.046	-0.599	1.726	437.6
2189	-0.045	-0.598	1.718	437.8
2190	-0.047	-0.596	1.719	438.0
2191	-0.048	-0.596	1.722	438.2
2192	-0.047	-0.598	1.722	438.4
2193	-0.050	-0.599	1.713	438.6
2194	-0.049	-0.596	1.712	438.8
2195	-0.047	-0.596	1.721	439.0
2196	-0.048	-0.593	1.718	439.2
2197	-0.045	-0.597	1.714	439.4
2198	-0.047	-0.597	1.715	439.6
2199	-0.047	-0.596	1.726	439.8
2200	-0.048	-0.594	1.720	440.0
2201	-0.046	-0.597	1.710	440.2
2202	-0.047	-0.595	1.714	440.4
2203	-0.048	-0.594	1.720	440.6
2204	-0.046	-0.593	1.715	440.8
2205	-0.048	-0.596	1.712	441.0
2206	-0.047	-0.595	1.720	441.2
2207	-0.046	-0.596	1.715	441.4
2208	-0.046	-0.597	1.713	441.6
2209	-0.045	-0.597	1.709	441.8
2210	-0.047	-0.597	1.721	442.0
2211	-0.045	-0.596	1.713	442.2
2212	-0.049	-0.594	1.709	442.4
2213	-0.047	-0.599	1.712	442.6
2214	-0.049	-0.598	1.713	442.8
2215	-0.049	-0.596	1.710	443.0
2216	-0.045	-0.597	1.706	443.2
2217	-0.047	-0.597	1.721	443.4
2218	-0.048	-0.595	1.718	443.6
2219	-0.047	-0.596	1.710	443.8
2220	-0.049	-0.595	1.709	444.0
2221	-0.049	-0.596	1.715	444.2
2222	-0.046	-0.598	1.708	444.4
2223	-0.048	-0.596	1.705	444.6
2224	-0.048	-0.596	1.710	444.8
2225	-0.052	-0.596	1.710	445.0
2226	-0.050	-0.596	1.717	445.2
2227	-0.050	-0.595	1.711	445.4
2228	-0.051	-0.594	1.714	445.6
2229	-0.051	-0.597	1.711	445.8
2230	-0.051	-0.593	1.712	446.0
2231	-0.049	-0.594	1.710	446.2
2232	-0.050	-0.592	1.710	446.4
2233	-0.047	-0.594	1.710	446.6
2234	-0.049	-0.592	1.707	446.8
2235	-0.051	-0.590	1.715	447.0
2236	-0.051	-0.592	1.712	447.2
2237	-0.050	-0.591	1.713	447.4
2238	-0.051	-0.592	1.703	447.6
2239	-0.050	-0.589	1.712	447.8
2240	-0.050	-0.590	1.712	448.0
2241	-0.051	-0.592	1.707	448.2
2242	-0.047	-0.591	1.707	448.4
2243	-0.050	-0.591	1.713	448.6
2244	-0.050	-0.591	1.711	448.8
2245	-0.050	-0.593	1.703	449.0
2246	-0.049	-0.590	1.712	449.2
2247	-0.046	-0.591	1.708	449.4
2248	-0.049	-0.593	1.705	449.6
2249	-0.048	-0.592	1.707	449.8
2250	-0.048	-0.590	1.713	450.0
2251	-0.049	-0.594	1.710	450.2
2252	-0.047	-0.596	1.707	450.4
2253	-0.046	-0.592	1.717	450.6
2254	-0.047	-0.593	1.710	450.8
2255	-0.047	-0.591	1.701	451.0
2256	-0.046	-0.595	1.708	451.2
2257	-0.046	-0.593	1.708	451.4
2258	-0.045	-0.591	1.706	451.6
2259	-0.046	-0.594	1.704	451.8
2260	-0.046	-0.590	1.717	452.0
2261	-0.046	-0.593	1.705	452.2
2262	-0.047	-0.594	1.707	452.4
2263	-0.049	-0.593	1.711	452.6
2264	-0.046	-0.592	1.710	452.8
2265	-0.047	-0.593	1.700	453.0
2266	-0.048	-0.592	1.706	453.2
2267	-0.046	-0.589	1.716	453.4
2268	-0.044	-0.592	1.698	453.6
2269	-0.049	-0.593	1.711	453.8
2270	-0.047	-0.591	1.712	454.0
2271	-0.048	-0.591	1.710	454.2
2272	-0.046	-0.591	1.703	454.4
2273	-0.047	-0.592	1.706	454.6
2274	-0.046	-0.591	1.710	454.8
2275	-0.046	-0.593	1.704	455.0
2276	-0.046	-0.592	1.708	455.2
2277	-0.047	-0.592	1.706	455.4
2278	-0.048	-0.591	1.712	455.6
2279	-0.047	-0.591	1.705	455.8
2280	-0.047	-0.591	1.705	456.0
2281	-0.046	-0.592	1.706	456.2
2282	-0.047	-0.591	1.711	456.4
2283	-0.046	-0.591	1.704	456.6
2284	-0.045	-0.590	1.706	456.8
2285	-0.046	-0.591	1.711	457.0
2286	-0.046	-0.591	1.708	457.2
2287	-0.045	-0.591	1.705	457.4
2288	-0.046	-0.591	1.704	457.6
2289	-0.046	-0.591	1.715	457.8
2290	-0.045	-0.590	1.705	458.0
2291	-0.047	-0.590	1.704	458.2
2292	-0.046	-0.591	1.706	458.4
2293	-0.046	-0.591	1.706	458.6
2294	-0.043	-0.590	1.703	458.8
2295	-0.047	-0.589	1.701	459.0
2296	-0.045	-0.590	1.713	459.2
2297	-0.045	-0.591	1.707	459.4
2298	-0.046	-0.588	1.702	459.6
2299	-0.046	-0.585	1.702	459.8
2300	-0.047	-0.586	1.708	460.0
2301	-0.046	-0.588	1.700	460.2
2302	-0.045	-0.586	1.707	460.4
2303	-0.046	-0.586	1.708	460.6
2304	-0.045	-0.586	1.707	460.8
2305	-0.046	-0.586	1.708	461.0
2306	-0.044	-0.588	1.703	461.2
2307	-0.046	-0.585	1.712	461.4
2308	-0.044	-0.586	1.705	461.6
2309	-0.046	-0.586	1.705	461.8
2310	-0.045	-0.585	1.703	462.0
2311	-0.048	-0.586	1.708	462.2
2312	-0.048	-0.586	1.706	462.4
2313	-0.044	-0.585	1.708	462.6
2314	-0.045	-0.584	1.711	462.8
2315	-0.046	-0.585	1.702	463.0
2316	-0.044	-0.587	1.706	463.2
2317	-0.044	-0.582	1.704	463.4
2318	-0.046	-0.589	1.701	463.6
2319	-0.047	-0.586	1.704	463.8
2320	-0.046	-0.584	1.706	464.0
2321	-0.045	-0.587	1.704	464.2
2322	-0.045	-0.586	1.708	464.4
2323	-0.046	-0.588	1.710	464.6
2324	-0.045	-0.587	1.703	464.8
2325	-0.046	-0.587	1.701	465.0
2326	-0.044	-0.588	1.704	465.2
2327	-0.045	-0.588	1.711	465.4
2328	-0.045	-0.586	1.695	465.6
2329	-0.045	-0.586	1.702	465.8
2330	-0.045	-0.585	1.707	466.0
2331	-0.045	-0.588	1.705	466.2
2332	-0.047	-0.590	1.699	466.4
2333	-0.048	-0.585	1.710	466.6
2334	-0.045	-0.584	1.712	466.8
2335	-0.045	-0.585	1.692	467.0
2336	-0.044	-0.589	1.697	467.2
2337	-0.045	-0.587	1.706	467.4
2338	-0.046	-0.586	1.701	467.6
2339	-0.044	-0.587	1.692	467.8
2340	-0.044	-0.586	1.712	468.0
2341	-0.044	-0.588	1.709	468.2
2342	-0.046	-0.586	1.692	468.4
2343	-0.045	-0.586	1.700	468.6
2344	-0.043	-0.589	1.707	468.8
2345	-0.046	-0.588	1.701	469.0
2346	-0.044	-0.587	1.693	469.2
2347	-0.045	-0.587	1.708	469.4
2348	-0.044	-0.588	1.710	469.6
2349	-0.044	-0.588	1.700	469.8
2350	-0.045	-0.587	1.706	470.0
2351	-0.044	-0.586	1.711	470.2
2352	-0.045	-0.587	1.707	470.4
2353	-0.043	-0.590	1.694	470.6
2354	-0.045	-0.586	1.707	470.8
2355	-0.042	-0.584	1.705	471.0
2356	-0.045	-0.589	1.696	471.2
2357	-0.044	-0.588	1.704	471.4
2358	-0.047	-0.586	1.711	471.6
2359	-0.043	-0.587	1.699	471.8
2360	-0.043	-0.587	1.702	472.0
2361	-0.044	-0.588	1.709	472.2
2362	-0.045	-0.585	1.701	472.4
2363	-0.044	-0.587	1.697	472.6
2364	-0.045	-0.588	1.704	472.8
2365	-0.044	-0.586	1.702	473.0
2366	-0.044	-0.587	1.698	473.2
2367	-0.044	-0.585	1.707	473.4
2368	-0.045	-0.586	1.698	473.6
2369	-0.042	-0.586	1.701	473.8
2370	-0.045	-0.587	1.708	474.0
2371	-0.045	-0.587	1.701	474.2
2372	-0.045	-0.586	1.696	474.4
2373	-0.045	-0.586	1.702	474.6
2374	-0.046	-0.586	1.700	474.8
2375	-0.046	-0.588	1.699	475.0
2376	-0.047	-0.585	1.706	475.2
2377	-0.045	-0.587	1.701	475.4
2378	-0.046	-0.585	1.705	475.6
2379	-0.044	-0.586	1.704	475.8
2380	-0.045	-0.585	1.697	476.0
2381	-0.045	-0.585	1.702	476.2
2382	-0.045	-0.585	1.701	476.4
2383	-0.047	-0.588	1.703	476.6
2384	-0.044	-0.587	1.697	476.8
2385	-0.044	-0.584	1.705	477.0
2386	-0.042	-0.584	1.693	477.2
2387	-0.045	-0.583	1.707	477.4
2388	-0.046	-0.585	1.704	477.6
2389	-0.047	-0.586	1.696	477.8
2390	-0.044	-0.584	1.705	478.0
2391	-0.044	-0.584	1.700	478.2
2392	-0.045	-0.582	1.698	478.4
2393	-0.043	-0.585	1.697	478.6
2394	-0.045	-0.585	1.702	478.8
2395	-0.046	-0.583	1.702	479.0
2396	-0.045	-0.582	1.699	479.2
2397	-0.045	-0.585	1.704	479.4
2398	-0.044	-0.585	1.700	479.6
2399	-0.045	-0.586	1.697	479.8
2400	-0.045	-0.583	1.695	480.0
2401	-0.042	-0.583	1.704	480.2
2402	-0.045	-0.585	1.701	480.4
2403	-0.044	-0.587	1.695	480.6
2404	-0.043	-0.584	1.703	480.8
2405	-0.046	-0.584	1.706	481.0
2406	-0.045	-0.585	1.689	481.2
2407	-0.045	-0.585	1.696	481.4
2408	-0.045	-0.586	1.706	481.6
2409	-0.046	-0.586	1.690	481.8
2410	-0.045	-0.584	1.695	482.0
2411	-0.044	-0.583	1.703	482.2
2412	-0.045	-0.583	1.703	482.4
2413	-0.044	-0.586	1.693	482.6
2414	-0.044	-0.586	1.700	482.8
2415	-0.045	-0.583	1.709	483.0
2416	-0.044	-0.584	1.692	483.2
2417	-0.046	-0.584	1.692	483.4
2418	-0.045	-0.584	1.701	483.6
2419	-0.044	-0.584	1.700	483.8
2420	-0.044	-0.585	1.687	484.0
2421	-0.043	-0.584	1.697	484.2
2422	-0.045	-0.584	1.704	484.4
2423	-0.046	-0.583	1.695	484.6
2424	-0.045	-0.586	1.697	484.8
2425	-0.043	-0.584	1.699	485.0
2426	-0.046	-0.585	1.701	485.2
2427	-0.043	-0.585	1.692	485.4
2428	-0.043	-0.585	1.699	485.6
2429	-0.043	-0.584	1.693	485.8
2430	-0.044	-0.583	1.701	486.0
2431	-0.044	-0.584	1.696	486.2
2432	-0.045	-0.581	1.696	486.4
2433	-0.042	-0.585	1.697	486.6
2434	-0.044	-0.582	1.702	486.8
2435	-0.046	-0.585	1.693	487.0
2436	-0.044	-0.583	1.693	487.2
2437	-0.046	-0.583	1.700	487.4
2438	-0.045	-0.583	1.693	487.6
2439	-0.045	-0.582	1.693	487.8
2440	-0.044	-0.582	1.696	488.0
2441	-0.045	-0.580	1.700	488.2
2442	-0.047	-0.582	1.701	488.4
2443	-0.043	-0.583	1.693	488.6
2444	-0.045	-0.584	1.702	488.8
2445	-0.045	-0.582	1.693	489.0
2446	-0.045	-0.582	1.696	489.2
2447	-0.044	-0.581	1.694	489.4
2448	-0.045	-0.580	1.700	489.6
2449	-0.045	-0.581	1.692	489.8
2450	-0.044	-0.583	1.694	490.0
2451	-0.044	-0.582	1.699	490.2
2452	-0.044	-0.584	1.700	490.4
2453	-0.044	-0.583	1.697	490.6
2454	-0.046	-0.579	1.691	490.8
2455	-0.044	-0.580	1.699	491.0
2456	-0.044	-0.579	1.694	491.2
2457	-0.045	-0.581	1.693	491.4
2458	-0.043	-0.586	1.694	491.6
2459	-0.044	-0.581	1.700	491.8
2460	-0.046	-0.579	1.699	492.0
2461	-0.045	-0.580	1.690	492.2
2462	-0.045	-0.580	1.698	492.4
2463	-0.044	-0.580	1.695	492.6
2464	-0.044	-0.584	1.695	492.8
2465	-0.042	-0.582	1.689	493.0
2466	-0.044	-0.582	1.699	493.2
2467	-0.042	-0.580	1.697	493.4
2468	-0.045	-0.582	1.692	493.6
2469	-0.044	-0.581	1.695	493.8
2470	-0.045	-0.583	1.698	494.0
2471	-0.046	-0.581	1.698	494.2
2472	-0.042	-0.581	1.689	494.4
2473	-0.045	-0.582	1.692	494.6
2474	-0.046	-0.582	1.695	494.8
2475	-0.046	-0.582	1.687	495.0
2476	-0.047	-0.581	1.692	495.2
2477	-0.044	-0.579	1.694	495.4
2478	-0.045	-0.580	1.699	495.6
2479	-0.045	-0.580	1.686	495.8
2480	-0.044	-0.579	1.689	496.0
2481	-0.044	-0.580	1.697	496.2
2482	-0.044	-0.582	1.695	496.4
2483	-0.045	-0.582	1.683	496.6
2484	-0.043	-0.580	1.691	496.8
2485	-0.044	-0.580	1.689	497.0
2486	-0.044	-0.580	1.687	497.2
2487	-0.042	-0.579	1.691	497.4
2488	-0.046	-0.580	1.699	497.6
2489	-0.044	-0.581	1.691	497.8
2490	-0.044	-0.583	1.683	498.0
2491	-0.044	-0.581	1.695	498.2
2492	-0.044	-0.577	1.692	498.4
2493	-0.044	-0.580	1.681	498.6
2494	-0.043	-0.581	1.687	498.8
2495	-0.043	-0.580	1.696	499.0
2496	-0.045	-0.579	1.692	499.2
2497	-0.044	-0.580	1.687	499.4
2498	-0.044	-0.579	1.686	499.6
2499	-0.045	-0.579	1.690	499.8
2500	-0.044	-0.578	1.692	500.0
2501	-0.045	-0.579	1.685	500.2
2502	-0.045	-0.578	1.685	500.4
2503	-0.043	-0.577	1.690	500.6
2504	-0.046	-0.579	1.685	500.8
2505	-0.044	-0.579	1.690	501.0
2506	-0.045	-0.578	1.692	501.2
2507	-0.044	-0.580	1.688	501.4
2508	-0.045	-0.583	1.683	501.6
2509	-0.045	-0.579	1.692	501.8
2510	-0.046	-0.580	1.688	502.0
2511	-0.044	-0.579	1.687	502.2
2512	-0.045	-0.580	1.690	502.4
2513	-0.044	-0.577	1.688	502.6
2514	-0.045	-0.577	1.690	502.8
2515	-0.045	-0.581	1.683	503.0
2516	-0.045	-0.578	1.690	503.2
2517	-0.044	-0.579	1.691	503.4
2518	-0.044	-0.580	1.689	503.6
2519	-0.047	-0.579	1.610	503.8
2520	-0.009	-0.254	1.117	504.0
2521	-0.015	-0.030	0.756	504.2
2522	-0.013	-0.011	0.765	504.4
2523	-0.011	-0.005	0.771	504.6
2524	-0.013	-0.005	0.765	504.8
2525	-0.012	-0.001	0.772	505.0
2526	-0.010	-0.002	0.776	505.2
2527	-0.011	-0.003	0.766	505.4
2528	-0.011	-0.005	0.763	505.6
2529	-0.009	-0.009	0.774	505.8
2530	-0.013	-0.011	0.766	506.0
2531	-0.013	-0.008	0.762	506.2
2532	-0.014	-0.003	0.771	506.4
2533	-0.011	-0.003	0.763	506.6
2534	-0.012	0.001	0.774	506.8
2535	-0.012	-0.001	0.770	507.0
2536	-0.010	-0.007	0.765	507.2
2537	-0.012	-0.007	0.756	507.4
2538	-0.011	-0.007	0.767	507.6
2539	-0.013	-0.009	0.770	507.8
2540	-0.012	-0.005	0.771	508.0
2541	-0.012	-0.003	0.765	508.2
2542	-0.011	0.002	0.765	508.4
2543	-0.012	0.000	0.772	508.6
2544	-0.014	-0.002	0.768	508.8
2545	-0.013	-0.007	0.769	509.0
2546	-0.013	-0.008	0.765	509.2
2547	-0.011	-0.006	0.769	509.4
2548	-0.012	-0.005	0.766	509.6
2549	-0.010	-0.002	0.765	509.8
2550	-0.013	-0.003	0.770	510.0
2551	-0.011	0.002	0.765	510.2
2552	-0.013	-0.003	0.770	510.4
2553	-0.011	-0.007	0.768	510.6
2554	-0.011	-0.011	0.772	510.8
2555	-0.013	-0.008	0.768	511.0
2556	-0.013	-0.005	0.768	511.2
2557	-0.011	-0.005	0.767	511.4
2558	-0.010	-0.001	0.770	511.6
2559	-0.011	-0.002	0.769	511.8
2560	-0.013	-0.002	0.767	512.0
2561	-0.010	-0.005	0.773	512.2
2562	-0.013	-0.005	0.767	512.4
2563	-0.012	-0.007	0.773	512.6
2564	-0.011	-0.006	0.770	512.8
2565	-0.012	-0.005	0.771	513.0
2566	-0.009	-0.004	0.772	513.2
2567	-0.011	-0.002	0.768	513.4
2568	-0.011	-0.002	0.770	513.6
2569	-0.012	-0.002	0.766	513.8
2570	-0.013	-0.007	0.771	514.0
2571	-0.011	-0.007	0.767	514.2
2572	-0.011	-0.007	0.773	514.4
2573	-0.011	-0.006	0.770	514.6
2574	-0.012	-0.002	0.775	514.8
2575	-0.013	-0.001	0.774	515.0
2576	-0.011	0.001	0.768	515.2
2577	-0.010	-0.004	0.772	515.4
2578	-0.010	-0.004	0.769	515.6
2579	-0.013	-0.005	0.768	515.8
2580	-0.011	-0.006	0.770	516.0
2581	-0.011	-0.006	0.770	516.2
2582	-0.011	-0.003	0.772	516.4
2583	-0.009	0.000	0.771	516.6
2584	-0.011	-0.003	0.774	516.8
2585	-0.011	-0.003	0.769	517.0
2586	-0.012	-0.006	0.771	517.2
2587	-0.012	-0.007	0.768	517.4
2588	-0.009	-0.006	0.768	517.6
2589	-0.009	-0.008	0.769	517.8
2590	-0.011	-0.005	0.771	518.0
2591	-0.010	-0.002	0.772	518.2
2592	-0.009	-0.002	0.771	518.4
2593	-0.010	-0.005	0.773	518.6
2594	-0.011	-0.005	0.768	518.8
2595	-0.013	-0.007	0.773	519.0
2596	-0.009	-0.005	0.768	519.2
2597	-0.009	-0.005	0.772	519.4
2598	-0.013	-0.001	0.767	519.6
2599	-0.011	-0.001	0.773	519.8
2600	-0.013	-0.006	0.770	520.0
2601	-0.014	-0.004	0.773	520.2
2602	-0.014	-0.004	0.772	520.4
2603	-0.013	-0.006	0.768	520.6
2604	-0.015	-0.007	0.772	520.8
2605	-0.015	-0.007	0.769	521.0
2606	-0.015	-0.003	0.773	521.2
2607	-0.018	-0.005	0.768	521.4
2608	-0.018	-0.003	0.768	521.6
2609	-0.018	-0.007	0.769	521.8
2610	-0.020	-0.006	0.771	522.0
2611	-0.019	-0.006	0.773	522.2
2612	-0.021	-0.005	0.769	522.4
2613	-0.021	-0.001	0.772	522.6
2614	-0.018	-0.005	0.770	522.8
2615	-0.019	-0.002	0.771	523.0
2616	-0.018	-0.005	0.767	523.2
2617	-0.020	-0.005	0.768	523.4
2618	-0.019	-0.008	0.771	523.6
2619	-0.020	-0.004	0.769	523.8
2620	-0.018	-0.006	0.772	524.0
2621	-0.017	-0.005	0.767	524.2
2622	-0.018	-0.002	0.773	524.4
2623	-0.018	-0.005	0.765	524.6
2624	-0.020	-0.005	0.770	524.8
2625	-0.018	-0.005	0.769	525.0
2626	-0.017	-0.008	0.765	525.2
2627	-0.018	-0.005	0.766	525.4
2628	-0.018	-0.004	0.768	525.6
2629	-0.019	-0.003	0.772	525.8
2630	-0.019	-0.001	0.768	526.0
2631	-0.016	-0.003	0.772	526.2
2632	-0.015	-0.005	0.768	526.4
2633	-0.015	-0.005	0.771	526.6
2634	-0.015	-0.003	0.767	526.8
2635	-0.014	-0.005	0.768	527.0
2636	-0.017	-0.006	0.769	527.2
2637	-0.015	-0.003	0.767	527.4
2638	-0.015	-0.001	0.771	527.6
2639	-0.017	-0.002	0.765	527.8
2640	-0.014	-0.002	0.772	528.0
2641	-0.012	-0.004	0.768	528.2
2642	-0.017	-0.002	0.769	528.4
2643	-0.015	-0.003	0.768	528.6
2644	-0.012	-0.005	0.767	528.8
2645	-0.015	-0.002	0.768	529.0
2646	-0.012	-0.003	0.767	529.2
2647	-0.013	0.001	0.768	529.4
2648	-0.013	-0.002	0.768	529.6
2649	-0.012	0.000	0.772	529.8
2650	-0.012	-0.003	0.771	530.0
2651	-0.012	-0.004	0.772	530.2
2652	-0.012	-0.004	0.772	530.4
2653	-0.013	-0.005	0.769	530.6
2654	-0.013	-0.002	0.772	530.8
2655	-0.012	-0.003	0.767	531.0
2656	-0.012	-0.001	0.770	531.2
2657	-0.014	-0.005	0.768	531.4
2658	-0.015	-0.004	0.771	531.6
2659	-0.013	-0.005	0.770	531.8
2660	-0.013	-0.004	0.772	532.0
2661	-0.015	-0.001	0.771	532.2
2662	-0.014	-0.001	0.769	532.4
2663	-0.016	0.000	0.770	532.6
2664	-0.013	-0.003	0.767	532.8
2665	-0.014	-0.002	0.770	533.0
2666	-0.016	-0.003	0.768	533.2
2667	-0.017	-0.002	0.772	533.4
2668	-0.017	-0.002	0.768	533.6
2669	-0.018	-0.002	0.771	533.8
2670	-0.017	-0.001	0.772	534.0
2671	-0.016	-0.001	0.771	534.2
2672	-0.018	-0.002	0.772	534.4
2673	-0.019	0.000	0.770	534.6
2674	-0.017	0.000	0.770	534.8
2675	-0.017	-0.002	0.766	535.0
2676	-0.018	-0.001	0.769	535.2
2677	-0.017	-0.004	0.770	535.4
2678	-0.019	-0.003	0.769	535.6
2679	-0.018	0.000	0.771	535.8
2680	-0.016	-0.002	0.771	536.0
2681	-0.014	0.001	0.772	536.2
2682	-0.018	-0.004	0.769	536.4
2683	-0.018	-0.001	0.770	536.6
2684	-0.016	-0.004	0.766	536.8
2685	-0.017	-0.002	0.770	537.0
2686	-0.018	-0.003	0.767	537.2
2687	-0.018	-0.003	0.772	537.4
2688	-0.017	-0.003	0.771	537.6
2689	-0.018	-0.002	0.768	537.8
2690	-0.018	-0.004	0.770	538.0
2691	-0.018	-0.007	0.768	538.2
2692	-0.015	-0.005	0.771	538.4
2693	-0.015	-0.004	0.767	538.6
2694	-0.015	-0.005	0.770	538.8
2695	-0.012	-0.004	0.765	539.0
2696	-0.014	-0.009	0.767	539.2
2697	-0.015	-0.007	0.769	539.4
2698	-0.012	-0.007	0.768	539.6
2699	-0.010	-0.006	0.773	539.8
2700	-0.010	-0.005	0.770	540.0
2701	-0.009	-0.004	0.773	540.2
2702	-0.011	-0.006	0.767	540.4
2703	-0.011	-0.007	0.770	540.6
2704	-0.010	-0.008	0.768	540.8
2705	-0.010	-0.007	0.768	541.0
2706	-0.011	-0.007	0.770	541.2
2707	-0.011	-0.004	0.766	541.4
2708	-0.012	-0.005	0.771	541.6
2709	-0.013	-0.005	0.769	541.8
2710	-0.013	-0.005	0.772	542.0
2711	-0.015	-0.005	0.770	542.2
2712	-0.011	-0.005	0.770	542.4
2713	-0.013	-0.007	0.767	542.6
2714	-0.013	-0.006	0.768	542.8
2715	-0.015	-0.006	0.767	543.0
2716	-0.014	-0.007	0.765	543.2
2717	-0.012	-0.004	0.776	543.4
2718	-0.015	-0.007	0.768	543.6
2719	-0.013	-0.005	0.771	543.8
2720	-0.016	-0.007	0.772	544.0
2721	-0.015	-0.008	0.769	544.2
2722	-0.015	-0.007	0.773	544.4
2723	-0.016	-0.007	0.766	544.6
2724	-0.015	-0.005	0.772	544.8
2725	-0.016	-0.005	0.770	545.0
2726	-0.015	-0.009	0.771	545.2
2727	-0.015	-0.005	0.768	545.4
2728	-0.015	-0.011	0.771	545.6
2729	-0.016	-0.009	0.771	545.8
2730	-0.017	-0.014	0.768	546.0
2731	-0.017	-0.009	0.774	546.2
2732	-0.017	-0.009	0.771	546.4
2733	-0.019	-0.007	0.770	546.6
2734	-0.016	-0.008	0.766	546.8
2735	-0.014	-0.005	0.766	547.0
2736	-0.015	-0.006	0.764	547.2
2737	-0.014	-0.007	0.770	547.4
2738	-0.016	-0.008	0.768	547.6
2739	-0.015	-0.011	0.768	547.8
2740	-0.013	-0.011	0.771	548.0
2741	-0.013	-0.011	0.771	548.2
2742	-0.013	-0.006	0.769	548.4
2743	-0.012	-0.003	0.768	548.6
2744	-0.015	-0.007	0.767	548.8
2745	-0.014	-0.007	0.767	549.0
2746	-0.016	-0.007	0.768	549.2
2747	-0.015	-0.007	0.769	549.4
2748	-0.016	-0.008	0.770	549.6
2749	-0.015	-0.006	0.773	549.8
2750	-0.014	-0.003	0.767	550.0
2751	-0.015	-0.003	0.768	550.2
2752	-0.017	-0.007	0.769	550.4
2753	-0.015	-0.006	0.772	550.6
2754	-0.017	-0.008	0.767	550.8
2755	-0.015	-0.007	0.768	551.0
2756	-0.015	-0.004	0.768	551.2
2757	-0.018	-0.006	0.765	551.4
2758	-0.015	-0.005	0.771	551.6
2759	-0.015	-0.006	0.770	551.8
2760	-0.016	-0.007	0.770	552.0
2761	-0.016	-0.005	0.767	552.2
2762	-0.015	-0.008	0.770	552.4
2763	-0.015	-0.005	0.768	552.6
2764	-0.015	-0.006	0.765	552.8
2765	-0.015	-0.009	0.769	553.0
2766	-0.013	-0.007	0.767	553.2
2767	-0.015	-0.007	0.772	553.4
2768	-0.015	-0.006	0.768	553.6
2769	-0.014	-0.006	0.772	553.8
2770	-0.015	-0.005	0.768	554.0
2771	-0.015	-0.008	0.771	554.2
2772	-0.015	-0.009	0.776	554.4
2773	-0.016	-0.009	0.770	554.6
2774	-0.015	-0.009	0.770	554.8
2775	-0.014	-0.007	0.768	555.0
2776	-0.013	-0.003	0.772	555.2
2777	-0.016	-0.004	0.768	555.4
2778	-0.013	-0.008	0.770	555.6
2779	-0.013	-0.009	0.773	555.8
2780	-0.013	-0.011	0.772	556.0
2781	-0.015	-0.013	0.773	556.2
2782	-0.013	-0.009	0.770	556.4
2783	-0.015	-0.006	0.772	556.6
2784	-0.015	-0.004	0.768	556.8
2785	-0.015	-0.007	0.771	557.0
2786	-0.013	-0.004	0.768	557.2
2787	-0.015	-0.007	0.766	557.4
2788	-0.013	-0.011	0.769	557.6
2789	-0.014	-0.009	0.769	557.8
2790	-0.011	-0.008	0.772	558.0
2791	-0.013	-0.006	0.768	558.2
2792	-0.013	-0.003	0.772	558.4
2793	-0.011	-0.006	0.770	558.6
2794	-0.012	-0.009	0.768	558.8
2795	-0.012	-0.010	0.767	559.0
2796	-0.011	-0.011	0.768	559.2
2797	-0.013	-0.009	0.771	559.4
2798	-0.012	-0.007	0.769	559.6
2799	-0.012	-0.008	0.768	559.8
2800	-0.013	-0.008	0.771	560.0
2801	-0.014	-0.005	0.770	560.2
2802	-0.011	-0.004	0.773	560.4
2803	-0.012	-0.004	0.770	560.6
2804	-0.013	-0.008	0.768	560.8
2805	-0.015	-0.010	0.765	561.0
2806	-0.015	-0.009	0.771	561.2
2807	-0.012	-0.007	0.765	561.4
2808	-0.012	-0.004	0.768	561.6
2809	-0.012	-0.004	0.770	561.8
2810	-0.012	-0.005	0.774	562.0
2811	-0.012	-0.006	0.769	562.2
2812	-0.013	-0.006	0.773	562.4
2813	-0.012	-0.008	0.774	562.6
2814	-0.011	-0.007	0.768	562.8
2815	-0.013	-0.006	0.769	563.0
2816	-0.009	-0.004	0.770	563.2
2817	-0.011	-0.002	0.768	563.4
2818	-0.011	-0.003	0.768	563.6
2819	-0.009	-0.003	0.770	563.8
2820	-0.011	-0.003	0.772	564.0
2821	-0.009	-0.005	0.769	564.2
2822	-0.009	-0.005	0.772	564.4
2823	-0.009	-0.004	0.770	564.6
2824	-0.008	-0.004	0.772	564.8
2825	-0.007	-0.004	0.768	565.0
2826	-0.009	-0.005	0.770	565.2
2827	-0.010	-0.005	0.764	565.4
2828	-0.007	-0.006	0.768	565.6
2829	-0.010	-0.005	0.770	565.8
2830	-0.008	0.000	0.767	566.0
2831	-0.010	-0.004	0.773	566.2
2832	-0.009	-0.005	0.768	566.4
2833	-0.008	-0.003	0.772	566.6
2834	-0.009	-0.006	0.770	566.8
2835	-0.009	-0.007	0.770	567.0
2836	-0.008	-0.005	0.767	567.2
2837	-0.009	-0.009	0.768	567.4
2838	-0.009	-0.006	0.768	567.6
2839	-0.008	-0.003	0.768	567.8
2840	-0.006	-0.007	0.773	568.0
2841	-0.006	-0.005	0.769	568.2
2842	-0.010	-0.007	0.772	568.4
2843	-0.007	-0.009	0.769	568.6
2844	-0.007	-0.007	0.771	568.8
2845	-0.010	-0.009	0.769	569.0
2846	-0.008	-0.007	0.769	569.2
2847	-0.008	-0.007	0.771	569.4
2848	-0.009	-0.009	0.768	569.6
2849	-0.009	-0.009	0.770	569.8
2850	-0.011	-0.009	0.769	570.0
2851	-0.011	-0.011	0.772	570.2
2852	-0.008	-0.011	0.774	570.4
2853	-0.009	-0.009	0.772	570.6
2854	-0.008	-0.006	0.773	570.8
2855	-0.010	-0.005	0.769	571.0
2856	-0.010	-0.009	0.771	571.2
2857	-0.009	-0.010	0.767	571.4
2858	-0.008	-0.007	0.772	571.6
2859	-0.010	-0.007	0.769	571.8
2860	-0.010	-0.011	0.771	572.0
2861	-0.011	-0.007	0.771	572.2
2862	-0.009	-0.007	0.775	572.4
2863	-0.010	-0.009	0.773	572.6
2864	-0.011	-0.007	0.769	572.8
2865	-0.011	-0.009	0.772	573.0
2866	-0.010	-0.010	0.771	573.2
2867	-0.012	-0.011	0.773	573.4
2868	-0.011	-0.007	0.769	573.6
2869	-0.012	-0.007	0.767	573.8
2870	-0.010	-0.010	0.771	574.0
2871	-0.009	-0.007	0.771	574.2
2872	-0.012	-0.009	0.768	574.4
2873	-0.011	-0.010	0.767	574.6
2874	-0.012	-0.008	0.774	574.8
2875	-0.012	-0.007	0.769	575.0
2876	-0.011	-0.010	0.770	575.2
2877	-0.010	-0.011	0.768	575.4
2878	-0.013	-0.008	0.769	575.6
2879	-0.011	-0.006	0.767	575.8
2880	-0.011	-0.009	0.766	576.0
2881	-0.009	-0.009	0.772	576.2
2882	-0.009	-0.007	0.770	576.4
2883	-0.011	-0.012	0.773	576.6
2884	-0.011	-0.009	0.770	576.8
2885	-0.010	-0.006	0.771	577.0
2886	-0.009	-0.010	0.767	577.2
2887	-0.011	-0.009	0.772	577.4
2888	-0.011	-0.006	0.773	577.6
2889	-0.011	-0.011	0.770	577.8
2890	-0.010	-0.010	0.773	578.0
2891	-0.011	-0.007	0.767	578.2
2892	-0.012	-0.008	0.771	578.4
2893	-0.009	-0.007	0.769	578.6
2894	-0.010	-0.005	0.771	578.8
2895	-0.011	-0.005	0.773	579.0
2896	-0.010	-0.008	0.770	579.2
2897	-0.012	-0.008	0.772	579.4
2898	-0.012	-0.009	0.769	579.6
2899	-0.013	-0.006	0.771	579.8
2900	-0.011	-0.004	0.768	580.0
2901	-0.012	-0.003	0.769	580.2
2902	-0.010	-0.004	0.767	580.4
2903	-0.013	-0.007	0.768	580.6
2904	-0.011	-0.005	0.770	580.8
2905	-0.010	-0.008	0.770	581.0
2906	-0.011	-0.008	0.770	581.2
2907	-0.011	-0.005	0.768	581.4
2908	-0.011	-0.003	0.769	581.6
2909	-0.010	-0.007	0.768	581.8
2910	-0.009	-0.005	0.767	582.0
2911	-0.011	-0.005	0.770	582.2
2912	-0.011	-0.008	0.768	582.4
2913	-0.010	-0.005	0.770	582.6
2914	-0.011	-0.006	0.768	582.8
2915	-0.011	-0.007	0.775	583.0
2916	-0.010	-0.005	0.770	583.2
2917	-0.012	-0.004	0.770	583.4
2918	-0.011	-0.005	0.770	583.6
2919	-0.011	-0.004	0.770	583.8
2920	-0.012	-0.005	0.770	584.0
2921	-0.011	-0.008	0.766	584.2
2922	-0.011	-0.008	0.768	584.4
2923	-0.008	-0.009	0.767	584.6
2924	-0.012	-0.006	0.770	584.8
2925	-0.008	-0.005	0.770	585.0
2926	-0.011	-0.005	0.772	585.2
2927	-0.011	-0.004	0.774	585.4
2928	-0.011	-0.005	0.768	585.6
2929	-0.009	-0.007	0.773	585.8
2930	-0.010	-0.004	0.767	586.0
2931	-0.010	-0.008	0.772	586.2
2932	-0.008	-0.008	0.768	586.4
2933	-0.011	-0.004	0.772	586.6
2934	-0.009	-0.005	0.767	586.8
2935	-0.010	-0.006	0.767	587.0
2936	-0.009	-0.004	0.772	587.2
2937	-0.007	-0.006	0.770	587.4
2938	-0.011	-0.007	0.771	587.6
2939	-0.007	-0.006	0.768	587.8
2940	-0.009	-0.005	0.772	588.0
2941	-0.009	-0.005	0.766	588.2
2942	-0.008	-0.005	0.766	588.4
2943	-0.011	-0.006	0.767	588.6
2944	-0.009	-0.004	0.769	588.8
2945	-0.009	-0.005	0.770	589.0
2946	-0.008	-0.007	0.767	589.2
2947	-0.009	-0.010	0.771	589.4
2948	-0.009	-0.009	0.771	589.6
2949	-0.009	-0.007	0.770	589.8
2950	-0.007	-0.009	0.768	590.0
2951	-0.009	-0.006	0.769	590.2
2952	-0.014	-0.005	0.770	590.4
2953	-0.009	-0.004	0.768	590.6
2954	-0.012	-0.007	0.770	590.8
2955	-0.009	-0.008	0.770	591.0
2956	-0.010	-0.009	0.773	591.2
2957	-0.011	-0.010	0.769	591.4
2958	-0.011	-0.011	0.773	591.6
2959	-0.008	-0.007	0.771	591.8
2960	-0.011	-0.007	0.769	592.0
2961	-0.011	-0.004	0.772	592.2
2962	-0.012	-0.007	0.770	592.4
2963	-0.013	-0.007	0.769	592.6
2964	-0.013	-0.009	0.768	592.8
2965	-0.015	-0.011	0.769	593.0
2966	-0.013	-0.011	0.766	593.2
2967	-0.012	-0.009	0.770	593.4
2968	-0.012	-0.007	0.767	593.6
2969	-0.014	-0.007	0.767	593.8
2970	-0.013	-0.006	0.770	594.0
2971	-0.013	-0.009	0.770	594.2
2972	-0.015	-0.011	0.769	594.4
2973	-0.015	-0.013	0.769	594.6
2974	-0.013	-0.007	0.770	594.8
2975	-0.014	-0.010	0.768	595.0
2976	-0.013	-0.009	0.766	595.2
2977	-0.013	-0.005	0.768	595.4
2978	-0.014	-0.006	0.771	595.6
2979	-0.012	-0.009	0.770	595.8
2980	-0.012	-0.009	0.767	596.0
2981	-0.015	-0.009	0.774	596.2
2982	-0.013	-0.009	0.770	596.4
2983	-0.013	-0.010	0.772	596.6
2984	-0.012	-0.009	0.772	596.8
2985	-0.011	-0.008	0.766	597.0
2986	-0.011	-0.008	0.772	597.2
2987	-0.011	-0.008	0.770	597.4
2988	-0.012	-0.009	0.769	597.6
2989	-0.012	-0.011	0.768	597.8
2990	-0.012	-0.007	0.770	598.0
2991	-0.012	-0.009	0.772	598.2
2992	-0.011	-0.006	0.768	598.4
2993	-0.013	-0.008	0.772	598.6
2994	-0.011	-0.008	0.768	598.8
2995	-0.012	-0.006	0.771	599.0
2996	-0.012	-0.009	0.767	599.2
2997	-0.014	-0.009	0.770	599.4
2998	-0.012	-0.008	0.768	599.6
2999	-0.013	-0.008	0.767	599.8
3000	-0.014	-0.009	0.771	600.0
3001	-0.013	-0.007	0.767	600.2
3002	-0.016	-0.006	0.771	600.4
3003	-0.016	-0.006	0.769	600.6
3004	-0.014	-0.009	0.772	600.8
3005	-0.015	-0.008	0.772	601.0
3006	-0.014	-0.009	0.772	601.2
3007	-0.013	-0.007	0.770	601.4
3008	-0.015	-0.010	0.768	601.6
3009	-0.011	-0.009	0.771	601.8
3010	-0.014	-0.006	0.767	602.0
3011	-0.016	-0.005	0.772	602.2
3012	-0.012	-0.008	0.770	602.4
