0	0.002	-0.003	0.776
1	0.002	-0.002	0.780
2	0.003	0.001	0.768
3	0.003	0.001	0.777
4	0.003	0.001	0.777
5	0.000	0.001	0.768
6	0.002	0.000	0.782
7	0.003	-0.001	0.774
8	0.002	-0.002	0.776
9	0.000	0.004	0.780
10	0.002	0.002	0.771
11	0.002	0.005	0.776
12	0.000	0.002	0.777
13	0.001	-0.001	0.772
14	0.001	-0.002	0.782
15	0.002	-0.003	0.776
16	-0.002	-0.004	0.771
17	0.002	-0.002	0.782
18	0.004	0.002	0.770
19	0.003	0.002	0.776
20	-0.002	0.002	0.779
21	0.003	-0.002	0.770
22	-0.001	-0.003	0.779
23	0.000	-0.004	0.774
24	0.001	-0.001	0.773
25	0.001	0.003	0.778
26	0.001	0.004	0.770
27	0.001	0.002	0.774
28	0.001	0.000	0.779
29	0.002	0.000	0.774
30	0.001	-0.005	0.779
31	0.002	-0.002	0.774
32	0.004	0.000	0.774
33	0.002	0.002	0.782
34	0.004	0.004	0.768
35	0.003	0.002	0.778
36	0.003	0.003	0.778
37	0.004	0.004	0.769
38	-0.001	0.005	0.781
39	0.002	0.001	0.769
40	0.002	-0.002	0.773
41	0.002	-0.004	0.780
42	0.002	-0.004	0.770
43	0.002	-0.002	0.777
44	0.003	0.002	0.778
45	0.002	0.005	0.771
46	0.001	0.005	0.780
47	0.001	0.002	0.773
48	0.002	-0.002	0.774
49	0.002	-0.004	0.779
50	-0.001	-0.006	0.771
51	0.003	-0.002	0.776
52	0.002	0.001	0.778
53	0.000	0.003	0.771
54	0.002	0.003	0.775
55	0.005	0.001	0.779
56	0.001	-0.002	0.771
57	0.001	-0.005	0.780
58	0.001	-0.005	0.772
59	0.002	-0.002	0.775
60	0.002	0.003	0.782
61	0.002	0.004	0.773
62	0.002	0.002	0.779
63	0.003	0.002	0.778
64	0.003	-0.002	0.771
65	0.000	-0.006	0.783
66	0.002	-0.004	0.773
67	0.002	-0.001	0.772
68	0.001	0.001	0.780
69	0.003	0.001	0.770
70	0.002	0.003	0.774
71	0.005	0.000	0.774
72	0.001	-0.003	0.770
73	-0.001	-0.004	0.778
74	0.002	-0.002	0.771
75	0.000	-0.003	0.775
76	-0.002	0.003	0.780
77	0.000	0.002	0.768
78	0.001	0.003	0.777
79	-0.001	0.001	0.778
80	-0.002	-0.002	0.772
81	0.000	-0.003	0.780
82	0.002	-0.003	0.770
83	0.002	-0.002	0.773
84	0.002	0.002	0.777
85	0.002	0.002	0.772
86	0.002	0.002	0.780
87	0.001	-0.001	0.776
88	-0.001	-0.001	0.770
89	0.001	-0.005	0.783
90	0.000	-0.003	0.772
91	-0.001	-0.003	0.773
92	0.002	0.000	0.780
93	0.002	-0.001	0.772
94	0.002	0.003	0.777
95	-0.001	-0.001	0.777
96	0.002	-0.002	0.772
97	0.001	-0.003	0.779
98	-0.001	-0.004	0.775
99	-0.002	-0.003	0.774
100	0.000	0.000	0.780
101	0.001	0.003	0.772
102	0.002	0.002	0.779
103	-0.001	0.000	0.775
104	0.001	0.001	0.771
105	-0.001	-0.002	0.781
106	-0.002	-0.001	0.775
107	0.001	-0.003	0.776
108	0.001	0.000	0.780
109	0.002	0.002	0.771
110	0.000	0.001	0.773
111	0.001	0.001	0.776
112	0.001	-0.001	0.772
113	0.003	-0.001	0.780
114	0.001	-0.004	0.775
115	0.003	-0.002	0.775
116	0.002	0.000	0.778
117	0.002	0.003	0.770
118	-0.001	0.002	0.776
119	0.001	0.002	0.777
120	0.003	0.000	0.772
121	0.001	0.001	0.780
122	0.000	-0.003	0.774
123	0.001	-0.001	0.771
124	0.002	-0.001	0.780
125	0.001	0.001	0.769
126	0.001	0.001	0.779
127	0.001	0.001	0.776
128	0.000	0.001	0.771
129	-0.001	0.001	0.779
130	-0.001	-0.002	0.775
131	0.001	-0.001	0.773
132	-0.001	-0.002	0.779
133	0.001	0.000	0.776
134	0.001	-0.002	0.776
135	0.001	0.001	0.776
136	-0.002	-0.003	0.772
137	-0.001	-0.001	0.778
138	0.000	-0.003	0.775
139	0.000	-0.003	0.773
140	-0.002	-0.005	0.781
141	-0.002	-0.004	0.770
142	-0.001	-0.002	0.777
143	-0.002	-0.003	0.778
144	-0.003	-0.003	0.772
145	-0.002	-0.002	0.780
146	-0.002	-0.002	0.773
147	-0.004	-0.002	0.772
148	-0.004	-0.003	0.779
149	-0.003	-0.007	0.772
150	-0.002	-0.002	0.776
151	-0.004	-0.003	0.777
152	-0.003	-0.002	0.772
153	0.001	-0.002	0.779
154	-0.001	0.002	0.772
155	-0.004	0.000	0.775
156	-0.003	0.000	0.780
157	-0.002	-0.002	0.770
158	-0.002	-0.003	0.774
159	-0.003	-0.003	0.778
160	-0.002	-0.003	0.770
161	-0.004	0.002	0.779
162	-0.005	-0.002	0.771
163	-0.005	-0.002	0.772
164	-0.001	-0.002	0.782
165	-0.003	-0.005	0.770
166	-0.002	-0.001	0.780
167	-0.005	-0.005	0.779
168	-0.002	-0.001	0.770
169	-0.002	-0.001	0.780
170	-0.001	-0.001	0.774
171	-0.005	0.001	0.774
172	-0.001	-0.003	0.780
173	-0.002	-0.002	0.771
174	-0.003	-0.005	0.777
175	0.001	-0.003	0.779
176	-0.001	0.001	0.770
177	0.000	-0.001	0.781
178	-0.004	-0.001	0.775
179	0.000	0.003	0.773
180	-0.002	0.002	0.780
181	-0.005	-0.003	0.771
182	-0.001	-0.003	0.775
183	-0.003	-0.001	0.779
184	-0.002	-0.002	0.772
185	-0.002	0.000	0.780
186	-0.002	0.001	0.776
187	0.000	-0.002	0.772
188	-0.003	0.000	0.780
189	-0.001	0.002	0.771
190	-0.001	-0.001	0.781
191	0.000	-0.002	0.779
192	-0.002	-0.003	0.772
193	0.000	0.002	0.783
194	-0.003	0.002	0.774
195	0.001	0.002	0.774
196	-0.002	-0.001	0.780
197	-0.001	-0.001	0.772
198	-0.001	-0.001	0.779
199	0.000	-0.002	0.780
200	-0.001	-0.003	0.769
201	-0.002	-0.002	0.779
202	0.001	-0.002	0.771
203	-0.002	-0.001	0.771
204	0.000	-0.003	0.781
205	0.001	-0.001	0.769
206	0.000	0.001	0.777
207	-0.003	-0.001	0.776
208	-0.002	-0.003	0.772
209	-0.001	0.000	0.779
210	-0.002	0.000	0.771
211	-0.006	-0.001	0.773
212	-0.002	0.000	0.774
213	0.003	-0.002	0.772
214	-0.003	0.000	0.776
215	-0.005	-0.002	0.775
216	-0.001	-0.003	0.771
217	-0.003	-0.003	0.781
218	-0.002	-0.003	0.773
219	-0.004	-0.003	0.773
220	-0.002	0.000	0.779
221	-0.004	0.001	0.769
222	-0.004	0.002	0.776
223	-0.003	0.000	0.773
224	-0.001	0.002	0.769
225	-0.002	0.002	0.781
226	-0.005	0.002	0.773
227	-0.002	0.001	0.774
228	-0.002	0.004	0.779
229	-0.006	0.006	0.770
230	-0.004	0.007	0.778
231	-0.003	0.010	0.776
232	-0.003	0.008	0.775
233	-0.005	0.001	0.781
234	-0.002	-0.003	0.772
235	-0.001	-0.002	0.777
236	0.001	0.001	0.779
237	-0.004	-0.001	0.772
238	-0.005	0.002	0.778
239	-0.002	0.003	0.773
240	-0.002	0.001	0.770
241	-0.005	0.000	0.782
242	-0.003	0.000	0.775
243	-0.004	0.002	0.776
244	-0.005	0.001	0.779
245	-0.005	0.001	0.771
246	-0.003	-0.002	0.776
247	-0.003	-0.002	0.778
248	-0.005	0.001	0.774
249	-0.004	0.000	0.782
250	-0.002	-0.002	0.770
251	-0.005	0.002	0.774
252	-0.004	0.001	0.779
253	-0.003	-0.001	0.770
254	-0.004	-0.001	0.779
255	-0.004	-0.003	0.775
256	-0.005	-0.005	0.774
257	-0.002	0.000	0.780
258	-0.001	0.000	0.769
259	-0.002	0.003	0.773
260	-0.002	-0.001	0.779
261	-0.003	-0.005	0.772
262	-0.003	-0.005	0.782
263	-0.003	-0.004	0.774
264	-0.002	0.001	0.770
265	-0.002	0.002	0.777
266	0.000	0.001	0.771
267	-0.004	0.000	0.778
268	-0.004	-0.001	0.777
269	-0.003	-0.003	0.771
270	-0.004	-0.001	0.779
271	-0.005	-0.001	0.773
272	-0.001	-0.002	0.773
273	-0.003	0.003	0.778
274	-0.003	0.002	0.772
275	-0.002	0.000	0.777
276	-0.002	0.002	0.776
277	-0.003	-0.003	0.773
278	-0.003	-0.005	0.778
279	-0.005	-0.002	0.774
280	-0.002	0.002	0.773
281	-0.003	0.000	0.780
282	-0.002	0.004	0.770
283	-0.003	0.001	0.777
284	0.001	0.002	0.779
285	-0.001	-0.002	0.771
286	-0.002	-0.005	0.781
287	-0.003	-0.004	0.775
288	-0.002	-0.002	0.773
289	-0.004	-0.001	0.781
290	-0.002	0.000	0.770
291	0.002	0.002	0.781
292	-0.001	0.002	0.776
293	-0.005	0.000	0.770
294	-0.003	0.001	0.784
295	-0.002	-0.002	0.772
296	-0.003	-0.003	0.776
297	-0.003	-0.003	0.779
298	-0.002	-0.001	0.769
299	0.000	0.001	0.781
300	-0.003	0.002	0.775
301	-0.003	0.002	0.774
302	-0.001	-0.001	0.784
303	-0.001	-0.001	0.774
304	-0.004	-0.001	0.775
305	-0.001	-0.001	0.776
306	-0.001	0.003	0.771
307	-0.002	0.001	0.776
308	-0.005	0.001	0.776
309	0.000	-0.002	0.774
310	-0.001	-0.001	0.780
311	-0.005	-0.002	0.771
312	-0.005	-0.002	0.776
313	0.001	-0.003	0.778
314	-0.001	-0.002	0.769
315	-0.002	0.000	0.779
316	-0.002	0.000	0.774
317	0.001	-0.003	0.772
318	0.000	-0.003	0.782
319	-0.004	-0.004	0.771
320	0.001	-0.003	0.777
321	0.000	-0.002	0.776
322	-0.002	-0.001	0.769
323	0.000	0.002	0.777
324	-0.001	0.001	0.770
325	0.001	0.001	0.774
326	-0.001	-0.002	0.777
327	-0.002	-0.001	0.773
328	0.001	-0.003	0.778
329	-0.002	0.000	0.776
330	-0.004	-0.001	0.771
331	-0.001	0.002	0.779
332	0.001	0.001	0.771
333	-0.002	-0.002	0.775
334	-0.001	-0.003	0.777
335	-0.001	-0.002	0.769
336	0.000	-0.001	0.775
337	-0.003	-0.002	0.775
338	-0.006	-0.002	0.772
339	-0.005	-0.002	0.780
340	-0.003	0.001	0.771
341	-0.006	-0.002	0.773
342	-0.003	-0.003	0.780
343	-0.005	-0.004	0.768
344	-0.007	-0.005	0.776
345	-0.007	-0.002	0.773
346	-0.007	-0.001	0.772
347	-0.005	0.004	0.778
348	-0.004	-0.001	0.772
349	-0.006	-0.001	0.776
350	-0.005	0.000	0.779
351	-0.005	-0.002	0.768
352	-0.005	-0.002	0.778
353	-0.006	-0.002	0.777
354	-0.003	0.001	0.774
355	-0.005	0.002	0.778
356	-0.008	0.001	0.774
357	-0.007	0.002	0.778
358	-0.005	0.003	0.779
359	-0.007	-0.001	0.770
360	-0.006	0.000	0.779
361	-0.005	-0.002	0.776
362	-0.004	0.004	0.774
363	-0.003	0.001	0.780
364	-0.006	0.002	0.769
365	-0.005	0.002	0.775
366	-0.004	0.002	0.776
367	-0.007	0.003	0.770
368	-0.006	0.001	0.777
369	-0.004	0.001	0.772
370	-0.001	0.004	0.771
371	-0.004	0.002	0.780
372	-0.005	0.002	0.766
373	-0.005	0.003	0.777
374	-0.003	0.001	0.777
375	-0.004	0.000	0.771
376	-0.005	-0.002	0.779
377	-0.005	0.000	0.772
378	-0.004	-0.002	0.776
379	-0.004	-0.002	0.780
380	-0.006	0.000	0.771
381	-0.004	0.003	0.775
382	-0.005	0.000	0.777
383	-0.004	-0.002	0.771
384	-0.002	-0.002	0.779
385	-0.001	0.001	0.769
386	-0.005	-0.001	0.773
387	-0.001	-0.002	0.776
388	-0.001	0.000	0.770
389	-0.005	-0.001	0.777
390	-0.003	-0.002	0.776
391	-0.004	-0.005	0.772
392	-0.001	-0.005	0.780
393	-0.002	-0.002	0.771
394	-0.003	-0.005	0.774
395	-0.002	-0.001	0.780
396	-0.004	-0.001	0.769
397	-0.002	0.001	0.779
398	-0.005	-0.003	0.774
399	-0.003	-0.001	0.772
400	-0.003	-0.003	0.780
401	-0.001	-0.004	0.770
402	-0.006	-0.002	0.776
403	-0.004	-0.002	0.778
404	-0.004	-0.002	0.771
405	-0.005	0.002	0.777
406	-0.005	-0.003	0.773
407	-0.003	-0.002	0.773
408	-0.004	-0.001	0.778
409	-0.004	-0.005	0.771
410	-0.004	-0.003	0.775
411	-0.003	-0.002	0.777
412	-0.002	-0.002	0.771
413	-0.004	0.002	0.778
414	-0.004	-0.002	0.772
415	-0.003	-0.002	0.772
416	-0.003	-0.003	0.778
417	-0.003	-0.003	0.769
418	-0.003	-0.004	0.776
419	-0.001	0.001	0.778
420	-0.002	0.002	0.771
421	-0.001	-0.001	0.780
422	-0.001	-0.001	0.774
423	-0.003	-0.005	0.772
424	-0.003	-0.006	0.779
425	-0.001	-0.007	0.768
426	-0.001	-0.003	0.776
427	-0.003	0.001	0.776
428	-0.001	0.001	0.770
429	-0.002	0.003	0.780
430	0.000	0.000	0.767
431	-0.003	-0.003	0.772
432	-0.004	-0.007	0.779
433	-0.003	-0.009	0.773
434	-0.003	-0.004	0.779
435	-0.005	0.000	0.772
436	-0.006	0.000	0.772
437	-0.004	0.001	0.780
438	-0.004	0.000	0.770
439	-0.005	-0.006	0.774
440	-0.004	-0.006	0.779
441	-0.004	-0.008	0.770
442	-0.007	-0.002	0.778
443	-0.005	0.000	0.777
444	-0.003	0.001	0.770
445	-0.003	0.005	0.780
446	-0.005	-0.003	0.769
447	-0.006	-0.002	0.776
448	-0.006	-0.004	0.777
449	-0.006	-0.004	0.768
450	-0.005	-0.002	0.780
451	-0.004	-0.004	0.774
452	-0.006	-0.001	0.775
453	-0.005	0.000	0.782
454	-0.005	-0.001	0.771
455	-0.004	-0.003	0.776
456	-0.004	-0.005	0.777
457	-0.005	-0.005	0.770
458	-0.006	-0.006	0.780
459	-0.006	-0.002	0.770
460	-0.004	-0.001	0.774
461	-0.006	-0.002	0.779
462	-0.006	-0.003	0.769
463	-0.002	-0.001	0.780
464	-0.005	-0.003	0.775
465	-0.005	-0.005	0.768
466	-0.003	-0.006	0.779
467	-0.004	-0.006	0.770
468	-0.005	-0.004	0.777
469	-0.005	-0.001	0.779
470	-0.004	-0.003	0.771
471	-0.003	0.001	0.779
472	-0.004	-0.004	0.776
473	-0.003	-0.005	0.772
474	-0.005	-0.006	0.779
475	-0.004	-0.004	0.770
476	-0.003	-0.006	0.774
477	-0.005	-0.001	0.776
478	-0.003	-0.001	0.771
479	-0.002	-0.002	0.777
480	-0.005	-0.004	0.771
481	-0.005	-0.007	0.772
482	-0.004	-0.006	0.779
483	-0.003	-0.005	0.771
484	-0.004	-0.003	0.775
485	-0.004	-0.006	0.776
486	-0.003	-0.004	0.773
487	-0.004	-0.006	0.779
488	-0.004	-0.003	0.772
489	-0.003	-0.005	0.773
490	-0.004	-0.002	0.778
491	-0.004	-0.004	0.770
492	-0.005	-0.002	0.776
493	-0.002	-0.004	0.772
494	-0.004	-0.006	0.771
495	-0.005	-0.005	0.781
496	-0.003	-0.007	0.770
497	-0.001	-0.002	0.774
498	-0.001	-0.004	0.780
499	-0.003	-0.004	0.768
500	-0.004	-0.007	0.779
501	-0.002	-0.005	0.771
502	-0.002	-0.006	0.772
503	-0.002	-0.005	0.780
504	-0.002	-0.002	0.768
505	-0.001	-0.005	0.775
506	-0.002	-0.005	0.778
507	-0.004	-0.006	0.771
508	-0.004	-0.007	0.781
509	-0.001	-0.005	0.775
510	-0.005	-0.008	0.774
511	-0.004	-0.007	0.779
512	-0.003	-0.005	0.772
513	-0.003	-0.004	0.778
514	-0.003	-0.002	0.777
515	-0.002	-0.005	0.772
516	-0.004	-0.002	0.967
517	-0.160	-0.120	1.076
518	-0.159	-0.114	1.073
519	-0.153	-0.111	1.058
520	-0.151	-0.109	1.069
521	-0.148	-0.108	1.057
522	-0.148	-0.106	1.048
523	-0.144	-0.107	1.055
524	-0.145	-0.102	1.046
525	-0.144	-0.103	1.055
526	-0.143	-0.099	1.044
527	-0.141	-0.101	1.036
528	-0.141	-0.096	1.048
529	-0.142	-0.098	1.043
530	-0.141	-0.099	1.038
531	-0.137	-0.097	1.039
532	-0.139	-0.095	1.033
533	-0.138	-0.096	1.046
534	-0.137	-0.095	1.032
535	-0.138	-0.095	1.034
536	-0.138	-0.098	1.040
537	-0.136	-0.098	1.029
538	-0.135	-0.096	1.030
539	-0.136	-0.097	1.032
540	-0.134	-0.094	1.030
541	-0.138	-0.096	1.036
542	-0.133	-0.095	1.024
543	-0.136	-0.093	1.029
544	-0.136	-0.096	1.034
545	-0.134	-0.097	1.024
546	-0.133	-0.092	1.030
547	-0.134	-0.096	1.026
548	-0.135	-0.094	1.023
549	-0.130	-0.092	1.032
550	-0.132	-0.094	1.024
551	-0.133	-0.094	1.024
552	-0.131	-0.093	1.030
553	-0.131	-0.093	1.020
554	-0.130	-0.094	1.028
555	-0.134	-0.093	1.020
556	-0.130	-0.095	1.029
557	-0.130	-0.095	1.029
558	-0.130	-0.093	1.013
559	-0.132	-0.091	1.023
560	-0.128	-0.093	1.024
561	-0.127	-0.090	1.016
562	-0.128	-0.092	1.025
563	-0.132	-0.091	1.015
564	-0.126	-0.092	1.020
565	-0.127	-0.090	1.026
566	-0.129	-0.090	1.010
567	-0.130	-0.092	1.024
568	-0.126	-0.092	1.021
569	-0.126	-0.090	1.016
570	-0.129	-0.091	1.020
571	-0.129	-0.093	1.013
572	-0.126	-0.091	1.025
573	-0.125	-0.090	1.017
574	-0.128	-0.091	1.006
575	-0.126	-0.092	1.028
576	-0.127	-0.090	1.014
577	-0.126	-0.091	1.012
578	-0.130	-0.091	1.021
579	-0.129	-0.089	1.006
580	-0.127	-0.090	1.019
581	-0.127	-0.089	1.019
582	-0.127	-0.091	1.012
583	-0.129	-0.088	1.016
584	-0.126	-0.090	1.013
585	-0.126	-0.091	1.020
586	-0.131	-0.092	1.012
587	-0.123	-0.089	1.011
588	-0.126	-0.092	1.019
589	-0.127	-0.094	1.007
590	-0.127	-0.091	1.020
591	-0.123	-0.088	1.019
592	-0.126	-0.088	1.008
593	-0.129	-0.091	1.020
594	-0.128	-0.088	1.012
595	-0.125	-0.090	1.012
596	-0.126	-0.088	1.020
597	-0.126	-0.089	1.006
598	-0.126	-0.088	1.017
599	-0.126	-0.087	1.013
600	-0.126	-0.088	1.010
601	-0.128	-0.088	1.018
602	-0.128	-0.088	1.005
603	-0.125	-0.088	1.015
604	-0.127	-0.088	1.015
605	-0.127	-0.089	1.008
606	-0.124	-0.090	1.018
607	-0.127	-0.088	1.011
608	-0.126	-0.088	1.006
609	-0.126	-0.090	1.012
610	-0.124	-0.090	1.008
611	-0.128	-0.088	1.016
612	-0.125	-0.088	1.013
613	-0.126	-0.088	1.005
614	-0.124	-0.087	1.016
615	-0.126	-0.088	1.009
616	-0.126	-0.087	1.008
617	-0.125	-0.090	1.012
618	-0.124	-0.089	1.006
619	-0.125	-0.088	1.014
620	-0.126	-0.089	1.012
621	-0.127	-0.088	1.005
622	-0.126	-0.088	1.019
623	-0.126	-0.091	1.004
624	-0.125	-0.091	1.011
625	-0.125	-0.089	1.010
626	-0.124	-0.089	1.008
627	-0.126	-0.090	1.013
628	-0.126	-0.089	1.006
629	-0.125	-0.088	1.007
630	-0.124	-0.090	1.011
631	-0.124	-0.090	1.002
632	-0.125	-0.087	1.010
633	-0.124	-0.089	1.004
634	-0.127	-0.089	1.003
635	-0.123	-0.087	1.018
636	-0.123	-0.086	1.001
637	-0.124	-0.086	1.004
638	-0.123	-0.090	1.011
639	-0.124	-0.089	1.002
640	-0.126	-0.089	1.008
641	-0.124	-0.090	1.002
642	-0.124	-0.089	1.004
643	-0.123	-0.087	1.014
644	-0.122	-0.088	1.004
645	-0.124	-0.088	1.006
646	-0.124	-0.087	1.004
647	-0.125	-0.089	1.006
648	-0.122	-0.087	1.011
649	-0.125	-0.089	1.003
650	-0.123	-0.086	1.006
651	-0.122	-0.086	1.010
652	-0.121	-0.086	0.998
653	-0.124	-0.090	1.016
654	-0.123	-0.088	1.002
655	-0.119	-0.088	1.004
656	-0.122	-0.087	1.013
657	-0.124	-0.088	0.999
658	-0.124	-0.088	1.006
659	-0.121	-0.088	1.008
660	-0.122	-0.087	1.002
661	-0.125	-0.088	1.011
662	-0.123	-0.090	1.003
663	-0.123	-0.088	1.003
664	-0.125	-0.088	1.010
665	-0.125	-0.087	1.000
666	-0.123	-0.087	1.006
667	-0.124	-0.089	1.004
668	-0.127	-0.088	1.003
669	-0.125	-0.090	1.008
670	-0.123	-0.090	0.999
671	-0.125	-0.086	1.004
672	-0.124	-0.088	1.004
673	-0.125	-0.088	1.001
674	-0.124	-0.088	1.006
675	-0.125	-0.091	0.997
676	-0.127	-0.090	1.006
677	-0.124	-0.087	1.006
678	-0.122	-0.087	0.996
679	-0.125	-0.088	1.004
680	-0.126	-0.089	1.006
681	-0.123	-0.090	1.003
682	-0.124	-0.089	1.008
683	-0.126	-0.088	0.999
684	-0.123	-0.088	1.005
685	-0.124	-0.086	1.007
686	-0.126	-0.086	1.003
687	-0.125	-0.088	1.008
688	-0.124	-0.088	1.002
689	-0.121	-0.088	1.002
690	-0.123	-0.088	1.009
691	-0.125	-0.089	1.000
692	-0.121	-0.092	1.006
693	-0.122	-0.089	1.006
694	-0.124	-0.090	0.998
695	-0.123	-0.090	1.007
696	-0.124	-0.087	1.001
697	-0.122	-0.088	1.005
698	-0.124	-0.087	1.006
699	-0.123	-0.089	0.997
700	-0.122	-0.088	1.007
701	-0.122	-0.086	1.005
702	-0.124	-0.090	1.002
703	-0.125	-0.088	1.006
704	-0.123	-0.089	0.996
705	-0.126	-0.089	1.001
706	-0.124	-0.090	1.003
707	-0.123	-0.091	0.993
708	-0.123	-0.087	1.007
709	-0.123	-0.089	1.000
710	-0.123	-0.087	1.002
711	-0.121	-0.090	1.002
712	-0.123	-0.087	0.998
713	-0.123	-0.088	1.007
714	-0.124	-0.087	0.997
715	-0.125	-0.088	0.995
716	-0.123	-0.088	1.006
717	-0.125	-0.088	0.999
718	-0.123	-0.087	1.001
719	-0.121	-0.087	1.003
720	-0.122	-0.087	0.995
721	-0.124	-0.086	1.008
722	-0.121	-0.086	1.001
723	-0.124	-0.087	1.000
724	-0.125	-0.087	1.005
725	-0.125	-0.087	0.998
726	-0.122	-0.086	1.003
727	-0.120	-0.087	1.004
728	-0.121	-0.086	0.997
729	-0.124	-0.087	1.005
730	-0.121	-0.085	1.000
731	-0.121	-0.084	1.002
732	-0.121	-0.088	1.011
733	-0.121	-0.084	0.998
734	-0.120	-0.087	1.003
735	-0.123	-0.087	1.000
736	-0.121	-0.087	0.997
737	-0.122	-0.086	1.006
738	-0.119	-0.086	0.999
739	-0.122	-0.085	1.002
740	-0.120	-0.086	1.006
741	-0.119	-0.084	0.992
742	-0.120	-0.086	1.006
743	-0.120	-0.087	1.004
744	-0.121	-0.086	0.996
745	-0.118	-0.086	1.010
746	-0.120	-0.086	0.995
747	-0.120	-0.087	0.999
748	-0.120	-0.087	1.003
749	-0.120	-0.086	0.997
750	-0.120	-0.085	1.002
751	-0.122	-0.087	1.002
752	-0.121	-0.087	1.002
753	-0.120	-0.087	1.003
754	-0.121	-0.085	0.995
755	-0.121	-0.088	1.000
756	-0.117	-0.086	1.001
757	-0.119	-0.086	0.997
758	-0.119	-0.085	1.006
759	-0.120	-0.086	0.995
760	-0.120	-0.084	0.998
761	-0.119	-0.088	1.003
762	-0.120	-0.085	0.997
763	-0.121	-0.086	1.008
764	-0.119	-0.086	1.000
765	-0.120	-0.087	1.003
766	-0.120	-0.086	1.004
767	-0.120	-0.085	0.999
768	-0.120	-0.085	1.004
769	-0.120	-0.084	1.000
770	-0.120	-0.086	0.999
771	-0.120	-0.086	1.004
772	-0.119	-0.085	1.000
773	-0.120	-0.087	1.002
774	-0.121	-0.086	1.006
775	-0.118	-0.087	0.995
776	-0.118	-0.085	0.998
777	-0.120	-0.086	1.004
778	-0.121	-0.088	0.997
779	-0.119	-0.088	1.002
780	-0.120	-0.087	0.994
781	-0.120	-0.087	1.002
782	-0.121	-0.087	1.004
783	-0.120	-0.088	0.993
784	-0.120	-0.086	1.004
785	-0.120	-0.086	1.000
786	-0.120	-0.084	0.996
787	-0.119	-0.084	1.008
788	-0.118	-0.087	0.995
789	-0.120	-0.087	1.002
790	-0.119	-0.087	1.004
791	-0.119	-0.087	0.990
792	-0.120	-0.086	1.006
793	-0.120	-0.086	1.002
794	-0.118	-0.087	1.000
795	-0.119	-0.088	1.003
796	-0.119	-0.087	1.000
797	-0.119	-0.087	1.006
798	-0.120	-0.089	1.001
799	-0.119	-0.084	0.996
800	-0.120	-0.087	1.002
801	-0.118	-0.087	0.999
802	-0.117	-0.083	1.001
803	-0.119	-0.084	1.001
804	-0.121	-0.086	0.994
805	-0.120	-0.087	1.001
806	-0.117	-0.088	0.998
807	-0.118	-0.087	0.994
808	-0.121	-0.087	1.006
809	-0.120	-0.086	0.995
810	-0.119	-0.088	0.998
811	-0.120	-0.084	1.001
812	-0.121	-0.087	0.996
813	-0.120	-0.087	1.003
814	-0.118	-0.085	0.993
815	-0.119	-0.086	0.998
816	-0.122	-0.087	1.004
817	-0.119	-0.087	0.991
818	-0.119	-0.088	1.006
819	-0.119	-0.087	0.993
820	-0.120	-0.084	0.997
821	-0.120	-0.086	1.005
822	-0.120	-0.084	0.993
823	-0.121	-0.088	1.001
824	-0.122	-0.088	0.996
825	-0.119	-0.086	0.998
826	-0.119	-0.085	1.007
827	-0.120	-0.087	0.994
828	-0.121	-0.086	0.994
829	-0.117	-0.085	1.003
830	-0.120	-0.085	0.994
831	-0.120	-0.086	1.003
832	-0.121	-0.086	1.000
833	-0.120	-0.088	0.995
834	-0.120	-0.087	1.008
835	-0.122	-0.085	0.996
836	-0.120	-0.085	1.000
837	-0.120	-0.086	1.003
838	-0.121	-0.088	1.000
839	-0.119	-0.088	1.001
840	-0.120	-0.088	0.994
841	-0.121	-0.085	0.994
842	-0.119	-0.086	1.004
843	-0.120	-0.085	0.994
844	-0.120	-0.084	0.996
845	-0.121	-0.087	0.998
846	-0.121	-0.087	0.999
847	-0.119	-0.084	1.004
848	-0.120	-0.084	0.990
849	-0.121	-0.085	0.990
850	-0.120	-0.085	1.004
851	-0.121	-0.084	0.998
852	-0.121	-0.085	0.999
853	-0.122	-0.086	0.994
854	-0.119	-0.087	0.995
855	-0.117	-0.083	1.005
856	-0.119	-0.085	0.991
857	-0.123	-0.086	0.998
858	-0.118	-0.086	1.002
859	-0.116	-0.086	0.998
860	-0.118	-0.086	1.002
861	-0.120	-0.087	0.990
862	-0.117	-0.087	0.999
863	-0.118	-0.086	1.005
864	-0.119	-0.086	0.991
865	-0.120	-0.084	0.995
866	-0.118	-0.084	0.997
867	-0.117	-0.087	0.997
868	-0.118	-0.087	1.006
869	-0.120	-0.087	0.988
870	-0.117	-0.084	0.997
871	-0.119	-0.084	1.004
872	-0.120	-0.084	0.996
873	-0.120	-0.087	0.998
874	-0.117	-0.084	0.993
875	-0.119	-0.084	0.999
876	-0.117	-0.083	1.006
877	-0.117	-0.086	0.986
878	-0.119	-0.085	0.995
879	-0.119	-0.087	1.005
880	-0.117	-0.086	0.994
881	-0.117	-0.087	1.000
882	-0.120	-0.086	0.990
883	-0.119	-0.086	0.996
884	-0.118	-0.086	1.004
885	-0.119	-0.086	0.987
886	-0.120	-0.085	0.991
887	-0.120	-0.084	1.002
888	-0.120	-0.088	0.994
889	-0.120	-0.087	0.997
890	-0.121	-0.085	0.986
891	-0.120	-0.085	0.997
892	-0.120	-0.085	1.000
893	-0.120	-0.086	0.989
894	-0.121	-0.086	1.000
895	-0.121	-0.087	0.996
896	-0.119	-0.085	0.998
897	-0.119	-0.085	0.998
898	-0.121	-0.086	0.986
899	-0.119	-0.087	1.002
900	-0.119	-0.084	1.001
901	-0.121	-0.086	0.986
902	-0.121	-0.086	0.996
903	-0.122	-0.088	0.993
904	-0.117	-0.086	0.999
905	-0.120	-0.084	0.999
906	-0.121	-0.087	0.991
907	-0.119	-0.086	1.002
908	-0.119	-0.086	1.000
909	-0.122	-0.086	0.993
910	-0.122	-0.086	0.994
911	-0.121	-0.086	0.996
912	-0.119	-0.084	0.999
913	-0.119	-0.086	0.998
914	-0.120	-0.088	0.990
915	-0.121	-0.086	1.001
916	-0.120	-0.085	0.999
917	-0.121	-0.086	0.997
918	-0.120	-0.085	0.996
919	-0.120	-0.088	0.988
920	-0.120	-0.085	0.999
921	-0.120	-0.085	0.997
922	-0.119	-0.086	0.990
923	-0.120	-0.085	1.002
924	-0.119	-0.086	0.992
925	-0.121	-0.085	0.992
926	-0.119	-0.090	1.000
927	-0.119	-0.086	0.989
928	-0.120	-0.084	1.001
929	-0.121	-0.089	0.996
930	-0.121	-0.086	0.991
931	-0.119	-0.086	0.999
932	-0.123	-0.085	0.993
933	-0.120	-0.087	0.999
934	-0.119	-0.086	0.998
935	-0.121	-0.084	0.991
936	-0.123	-0.086	1.005
937	-0.120	-0.090	0.993
938	-0.119	-0.085	0.996
939	-0.121	-0.085	1.000
940	-0.121	-0.087	0.993
941	-0.120	-0.086	1.001
942	-0.122	-0.087	0.996
943	-0.122	-0.085	0.994
944	-0.121	-0.089	1.000
945	-0.121	-0.087	0.992
946	-0.121	-0.086	1.000
947	-0.123	-0.087	0.999
948	-0.121	-0.088	0.989
949	-0.120	-0.085	1.000
950	-0.121	-0.088	0.997
951	-0.122	-0.087	1.002
952	-0.122	-0.086	0.998
953	-0.122	-0.086	0.991
954	-0.122	-0.087	0.998
955	-0.122	-0.086	1.000
956	-0.120	-0.084	0.988
957	-0.121	-0.086	1.000
958	-0.122	-0.085	0.990
959	-0.123	-0.086	0.994
960	-0.120	-0.085	1.000
961	-0.122	-0.088	0.994
962	-0.124	-0.084	0.998
963	-0.123	-0.088	0.994
964	-0.121	-0.086	0.995
965	-0.120	-0.087	1.000
966	-0.121	-0.087	0.993
967	-0.122	-0.084	1.002
968	-0.120	-0.086	1.000
969	-0.122	-0.088	0.993
970	-0.122	-0.085	1.004
971	-0.122	-0.088	0.995
972	-0.120	-0.084	1.000
973	-0.122	-0.087	1.004
974	-0.121	-0.087	0.993
975	-0.121	-0.085	1.004
976	-0.121	-0.087	1.000
977	-0.124	-0.086	0.993
978	-0.122	-0.086	1.004
979	-0.121	-0.086	0.993
980	-0.121	-0.087	0.994
981	-0.124	-0.084	1.003
982	-0.121	-0.087	0.990
983	-0.120	-0.083	0.997
984	-0.121	-0.087	0.997
985	-0.122	-0.086	0.999
986	-0.121	-0.087	0.999
987	-0.122	-0.085	0.992
988	-0.122	-0.084	1.000
989	-0.122	-0.085	0.999
990	-0.120	-0.087	0.993
991	-0.122	-0.084	1.001
992	-0.121	-0.085	0.993
993	-0.120	-0.086	0.995
994	-0.119	-0.087	0.998
995	-0.121	-0.086	0.991
996	-0.123	-0.086	1.001
997	-0.121	-0.085	0.999
998	-0.120	-0.084	0.991
999	-0.120	-0.087	1.003
1000	-0.122	-0.088	0.994
1001	-0.121	-0.087	0.996
1002	-0.121	-0.084	1.003
1003	-0.122	-0.088	0.988
1004	-0.122	-0.086	1.002
1005	-0.122	-0.083	1.000
1006	-0.121	-0.086	1.000
1007	-0.123	-0.086	1.002
1008	-0.124	-0.088	0.995
1009	-0.122	-0.087	1.004
1010	-0.126	-0.084	1.001
1011	-0.122	-0.088	0.993
1012	-0.125	-0.085	1.002
1013	-0.122	-0.088	0.996
1014	-0.124	-0.085	0.996
1015	-0.124	-0.085	1.001
1016	-0.124	-0.087	0.995
1017	-0.172	-0.125	1.181
1018	-0.287	-0.210	1.325
1019	-0.276	-0.203	1.300
1020	-0.272	-0.201	1.299
1021	-0.269	-0.198	1.295
1022	-0.267	-0.199	1.287
1023	-0.266	-0.197	1.287
1024	-0.262	-0.195	1.284
1025	-0.264	-0.192	1.279
1026	-0.262	-0.195	1.269
1027	-0.261	-0.192	1.286
1028	-0.260	-0.192	1.274
1029	-0.259	-0.192	1.273
1030	-0.260	-0.193	1.272
1031	-0.260	-0.191	1.266
1032	-0.257	-0.190	1.277
1033	-0.259	-0.191	1.264
1034	-0.256	-0.190	1.265
1035	-0.255	-0.190	1.272
1036	-0.253	-0.188	1.261
1037	-0.255	-0.190	1.266
1038	-0.253	-0.189	1.265
1039	-0.253	-0.186	1.265
1040	-0.253	-0.188	1.266
1041	-0.255	-0.187	1.255
1042	-0.252	-0.187	1.260
1043	-0.251	-0.186	1.265
1044	-0.252	-0.187	1.258
1045	-0.253	-0.187	1.261
1046	-0.252	-0.187	1.258
1047	-0.249	-0.186	1.255
1048	-0.253	-0.187	1.262
1049	-0.250	-0.185	1.252
1050	-0.249	-0.184	1.253
1051	-0.247	-0.185	1.256
1052	-0.249	-0.185	1.252
1053	-0.248	-0.184	1.260
1054	-0.246	-0.185	1.253
1055	-0.250	-0.183	1.245
1056	-0.248	-0.183	1.259
1057	-0.250	-0.183	1.245
1058	-0.246	-0.181	1.248
1059	-0.250	-0.183	1.254
1060	-0.247	-0.182	1.244
1061	-0.246	-0.182	1.255
1062	-0.245	-0.181	1.252
1063	-0.248	-0.183	1.247
1064	-0.247	-0.183	1.250
1065	-0.246	-0.179	1.247
1066	-0.244	-0.183	1.254
1067	-0.246	-0.181	1.247
1068	-0.245	-0.182	1.246
1069	-0.243	-0.183	1.253
1070	-0.244	-0.180	1.245
1071	-0.246	-0.181	1.248
1072	-0.245	-0.179	1.252
1073	-0.242	-0.180	1.242
1074	-0.243	-0.181	1.252
1075	-0.244	-0.183	1.240
1076	-0.241	-0.182	1.239
1077	-0.243	-0.179	1.248
1078	-0.243	-0.177	1.242
1079	-0.243	-0.182	1.247
1080	-0.240	-0.179	1.245
1081	-0.241	-0.179	1.238
1082	-0.242	-0.181	1.248
1083	-0.241	-0.181	1.242
1084	-0.241	-0.178	1.242
1085	-0.242	-0.182	1.246
1086	-0.243	-0.180	1.238
1087	-0.239	-0.180	1.239
1088	-0.239	-0.180	1.242
1089	-0.242	-0.178	1.239
1090	-0.242	-0.180	1.248
1091	-0.241	-0.179	1.238
1092	-0.239	-0.178	1.234
1093	-0.241	-0.180	1.245
1094	-0.244	-0.176	1.234
1095	-0.240	-0.179	1.246
1096	-0.240	-0.178	1.243
1097	-0.242	-0.180	1.236
1098	-0.243	-0.178	1.244
1099	-0.240	-0.179	1.235
1100	-0.237	-0.179	1.240
1101	-0.241	-0.180	1.237
1102	-0.240	-0.179	1.238
1103	-0.240	-0.177	1.243
1104	-0.240	-0.178	1.236
1105	-0.241	-0.178	1.236
1106	-0.238	-0.180	1.246
1107	-0.238	-0.177	1.228
1108	-0.239	-0.177	1.238
1109	-0.240	-0.177	1.240
1110	-0.237	-0.177	1.231
1111	-0.238	-0.178	1.240
1112	-0.239	-0.177	1.237
1113	-0.238	-0.180	1.235
1114	-0.238	-0.176	1.236
1115	-0.237	-0.179	1.232
1116	-0.238	-0.178	1.241
1117	-0.239	-0.178	1.234
1118	-0.240	-0.176	1.232
1119	-0.237	-0.179	1.240
1120	-0.239	-0.177	1.230
1121	-0.237	-0.178	1.238
1122	-0.235	-0.176	1.239
1123	-0.238	-0.177	1.228
1124	-0.238	-0.178	1.243
1125	-0.235	-0.176	1.232
1126	-0.235	-0.176	1.230
1127	-0.238	-0.177	1.241
1128	-0.236	-0.176	1.234
1129	-0.237	-0.176	1.236
1130	-0.237	-0.177	1.238
1131	-0.237	-0.176	1.230
1132	-0.237	-0.177	1.241
1133	-0.235	-0.175	1.231
1134	-0.235	-0.176	1.232
1135	-0.237	-0.176	1.235
1136	-0.236	-0.177	1.230
1137	-0.237	-0.176	1.237
1138	-0.237	-0.176	1.236
1139	-0.236	-0.176	1.224
1140	-0.234	-0.178	1.241
1141	-0.238	-0.177	1.231
1142	-0.239	-0.174	1.231
1143	-0.236	-0.178	1.237
1144	-0.235	-0.175	1.230
1145	-0.236	-0.177	1.235
1146	-0.235	-0.176	1.232
1147	-0.235	-0.178	1.228
1148	-0.235	-0.173	1.237
1149	-0.237	-0.175	1.226
1150	-0.236	-0.175	1.232
1151	-0.235	-0.175	1.235
1152	-0.235	-0.175	1.230
1153	-0.237	-0.177	1.237
1154	-0.239	-0.178	1.229
1155	-0.237	-0.176	1.231
1156	-0.237	-0.174	1.240
1157	-0.239	-0.177	1.226
1158	-0.236	-0.174	1.238
1159	-0.237	-0.176	1.230
1160	-0.237	-0.174	1.227
1161	-0.237	-0.178	1.237
1162	-0.235	-0.176	1.227
1163	-0.234	-0.177	1.229
1164	-0.237	-0.176	1.234
1165	-0.236	-0.176	1.230
1166	-0.234	-0.176	1.235
1167	-0.235	-0.176	1.233
1168	-0.237	-0.174	1.226
1169	-0.235	-0.176	1.237
1170	-0.233	-0.177	1.226
1171	-0.232	-0.176	1.226
1172	-0.238	-0.175	1.231
1173	-0.235	-0.176	1.229
1174	-0.233	-0.174	1.230
1175	-0.236	-0.176	1.221
1176	-0.237	-0.174	1.232
1177	-0.236	-0.178	1.234
1178	-0.233	-0.174	1.219
1179	-0.234	-0.177	1.231
1180	-0.236	-0.173	1.224
1181	-0.234	-0.176	1.227
1182	-0.236	-0.176	1.236
1183	-0.235	-0.175	1.227
1184	-0.235	-0.177	1.228
1185	-0.232	-0.174	1.233
1186	-0.234	-0.176	1.229
1187	-0.236	-0.175	1.230
1188	-0.233	-0.176	1.224
1189	-0.232	-0.173	1.229
1190	-0.235	-0.172	1.233
1191	-0.234	-0.174	1.226
1192	-0.233	-0.176	1.230
1193	-0.234	-0.174	1.232
1194	-0.233	-0.176	1.226
1195	-0.234	-0.174	1.236
1196	-0.234	-0.175	1.228
1197	-0.232	-0.175	1.230
1198	-0.232	-0.175	1.236
1199	-0.235	-0.176	1.219
1200	-0.233	-0.175	1.231
1201	-0.234	-0.175	1.230
1202	-0.234	-0.176	1.226
1203	-0.234	-0.177	1.235
1204	-0.233	-0.176	1.227
1205	-0.235	-0.174	1.234
1206	-0.235	-0.176	1.228
1207	-0.235	-0.177	1.220
1208	-0.234	-0.174	1.234
1209	-0.233	-0.175	1.236
1210	-0.236	-0.172	1.228
1211	-0.234	-0.178	1.228
1212	-0.233	-0.174	1.224
1213	-0.234	-0.178	1.229
1214	-0.234	-0.176	1.232
1215	-0.233	-0.176	1.225
1216	-0.233	-0.175	1.234
1217	-0.232	-0.175	1.224
1218	-0.234	-0.176	1.224
1219	-0.232	-0.174	1.230
1220	-0.233	-0.174	1.224
1221	-0.233	-0.177	1.235
1222	-0.233	-0.174	1.228
1223	-0.232	-0.174	1.229
1224	-0.234	-0.174	1.234
1225	-0.233	-0.175	1.222
1226	-0.232	-0.177	1.232
1227	-0.230	-0.175	1.234
1228	-0.234	-0.175	1.217
1229	-0.235	-0.176	1.230
1230	-0.234	-0.173	1.230
1231	-0.233	-0.175	1.229
1232	-0.235	-0.174	1.232
1233	-0.233	-0.174	1.220
1234	-0.231	-0.176	1.231
1235	-0.233	-0.172	1.230
1236	-0.232	-0.173	1.222
1237	-0.233	-0.176	1.232
1238	-0.232	-0.175	1.222
1239	-0.231	-0.174	1.231
1240	-0.232	-0.176	1.229
1241	-0.234	-0.175	1.225
1242	-0.231	-0.175	1.230
1243	-0.231	-0.173	1.224
1244	-0.233	-0.172	1.228
1245	-0.230	-0.175	1.232
1246	-0.231	-0.173	1.221
1247	-0.233	-0.176	1.228
1248	-0.233	-0.174	1.232
1249	-0.232	-0.175	1.220
1250	-0.231	-0.173	1.230
1251	-0.233	-0.175	1.225
1252	-0.233	-0.174	1.225
1253	-0.232	-0.174	1.234
1254	-0.232	-0.176	1.224
1255	-0.232	-0.173	1.232
1256	-0.232	-0.177	1.224
1257	-0.231	-0.173	1.228
1258	-0.233	-0.175	1.233
1259	-0.234	-0.173	1.221
1260	-0.232	-0.173	1.231
1261	-0.230	-0.176	1.234
1262	-0.231	-0.173	1.222
1263	-0.231	-0.176	1.230
1264	-0.229	-0.173	1.230
1265	-0.230	-0.173	1.228
1266	-0.232	-0.175	1.231
1267	-0.230	-0.174	1.220
1268	-0.229	-0.176	1.233
1269	-0.230	-0.174	1.224
1270	-0.234	-0.173	1.225
1271	-0.232	-0.176	1.232
1272	-0.229	-0.173	1.218
1273	-0.231	-0.174	1.231
1274	-0.232	-0.174	1.230
1275	-0.230	-0.174	1.220
1276	-0.230	-0.173	1.224
1277	-0.229	-0.173	1.224
1278	-0.231	-0.176	1.226
1279	-0.230	-0.172	1.228
1280	-0.231	-0.172	1.216
1281	-0.231	-0.172	1.231
1282	-0.230	-0.173	1.225
1283	-0.230	-0.175	1.216
1284	-0.232	-0.171	1.227
1285	-0.231	-0.175	1.220
1286	-0.230	-0.173	1.227
1287	-0.230	-0.172	1.227
1288	-0.233	-0.173	1.220
1289	-0.232	-0.174	1.231
1290	-0.230	-0.174	1.224
1291	-0.230	-0.174	1.227
1292	-0.230	-0.171	1.229
1293	-0.230	-0.174	1.218
1294	-0.228	-0.174	1.226
1295	-0.230	-0.171	1.222
1296	-0.232	-0.175	1.218
1297	-0.232	-0.173	1.228
1298	-0.231	-0.175	1.220
1299	-0.231	-0.174	1.226
1300	-0.231	-0.172	1.224
1301	-0.230	-0.174	1.219
1302	-0.230	-0.170	1.224
1303	-0.231	-0.170	1.220
1304	-0.233	-0.174	1.222
1305	-0.231	-0.174	1.227
1306	-0.230	-0.172	1.226
1307	-0.229	-0.172	1.228
1308	-0.231	-0.171	1.221
1309	-0.229	-0.174	1.221
1310	-0.228	-0.174	1.228
1311	-0.230	-0.171	1.215
1312	-0.232	-0.173	1.226
1313	-0.234	-0.173	1.224
1314	-0.232	-0.172	1.214
1315	-0.231	-0.174	1.230
1316	-0.231	-0.171	1.220
1317	-0.230	-0.174	1.223
1318	-0.230	-0.171	1.228
1319	-0.233	-0.173	1.219
1320	-0.233	-0.176	1.226
1321	-0.230	-0.172	1.226
1322	-0.231	-0.173	1.222
1323	-0.233	-0.172	1.226
1324	-0.229	-0.173	1.218
1325	-0.229	-0.171	1.226
1326	-0.231	-0.171	1.224
1327	-0.230	-0.175	1.216
1328	-0.230	-0.172	1.228
1329	-0.227	-0.171	1.216
1330	-0.230	-0.175	1.224
1331	-0.230	-0.175	1.228
1332	-0.229	-0.171	1.215
1333	-0.231	-0.174	1.226
1334	-0.230	-0.173	1.220
1335	-0.230	-0.174	1.216
1336	-0.228	-0.174	1.230
1337	-0.229	-0.172	1.222
1338	-0.230	-0.174	1.221
1339	-0.229	-0.173	1.225
1340	-0.227	-0.173	1.220
1341	-0.229	-0.173	1.228
1342	-0.230	-0.171	1.222
1343	-0.228	-0.173	1.221
1344	-0.230	-0.172	1.229
1345	-0.230	-0.174	1.218
1346	-0.230	-0.175	1.228
1347	-0.229	-0.172	1.225
1348	-0.229	-0.174	1.219
1349	-0.229	-0.173	1.231
1350	-0.230	-0.173	1.221
1351	-0.226	-0.175	1.220
1352	-0.228	-0.172	1.226
1353	-0.229	-0.175	1.224
1354	-0.229	-0.174	1.228
1355	-0.229	-0.172	1.220
1356	-0.230	-0.175	1.224
1357	-0.228	-0.173	1.228
1358	-0.229	-0.171	1.218
1359	-0.225	-0.173	1.228
1360	-0.229	-0.176	1.218
1361	-0.232	-0.175	1.224
1362	-0.229	-0.174	1.231
1363	-0.232	-0.172	1.220
1364	-0.229	-0.175	1.222
1365	-0.228	-0.174	1.227
1366	-0.226	-0.172	1.220
1367	-0.229	-0.174	1.228
1368	-0.230	-0.174	1.217
1369	-0.228	-0.172	1.216
1370	-0.227	-0.173	1.230
1371	-0.228	-0.174	1.217
1372	-0.228	-0.172	1.229
1373	-0.228	-0.172	1.220
1374	-0.226	-0.173	1.218
1375	-0.230	-0.174	1.230
1376	-0.229	-0.172	1.216
1377	-0.228	-0.174	1.224
1378	-0.228	-0.173	1.224
1379	-0.226	-0.173	1.221
1380	-0.227	-0.172	1.227
1381	-0.227	-0.174	1.220
1382	-0.229	-0.174	1.218
1383	-0.229	-0.173	1.227
1384	-0.225	-0.172	1.221
1385	-0.229	-0.172	1.222
1386	-0.227	-0.172	1.220
1387	-0.227	-0.172	1.224
1388	-0.223	-0.172	1.230
1389	-0.228	-0.171	1.215
1390	-0.230	-0.173	1.221
1391	-0.227	-0.173	1.229
1392	-0.228	-0.172	1.220
1393	-0.227	-0.171	1.228
1394	-0.228	-0.173	1.220
1395	-0.225	-0.171	1.226
1396	-0.225	-0.172	1.226
1397	-0.226	-0.171	1.217
1398	-0.228	-0.171	1.231
1399	-0.225	-0.173	1.224
1400	-0.225	-0.173	1.220
1401	-0.227	-0.172	1.227
1402	-0.225	-0.171	1.220
1403	-0.228	-0.171	1.230
1404	-0.226	-0.172	1.220
1405	-0.226	-0.171	1.218
1406	-0.225	-0.171	1.233
1407	-0.225	-0.170	1.220
1408	-0.228	-0.170	1.219
1409	-0.229	-0.171	1.228
1410	-0.227	-0.169	1.218
1411	-0.224	-0.170	1.227
1412	-0.226	-0.172	1.226
1413	-0.226	-0.174	1.218
1414	-0.227	-0.171	1.223
1415	-0.226	-0.173	1.222
1416	-0.225	-0.172	1.226
1417	-0.226	-0.171	1.218
1418	-0.225	-0.173	1.218
1419	-0.225	-0.172	1.226
1420	-0.226	-0.171	1.220
1421	-0.227	-0.169	1.221
1422	-0.225	-0.172	1.223
1423	-0.227	-0.172	1.214
1424	-0.226	-0.172	1.227
1425	-0.226	-0.173	1.217
1426	-0.224	-0.171	1.216
1427	-0.226	-0.170	1.228
1428	-0.225	-0.171	1.216
1429	-0.224	-0.172	1.222
1430	-0.224	-0.171	1.221
1431	-0.226	-0.172	1.216
1432	-0.226	-0.171	1.224
1433	-0.226	-0.172	1.213
1434	-0.225	-0.169	1.222
1435	-0.226	-0.171	1.226
1436	-0.226	-0.174	1.215
1437	-0.224	-0.172	1.227
1438	-0.225	-0.173	1.219
1439	-0.226	-0.172	1.213
1440	-0.225	-0.173	1.231
1441	-0.225	-0.169	1.216
1442	-0.225	-0.170	1.220
1443	-0.225	-0.171	1.228
1444	-0.224	-0.173	1.218
1445	-0.224	-0.169	1.215
1446	-0.227	-0.170	1.219
1447	-0.225	-0.173	1.222
1448	-0.224	-0.171	1.223
1449	-0.227	-0.170	1.217
1450	-0.226	-0.171	1.228
1451	-0.225	-0.173	1.218
1452	-0.226	-0.171	1.216
1453	-0.224	-0.170	1.223
1454	-0.225	-0.173	1.216
1455	-0.225	-0.172	1.220
1456	-0.224	-0.172	1.218
1457	-0.224	-0.172	1.214
1458	-0.224	-0.173	1.228
1459	-0.224	-0.171	1.221
1460	-0.224	-0.171	1.217
1461	-0.225	-0.170	1.220
1462	-0.226	-0.170	1.215
1463	-0.223	-0.171	1.226
1464	-0.223	-0.173	1.220
1465	-0.226	-0.172	1.217
1466	-0.225	-0.169	1.224
1467	-0.224	-0.172	1.216
1468	-0.224	-0.171	1.228
1469	-0.227	-0.172	1.215
1470	-0.224	-0.172	1.216
1471	-0.223	-0.171	1.226
1472	-0.223	-0.170	1.220
1473	-0.225	-0.172	1.221
1474	-0.223	-0.170	1.222
1475	-0.223	-0.171	1.223
1476	-0.223	-0.171	1.227
1477	-0.224	-0.172	1.212
1478	-0.224	-0.173	1.219
1479	-0.223	-0.172	1.224
1480	-0.221	-0.169	1.216
1481	-0.223	-0.173	1.224
1482	-0.221	-0.172	1.216
1483	-0.223	-0.171	1.219
1484	-0.223	-0.172	1.227
1485	-0.223	-0.173	1.211
1486	-0.224	-0.168	1.215
1487	-0.225	-0.171	1.226
1488	-0.225	-0.172	1.214
1489	-0.223	-0.169	1.221
1490	-0.221	-0.171	1.219
1491	-0.223	-0.170	1.218
1492	-0.223	-0.171	1.221
1493	-0.222	-0.168	1.214
1494	-0.222	-0.171	1.229
1495	-0.224	-0.172	1.222
1496	-0.224	-0.170	1.213
1497	-0.224	-0.170	1.225
1498	-0.222	-0.169	1.216
1499	-0.223	-0.169	1.220
1500	-0.223	-0.170	1.225
1501	-0.221	-0.168	1.217
1502	-0.221	-0.170	1.226
1503	-0.224	-0.173	1.220
1504	-0.224	-0.170	1.216
1505	-0.222	-0.168	1.226
1506	-0.222	-0.171	1.216
1507	-0.224	-0.171	1.216
1508	-0.221	-0.171	1.216
1509	-0.222	-0.170	1.223
1510	-0.223	-0.171	1.222
1511	-0.224	-0.171	1.216
1512	-0.220	-0.169	1.223
1513	-0.220	-0.168	1.223
1514	-0.224	-0.172	1.220
1515	-0.222	-0.172	1.229
1516	-0.224	-0.171	1.214
1517	-0.225	-0.172	1.221
1518	-0.344	-0.270	1.581
1519	-0.388	-0.302	1.527
1520	-0.378	-0.291	1.535
1521	-0.373	-0.289	1.516
1522	-0.370	-0.288	1.519
1523	-0.367	-0.283	1.510
1524	-0.364	-0.282	1.494
1525	-0.366	-0.283	1.509
1526	-0.363	-0.279	1.508
1527	-0.361	-0.280	1.493
1528	-0.362	-0.280	1.494
1529	-0.361	-0.280	1.494
1530	-0.358	-0.276	1.500
1531	-0.358	-0.278	1.497
1532	-0.360	-0.275	1.482
1533	-0.358	-0.277	1.486
1534	-0.355	-0.275	1.493
1535	-0.354	-0.276	1.490
1536	-0.356	-0.275	1.480
1537	-0.356	-0.272	1.472
1538	-0.352	-0.277	1.493
1539	-0.352	-0.273	1.486
1540	-0.357	-0.270	1.472
1541	-0.353	-0.272	1.484
1542	-0.351	-0.272	1.478
1543	-0.351	-0.271	1.477
1544	-0.353	-0.273	1.480
1545	-0.352	-0.273	1.466
1546	-0.348	-0.273	1.480
1547	-0.347	-0.267	1.483
1548	-0.352	-0.269	1.476
1549	-0.350	-0.272	1.470
1550	-0.348	-0.271	1.468
1551	-0.348	-0.271	1.480
1552	-0.347	-0.272	1.472
1553	-0.347	-0.271	1.466
1554	-0.347	-0.269	1.472
1555	-0.347	-0.269	1.470
1556	-0.347	-0.270	1.472
1557	-0.346	-0.269	1.471
1558	-0.347	-0.268	1.460
1559	-0.346	-0.269	1.476
1560	-0.343	-0.267	1.465
1561	-0.342	-0.268	1.461
1562	-0.344	-0.269	1.467
1563	-0.345	-0.266	1.463
1564	-0.343	-0.269	1.475
1565	-0.343	-0.267	1.458
1566	-0.344	-0.265	1.457
1567	-0.345	-0.267	1.473
1568	-0.343	-0.269	1.458
1569	-0.341	-0.268	1.461
1570	-0.344	-0.267	1.466
1571	-0.342	-0.269	1.455
1572	-0.342	-0.266	1.466
1573	-0.340	-0.266	1.461
1574	-0.342	-0.267	1.462
1575	-0.340	-0.268	1.459
1576	-0.340	-0.267	1.458
1577	-0.340	-0.266	1.462
1578	-0.340	-0.264	1.456
1579	-0.338	-0.265	1.465
1580	-0.339	-0.267	1.462
1581	-0.339	-0.266	1.448
1582	-0.340	-0.265	1.465
1583	-0.340	-0.266	1.457
1584	-0.337	-0.266	1.450
1585	-0.339	-0.267	1.460
1586	-0.339	-0.263	1.452
1587	-0.341	-0.266	1.457
1588	-0.339	-0.265	1.464
1589	-0.339	-0.263	1.456
1590	-0.340	-0.265	1.460
1591	-0.339	-0.265	1.457
1592	-0.339	-0.264	1.451
1593	-0.340	-0.263	1.454
1594	-0.337	-0.267	1.455
1595	-0.338	-0.264	1.462
1596	-0.340	-0.265	1.445
1597	-0.338	-0.268	1.449
1598	-0.337	-0.268	1.463
1599	-0.335	-0.265	1.450
1600	-0.337	-0.265	1.457
1601	-0.338	-0.268	1.449
1602	-0.336	-0.267	1.453
1603	-0.336	-0.264	1.464
1604	-0.337	-0.266	1.448
1605	-0.336	-0.268	1.448
1606	-0.336	-0.265	1.459
1607	-0.332	-0.263	1.453
1608	-0.336	-0.267	1.453
1609	-0.337	-0.266	1.448
1610	-0.335	-0.265	1.450
1611	-0.335	-0.265	1.462
1612	-0.335	-0.266	1.448
1613	-0.336	-0.265	1.451
1614	-0.336	-0.263	1.451
1615	-0.333	-0.263	1.455
1616	-0.335	-0.266	1.458
1617	-0.334	-0.265	1.448
1618	-0.334	-0.262	1.459
1619	-0.333	-0.265	1.455
1620	-0.334	-0.266	1.450
1621	-0.328	-0.265	1.460
1622	-0.331	-0.265	1.444
1623	-0.333	-0.263	1.454
1624	-0.331	-0.266	1.458
1625	-0.334	-0.264	1.438
1626	-0.334	-0.264	1.449
1627	-0.334	-0.266	1.453
1628	-0.332	-0.265	1.446
1629	-0.333	-0.265	1.457
1630	-0.333	-0.267	1.446
1631	-0.334	-0.266	1.448
1632	-0.332	-0.265	1.449
1633	-0.331	-0.264	1.448
1634	-0.332	-0.266	1.446
1635	-0.335	-0.265	1.443
1636	-0.331	-0.263	1.451
1637	-0.330	-0.265	1.444
1638	-0.333	-0.265	1.444
1639	-0.331	-0.266	1.453
1640	-0.329	-0.262	1.442
1641	-0.332	-0.264	1.446
1642	-0.332	-0.267	1.453
1643	-0.331	-0.265	1.439
1644	-0.328	-0.263	1.448
1645	-0.331	-0.264	1.446
1646	-0.330	-0.265	1.438
1647	-0.330	-0.263	1.456
1648	-0.327	-0.265	1.443
1649	-0.329	-0.264	1.442
1650	-0.332	-0.265	1.448
1651	-0.325	-0.263	1.445
1652	-0.327	-0.260	1.448
1653	-0.330	-0.264	1.445
1654	-0.329	-0.264	1.450
1655	-0.328	-0.264	1.446
1656	-0.330	-0.263	1.442
1657	-0.327	-0.268	1.453
1658	-0.326	-0.264	1.442
1659	-0.326	-0.262	1.439
1660	-0.327	-0.263	1.454
1661	-0.327	-0.265	1.433
1662	-0.327	-0.264	1.443
1663	-0.325	-0.261	1.443
1664	-0.328	-0.262	1.441
1665	-0.328	-0.264	1.448
1666	-0.325	-0.263	1.442
1667	-0.325	-0.263	1.441
1668	-0.326	-0.261	1.448
1669	-0.326	-0.263	1.441
1670	-0.326	-0.262	1.445
1671	-0.328	-0.263	1.443
1672	-0.327	-0.264	1.441
1673	-0.325	-0.262	1.448
1674	-0.326	-0.263	1.433
1675	-0.324	-0.261	1.448
1676	-0.325	-0.264	1.439
1677	-0.326	-0.264	1.437
1678	-0.324	-0.265	1.447
1679	-0.325	-0.263	1.434
1680	-0.325	-0.264	1.441
1681	-0.324	-0.264	1.445
1682	-0.325	-0.264	1.434
1683	-0.325	-0.265	1.437
1684	-0.325	-0.264	1.434
1685	-0.325	-0.263	1.439
1686	-0.325	-0.261	1.441
1687	-0.325	-0.262	1.431
1688	-0.328	-0.263	1.443
1689	-0.325	-0.263	1.438
1690	-0.325	-0.261	1.437
1691	-0.326	-0.260	1.446
1692	-0.325	-0.259	1.430
1693	-0.324	-0.260	1.439
1694	-0.326	-0.261	1.437
1695	-0.326	-0.261	1.429
1696	-0.323	-0.259	1.446
1697	-0.321	-0.260	1.432
1698	-0.324	-0.262	1.437
1699	-0.323	-0.262	1.441
1700	-0.322	-0.260	1.431
1701	-0.324	-0.260	1.437
1702	-0.322	-0.262	1.441
1703	-0.324	-0.261	1.437
1704	-0.324	-0.260	1.439
1705	-0.321	-0.259	1.434
1706	-0.321	-0.261	1.440
1707	-0.322	-0.260	1.440
1708	-0.322	-0.258	1.429
1709	-0.324	-0.262	1.439
1710	-0.321	-0.261	1.434
1711	-0.320	-0.259	1.433
1712	-0.321	-0.259	1.442
1713	-0.321	-0.260	1.427
1714	-0.320	-0.262	1.434
1715	-0.320	-0.259	1.431
1716	-0.320	-0.259	1.431
1717	-0.322	-0.261	1.436
1718	-0.321	-0.258	1.425
1719	-0.320	-0.257	1.439
1720	-0.321	-0.259	1.437
1721	-0.322	-0.260	1.427
1722	-0.322	-0.260	1.438
1723	-0.321	-0.257	1.433
1724	-0.321	-0.261	1.428
1725	-0.323	-0.262	1.440
1726	-0.321	-0.261	1.429
1727	-0.322	-0.257	1.435
1728	-0.323	-0.259	1.432
1729	-0.321	-0.261	1.433
1730	-0.320	-0.259	1.438
1731	-0.322	-0.259	1.429
1732	-0.324	-0.257	1.436
1733	-0.323	-0.259	1.440
1734	-0.321	-0.261	1.433
1735	-0.322	-0.259	1.436
1736	-0.323	-0.258	1.430
1737	-0.321	-0.258	1.437
1738	-0.320	-0.258	1.442
1739	-0.321	-0.258	1.425
1740	-0.322	-0.258	1.437
1741	-0.320	-0.257	1.435
1742	-0.321	-0.258	1.430
1743	-0.323	-0.259	1.441
1744	-0.321	-0.258	1.428
1745	-0.321	-0.258	1.431
1746	-0.322	-0.260	1.435
1747	-0.322	-0.260	1.427
1748	-0.322	-0.258	1.431
1749	-0.321	-0.258	1.436
1750	-0.319	-0.259	1.428
1751	-0.321	-0.257	1.431
1752	-0.322	-0.255	1.435
1753	-0.320	-0.259	1.436
1754	-0.321	-0.258	1.430
1755	-0.321	-0.257	1.429
1756	-0.318	-0.257	1.437
1757	-0.319	-0.260	1.427
1758	-0.320	-0.257	1.435
1759	-0.320	-0.258	1.439
1760	-0.318	-0.257	1.424
1761	-0.319	-0.257	1.442
1762	-0.317	-0.258	1.429
1763	-0.319	-0.257	1.430
1764	-0.319	-0.259	1.437
1765	-0.320	-0.257	1.429
1766	-0.318	-0.257	1.433
1767	-0.319	-0.258	1.435
1768	-0.316	-0.257	1.421
1769	-0.319	-0.255	1.433
1770	-0.318	-0.254	1.431
1771	-0.317	-0.259	1.426
1772	-0.315	-0.256	1.428
1773	-0.318	-0.256	1.426
1774	-0.316	-0.256	1.433
1775	-0.318	-0.256	1.421
1776	-0.317	-0.256	1.435
1777	-0.317	-0.257	1.432
1778	-0.319	-0.255	1.419
1779	-0.316	-0.253	1.435
1780	-0.318	-0.256	1.428
1781	-0.318	-0.256	1.424
1782	-0.318	-0.253	1.443
1783	-0.316	-0.256	1.427
1784	-0.318	-0.252	1.419
1785	-0.320	-0.254	1.435
1786	-0.319	-0.256	1.423
1787	-0.317	-0.256	1.427
1788	-0.321	-0.253	1.431
1789	-0.320	-0.256	1.423
1790	-0.318	-0.255	1.430
1791	-0.316	-0.254	1.426
1792	-0.317	-0.254	1.431
1793	-0.317	-0.254	1.432
1794	-0.315	-0.255	1.425
1795	-0.317	-0.255	1.436
1796	-0.318	-0.253	1.426
1797	-0.318	-0.257	1.428
1798	-0.317	-0.254	1.430
1799	-0.318	-0.254	1.425
1800	-0.316	-0.255	1.429
1801	-0.316	-0.255	1.427
1802	-0.314	-0.254	1.425
1803	-0.315	-0.254	1.432
1804	-0.318	-0.256	1.422
1805	-0.315	-0.254	1.431
1806	-0.317	-0.254	1.430
1807	-0.317	-0.255	1.421
1808	-0.318	-0.254	1.434
1809	-0.316	-0.254	1.427
1810	-0.316	-0.255	1.422
1811	-0.317	-0.255	1.432
1812	-0.317	-0.253	1.427
1813	-0.317	-0.254	1.428
1814	-0.320	-0.256	1.426
1815	-0.317	-0.257	1.427
1816	-0.316	-0.256	1.427
1817	-0.317	-0.255	1.427
1818	-0.316	-0.257	1.433
1819	-0.314	-0.255	1.421
1820	-0.316	-0.253	1.421
1821	-0.317	-0.253	1.440
1822	-0.316	-0.255	1.421
1823	-0.319	-0.254	1.419
1824	-0.315	-0.255	1.436
1825	-0.314	-0.255	1.428
1826	-0.318	-0.254	1.429
1827	-0.318	-0.255	1.427
1828	-0.315	-0.257	1.420
1829	-0.316	-0.253	1.439
1830	-0.317	-0.253	1.428
1831	-0.317	-0.256	1.421
1832	-0.315	-0.255	1.431
1833	-0.316	-0.255	1.427
1834	-0.316	-0.254	1.433
1835	-0.316	-0.256	1.423
1836	-0.315	-0.255	1.422
1837	-0.316	-0.255	1.435
1838	-0.316	-0.258	1.425
1839	-0.316	-0.257	1.427
1840	-0.317	-0.255	1.422
1841	-0.316	-0.255	1.426
1842	-0.314	-0.255	1.441
1843	-0.316	-0.256	1.419
1844	-0.318	-0.254	1.420
1845	-0.317	-0.257	1.439
1846	-0.315	-0.255	1.421
1847	-0.312	-0.251	1.429
1848	-0.314	-0.255	1.434
1849	-0.315	-0.256	1.425
1850	-0.315	-0.254	1.432
1851	-0.314	-0.256	1.425
1852	-0.313	-0.256	1.432
1853	-0.314	-0.256	1.435
1854	-0.312	-0.256	1.425
1855	-0.313	-0.257	1.431
1856	-0.316	-0.255	1.429
1857	-0.313	-0.257	1.429
1858	-0.315	-0.257	1.428
1859	-0.312	-0.257	1.423
1860	-0.314	-0.256	1.440
1861	-0.312	-0.256	1.435
1862	-0.314	-0.257	1.418
1863	-0.315	-0.256	1.425
1864	-0.314	-0.255	1.433
1865	-0.311	-0.254	1.437
1866	-0.312	-0.257	1.429
1867	-0.316	-0.257	1.412
1868	-0.312	-0.255	1.437
1869	-0.311	-0.256	1.437
1870	-0.312	-0.255	1.419
1871	-0.317	-0.256	1.425
1872	-0.316	-0.258	1.428
1873	-0.310	-0.256	1.435
1874	-0.314	-0.254	1.427
1875	-0.317	-0.254	1.419
1876	-0.311	-0.255	1.437
1877	-0.313	-0.254	1.431
1878	-0.316	-0.252	1.426
1879	-0.317	-0.255	1.421
1880	-0.314	-0.254	1.429
1881	-0.312	-0.254	1.444
1882	-0.316	-0.255	1.425
1883	-0.317	-0.254	1.417
1884	-0.310	-0.255	1.449
1885	-0.310	-0.254	1.435
1886	-0.316	-0.255	1.418
1887	-0.316	-0.255	1.424
1888	-0.311	-0.253	1.430
1889	-0.310	-0.254	1.438
1890	-0.316	-0.254	1.419
1891	-0.314	-0.254	1.426
1892	-0.309	-0.252	1.436
1893	-0.311	-0.251	1.428
1894	-0.313	-0.254	1.418
1895	-0.312	-0.254	1.425
1896	-0.311	-0.252	1.430
1897	-0.311	-0.255	1.433
1898	-0.316	-0.253	1.417
1899	-0.314	-0.251	1.424
1900	-0.309	-0.255	1.439
1901	-0.311	-0.252	1.427
1902	-0.316	-0.251	1.421
1903	-0.314	-0.252	1.415
1904	-0.310	-0.252	1.435
1905	-0.310	-0.248	1.434
1906	-0.313	-0.249	1.410
1907	-0.310	-0.252	1.431
1908	-0.311	-0.252	1.431
1909	-0.313	-0.254	1.422
1910	-0.312	-0.252	1.432
1911	-0.310	-0.253	1.425
1912	-0.311	-0.254	1.422
1913	-0.312	-0.255	1.438
1914	-0.312	-0.254	1.419
1915	-0.314	-0.255	1.427
1916	-0.312	-0.254	1.426
1917	-0.312	-0.254	1.422
1918	-0.311	-0.253	1.433
1919	-0.313	-0.255	1.411
1920	-0.315	-0.256	1.432
1921	-0.312	-0.256	1.431
1922	-0.314	-0.256	1.424
1923	-0.314	-0.257	1.431
1924	-0.314	-0.259	1.431
1925	-0.314	-0.256	1.433
1926	-0.312	-0.259	1.427
1927	-0.315	-0.259	1.423
1928	-0.316	-0.259	1.429
1929	-0.312	-0.255	1.435
1930	-0.314	-0.257	1.423
1931	-0.313	-0.258	1.429
1932	-0.314	-0.258	1.431
1933	-0.310	-0.258	1.427
1934	-0.312	-0.257	1.430
1935	-0.313	-0.255	1.423
1936	-0.312	-0.256	1.436
1937	-0.311	-0.258	1.427
1938	-0.314	-0.255	1.423
1939	-0.312	-0.254	1.435
1940	-0.310	-0.255	1.425
1941	-0.311	-0.255	1.430
1942	-0.314	-0.253	1.427
1943	-0.313	-0.254	1.425
1944	-0.310	-0.255	1.430
1945	-0.310	-0.256	1.435
1946	-0.313	-0.252	1.422
1947	-0.313	-0.253	1.435
1948	-0.310	-0.255	1.432
1949	-0.310	-0.253	1.436
1950	-0.307	-0.256	1.429
1951	-0.312	-0.255	1.421
1952	-0.309	-0.253	1.434
1953	-0.307	-0.252	1.430
1954	-0.310	-0.255	1.425
1955	-0.311	-0.254	1.427
1956	-0.310	-0.253	1.425
1957	-0.310	-0.255	1.437
1958	-0.310	-0.254	1.423
1959	-0.309	-0.253	1.418
1960	-0.308	-0.252	1.436
1961	-0.311	-0.252	1.428
1962	-0.311	-0.251	1.429
1963	-0.309	-0.252	1.428
1964	-0.311	-0.255	1.423
1965	-0.313	-0.254	1.436
1966	-0.311	-0.251	1.430
1967	-0.310	-0.253	1.425
1968	-0.310	-0.251	1.432
1969	-0.311	-0.249	1.428
1970	-0.313	-0.253	1.427
1971	-0.310	-0.253	1.426
1972	-0.311	-0.250	1.425
1973	-0.314	-0.255	1.435
1974	-0.312	-0.253	1.420
1975	-0.311	-0.252	1.426
1976	-0.311	-0.253	1.433
1977	-0.312	-0.257	1.421
1978	-0.312	-0.256	1.429
1979	-0.310	-0.254	1.430
1980	-0.313	-0.252	1.427
1981	-0.313	-0.256	1.431
1982	-0.310	-0.252	1.422
1983	-0.310	-0.253	1.427
1984	-0.311	-0.256	1.431
1985	-0.310	-0.254	1.419
1986	-0.309	-0.253	1.427
1987	-0.311	-0.255	1.420
1988	-0.311	-0.257	1.419
1989	-0.309	-0.256	1.431
1990	-0.308	-0.255	1.413
1991	-0.309	-0.255	1.426
1992	-0.311	-0.255	1.425
1993	-0.312	-0.254	1.413
1994	-0.309	-0.254	1.431
1995	-0.313	-0.255	1.418
1996	-0.310	-0.254	1.419
1997	-0.310	-0.253	1.432
1998	-0.310	-0.252	1.421
1999	-0.310	-0.253	1.431
2000	-0.307	-0.250	1.421
2001	-0.310	-0.250	1.419
2002	-0.310	-0.254	1.425
2003	-0.308	-0.254	1.419
2004	-0.307	-0.251	1.426
2005	-0.309	-0.255	1.427
2006	-0.312	-0.256	1.412
2007	-0.309	-0.252	1.427
2008	-0.309	-0.254	1.423
2009	-0.310	-0.254	1.415
2010	-0.312	-0.254	1.423
2011	-0.310	-0.252	1.417
2012	-0.309	-0.254	1.421
2013	-0.312	-0.254	1.423
2014	-0.312	-0.252	1.414
2015	-0.312	-0.253	1.422
2016	-0.308	-0.253	1.419
2017	-0.309	-0.252	1.421
2018	-0.312	-0.252	1.421
2019	-0.486	-0.401	1.774
2020	-0.475	-0.392	1.761
2021	-0.472	-0.384	1.748
2022	-0.472	-0.387	1.753
2023	-0.467	-0.381	1.728
2024	-0.464	-0.380	1.740
2025	-0.465	-0.379	1.740
2026	-0.463	-0.377	1.725
2027	-0.462	-0.378	1.726
2028	-0.460	-0.377	1.729
2029	-0.458	-0.376	1.726
2030	-0.461	-0.375	1.722
2031	-0.458	-0.373	1.721
2032	-0.457	-0.373	1.725
2033	-0.459	-0.373	1.711
2034	-0.458	-0.372	1.711
2035	-0.457	-0.373	1.714
2036	-0.456	-0.372	1.708
2037	-0.455	-0.373	1.725
2038	-0.455	-0.371	1.720
2039	-0.455	-0.371	1.694
2040	-0.455	-0.370	1.710
2041	-0.453	-0.369	1.721
2042	-0.452	-0.371	1.699
2043	-0.454	-0.368	1.702
2044	-0.452	-0.368	1.707
2045	-0.452	-0.369	1.703
2046	-0.449	-0.368	1.702
2047	-0.452	-0.369	1.699
2048	-0.451	-0.372	1.701
2049	-0.449	-0.368	1.700
2050	-0.449	-0.369	1.705
2051	-0.450	-0.368	1.702
2052	-0.450	-0.369	1.689
2053	-0.448	-0.366	1.701
2054	-0.445	-0.370	1.702
2055	-0.450	-0.368	1.691
2056	-0.448	-0.368	1.692
2057	-0.448	-0.367	1.691
2058	-0.447	-0.366	1.690
2059	-0.448	-0.368	1.691
2060	-0.450	-0.368	1.683
2061	-0.445	-0.366	1.693
2062	-0.448	-0.366	1.695
2063	-0.449	-0.367	1.675
2064	-0.446	-0.364	1.691
2065	-0.444	-0.364	1.690
2066	-0.448	-0.365	1.684
2067	-0.446	-0.363	1.700
2068	-0.445	-0.365	1.681
2069	-0.445	-0.362	1.672
2070	-0.444	-0.361	1.695
2071	-0.443	-0.362	1.685
2072	-0.445	-0.363	1.680
2073	-0.447	-0.361	1.671
2074	-0.447	-0.361	1.675
2075	-0.444	-0.361	1.693
2076	-0.443	-0.358	1.684
2077	-0.445	-0.361	1.674
2078	-0.445	-0.360	1.681
2079	-0.443	-0.358	1.675
2080	-0.442	-0.360	1.687
2081	-0.444	-0.360	1.681
2082	-0.445	-0.360	1.667
2083	-0.443	-0.360	1.685
2084	-0.440	-0.358	1.683
2085	-0.446	-0.360	1.674
2086	-0.446	-0.357	1.672
2087	-0.443	-0.358	1.672
2088	-0.442	-0.357	1.689
2089	-0.442	-0.357	1.683
2090	-0.445	-0.357	1.654
2091	-0.443	-0.356	1.685
2092	-0.441	-0.354	1.693
2093	-0.443	-0.357	1.662
2094	-0.444	-0.354	1.658
2095	-0.444	-0.352	1.674
2096	-0.441	-0.354	1.695
2097	-0.443	-0.355	1.683
2098	-0.444	-0.355	1.653
2099	-0.442	-0.353	1.677
2100	-0.441	-0.352	1.696
2101	-0.440	-0.354	1.682
2102	-0.439	-0.354	1.659
2103	-0.441	-0.352	1.674
2104	-0.437	-0.352	1.699
2105	-0.436	-0.353	1.675
2106	-0.439	-0.351	1.661
2107	-0.440	-0.352	1.681
2108	-0.435	-0.352	1.683
2109	-0.436	-0.351	1.675
2110	-0.435	-0.351	1.675
2111	-0.439	-0.353	1.662
2112	-0.434	-0.351	1.683
2113	-0.434	-0.351	1.685
2114	-0.435	-0.353	1.658
2115	-0.440	-0.350	1.669
2116	-0.434	-0.352	1.684
2117	-0.435	-0.350	1.677
2118	-0.435	-0.350	1.667
2119	-0.436	-0.352	1.663
2120	-0.431	-0.350	1.674
2121	-0.432	-0.352	1.675
2122	-0.435	-0.353	1.659
2123	-0.439	-0.350	1.668
2124	-0.434	-0.351	1.673
2125	-0.433	-0.349	1.675
2126	-0.436	-0.352	1.673
2127	-0.437	-0.349	1.656
2128	-0.435	-0.349	1.669
2129	-0.434	-0.349	1.681
2130	-0.435	-0.351	1.660
2131	-0.436	-0.352	1.665
2132	-0.435	-0.350	1.674
2133	-0.434	-0.351	1.668
2134	-0.438	-0.349	1.665
2135	-0.437	-0.354	1.667
2136	-0.433	-0.354	1.674
2137	-0.434	-0.351	1.669
2138	-0.439	-0.355	1.673
2139	-0.439	-0.352	1.664
2140	-0.434	-0.350	1.665
2141	-0.437	-0.352	1.682
2142	-0.439	-0.352	1.666
2143	-0.438	-0.349	1.658
2144	-0.435	-0.353	1.680
2145	-0.436	-0.353	1.671
2146	-0.439	-0.349	1.656
2147	-0.439	-0.352	1.667
2148	-0.439	-0.349	1.662
2149	-0.439	-0.352	1.672
2150	-0.439	-0.350	1.673
2151	-0.436	-0.349	1.658
2152	-0.438	-0.351	1.668
2153	-0.441	-0.352	1.675
2154	-0.438	-0.350	1.661
2155	-0.438	-0.353	1.669
2156	-0.440	-0.352	1.662
2157	-0.441	-0.352	1.666
2158	-0.436	-0.352	1.675
2159	-0.439	-0.353	1.661
2160	-0.440	-0.350	1.665
2161	-0.439	-0.352	1.667
2162	-0.438	-0.352	1.659
2163	-0.438	-0.350	1.667
2164	-0.440	-0.352	1.665
2165	-0.439	-0.352	1.661
2166	-0.440	-0.352	1.665
2167	-0.437	-0.350	1.665
2168	-0.439	-0.351	1.662
2169	-0.439	-0.348	1.654
2170	-0.438	-0.349	1.669
2171	-0.437	-0.352	1.666
2172	-0.437	-0.350	1.650
2173	-0.438	-0.348	1.670
2174	-0.433	-0.350	1.667
2175	-0.436	-0.347	1.650
2176	-0.437	-0.349	1.673
2177	-0.436	-0.350	1.663
2178	-0.437	-0.349	1.653
2179	-0.437	-0.352	1.677
2180	-0.435	-0.349	1.660
2181	-0.435	-0.349	1.653
2182	-0.435	-0.346	1.671
2183	-0.433	-0.349	1.663
2184	-0.434	-0.348	1.653
2185	-0.433	-0.345	1.664
2186	-0.434	-0.348	1.663
2187	-0.434	-0.348	1.661
2188	-0.435	-0.348	1.659
2189	-0.434	-0.348	1.663
2190	-0.433	-0.346	1.651
2191	-0.434	-0.350	1.659
2192	-0.432	-0.346	1.668
2193	-0.434	-0.345	1.643
2194	-0.437	-0.346	1.662
2195	-0.432	-0.346	1.669
2196	-0.434	-0.348	1.650
2197	-0.435	-0.348	1.661
2198	-0.435	-0.346	1.659
2199	-0.434	-0.348	1.651
2200	-0.434	-0.347	1.661
2201	-0.433	-0.346	1.655
2202	-0.435	-0.348	1.651
2203	-0.433	-0.346	1.665
2204	-0.434	-0.344	1.654
2205	-0.435	-0.347	1.653
2206	-0.433	-0.345	1.660
2207	-0.431	-0.347	1.651
2208	-0.433	-0.345	1.661
2209	-0.432	-0.345	1.656
2210	-0.432	-0.346	1.649
2211	-0.433	-0.343	1.659
2212	-0.429	-0.346	1.655
2213	-0.432	-0.343	1.656
2214	-0.433	-0.341	1.653
2215	-0.431	-0.342	1.656
2216	-0.432	-0.342	1.659
2217	-0.430	-0.343	1.647
2218	-0.432	-0.348	1.658
2219	-0.432	-0.342	1.654
2220	-0.431	-0.342	1.655
2221	-0.431	-0.345	1.660
2222	-0.431	-0.343	1.642
2223	-0.431	-0.343	1.655
2224	-0.431	-0.344	1.664
2225	-0.430	-0.344	1.644
2226	-0.431	-0.345	1.653
2227	-0.430	-0.345	1.656
2228	-0.432	-0.343	1.646
2229	-0.427	-0.345	1.661
2230	-0.427	-0.347	1.649
2231	-0.431	-0.346	1.638
2232	-0.431	-0.348	1.665
2233	-0.428	-0.346	1.651
2234	-0.429	-0.343	1.644
2235	-0.428	-0.347	1.661
2236	-0.424	-0.347	1.650
2237	-0.425	-0.345	1.648
2238	-0.424	-0.346	1.653
2239	-0.425	-0.343	1.655
2240	-0.424	-0.343	1.650
2241	-0.425	-0.341	1.650
2242	-0.423	-0.341	1.663
2243	-0.425	-0.342	1.647
2244	-0.423	-0.340	1.647
2245	-0.423	-0.341	1.668
2246	-0.425	-0.343	1.648
2247	-0.421	-0.341	1.651
2248	-0.420	-0.344	1.666
2249	-0.420	-0.344	1.646
2250	-0.423	-0.343	1.656
2251	-0.425	-0.343	1.662
2252	-0.421	-0.345	1.645
2253	-0.422	-0.342	1.650
2254	-0.423	-0.341	1.661
2255	-0.422	-0.342	1.651
2256	-0.421	-0.341	1.656
2257	-0.422	-0.342	1.652
2258	-0.424	-0.342	1.655
2259	-0.422	-0.345	1.653
2260	-0.421	-0.344	1.651
2261	-0.425	-0.344	1.653
2262	-0.420	-0.344	1.648
2263	-0.422	-0.340	1.655
2264	-0.420	-0.342	1.654
2265	-0.422	-0.344	1.645
2266	-0.422	-0.342	1.649
2267	-0.421	-0.341	1.649
2268	-0.421	-0.342	1.651
2269	-0.424	-0.349	1.646
2270	-0.422	-0.346	1.640
2271	-0.420	-0.344	1.655
2272	-0.421	-0.345	1.647
2273	-0.423	-0.342	1.641
2274	-0.421	-0.343	1.656
2275	-0.420	-0.340	1.646
2276	-0.421	-0.342	1.637
2277	-0.418	-0.343	1.662
2278	-0.419	-0.344	1.643
2279	-0.419	-0.340	1.639
2280	-0.418	-0.345	1.657
2281	-0.419	-0.343	1.641
2282	-0.418	-0.340	1.646
2283	-0.419	-0.341	1.645
2284	-0.419	-0.342	1.649
2285	-0.419	-0.340	1.652
2286	-0.418	-0.342	1.644
2287	-0.420	-0.341	1.654
2288	-0.419	-0.341	1.647
2289	-0.419	-0.340	1.641
2290	-0.418	-0.338	1.651
2291	-0.420	-0.342	1.645
2292	-0.417	-0.341	1.642
2293	-0.418	-0.341	1.650
2294	-0.418	-0.340	1.649
2295	-0.419	-0.338	1.643
2296	-0.419	-0.340	1.645
2297	-0.419	-0.340	1.651
2298	-0.420	-0.342	1.644
2299	-0.422	-0.338	1.636
2300	-0.416	-0.339	1.654
2301	-0.418	-0.340	1.649
2302	-0.419	-0.336	1.633
2303	-0.418	-0.341	1.658
2304	-0.414	-0.336	1.641
2305	-0.414	-0.337	1.633
2306	-0.419	-0.336	1.656
2307	-0.417	-0.338	1.635
2308	-0.416	-0.337	1.638
2309	-0.415	-0.335	1.651
2310	-0.415	-0.335	1.645
2311	-0.416	-0.339	1.639
2312	-0.413	-0.337	1.641
2313	-0.415	-0.336	1.648
2314	-0.414	-0.340	1.637
2315	-0.417	-0.339	1.630
2316	-0.415	-0.336	1.650
2317	-0.415	-0.338	1.638
2318	-0.416	-0.336	1.627
2319	-0.415	-0.337	1.650
2320	-0.414	-0.339	1.639
2321	-0.415	-0.337	1.633
2322	-0.415	-0.340	1.647
2323	-0.416	-0.337	1.640
2324	-0.416	-0.335	1.641
2325	-0.416	-0.336	1.641
2326	-0.417	-0.335	1.646
2327	-0.414	-0.335	1.649
2328	-0.417	-0.338	1.635
2329	-0.419	-0.334	1.643
2330	-0.416	-0.334	1.645
2331	-0.415	-0.334	1.635
2332	-0.415	-0.333	1.646
2333	-0.418	-0.334	1.646
2334	-0.414	-0.333	1.643
2335	-0.414	-0.334	1.642
2336	-0.417	-0.335	1.639
2337	-0.413	-0.335	1.650
2338	-0.413	-0.335	1.639
2339	-0.412	-0.336	1.635
2340	-0.414	-0.336	1.652
2341	-0.412	-0.338	1.633
2342	-0.413	-0.335	1.630
2343	-0.411	-0.335	1.656
2344	-0.412	-0.337	1.629
2345	-0.410	-0.335	1.630
2346	-0.409	-0.333	1.653
2347	-0.414	-0.336	1.632
2348	-0.412	-0.337	1.628
2349	-0.411	-0.334	1.640
2350	-0.408	-0.335	1.646
2351	-0.409	-0.335	1.629
2352	-0.414	-0.333	1.629
2353	-0.410	-0.337	1.649
2354	-0.408	-0.334	1.630
2355	-0.413	-0.332	1.623
2356	-0.410	-0.336	1.649
2357	-0.409	-0.333	1.631
2358	-0.412	-0.332	1.632
2359	-0.413	-0.334	1.643
2360	-0.409	-0.335	1.637
2361	-0.410	-0.336	1.632
2362	-0.411	-0.334	1.631
2363	-0.409	-0.337	1.634
2364	-0.409	-0.336	1.629
2365	-0.411	-0.334	1.629
2366	-0.413	-0.336	1.643
2367	-0.413	-0.336	1.633
2368	-0.409	-0.334	1.622
2369	-0.412	-0.333	1.646
2370	-0.412	-0.334	1.636
2371	-0.411	-0.334	1.619
2372	-0.411	-0.331	1.641
2373	-0.411	-0.333	1.633
2374	-0.413	-0.333	1.627
2375	-0.413	-0.333	1.642
2376	-0.411	-0.335	1.633
2377	-0.413	-0.334	1.627
2378	-0.414	-0.333	1.637
2379	-0.411	-0.334	1.639
2380	-0.411	-0.331	1.633
2381	-0.412	-0.330	1.634
2382	-0.411	-0.334	1.646
2383	-0.407	-0.333	1.637
2384	-0.410	-0.332	1.632
2385	-0.413	-0.336	1.645
2386	-0.413	-0.331	1.628
2387	-0.411	-0.332	1.643
2388	-0.411	-0.333	1.646
2389	-0.411	-0.333	1.626
2390	-0.413	-0.335	1.642
2391	-0.411	-0.334	1.641
2392	-0.415	-0.333	1.631
2393	-0.414	-0.335	1.646
2394	-0.413	-0.334	1.637
2395	-0.413	-0.334	1.631
2396	-0.415	-0.335	1.649
2397	-0.415	-0.334	1.635
2398	-0.412	-0.334	1.637
2399	-0.414	-0.333	1.641
2400	-0.413	-0.337	1.635
2401	-0.413	-0.337	1.639
2402	-0.412	-0.333	1.631
2403	-0.413	-0.333	1.638
2404	-0.415	-0.337	1.644
2405	-0.413	-0.334	1.627
2406	-0.413	-0.335	1.634
2407	-0.414	-0.334	1.636
2408	-0.414	-0.335	1.635
2409	-0.414	-0.336	1.635
2410	-0.413	-0.334	1.630
2411	-0.415	-0.337	1.632
2412	-0.414	-0.338	1.633
2413	-0.415	-0.336	1.634
2414	-0.412	-0.338	1.630
2415	-0.414	-0.340	1.628
2416	-0.413	-0.339	1.640
2417	-0.413	-0.341	1.632
2418	-0.413	-0.337	1.618
2419	-0.415	-0.342	1.639
2420	-0.413	-0.339	1.634
2421	-0.413	-0.340	1.621
2422	-0.413	-0.338	1.637
2423	-0.412	-0.339	1.621
2424	-0.413	-0.337	1.626
2425	-0.410	-0.337	1.634
2426	-0.412	-0.341	1.620
2427	-0.411	-0.336	1.631
2428	-0.410	-0.337	1.631
2429	-0.415	-0.337	1.621
2430	-0.414	-0.340	1.633
2431	-0.410	-0.338	1.621
2432	-0.413	-0.340	1.625
2433	-0.413	-0.337	1.634
2434	-0.413	-0.338	1.621
2435	-0.415	-0.340	1.634
2436	-0.411	-0.336	1.630
2437	-0.413	-0.338	1.620
2438	-0.415	-0.339	1.637
2439	-0.414	-0.339	1.626
2440	-0.413	-0.337	1.625
2441	-0.416	-0.337	1.634
2442	-0.414	-0.340	1.625
2443	-0.415	-0.339	1.629
2444	-0.415	-0.338	1.623
2445	-0.417	-0.340	1.626
2446	-0.415	-0.337	1.632
2447	-0.414	-0.340	1.615
2448	-0.415	-0.338	1.621
2449	-0.416	-0.340	1.631
2450	-0.414	-0.339	1.621
2451	-0.412	-0.336	1.631
2452	-0.412	-0.338	1.618
2453	-0.414	-0.335	1.614
2454	-0.413	-0.335	1.631
2455	-0.413	-0.339	1.617
2456	-0.416	-0.338	1.625
2457	-0.413	-0.339	1.626
2458	-0.414	-0.339	1.615
2459	-0.414	-0.338	1.629
2460	-0.414	-0.339	1.619
2461	-0.413	-0.339	1.615
2462	-0.412	-0.339	1.629
2463	-0.412	-0.337	1.618
2464	-0.414	-0.340	1.622
2465	-0.415	-0.339	1.626
2466	-0.412	-0.339	1.613
2467	-0.413	-0.339	1.626
2468	-0.413	-0.339	1.624
2469	-0.413	-0.341	1.618
2470	-0.413	-0.338	1.620
2471	-0.414	-0.339	1.617
2472	-0.411	-0.340	1.628
2473	-0.410	-0.337	1.621
2474	-0.411	-0.338	1.615
2475	-0.413	-0.334	1.625
2476	-0.411	-0.335	1.615
2477	-0.410	-0.338	1.619
2478	-0.409	-0.336	1.621
2479	-0.410	-0.335	1.613
2480	-0.410	-0.335	1.629
2481	-0.408	-0.337	1.617
2482	-0.410	-0.333	1.610
2483	-0.411	-0.334	1.628
2484	-0.408	-0.335	1.621
2485	-0.408	-0.331	1.613
2486	-0.408	-0.334	1.626
2487	-0.408	-0.331	1.619
2488	-0.406	-0.332	1.625
2489	-0.408	-0.333	1.613
2490	-0.409	-0.331	1.621
2491	-0.409	-0.332	1.633
2492	-0.405	-0.330	1.615
2493	-0.408	-0.332	1.617
2494	-0.408	-0.334	1.624
2495	-0.407	-0.327	1.623
2496	-0.406	-0.331	1.625
2497	-0.409	-0.328	1.617
2498	-0.410	-0.330	1.627
2499	-0.406	-0.331	1.632
2500	-0.407	-0.330	1.613
2501	-0.407	-0.329	1.623
2502	-0.409	-0.330	1.625
2503	-0.407	-0.333	1.619
2504	-0.409	-0.331	1.632
2505	-0.409	-0.332	1.613
2506	-0.411	-0.333	1.623
2507	-0.409	-0.331	1.629
2508	-0.409	-0.332	1.613
2509	-0.412	-0.333	1.628
2510	-0.411	-0.334	1.618
2511	-0.411	-0.332	1.619
2512	-0.411	-0.331	1.636
2513	-0.411	-0.332	1.613
2514	-0.411	-0.329	1.617
2515	-0.409	-0.333	1.642
2516	-0.411	-0.331	1.612
2517	-0.413	-0.335	1.624
2518	-0.410	-0.331	1.630
2519	-0.394	-0.318	1.424
2520	-0.147	-0.135	1.060
2521	0.011	-0.001	0.790
2522	0.009	0.000	0.774
2523	0.006	-0.001	0.760
2524	0.007	-0.004	0.775
2525	0.009	-0.005	0.783
2526	0.008	-0.008	0.770
2527	0.007	-0.008	0.762
2528	0.008	-0.009	0.783
2529	0.008	-0.009	0.775
2530	0.009	-0.005	0.764
2531	0.007	-0.004	0.777
2532	0.009	-0.005	0.783
2533	0.008	-0.005	0.776
2534	0.010	-0.007	0.765
2535	0.006	-0.006	0.766
2536	0.005	-0.010	0.788
2537	0.007	-0.011	0.784
2538	0.008	-0.009	0.769
2539	0.007	-0.006	0.784
2540	0.006	-0.009	0.770
2541	0.007	-0.009	0.777
2542	0.006	-0.009	0.782
2543	0.003	-0.013	0.778
2544	0.005	-0.009	0.776
2545	0.009	-0.006	0.780
2546	0.007	-0.007	0.773
2547	0.004	-0.009	0.778
2548	0.007	-0.009	0.776
2549	0.006	-0.007	0.772
2550	0.007	-0.007	0.783
2551	0.006	-0.009	0.772
2552	0.009	-0.007	0.777
2553	0.007	-0.007	0.780
2554	0.006	-0.012	0.771
2555	0.006	-0.009	0.778
2556	0.009	-0.009	0.774
2557	0.007	-0.005	0.772
2558	0.004	-0.006	0.781
2559	0.010	-0.008	0.767
2560	0.007	-0.009	0.778
2561	0.007	-0.006	0.779
2562	0.008	-0.008	0.771
2563	0.009	-0.008	0.781
2564	0.009	-0.003	0.769
2565	0.008	-0.006	0.776
2566	0.009	-0.011	0.779
2567	0.011	-0.013	0.773
2568	0.009	-0.008	0.776
2569	0.007	-0.011	0.777
2570	0.010	-0.012	0.774
2571	0.008	-0.008	0.782
2572	0.007	-0.011	0.772
2573	0.009	-0.011	0.777
2574	0.007	-0.009	0.779
2575	0.009	-0.009	0.770
2576	0.009	-0.009	0.778
2577	0.006	-0.010	0.774
2578	0.008	-0.010	0.772
2579	0.010	-0.008	0.781
2580	0.008	-0.005	0.776
2581	0.007	-0.009	0.779
2582	0.007	-0.003	0.781
2583	0.007	-0.003	0.771
2584	0.007	-0.005	0.780
2585	0.004	-0.009	0.778
2586	0.005	-0.010	0.773
2587	0.007	-0.010	0.780
2588	0.004	-0.011	0.772
2589	0.002	-0.010	0.779
2590	0.007	-0.007	0.779
2591	0.007	-0.008	0.771
2592	0.005	-0.009	0.781
2593	0.005	-0.012	0.778
2594	0.006	-0.009	0.777
2595	0.005	-0.010	0.782
2596	0.006	-0.009	0.771
2597	0.005	-0.010	0.778
2598	0.004	-0.009	0.778
2599	0.005	-0.007	0.772
2600	0.008	-0.007	0.777
2601	0.005	-0.009	0.776
2602	0.009	-0.010	0.774
2603	0.006	-0.009	0.780
2604	0.008	-0.011	0.770
2605	0.010	-0.011	0.778
2606	0.009	-0.009	0.780
2607	0.008	-0.007	0.770
2608	0.011	-0.008	0.781
2609	0.011	-0.005	0.772
2610	0.010	-0.010	0.776
2611	0.009	-0.010	0.781
2612	0.012	-0.010	0.770
2613	0.013	-0.006	0.779
2614	0.011	-0.006	0.778
2615	0.012	-0.007	0.769
2616	0.012	-0.009	0.780
2617	0.013	-0.007	0.769
2618	0.009	-0.011	0.773
2619	0.009	-0.009	0.780
2620	0.013	-0.011	0.772
2621	0.013	-0.009	0.777
2622	0.011	-0.006	0.776
2623	0.010	-0.007	0.772
2624	0.013	-0.007	0.780
2625	0.012	-0.009	0.773
2626	0.010	-0.011	0.776
2627	0.012	-0.010	0.780
2628	0.013	-0.007	0.769
2629	0.013	-0.008	0.779
2630	0.009	-0.009	0.776
2631	0.009	-0.009	0.772
2632	0.011	-0.010	0.780
2633	0.010	-0.009	0.771
2634	0.007	-0.010	0.778
2635	0.011	-0.011	0.778
2636	0.008	-0.013	0.771
2637	0.008	-0.011	0.782
2638	0.008	-0.009	0.776
2639	0.009	-0.010	0.776
2640	0.006	-0.010	0.781
2641	0.007	-0.006	0.772
2642	0.009	-0.009	0.779
2643	0.008	-0.009	0.780
2644	0.006	-0.010	0.772
2645	0.006	-0.013	0.779
2646	0.007	-0.010	0.775
2647	0.009	-0.011	0.775
2648	0.006	-0.007	0.781
2649	0.004	-0.008	0.776
2650	0.009	-0.006	0.778
2651	0.007	-0.007	0.778
2652	0.003	-0.009	0.771
2653	0.006	-0.007	0.777
2654	0.007	-0.006	0.775
2655	0.007	-0.007	0.774
2656	0.007	-0.007	0.777
2657	0.008	-0.006	0.771
2658	0.011	-0.005	0.775
2659	0.009	-0.005	0.778
2660	0.009	-0.007	0.771
2661	0.011	-0.007	0.781
2662	0.014	-0.007	0.774
2663	0.011	-0.005	0.774
2664	0.013	-0.004	0.784
2665	0.013	-0.005	0.770
2666	0.010	-0.005	0.773
2667	0.008	-0.007	0.777
2668	0.010	-0.009	0.770
2669	0.011	-0.006	0.781
2670	0.006	-0.007	0.775
2671	0.009	-0.007	0.774
2672	0.009	-0.008	0.780
2673	0.011	-0.011	0.769
2674	0.008	-0.009	0.774
2675	0.007	-0.008	0.777
2676	0.010	-0.007	0.773
2677	0.010	-0.005	0.782
2678	0.007	-0.007	0.772
2679	0.009	-0.009	0.776
2680	0.010	-0.007	0.782
2681	0.009	-0.009	0.773
2682	0.009	-0.007	0.778
2683	0.010	-0.005	0.774
2684	0.008	-0.005	0.770
2685	0.007	-0.005	0.783
2686	0.005	-0.008	0.773
2687	0.007	-0.009	0.772
2688	0.009	-0.005	0.780
2689	0.005	-0.007	0.772
2690	0.008	-0.009	0.776
2691	0.008	-0.009	0.777
2692	0.009	-0.009	0.771
2693	0.006	-0.006	0.780
2694	0.008	-0.006	0.772
2695	0.007	-0.007	0.772
2696	0.005	-0.006	0.778
2697	0.004	-0.008	0.772
2698	0.007	-0.007	0.776
2699	0.007	-0.006	0.777
2700	0.006	-0.005	0.769
2701	0.007	-0.005	0.778
2702	0.009	-0.003	0.773
2703	0.010	-0.006	0.772
2704	0.007	-0.007	0.781
2705	0.007	-0.007	0.772
2706	0.011	-0.006	0.779
2707	0.009	-0.005	0.780
2708	0.007	-0.005	0.771
2709	0.008	-0.005	0.779
2710	0.009	-0.004	0.775
2711	0.009	-0.006	0.775
2712	0.006	-0.007	0.779
2713	0.008	-0.006	0.773
2714	0.008	-0.007	0.779
2715	0.010	-0.010	0.780
2716	0.006	-0.007	0.772
2717	0.008	-0.005	0.785
2718	0.007	-0.002	0.778
2719	0.007	-0.003	0.775
2720	0.007	-0.005	0.779
2721	0.007	-0.005	0.773
2722	0.007	-0.004	0.781
2723	0.007	-0.004	0.779
2724	0.008	-0.002	0.770
2725	0.012	-0.003	0.781
2726	0.007	-0.003	0.776
2727	0.009	-0.005	0.776
2728	0.009	-0.004	0.782
2729	0.010	-0.004	0.772
2730	0.007	-0.003	0.778
2731	0.007	-0.003	0.778
2732	0.008	-0.003	0.772
2733	0.010	-0.005	0.779
2734	0.009	-0.005	0.775
2735	0.010	-0.003	0.772
2736	0.009	-0.003	0.780
2737	0.011	-0.002	0.771
2738	0.005	-0.003	0.775
2739	0.007	-0.006	0.779
2740	0.009	-0.005	0.773
2741	0.007	-0.005	0.780
2742	0.007	-0.007	0.776
2743	0.007	-0.007	0.772
2744	0.009	-0.001	0.779
2745	0.009	-0.003	0.772
2746	0.007	-0.005	0.772
2747	0.004	-0.004	0.780
2748	0.007	0.000	0.768
2749	0.007	-0.003	0.779
2750	0.005	-0.002	0.776
2751	0.005	-0.006	0.775
2752	0.008	-0.005	0.780
2753	0.004	-0.003	0.771
2754	0.004	-0.003	0.774
2755	0.004	-0.001	0.780
2756	0.005	-0.003	0.770
2757	0.002	-0.006	0.778
2758	0.003	-0.007	0.778
2759	0.004	-0.005	0.771
2760	0.005	-0.003	0.778
2761	0.003	-0.005	0.771
2762	0.002	-0.007	0.774
2763	0.003	-0.005	0.783
2764	0.003	-0.006	0.769
2765	0.003	-0.003	0.778
2766	0.005	-0.006	0.776
2767	0.006	-0.003	0.769
2768	0.003	-0.005	0.781
2769	0.002	-0.006	0.771
2770	0.002	-0.002	0.772
2771	0.005	-0.006	0.782
2772	0.004	-0.005	0.769
2773	0.003	-0.002	0.776
2774	0.004	-0.001	0.776
2775	0.007	0.000	0.767
2776	0.003	0.001	0.784
2777	0.004	0.001	0.771
2778	0.005	0.002	0.772
2779	0.006	-0.001	0.779
2780	0.002	0.000	0.771
2781	0.003	0.000	0.776
2782	0.005	0.000	0.778
2783	0.006	0.001	0.770
2784	0.005	0.005	0.779
2785	0.005	0.003	0.775
2786	0.005	0.002	0.772
2787	0.004	-0.001	0.782
2788	0.004	0.002	0.774
2789	0.003	0.001	0.776
2790	0.004	0.002	0.778
2791	0.003	0.000	0.773
2792	0.002	0.000	0.777
2793	0.001	0.002	0.775
2794	0.007	0.005	0.772
2795	0.005	0.002	0.779
2796	0.005	0.002	0.772
2797	0.004	0.004	0.774
2798	0.005	0.003	0.780
2799	0.002	-0.001	0.771
2800	0.002	0.000	0.776
2801	0.004	0.000	0.776
2802	0.002	0.002	0.772
2803	0.002	0.001	0.783
2804	0.000	-0.002	0.770
2805	0.003	-0.003	0.774
2806	0.001	-0.005	0.777
2807	0.002	-0.003	0.771
2808	0.004	-0.002	0.776
2809	0.005	-0.003	0.777
2810	0.004	-0.001	0.773
2811	0.004	-0.002	0.778
2812	0.004	-0.001	0.775
2813	0.005	-0.003	0.775
2814	0.004	-0.004	0.779
2815	0.005	-0.005	0.772
2816	0.005	-0.006	0.779
2817	0.006	-0.004	0.779
2818	0.004	-0.003	0.769
2819	0.004	-0.008	0.778
2820	0.007	-0.009	0.774
2821	0.004	-0.009	0.772
2822	0.005	-0.010	0.780
2823	0.005	-0.011	0.775
2824	0.006	-0.011	0.774
2825	0.006	-0.008	0.781
2826	0.007	-0.008	0.769
2827	0.007	-0.008	0.778
2828	0.009	-0.005	0.780
2829	0.005	-0.006	0.770
2830	0.006	-0.005	0.779
2831	0.005	-0.008	0.772
2832	0.008	-0.007	0.771
2833	0.005	-0.008	0.782
2834	0.005	-0.007	0.769
2835	0.008	-0.005	0.778
2836	0.005	-0.002	0.779
2837	0.005	-0.005	0.768
2838	0.005	-0.003	0.782
2839	0.004	-0.003	0.775
2840	0.001	-0.002	0.773
2841	0.003	-0.003	0.783
2842	0.005	-0.005	0.772
2843	0.004	-0.007	0.774
2844	0.004	-0.006	0.780
2845	0.001	-0.005	0.771
2846	0.003	-0.006	0.779
2847	0.003	-0.005	0.775
2848	0.003	-0.005	0.771
2849	0.001	-0.004	0.782
2850	0.002	-0.007	0.774
2851	0.003	-0.009	0.775
2852	0.000	-0.007	0.781
2853	0.001	-0.009	0.772
2854	0.001	-0.006	0.776
2855	0.001	-0.007	0.775
2856	0.000	-0.005	0.773
2857	0.001	-0.007	0.783
2858	-0.001	-0.010	0.774
2859	0.001	-0.009	0.774
2860	0.000	-0.008	0.782
2861	0.003	-0.007	0.771
2862	0.004	-0.006	0.778
2863	0.001	-0.008	0.779
2864	-0.002	-0.009	0.773
2865	0.003	-0.009	0.780
2866	0.003	-0.007	0.779
2867	0.003	-0.007	0.773
2868	0.004	-0.006	0.783
2869	0.005	-0.005	0.774
2870	0.007	-0.007	0.777
2871	0.005	-0.009	0.785
2872	0.004	-0.012	0.770
2873	0.006	-0.009	0.780
2874	0.005	-0.010	0.778
2875	0.005	-0.010	0.772
2876	0.007	-0.008	0.782
2877	0.007	-0.007	0.774
2878	0.007	-0.008	0.774
2879	0.005	-0.005	0.779
2880	0.007	-0.005	0.772
2881	0.009	-0.009	0.777
2882	0.007	-0.014	0.779
2883	0.009	-0.012	0.774
2884	0.010	-0.011	0.781
2885	0.010	-0.011	0.776
2886	0.009	-0.008	0.774
2887	0.007	-0.008	0.782
2888	0.012	-0.009	0.774
2889	0.008	-0.012	0.778
2890	0.007	-0.017	0.782
2891	0.009	-0.015	0.772
2892	0.009	-0.012	0.781
2893	0.009	-0.007	0.777
2894	0.011	-0.007	0.773
2895	0.009	-0.009	0.782
2896	0.010	-0.009	0.774
2897	0.009	-0.009	0.772
2898	0.006	-0.011	0.781
2899	0.007	-0.007	0.770
2900	0.009	-0.010	0.777
2901	0.008	-0.007	0.775
2902	0.008	-0.003	0.768
2903	0.008	-0.002	0.781
2904	0.008	-0.004	0.775
2905	0.007	-0.005	0.774
2906	0.007	-0.004	0.780
2907	0.009	-0.003	0.774
2908	0.010	-0.004	0.776
2909	0.009	-0.002	0.775
2910	0.009	-0.001	0.773
2911	0.010	0.001	0.781
2912	0.011	0.001	0.774
2913	0.009	-0.002	0.771
2914	0.011	-0.001	0.780
2915	0.010	-0.001	0.776
2916	0.007	-0.001	0.776
2917	0.006	-0.001	0.783
2918	0.008	0.001	0.769
2919	0.007	0.002	0.775
2920	0.007	0.004	0.779
2921	0.003	0.003	0.770
2922	0.007	0.000	0.780
2923	0.005	0.000	0.774
2924	0.002	-0.002	0.774
2925	0.003	0.001	0.780
2926	0.006	0.002	0.772
2927	0.006	0.005	0.775
2928	0.004	0.004	0.780
2929	0.007	0.006	0.771
2930	0.007	0.005	0.780
2931	0.006	0.002	0.776
2932	0.004	0.002	0.771
2933	0.006	0.006	0.781
2934	0.007	0.006	0.776
2935	0.005	0.005	0.771
2936	0.005	0.006	0.778
2937	0.005	0.006	0.769
2938	0.007	0.007	0.775
2939	0.005	0.003	0.779
2940	0.004	0.003	0.771
2941	0.004	0.003	0.778
2942	0.004	0.005	0.775
2943	0.004	0.001	0.771
2944	0.003	0.001	0.782
2945	0.003	0.003	0.773
2946	0.005	0.003	0.772
2947	0.004	0.001	0.778
2948	0.004	0.001	0.769
2949	0.005	0.002	0.778
2950	0.004	-0.001	0.777
2951	0.003	0.000	0.770
2952	0.003	0.003	0.778
2953	0.002	0.003	0.772
2954	0.001	0.002	0.772
2955	0.001	0.002	0.780
2956	0.001	-0.001	0.772
2957	0.001	-0.001	0.776
2958	0.002	-0.004	0.782
2959	-0.002	-0.004	0.769
2960	0.002	-0.001	0.780
2961	0.002	0.000	0.775
2962	0.000	0.000	0.771
2963	0.002	-0.001	0.781
2964	0.002	-0.001	0.771
2965	0.002	-0.004	0.771
2966	0.000	-0.005	0.781
2967	0.002	-0.006	0.770
2968	0.004	-0.003	0.775
2969	0.002	-0.006	0.778
2970	0.000	-0.005	0.770
2971	0.002	-0.003	0.780
2972	0.005	-0.002	0.775
2973	0.003	-0.005	0.773
2974	0.001	-0.006	0.781
2975	0.005	-0.002	0.774
2976	0.005	-0.003	0.774
2977	0.005	-0.005	0.783
2978	0.007	-0.004	0.770
2979	0.010	-0.003	0.778
2980	0.010	-0.003	0.778
2981	0.009	-0.004	0.771
2982	0.011	-0.006	0.780
2983	0.011	-0.001	0.778
2984	0.011	-0.001	0.774
2985	0.010	-0.003	0.780
2986	0.015	-0.001	0.772
2987	0.015	0.001	0.773
2988	0.013	0.002	0.779
2989	0.012	0.002	0.770
2990	0.015	0.004	0.778
2991	0.015	0.002	0.777
2992	0.014	-0.001	0.770
2993	0.015	-0.002	0.779
2994	0.015	0.002	0.774
2995	0.015	0.003	0.773
2996	0.015	0.006	0.778
2997	0.015	0.002	0.773
2998	0.015	0.002	0.776
2999	0.014	0.000	0.778
3000	0.015	-0.002	0.770
3001	0.017	0.000	0.778
3002	0.015	0.004	0.778
3003	0.015	0.007	0.770
3004	0.016	0.005	0.778
3005	0.014	0.003	0.775
3006	0.016	0.002	0.774
3007	0.015	0.002	0.780
3008	0.014	0.001	0.773
3009	0.017	0.001	0.777
3010	0.017	0.003	0.778
3011	0.015	0.004	0.771
3012	0.015	0.003	0.778
