0	0.006000	0.008000	0.794000
1	0.009000	0.008000	0.793000
2	0.003000	0.006000	0.800000
3	0.001000	0.005000	0.795000
4	0.011000	0.007000	0.792000
5	0.009000	0.007000	0.793000
6	0.004000	0.007000	0.797000
7	0.009000	0.010000	0.793000
8	0.008000	0.005000	0.794000
9	0.005000	0.008000	0.794000
10	0.005000	0.006000	0.798000
11	0.002000	0.004000	0.797000
12	0.005000	0.006000	0.797000
13	0.011000	0.006000	0.793000
14	0.002000	0.007000	0.799000
15	0.007000	0.006000	0.794000
16	0.012000	0.007000	0.793000
17	0.005000	0.006000	0.795000
18	0.011000	0.009000	0.794000
19	0.001000	0.009000	0.800000
20	0.010000	0.009000	0.794000
21	0.005000	0.007000	0.797000
22	0.009000	0.007000	0.793000
23	0.011000	0.009000	0.794000
24	0.007000	0.009000	0.798000
25	0.002000	0.010000	0.799000
26	0.012000	0.008000	0.790000
27	0.011000	0.008000	0.793000
28	0.007000	0.009000	0.797000
29	0.009000	0.007000	0.793000
30	0.003000	0.005000	0.801000
31	0.013000	0.010000	0.794000
32	0.011000	0.007000	0.791000
33	0.008000	0.010000	0.796000
34	0.006000	0.008000	0.796000
35	0.004000	0.008000	0.797000
36	0.014000	0.006000	0.791000
37	0.008000	0.008000	0.792000
38	0.009000	0.007000	0.793000
39	0.011000	0.008000	0.794000
40	0.007000	0.009000	0.797000
41	0.003000	0.007000	0.801000
42	0.012000	0.009000	0.792000
43	0.007000	0.007000	0.796000
44	0.009000	0.006000	0.794000
45	0.008000	0.009000	0.795000
46	0.005000	0.008000	0.799000
47	0.013000	0.005000	0.791000
48	0.012000	0.009000	0.793000
49	0.009000	0.009000	0.797000
50	0.006000	0.007000	0.796000
51	0.013000	0.007000	0.793000
52	0.009000	0.005000	0.795000
53	0.006000	0.007000	0.795000
54	0.016000	0.004000	0.790000
55	0.005000	0.003000	0.796000
56	0.009000	0.004000	0.793000
57	0.011000	0.004000	0.792000
58	0.009000	0.002000	0.793000
59	0.006000	0.005000	0.799000
60	0.007000	0.002000	0.793000
61	0.011000	0.003000	0.792000
62	0.003000	0.003000	0.800000
63	0.009000	0.001000	0.792000
64	0.004000	0.005000	0.795000
65	0.005000	0.005000	0.798000
66	0.001000	0.002000	0.794000
67	0.009000	0.004000	0.798000
68	-0.002000	0.002000	0.799000
69	0.003000	0.000000	0.798000
70	0.009000	0.005000	0.794000
71	0.003000	0.000000	0.794000
72	0.004000	0.000000	0.797000
73	0.002000	-0.001000	0.799000
74	0.007000	-0.001000	0.791000
75	0.009000	0.003000	0.797000
76	0.005000	-0.002000	0.794000
77	0.001000	0.001000	0.799000
78	0.011000	-0.002000	0.791000
79	0.006000	-0.002000	0.791000
80	0.006000	0.000000	0.796000
81	0.007000	-0.005000	0.791000
82	0.006000	-0.001000	0.794000
83	0.002000	-0.003000	0.796000
84	0.003000	-0.004000	0.794000
85	0.000000	-0.003000	0.800000
86	0.007000	0.000000	0.792000
87	0.004000	-0.002000	0.794000
88	-0.007000	0.001000	0.802000
89	0.001000	-0.001000	0.796000
90	-0.001000	-0.002000	0.795000
91	-0.005000	0.001000	0.799000
92	0.006000	0.000000	0.791000
93	0.006000	-0.002000	0.793000
94	-0.003000	-0.001000	0.797000
95	-0.003000	0.001000	0.795000
96	0.004000	0.002000	0.793000
97	0.004000	0.000000	0.791000
98	-0.005000	0.001000	0.797000
99	-0.005000	0.000000	0.799000
100	0.004000	-0.001000	0.793000
101	0.000000	0.001000	0.795000
102	-0.002000	0.001000	0.796000
103	-0.002000	0.002000	0.796000
104	0.003000	-0.003000	0.794000
105	0.001000	0.001000	0.794000
106	-0.001000	-0.001000	0.796000
107	-0.005000	-0.002000	0.798000
108	0.003000	-0.001000	0.795000
109	0.001000	0.001000	0.794000
110	-0.002000	-0.003000	0.794000
111	-0.001000	0.000000	0.794000
112	-0.007000	-0.002000	0.798000
113	-0.004000	-0.001000	0.797000
114	0.005000	-0.002000	0.790000
115	-0.004000	-0.001000	0.796000
116	-0.004000	-0.005000	0.795000
117	-0.001000	-0.003000	0.794000
118	0.000000	-0.005000	0.793000
119	-0.002000	-0.004000	0.793000
120	-0.002000	-0.002000	0.797000
121	-0.003000	0.000000	0.797000
122	-0.002000	-0.004000	0.796000
123	-0.003000	-0.004000	0.793000
124	-0.005000	0.001000	0.795000
125	-0.002000	-0.001000	0.795000
126	-0.006000	-0.004000	0.797000
127	-0.001000	-0.002000	0.796000
128	-0.003000	-0.001000	0.795000
129	-0.002000	-0.003000	0.797000
130	-0.003000	-0.002000	0.798000
131	-0.001000	-0.002000	0.796000
132	-0.003000	-0.002000	0.794000
133	-0.005000	-0.002000	0.794000
134	-0.003000	-0.003000	0.793000
135	-0.001000	-0.002000	0.796000
136	-0.004000	-0.004000	0.796000
137	-0.005000	-0.004000	0.794000
138	0.001000	0.000000	0.793000
139	-0.006000	-0.001000	0.795000
140	-0.006000	-0.002000	0.795000
141	-0.002000	-0.001000	0.796000
142	-0.006000	-0.002000	0.795000
143	-0.002000	-0.002000	0.794000
144	-0.002000	-0.003000	0.793000
145	-0.006000	-0.003000	0.797000
146	-0.001000	0.000000	0.797000
147	-0.001000	-0.003000	0.794000
148	-0.005000	-0.003000	0.796000
149	0.000000	-0.003000	0.793000
150	-0.006000	0.000000	0.796000
151	-0.003000	-0.001000	0.794000
152	-0.003000	-0.002000	0.794000
153	-0.003000	-0.002000	0.796000
154	-0.001000	-0.003000	0.797000
155	-0.006000	-0.001000	0.795000
156	-0.002000	-0.003000	0.795000
157	-0.003000	-0.003000	0.796000
158	-0.005000	-0.007000	0.794000
159	-0.003000	-0.005000	0.797000
160	-0.005000	-0.006000	0.795000
161	-0.005000	-0.008000	0.794000
162	-0.002000	-0.006000	0.794000
163	-0.004000	-0.005000	0.796000
164	-0.005000	-0.009000	0.797000
165	-0.002000	-0.006000	0.794000
166	-0.001000	-0.005000	0.797000
167	-0.003000	-0.009000	0.796000
168	-0.001000	-0.011000	0.798000
169	-0.001000	-0.009000	0.796000
170	-0.003000	-0.010000	0.795000
171	-0.002000	-0.011000	0.794000
172	0.001000	-0.009000	0.794000
173	-0.002000	-0.009000	0.797000
174	-0.005000	-0.010000	0.797000
175	0.000000	-0.008000	0.798000
176	-0.001000	-0.010000	0.794000
177	-0.001000	-0.010000	0.797000
178	0.000000	-0.011000	0.795000
179	0.000000	-0.009000	0.795000
180	0.002000	-0.008000	0.796000
181	-0.002000	-0.009000	0.797000
182	0.002000	-0.009000	0.798000
183	0.001000	-0.007000	0.797000
184	-0.001000	-0.009000	0.797000
185	0.002000	-0.009000	0.796000
186	0.003000	-0.009000	0.797000
187	0.002000	-0.008000	0.797000
188	0.001000	-0.009000	0.798000
189	0.000000	-0.009000	0.796000
190	0.001000	-0.009000	0.797000
191	0.003000	-0.011000	0.794000
192	0.004000	-0.011000	0.797000
193	0.001000	-0.010000	0.796000
194	0.003000	-0.010000	0.797000
195	0.005000	-0.009000	0.795000
196	-0.001000	-0.010000	0.797000
197	0.003000	-0.009000	0.797000
198	0.002000	-0.009000	0.798000
199	-0.001000	-0.012000	0.796000
200	0.006000	-0.010000	0.796000
201	0.005000	-0.011000	0.796000
202	0.001000	-0.013000	0.798000
203	0.003000	-0.011000	0.798000
204	0.000000	-0.008000	0.795000
205	0.002000	-0.011000	0.796000
206	0.003000	-0.011000	0.794000
207	0.000000	-0.011000	0.794000
208	0.003000	-0.010000	0.795000
209	0.000000	-0.012000	0.797000
210	0.001000	-0.011000	0.797000
211	0.002000	-0.010000	0.797000
212	0.002000	-0.010000	0.797000
213	0.000000	-0.010000	0.797000
214	0.003000	-0.011000	0.795000
215	0.003000	-0.014000	0.795000
216	0.001000	-0.013000	0.799000
217	0.001000	-0.011000	0.796000
218	0.003000	-0.015000	0.796000
219	0.005000	-0.012000	0.797000
220	0.000000	-0.013000	0.797000
221	0.000000	-0.011000	0.796000
222	0.005000	-0.010000	0.793000
223	0.001000	-0.013000	0.797000
224	-0.002000	-0.015000	0.794000
225	0.004000	-0.013000	0.794000
226	0.001000	-0.013000	0.796000
227	0.002000	-0.013000	0.796000
228	0.007000	-0.012000	0.794000
229	-0.001000	-0.012000	0.798000
230	0.003000	-0.012000	0.796000
231	0.004000	-0.010000	0.797000
232	0.003000	-0.013000	0.795000
233	0.004000	-0.011000	0.794000
234	0.003000	-0.012000	0.796000
235	0.002000	-0.015000	0.798000
236	0.002000	-0.013000	0.794000
237	-0.002000	-0.011000	0.798000
238	0.002000	-0.013000	0.798000
239	0.006000	-0.016000	0.797000
240	0.003000	-0.012000	0.794000
241	0.003000	-0.013000	0.795000
242	0.004000	-0.013000	0.795000
243	0.003000	-0.012000	0.796000
244	0.007000	-0.011000	0.795000
245	-0.004000	-0.013000	0.799000
246	0.004000	-0.013000	0.795000
247	0.002000	-0.015000	0.797000
248	0.002000	-0.013000	0.796000
249	0.005000	-0.010000	0.797000
250	0.002000	-0.014000	0.795000
251	0.004000	-0.012000	0.798000
252	0.007000	-0.011000	0.796000
253	0.005000	-0.011000	0.796000
254	0.006000	-0.011000	0.795000
255	0.003000	-0.013000	0.798000
256	0.002000	-0.013000	0.796000
257	0.004000	-0.011000	0.796000
258	0.004000	-0.011000	0.796000
259	0.007000	-0.010000	0.798000
260	0.005000	-0.012000	0.793000
261	0.003000	-0.011000	0.798000
262	0.007000	-0.014000	0.799000
263	0.003000	-0.011000	0.794000
264	0.004000	-0.012000	0.796000
265	0.007000	-0.011000	0.794000
266	0.005000	-0.014000	0.799000
267	0.004000	-0.008000	0.797000
268	0.007000	-0.011000	0.796000
269	0.002000	-0.013000	0.797000
270	0.007000	-0.013000	0.795000
271	0.007000	-0.011000	0.795000
272	0.003000	-0.013000	0.796000
273	0.006000	-0.011000	0.794000
274	0.006000	-0.010000	0.796000
275	0.002000	-0.012000	0.795000
276	0.006000	-0.009000	0.797000
277	0.003000	-0.013000	0.796000
278	0.004000	-0.011000	0.796000
279	0.007000	-0.012000	0.794000
280	0.002000	-0.013000	0.795000
281	0.006000	-0.011000	0.797000
282	0.004000	-0.013000	0.795000
283	0.005000	-0.013000	0.794000
284	0.006000	-0.011000	0.797000
285	0.005000	-0.010000	0.795000
286	0.005000	-0.012000	0.795000
287	0.005000	-0.012000	0.794000
288	0.009000	-0.013000	0.794000
289	0.005000	-0.008000	0.795000
290	0.004000	-0.013000	0.793000
291	0.006000	-0.013000	0.797000
292	0.003000	-0.012000	0.796000
293	0.005000	-0.011000	0.799000
294	0.006000	-0.011000	0.796000
295	0.005000	-0.011000	0.796000
296	0.005000	-0.011000	0.796000
297	0.007000	-0.010000	0.794000
298	0.005000	-0.011000	0.796000
299	0.003000	-0.012000	0.800000
300	0.008000	-0.009000	0.795000
301	0.003000	-0.010000	0.795000
302	0.005000	-0.011000	0.797000
303	0.007000	-0.008000	0.795000
304	0.004000	-0.011000	0.793000
305	-0.001000	-0.011000	0.799000
306	0.008000	-0.009000	0.794000
307	-0.005000	-0.010000	0.799000
308	0.007000	-0.011000	0.794000
309	-0.001000	-0.012000	0.800000
310	0.005000	-0.013000	0.797000
311	0.006000	-0.009000	0.796000
312	0.001000	-0.008000	0.797000
313	0.006000	-0.009000	0.794000
314	0.005000	-0.008000	0.797000
315	0.006000	-0.010000	0.797000
316	0.003000	-0.011000	0.796000
317	0.008000	-0.009000	0.797000
318	0.005000	-0.011000	0.797000
319	0.004000	-0.009000	0.797000
320	0.007000	-0.009000	0.798000
321	0.004000	-0.010000	0.793000
322	0.004000	-0.010000	0.797000
323	0.006000	-0.009000	0.798000
324	0.007000	-0.007000	0.794000
325	0.005000	-0.009000	0.795000
326	0.003000	-0.010000	0.795000
327	0.007000	-0.007000	0.794000
328	0.001000	-0.011000	0.796000
329	0.010000	-0.010000	0.795000
330	0.007000	-0.009000	0.797000
331	0.005000	-0.008000	0.797000
332	0.006000	-0.009000	0.796000
333	0.006000	-0.007000	0.793000
334	0.005000	-0.009000	0.794000
335	0.003000	-0.006000	0.798000
336	0.008000	-0.007000	0.795000
337	0.004000	-0.010000	0.794000
338	0.005000	-0.006000	0.795000
339	0.008000	-0.006000	0.794000
340	0.004000	-0.012000	0.796000
341	0.010000	-0.009000	0.796000
342	0.007000	-0.007000	0.799000
343	0.004000	-0.010000	0.794000
344	0.009000	-0.008000	0.793000
345	0.005000	-0.007000	0.795000
346	0.007000	-0.007000	0.797000
347	0.008000	-0.010000	0.797000
348	0.006000	-0.009000	0.794000
349	0.007000	-0.009000	0.794000
350	0.007000	-0.011000	0.794000
351	0.007000	-0.008000	0.795000
352	0.006000	-0.007000	0.794000
353	0.009000	-0.010000	0.795000
354	0.007000	-0.013000	0.794000
355	0.006000	-0.013000	0.796000
356	0.013000	-0.014000	0.794000
357	0.008000	-0.012000	0.796000
358	0.004000	-0.015000	0.795000
359	0.014000	-0.011000	0.796000
360	0.005000	-0.013000	0.795000
361	0.004000	-0.015000	0.794000
362	0.012000	-0.011000	0.795000
363	0.003000	-0.014000	0.795000
364	0.006000	-0.013000	0.787000
365	0.011000	-0.011000	0.796000
366	0.005000	-0.013000	0.793000
367	0.043000	-0.067000	1.044000
368	0.069000	-0.296000	1.076000
369	0.048000	-0.087000	1.045000
370	0.052000	-0.200000	1.064000
371	0.074000	-0.148000	0.891000
372	0.094000	-0.192000	1.179000
373	0.113000	-0.360000	1.243000
374	0.101000	-0.440000	1.481000
375	0.144000	-0.396000	1.426000
376	0.145000	-0.325000	1.371000
377	0.167000	-0.448000	1.345000
378	0.152000	-0.293000	1.420000
379	0.186000	-0.400000	1.496000
380	0.119000	-0.269000	1.119000
381	0.074000	-0.231000	0.933000
382	0.048000	-0.223000	1.300000
383	0.107000	-0.273000	1.224000
384	0.062000	-0.226000	0.957000
385	0.045000	-0.130000	0.966000
386	0.044000	-0.105000	0.964000
387	0.036000	-0.104000	0.981000
388	0.032000	-0.097000	0.974000
389	0.034000	-0.100000	0.960000
390	0.034000	-0.098000	0.953000
391	0.033000	-0.102000	0.954000
392	0.032000	-0.100000	0.951000
393	0.034000	-0.100000	0.944000
394	0.029000	-0.103000	0.948000
395	0.030000	-0.103000	0.949000
396	0.030000	-0.101000	0.949000
397	0.034000	-0.103000	0.943000
398	0.033000	-0.103000	0.947000
399	0.030000	-0.103000	0.942000
400	0.033000	-0.102000	0.939000
401	0.036000	-0.102000	0.945000
402	0.032000	-0.102000	0.950000
403	0.034000	-0.101000	0.944000
404	0.034000	-0.102000	0.944000
405	0.033000	-0.102000	0.950000
406	0.033000	-0.102000	0.948000
407	0.032000	-0.100000	0.945000
408	0.033000	-0.102000	0.952000
409	0.033000	-0.099000	0.953000
410	0.032000	-0.101000	0.953000
411	0.034000	-0.100000	0.954000
412	0.031000	-0.098000	0.954000
413	0.033000	-0.101000	0.957000
414	0.034000	-0.098000	0.953000
415	0.032000	-0.101000	0.954000
416	0.032000	-0.099000	0.956000
417	0.032000	-0.101000	0.953000
418	0.033000	-0.101000	0.954000
419	0.033000	-0.099000	0.952000
420	0.034000	-0.100000	0.952000
421	0.034000	-0.101000	0.950000
422	0.036000	-0.100000	0.952000
423	0.034000	-0.101000	0.954000
424	0.030000	-0.101000	0.956000
425	0.036000	-0.099000	0.956000
426	0.033000	-0.101000	0.954000
427	0.042000	-0.101000	0.945000
428	0.037000	-0.101000	0.947000
429	0.036000	-0.103000	0.953000
430	0.034000	-0.102000	0.953000
431	0.034000	-0.099000	0.955000
432	0.034000	-0.102000	0.954000
433	0.036000	-0.101000	0.954000
434	0.036000	-0.100000	0.950000
435	0.039000	-0.100000	0.949000
436	0.035000	-0.101000	0.954000
437	0.038000	-0.101000	0.949000
438	0.037000	-0.101000	0.952000
439	0.036000	-0.100000	0.950000
440	0.037000	-0.100000	0.950000
441	0.037000	-0.101000	0.955000
442	0.034000	-0.103000	0.949000
443	0.037000	-0.101000	0.951000
444	0.038000	-0.099000	0.950000
445	0.037000	-0.102000	0.947000
446	0.037000	-0.100000	0.949000
447	0.040000	-0.101000	0.952000
448	0.037000	-0.098000	0.950000
449	0.037000	-0.101000	0.950000
450	0.038000	-0.100000	0.949000
451	0.038000	-0.102000	0.948000
452	0.038000	-0.101000	0.950000
453	0.038000	-0.101000	0.951000
454	0.038000	-0.100000	0.949000
455	0.037000	-0.099000	0.948000
456	0.038000	-0.101000	0.946000
457	0.037000	-0.101000	0.942000
458	0.037000	-0.100000	0.944000
459	0.038000	-0.100000	0.945000
460	0.040000	-0.100000	0.950000
461	0.036000	-0.100000	0.951000
462	0.036000	-0.102000	0.945000
463	0.038000	-0.098000	0.943000
464	0.036000	-0.102000	0.945000
465	0.036000	-0.101000	0.943000
466	0.033000	-0.102000	0.951000
467	0.037000	-0.103000	0.947000
468	0.036000	-0.099000	0.943000
469	0.034000	-0.104000	0.946000
470	0.036000	-0.100000	0.945000
471	0.034000	-0.102000	0.944000
472	0.033000	-0.102000	0.943000
473	0.036000	-0.103000	0.947000
474	0.034000	-0.100000	0.950000
475	0.032000	-0.105000	0.946000
476	0.032000	-0.100000	0.947000
477	0.036000	-0.101000	0.947000
478	0.034000	-0.101000	0.948000
479	0.033000	-0.102000	0.941000
480	0.032000	-0.102000	0.948000
481	0.034000	-0.102000	0.944000
482	0.032000	-0.103000	0.946000
483	0.033000	-0.101000	0.946000
484	0.031000	-0.103000	0.950000
485	0.030000	-0.101000	0.945000
486	0.030000	-0.102000	0.948000
487	0.033000	-0.100000	0.947000
488	0.034000	-0.101000	0.946000
489	0.032000	-0.100000	0.942000
490	0.032000	-0.102000	0.948000
491	0.033000	-0.099000	0.946000
492	0.033000	-0.099000	0.946000
493	0.033000	-0.101000	0.945000
494	0.031000	-0.102000	0.943000
495	0.028000	-0.101000	0.943000
496	0.032000	-0.101000	0.946000
497	0.032000	-0.101000	0.940000
498	0.031000	-0.099000	0.940000
499	0.035000	-0.102000	0.941000
500	0.030000	-0.100000	0.942000
501	0.034000	-0.101000	0.943000
502	0.030000	-0.102000	0.940000
503	0.029000	-0.101000	0.943000
504	0.033000	-0.101000	0.941000
505	0.029000	-0.100000	0.939000
506	0.032000	-0.100000	0.939000
507	0.030000	-0.097000	0.941000
508	0.033000	-0.099000	0.938000
509	0.028000	-0.098000	0.945000
510	0.030000	-0.097000	0.941000
511	0.028000	-0.098000	0.942000
512	0.034000	-0.099000	0.936000
513	0.027000	-0.097000	0.940000
514	0.033000	-0.099000	0.935000
515	0.032000	-0.097000	0.941000
516	0.033000	-0.101000	0.936000
517	0.029000	-0.096000	0.934000
518	0.029000	-0.099000	0.939000
519	0.029000	-0.095000	0.939000
520	0.031000	-0.098000	0.937000
521	0.030000	-0.098000	0.939000
522	0.029000	-0.100000	0.937000
523	0.030000	-0.097000	0.937000
524	0.030000	-0.100000	0.936000
525	0.030000	-0.097000	0.940000
526	0.028000	-0.099000	0.939000
527	0.030000	-0.094000	0.935000
528	0.029000	-0.096000	0.937000
529	0.029000	-0.096000	0.939000
530	0.029000	-0.097000	0.941000
531	0.028000	-0.095000	0.938000
532	0.029000	-0.095000	0.933000
533	0.028000	-0.094000	0.938000
534	0.029000	-0.094000	0.938000
535	0.030000	-0.096000	0.934000
536	0.030000	-0.094000	0.935000
537	0.029000	-0.091000	0.936000
538	0.032000	-0.097000	0.934000
539	0.032000	-0.092000	0.932000
540	0.029000	-0.095000	0.935000
541	0.032000	-0.093000	0.932000
542	0.030000	-0.096000	0.931000
543	0.030000	-0.095000	0.933000
544	0.028000	-0.097000	0.933000
545	0.030000	-0.094000	0.932000
546	0.033000	-0.095000	0.933000
547	0.031000	-0.095000	0.931000
548	0.030000	-0.094000	0.932000
549	0.032000	-0.090000	0.933000
550	0.032000	-0.095000	0.935000
551	0.032000	-0.092000	0.933000
552	0.031000	-0.094000	0.930000
553	0.030000	-0.092000	0.931000
554	0.031000	-0.095000	0.932000
555	0.031000	-0.091000	0.932000
556	0.030000	-0.096000	0.933000
557	0.031000	-0.092000	0.934000
558	0.029000	-0.094000	0.933000
559	0.030000	-0.093000	0.936000
560	0.032000	-0.094000	0.934000
561	0.031000	-0.095000	0.933000
562	0.030000	-0.094000	0.929000
563	0.028000	-0.096000	0.932000
564	0.030000	-0.093000	0.932000
565	0.030000	-0.097000	0.931000
566	0.032000	-0.092000	0.932000
567	0.028000	-0.096000	0.931000
568	0.030000	-0.095000	0.934000
569	0.035000	-0.094000	0.930000
570	0.031000	-0.092000	0.931000
571	0.032000	-0.098000	0.929000
572	0.035000	-0.094000	0.927000
573	0.030000	-0.094000	0.931000
574	0.031000	-0.092000	0.930000
575	0.031000	-0.095000	0.929000
576	0.030000	-0.093000	0.934000
577	0.026000	-0.097000	0.930000
578	0.030000	-0.093000	0.932000
579	0.030000	-0.095000	0.931000
580	0.028000	-0.093000	0.931000
581	0.030000	-0.095000	0.930000
582	0.030000	-0.093000	0.931000
583	0.030000	-0.094000	0.933000
584	0.029000	-0.095000	0.933000
585	0.026000	-0.096000	0.933000
586	0.030000	-0.094000	0.934000
587	0.032000	-0.094000	0.931000
588	0.028000	-0.093000	0.936000
589	0.029000	-0.093000	0.931000
590	0.032000	-0.094000	0.934000
591	0.031000	-0.094000	0.933000
592	0.031000	-0.095000	0.931000
593	0.027000	-0.093000	0.934000
594	0.032000	-0.097000	0.928000
595	0.030000	-0.092000	0.931000
596	0.032000	-0.093000	0.934000
597	0.029000	-0.094000	0.933000
598	0.027000	-0.093000	0.931000
599	0.028000	-0.095000	0.929000
600	0.030000	-0.096000	0.929000
601	0.029000	-0.093000	0.929000
602	0.032000	-0.093000	0.931000
603	0.031000	-0.094000	0.931000
604	0.029000	-0.095000	0.933000
605	0.028000	-0.097000	0.933000
606	0.029000	-0.095000	0.931000
607	0.030000	-0.095000	0.931000
608	0.030000	-0.094000	0.932000
609	0.029000	-0.095000	0.932000
610	0.030000	-0.094000	0.934000
611	0.032000	-0.094000	0.933000
612	0.027000	-0.095000	0.933000
613	0.026000	-0.091000	0.934000
614	0.029000	-0.096000	0.932000
615	0.026000	-0.095000	0.934000
616	0.034000	-0.094000	0.928000
617	0.034000	-0.095000	0.929000
618	0.028000	-0.093000	0.931000
619	0.020000	-0.093000	0.939000
620	0.030000	-0.092000	0.930000
621	0.029000	-0.093000	0.933000
622	0.027000	-0.093000	0.934000
623	0.028000	-0.092000	0.933000
624	0.028000	-0.093000	0.934000
625	0.025000	-0.092000	0.935000
626	0.028000	-0.091000	0.933000
627	0.025000	-0.093000	0.937000
628	0.028000	-0.091000	0.934000
629	0.026000	-0.093000	0.940000
630	0.026000	-0.091000	0.938000
631	0.026000	-0.093000	0.938000
632	0.029000	-0.090000	0.936000
633	0.028000	-0.095000	0.936000
634	0.027000	-0.092000	0.933000
635	0.028000	-0.093000	0.934000
636	0.027000	-0.093000	0.932000
637	0.028000	-0.094000	0.936000
638	0.028000	-0.091000	0.932000
639	0.027000	-0.094000	0.934000
640	0.026000	-0.092000	0.934000
641	0.025000	-0.093000	0.936000
642	0.028000	-0.094000	0.933000
643	0.028000	-0.092000	0.933000
644	0.028000	-0.095000	0.935000
645	0.025000	-0.095000	0.933000
646	0.024000	-0.095000	0.939000
647	0.028000	-0.093000	0.934000
648	0.027000	-0.095000	0.937000
649	0.025000	-0.093000	0.934000
650	0.026000	-0.093000	0.937000
651	0.026000	-0.093000	0.936000
652	0.025000	-0.093000	0.938000
653	0.028000	-0.093000	0.938000
654	0.025000	-0.093000	0.940000
655	0.025000	-0.096000	0.934000
656	0.029000	-0.092000	0.933000
657	0.025000	-0.095000	0.936000
658	0.022000	-0.096000	0.936000
659	0.026000	-0.097000	0.939000
660	0.022000	-0.095000	0.944000
661	0.024000	-0.095000	0.940000
662	0.029000	-0.095000	0.940000
663	0.024000	-0.090000	0.940000
664	0.024000	-0.097000	0.938000
665	0.024000	-0.093000	0.937000
666	0.025000	-0.096000	0.937000
667	0.023000	-0.095000	0.940000
668	0.025000	-0.093000	0.936000
669	0.023000	-0.094000	0.937000
670	0.023000	-0.092000	0.933000
671	0.024000	-0.096000	0.936000
672	0.025000	-0.092000	0.936000
673	0.022000	-0.094000	0.940000
674	0.024000	-0.097000	0.937000
675	0.020000	-0.094000	0.938000
676	0.020000	-0.094000	0.939000
677	0.025000	-0.091000	0.941000
678	0.024000	-0.092000	0.937000
679	0.022000	-0.094000	0.942000
680	0.024000	-0.095000	0.939000
681	0.025000	-0.095000	0.939000
682	0.025000	-0.095000	0.938000
683	0.022000	-0.096000	0.939000
684	0.022000	-0.093000	0.941000
685	0.023000	-0.097000	0.937000
686	0.023000	-0.096000	0.938000
687	0.022000	-0.094000	0.940000
688	0.023000	-0.094000	0.940000
689	0.023000	-0.095000	0.936000
690	0.024000	-0.097000	0.936000
691	0.025000	-0.096000	0.933000
692	0.024000	-0.095000	0.939000
693	0.026000	-0.097000	0.936000
694	0.022000	-0.094000	0.936000
695	0.022000	-0.097000	0.933000
696	0.023000	-0.095000	0.941000
697	0.025000	-0.096000	0.933000
698	0.026000	-0.094000	0.934000
699	0.024000	-0.095000	0.933000
700	0.024000	-0.096000	0.933000
701	0.022000	-0.094000	0.937000
702	0.022000	-0.097000	0.934000
703	0.024000	-0.096000	0.934000
704	0.019000	-0.097000	0.941000
705	0.025000	-0.095000	0.944000
706	0.021000	-0.096000	0.947000
707	0.023000	-0.097000	0.943000
708	0.023000	-0.095000	0.928000
709	0.026000	-0.094000	0.926000
710	0.026000	-0.095000	0.933000
711	0.022000	-0.092000	0.943000
712	0.018000	-0.090000	0.894000
713	0.020000	-0.095000	0.909000
714	0.023000	-0.086000	0.886000
715	0.034000	-0.090000	1.012000
716	0.135000	-0.211000	1.066000
717	0.100000	-0.107000	1.362000
718	0.094000	-0.231000	1.262000
719	0.132000	-0.299000	1.040000
720	0.046000	-0.061000	1.028000
721	0.051000	-0.256000	1.206000
722	0.151000	-0.402000	1.218000
723	0.147000	-0.370000	1.478000
724	0.082000	-0.387000	1.356000
725	0.126000	-0.389000	1.369000
726	0.121000	-0.258000	1.445000
727	0.126000	-0.277000	1.349000
728	0.124000	-0.279000	1.320000
729	0.120000	-0.280000	1.294000
730	0.125000	-0.281000	1.278000
731	0.125000	-0.280000	1.263000
732	0.125000	-0.284000	1.258000
733	0.125000	-0.283000	1.258000
734	0.124000	-0.282000	1.253000
735	0.124000	-0.281000	1.255000
736	0.126000	-0.284000	1.176000
737	0.122000	-0.285000	1.252000
738	0.124000	-0.284000	1.240000
739	0.124000	-0.280000	1.261000
740	0.124000	-0.283000	1.268000
741	0.123000	-0.284000	1.264000
742	0.120000	-0.284000	1.255000
743	0.124000	-0.281000	1.255000
744	0.126000	-0.282000	1.253000
745	0.122000	-0.283000	1.258000
746	0.125000	-0.281000	1.256000
747	0.124000	-0.280000	1.258000
748	0.122000	-0.282000	1.262000
749	0.122000	-0.283000	1.255000
750	0.120000	-0.283000	1.250000
751	0.121000	-0.283000	1.254000
752	0.122000	-0.283000	1.260000
753	0.121000	-0.281000	1.254000
754	0.121000	-0.280000	1.254000
755	0.120000	-0.283000	1.256000
756	0.123000	-0.285000	1.254000
757	0.121000	-0.281000	1.250000
758	0.121000	-0.281000	1.253000
759	0.121000	-0.284000	1.256000
760	0.119000	-0.283000	1.254000
761	0.122000	-0.281000	1.255000
762	0.121000	-0.283000	1.255000
763	0.122000	-0.282000	1.255000
764	0.119000	-0.282000	1.252000
765	0.120000	-0.282000	1.255000
766	0.119000	-0.282000	1.256000
767	0.124000	-0.283000	1.255000
768	0.120000	-0.282000	1.250000
769	0.120000	-0.279000	1.252000
770	0.121000	-0.283000	1.250000
771	0.119000	-0.283000	1.256000
772	0.121000	-0.281000	1.252000
773	0.121000	-0.280000	1.251000
774	0.121000	-0.279000	1.250000
775	0.120000	-0.280000	1.254000
776	0.121000	-0.281000	1.255000
777	0.119000	-0.281000	1.251000
778	0.120000	-0.282000	1.250000
779	0.120000	-0.281000	1.254000
780	0.120000	-0.279000	1.255000
781	0.118000	-0.279000	1.252000
782	0.120000	-0.281000	1.252000
783	0.120000	-0.283000	1.252000
784	0.121000	-0.280000	1.253000
785	0.120000	-0.280000	1.251000
786	0.120000	-0.279000	1.256000
787	0.120000	-0.277000	1.256000
788	0.117000	-0.280000	1.253000
789	0.120000	-0.279000	1.253000
790	0.119000	-0.281000	1.254000
791	0.119000	-0.279000	1.255000
792	0.121000	-0.281000	1.252000
793	0.116000	-0.278000	1.256000
794	0.118000	-0.279000	1.252000
795	0.117000	-0.282000	1.254000
796	0.121000	-0.280000	1.251000
797	0.114000	-0.277000	1.259000
798	0.121000	-0.280000	1.250000
799	0.116000	-0.282000	1.251000
800	0.121000	-0.281000	1.251000
801	0.117000	-0.280000	1.254000
802	0.118000	-0.279000	1.250000
803	0.122000	-0.277000	1.248000
804	0.126000	-0.280000	1.250000
805	0.120000	-0.280000	1.249000
806	0.118000	-0.281000	1.252000
807	0.116000	-0.280000	1.250000
808	0.116000	-0.280000	1.251000
809	0.120000	-0.278000	1.248000
810	0.120000	-0.280000	1.250000
811	0.117000	-0.278000	1.254000
812	0.116000	-0.278000	1.255000
813	0.117000	-0.280000	1.250000
814	0.114000	-0.279000	1.249000
815	0.117000	-0.278000	1.250000
816	0.118000	-0.279000	1.250000
817	0.119000	-0.278000	1.250000
818	0.120000	-0.280000	1.250000
819	0.114000	-0.279000	1.257000
820	0.115000	-0.277000	1.248000
821	0.118000	-0.277000	1.246000
822	0.117000	-0.280000	1.248000
823	0.115000	-0.280000	1.252000
824	0.117000	-0.279000	1.248000
825	0.116000	-0.277000	1.250000
826	0.118000	-0.277000	1.249000
827	0.118000	-0.275000	1.252000
828	0.119000	-0.278000	1.246000
829	0.119000	-0.278000	1.248000
830	0.118000	-0.278000	1.247000
831	0.120000	-0.277000	1.250000
832	0.116000	-0.277000	1.247000
833	0.118000	-0.277000	1.246000
834	0.118000	-0.276000	1.250000
835	0.115000	-0.277000	1.251000
836	0.117000	-0.279000	1.248000
837	0.119000	-0.276000	1.243000
838	0.118000	-0.279000	1.245000
839	0.119000	-0.277000	1.248000
840	0.114000	-0.276000	1.249000
841	0.114000	-0.273000	1.246000
842	0.117000	-0.277000	1.244000
843	0.115000	-0.276000	1.245000
844	0.118000	-0.276000	1.242000
845	0.114000	-0.278000	1.244000
846	0.115000	-0.276000	1.241000
847	0.116000	-0.274000	1.244000
848	0.114000	-0.273000	1.241000
849	0.115000	-0.277000	1.244000
850	0.117000	-0.274000	1.246000
851	0.119000	-0.275000	1.244000
852	0.116000	-0.275000	1.244000
853	0.113000	-0.275000	1.249000
854	0.115000	-0.277000	1.244000
855	0.119000	-0.275000	1.242000
856	0.117000	-0.272000	1.238000
857	0.111000	-0.277000	1.250000
858	0.113000	-0.277000	1.246000
859	0.117000	-0.274000	1.240000
860	0.116000	-0.276000	1.242000
861	0.113000	-0.276000	1.247000
862	0.119000	-0.278000	1.243000
863	0.115000	-0.274000	1.241000
864	0.113000	-0.277000	1.242000
865	0.118000	-0.279000	1.245000
866	0.116000	-0.276000	1.244000
867	0.115000	-0.279000	1.242000
868	0.116000	-0.279000	1.246000
869	0.116000	-0.278000	1.245000
870	0.113000	-0.275000	1.241000
871	0.117000	-0.277000	1.235000
872	0.116000	-0.279000	1.241000
873	0.115000	-0.277000	1.241000
874	0.115000	-0.273000	1.246000
875	0.113000	-0.275000	1.244000
876	0.116000	-0.277000	1.240000
877	0.115000	-0.275000	1.248000
878	0.116000	-0.276000	1.238000
879	0.113000	-0.276000	1.240000
880	0.116000	-0.276000	1.242000
881	0.113000	-0.276000	1.242000
882	0.113000	-0.275000	1.240000
883	0.116000	-0.275000	1.238000
884	0.115000	-0.276000	1.244000
885	0.113000	-0.274000	1.241000
886	0.113000	-0.273000	1.242000
887	0.113000	-0.274000	1.240000
888	0.114000	-0.273000	1.239000
889	0.113000	-0.277000	1.237000
890	0.116000	-0.275000	1.238000
891	0.113000	-0.276000	1.238000
892	0.111000	-0.276000	1.242000
893	0.113000	-0.274000	1.244000
894	0.113000	-0.276000	1.241000
895	0.117000	-0.275000	1.238000
896	0.118000	-0.273000	1.238000
897	0.113000	-0.272000	1.243000
898	0.111000	-0.273000	1.240000
899	0.113000	-0.272000	1.238000
900	0.113000	-0.271000	1.238000
901	0.110000	-0.272000	1.240000
902	0.111000	-0.274000	1.240000
903	0.115000	-0.276000	1.236000
904	0.113000	-0.274000	1.239000
905	0.111000	-0.276000	1.240000
906	0.113000	-0.273000	1.238000
907	0.111000	-0.273000	1.241000
908	0.114000	-0.272000	1.238000
909	0.113000	-0.272000	1.238000
910	0.113000	-0.273000	1.242000
911	0.112000	-0.274000	1.239000
912	0.110000	-0.271000	1.241000
913	0.112000	-0.275000	1.242000
914	0.111000	-0.273000	1.240000
915	0.112000	-0.273000	1.235000
916	0.112000	-0.271000	1.242000
917	0.113000	-0.271000	1.242000
918	0.114000	-0.269000	1.238000
919	0.113000	-0.271000	1.238000
920	0.110000	-0.272000	1.240000
921	0.110000	-0.270000	1.241000
922	0.113000	-0.271000	1.238000
923	0.110000	-0.271000	1.238000
924	0.112000	-0.270000	1.241000
925	0.112000	-0.271000	1.235000
926	0.110000	-0.271000	1.237000
927	0.111000	-0.269000	1.240000
928	0.110000	-0.270000	1.240000
929	0.111000	-0.273000	1.236000
930	0.111000	-0.272000	1.240000
931	0.111000	-0.271000	1.238000
932	0.112000	-0.270000	1.233000
933	0.111000	-0.270000	1.235000
934	0.112000	-0.269000	1.244000
935	0.113000	-0.270000	1.236000
936	0.111000	-0.270000	1.239000
937	0.112000	-0.269000	1.238000
938	0.111000	-0.268000	1.240000
939	0.112000	-0.268000	1.236000
940	0.111000	-0.269000	1.238000
941	0.111000	-0.268000	1.240000
942	0.113000	-0.268000	1.243000
943	0.112000	-0.269000	1.231000
944	0.110000	-0.270000	1.229000
945	0.110000	-0.271000	1.236000
946	0.112000	-0.272000	1.240000
947	0.113000	-0.272000	1.234000
948	0.112000	-0.272000	1.234000
949	0.112000	-0.269000	1.235000
950	0.110000	-0.271000	1.237000
951	0.112000	-0.271000	1.238000
952	0.112000	-0.270000	1.238000
953	0.111000	-0.272000	1.240000
954	0.111000	-0.271000	1.237000
955	0.112000	-0.270000	1.235000
956	0.112000	-0.271000	1.234000
957	0.110000	-0.273000	1.239000
958	0.113000	-0.272000	1.236000
959	0.115000	-0.271000	1.234000
960	0.113000	-0.271000	1.235000
961	0.109000	-0.274000	1.235000
962	0.112000	-0.272000	1.236000
963	0.113000	-0.273000	1.234000
964	0.111000	-0.272000	1.232000
965	0.112000	-0.273000	1.237000
966	0.113000	-0.272000	1.234000
967	0.108000	-0.272000	1.230000
968	0.115000	-0.271000	1.231000
969	0.113000	-0.269000	1.238000
970	0.115000	-0.272000	1.234000
971	0.115000	-0.272000	1.234000
972	0.105000	-0.270000	1.242000
973	0.110000	-0.271000	1.234000
974	0.112000	-0.271000	1.233000
975	0.112000	-0.270000	1.232000
976	0.108000	-0.269000	1.244000
977	0.110000	-0.268000	1.238000
978	0.114000	-0.269000	1.234000
979	0.114000	-0.268000	1.236000
980	0.114000	-0.269000	1.236000
981	0.112000	-0.271000	1.234000
982	0.111000	-0.269000	1.234000
983	0.111000	-0.271000	1.234000
984	0.113000	-0.270000	1.240000
985	0.114000	-0.270000	1.235000
986	0.110000	-0.270000	1.232000
987	0.110000	-0.270000	1.235000
988	0.111000	-0.272000	1.240000
989	0.112000	-0.271000	1.236000
990	0.112000	-0.271000	1.234000
991	0.110000	-0.271000	1.236000
992	0.112000	-0.270000	1.234000
993	0.110000	-0.269000	1.238000
994	0.111000	-0.270000	1.232000
995	0.111000	-0.273000	1.230000
996	0.112000	-0.276000	1.236000
997	0.109000	-0.275000	1.234000
998	0.108000	-0.277000	1.226000
999	0.107000	-0.277000	1.232000
1000	0.109000	-0.278000	1.229000
1001	0.107000	-0.279000	1.232000
1002	0.108000	-0.277000	1.228000
1003	0.108000	-0.275000	1.232000
1004	0.110000	-0.274000	1.237000
1005	0.108000	-0.273000	1.231000
1006	0.107000	-0.275000	1.226000
1007	0.108000	-0.277000	1.229000
1008	0.106000	-0.277000	1.230000
1009	0.109000	-0.279000	1.228000
1010	0.108000	-0.281000	1.230000
1011	0.106000	-0.282000	1.228000
1012	0.109000	-0.283000	1.228000
1013	0.112000	-0.283000	1.226000
1014	0.111000	-0.279000	1.228000
1015	0.111000	-0.281000	1.228000
1016	0.111000	-0.281000	1.228000
1017	0.112000	-0.282000	1.224000
1018	0.109000	-0.282000	1.226000
1019	0.111000	-0.282000	1.228000
1020	0.111000	-0.282000	1.231000
1021	0.111000	-0.281000	1.223000
1022	0.110000	-0.282000	1.228000
1023	0.109000	-0.279000	1.231000
1024	0.110000	-0.278000	1.230000
1025	0.110000	-0.277000	1.232000
1026	0.111000	-0.281000	1.232000
1027	0.110000	-0.281000	1.228000
1028	0.112000	-0.278000	1.230000
1029	0.110000	-0.279000	1.231000
1030	0.110000	-0.276000	1.232000
1031	0.111000	-0.277000	1.229000
1032	0.111000	-0.276000	1.231000
1033	0.110000	-0.274000	1.228000
1034	0.111000	-0.273000	1.229000
1035	0.111000	-0.279000	1.232000
1036	0.111000	-0.275000	1.235000
1037	0.112000	-0.275000	1.233000
1038	0.112000	-0.274000	1.230000
1039	0.109000	-0.272000	1.230000
1040	0.111000	-0.273000	1.230000
1041	0.106000	-0.276000	1.234000
1042	0.108000	-0.276000	1.230000
1043	0.113000	-0.275000	1.234000
1044	0.109000	-0.274000	1.231000
1045	0.110000	-0.274000	1.232000
1046	0.114000	-0.275000	1.226000
1047	0.107000	-0.274000	1.230000
1048	0.113000	-0.273000	1.228000
1049	0.113000	-0.273000	1.229000
1050	0.112000	-0.275000	1.229000
1051	0.114000	-0.274000	1.238000
1052	0.110000	-0.272000	1.237000
1053	0.104000	-0.272000	1.232000
1054	0.108000	-0.272000	1.234000
1055	0.115000	-0.273000	1.205000
1056	0.112000	-0.276000	1.216000
1057	0.111000	-0.277000	1.224000
1058	0.110000	-0.275000	1.223000
1059	0.108000	-0.274000	1.232000
1060	0.113000	-0.274000	1.228000
1061	0.111000	-0.271000	1.222000
1062	0.108000	-0.273000	1.222000
1063	0.108000	-0.274000	1.278000
1064	0.111000	-0.275000	1.304000
1065	0.116000	-0.339000	1.349000
1066	0.132000	-0.395000	1.443000
1067	0.122000	-0.322000	1.381000
1068	0.134000	-0.326000	1.347000
1069	0.201000	-0.670000	1.609000
1070	0.258000	-0.655000	1.852000
1071	0.296000	-0.811000	2.049000
1072	0.294000	-0.766000	1.974000
1073	0.304000	-0.742000	1.945000
1074	0.308000	-0.757000	2.030000
1075	0.333000	-0.851000	2.202000
1076	0.307000	-0.842000	2.102000
1077	0.208000	-0.430000	1.527000
1078	0.198000	-0.443000	1.532000
1079	0.196000	-0.452000	1.518000
1080	0.197000	-0.453000	1.516000
1081	0.196000	-0.456000	1.527000
1082	0.205000	-0.451000	1.534000
1083	0.205000	-0.452000	1.534000
1084	0.199000	-0.454000	1.539000
1085	0.200000	-0.455000	1.542000
1086	0.200000	-0.456000	1.547000
1087	0.201000	-0.454000	1.550000
1088	0.198000	-0.452000	1.544000
1089	0.200000	-0.452000	1.549000
1090	0.203000	-0.453000	1.548000
1091	0.201000	-0.451000	1.548000
1092	0.198000	-0.450000	1.544000
1093	0.200000	-0.453000	1.546000
1094	0.200000	-0.450000	1.547000
1095	0.200000	-0.453000	1.550000
1096	0.198000	-0.451000	1.547000
1097	0.200000	-0.454000	1.545000
1098	0.202000	-0.452000	1.550000
1099	0.199000	-0.454000	1.548000
1100	0.202000	-0.452000	1.543000
1101	0.202000	-0.455000	1.548000
1102	0.203000	-0.456000	1.546000
1103	0.200000	-0.453000	1.546000
1104	0.201000	-0.455000	1.544000
1105	0.201000	-0.452000	1.543000
1106	0.202000	-0.454000	1.544000
1107	0.201000	-0.453000	1.545000
1108	0.202000	-0.451000	1.543000
1109	0.202000	-0.452000	1.546000
1110	0.202000	-0.453000	1.544000
1111	0.203000	-0.451000	1.546000
1112	0.201000	-0.454000	1.544000
1113	0.201000	-0.451000	1.548000
1114	0.200000	-0.452000	1.547000
1115	0.202000	-0.450000	1.544000
1116	0.200000	-0.452000	1.547000
1117	0.201000	-0.452000	1.548000
1118	0.200000	-0.452000	1.548000
1119	0.201000	-0.450000	1.541000
1120	0.200000	-0.452000	1.546000
1121	0.200000	-0.452000	1.541000
1122	0.200000	-0.451000	1.541000
1123	0.200000	-0.450000	1.544000
1124	0.202000	-0.451000	1.542000
1125	0.200000	-0.449000	1.543000
1126	0.200000	-0.450000	1.544000
1127	0.199000	-0.450000	1.543000
1128	0.200000	-0.449000	1.542000
1129	0.199000	-0.449000	1.543000
1130	0.196000	-0.448000	1.544000
1131	0.198000	-0.450000	1.541000
1132	0.199000	-0.446000	1.542000
1133	0.200000	-0.448000	1.543000
1134	0.200000	-0.447000	1.542000
1135	0.201000	-0.449000	1.540000
1136	0.199000	-0.449000	1.540000
1137	0.199000	-0.451000	1.542000
1138	0.198000	-0.448000	1.541000
1139	0.200000	-0.451000	1.539000
1140	0.200000	-0.450000	1.538000
1141	0.199000	-0.449000	1.538000
1142	0.200000	-0.450000	1.538000
1143	0.203000	-0.451000	1.539000
1144	0.200000	-0.451000	1.540000
1145	0.199000	-0.449000	1.535000
1146	0.201000	-0.451000	1.541000
1147	0.200000	-0.450000	1.538000
1148	0.199000	-0.449000	1.540000
1149	0.198000	-0.447000	1.537000
1150	0.198000	-0.450000	1.534000
1151	0.200000	-0.448000	1.538000
1152	0.198000	-0.448000	1.542000
1153	0.201000	-0.448000	1.539000
1154	0.195000	-0.449000	1.535000
1155	0.198000	-0.448000	1.536000
1156	0.198000	-0.450000	1.537000
1157	0.199000	-0.450000	1.536000
1158	0.199000	-0.451000	1.536000
1159	0.195000	-0.453000	1.536000
1160	0.197000	-0.451000	1.534000
1161	0.199000	-0.454000	1.535000
1162	0.191000	-0.451000	1.541000
1163	0.192000	-0.454000	1.537000
1164	0.196000	-0.452000	1.531000
1165	0.195000	-0.452000	1.539000
1166	0.199000	-0.452000	1.532000
1167	0.201000	-0.451000	1.534000
1168	0.200000	-0.451000	1.531000
1169	0.201000	-0.449000	1.532000
1170	0.204000	-0.447000	1.534000
1171	0.196000	-0.449000	1.536000
1172	0.202000	-0.449000	1.535000
1173	0.196000	-0.448000	1.539000
1174	0.199000	-0.450000	1.535000
1175	0.191000	-0.450000	1.537000
1176	0.197000	-0.447000	1.531000
1177	0.196000	-0.450000	1.536000
1178	0.195000	-0.447000	1.538000
1179	0.194000	-0.449000	1.537000
1180	0.197000	-0.447000	1.538000
1181	0.198000	-0.448000	1.536000
1182	0.196000	-0.448000	1.534000
1183	0.198000	-0.447000	1.536000
1184	0.196000	-0.447000	1.535000
1185	0.198000	-0.447000	1.534000
1186	0.199000	-0.447000	1.531000
1187	0.196000	-0.447000	1.536000
1188	0.200000	-0.447000	1.541000
1189	0.197000	-0.446000	1.534000
1190	0.196000	-0.446000	1.536000
1191	0.197000	-0.446000	1.535000
1192	0.197000	-0.446000	1.536000
1193	0.196000	-0.447000	1.532000
1194	0.196000	-0.447000	1.535000
1195	0.197000	-0.448000	1.540000
1196	0.195000	-0.447000	1.534000
1197	0.193000	-0.445000	1.536000
1198	0.198000	-0.448000	1.532000
1199	0.196000	-0.447000	1.535000
1200	0.192000	-0.445000	1.538000
1201	0.197000	-0.447000	1.540000
1202	0.194000	-0.445000	1.536000
1203	0.199000	-0.446000	1.530000
1204	0.199000	-0.446000	1.535000
1205	0.195000	-0.445000	1.534000
1206	0.196000	-0.450000	1.530000
1207	0.200000	-0.443000	1.535000
1208	0.198000	-0.444000	1.538000
1209	0.194000	-0.446000	1.538000
1210	0.196000	-0.446000	1.534000
1211	0.199000	-0.444000	1.536000
1212	0.197000	-0.448000	1.535000
1213	0.198000	-0.446000	1.533000
1214	0.201000	-0.446000	1.533000
1215	0.198000	-0.445000	1.534000
1216	0.198000	-0.447000	1.532000
1217	0.194000	-0.446000	1.532000
1218	0.195000	-0.445000	1.534000
1219	0.195000	-0.445000	1.533000
1220	0.195000	-0.445000	1.534000
1221	0.193000	-0.444000	1.531000
1222	0.191000	-0.447000	1.535000
1223	0.192000	-0.446000	1.533000
1224	0.192000	-0.445000	1.535000
1225	0.192000	-0.447000	1.533000
1226	0.192000	-0.446000	1.532000
1227	0.192000	-0.448000	1.529000
1228	0.192000	-0.449000	1.529000
1229	0.193000	-0.445000	1.530000
1230	0.194000	-0.445000	1.534000
1231	0.190000	-0.448000	1.530000
1232	0.191000	-0.448000	1.530000
1233	0.193000	-0.447000	1.527000
1234	0.193000	-0.449000	1.528000
1235	0.192000	-0.448000	1.532000
1236	0.193000	-0.450000	1.533000
1237	0.190000	-0.450000	1.531000
1238	0.192000	-0.447000	1.528000
1239	0.195000	-0.447000	1.531000
1240	0.192000	-0.449000	1.530000
1241	0.193000	-0.448000	1.531000
1242	0.192000	-0.446000	1.527000
1243	0.190000	-0.448000	1.529000
1244	0.191000	-0.446000	1.530000
1245	0.192000	-0.449000	1.533000
1246	0.193000	-0.447000	1.531000
1247	0.193000	-0.446000	1.530000
1248	0.192000	-0.447000	1.527000
1249	0.195000	-0.449000	1.527000
1250	0.192000	-0.447000	1.529000
1251	0.191000	-0.449000	1.529000
1252	0.194000	-0.447000	1.530000
1253	0.192000	-0.444000	1.529000
1254	0.192000	-0.448000	1.532000
1255	0.193000	-0.447000	1.528000
1256	0.192000	-0.444000	1.528000
1257	0.194000	-0.447000	1.528000
1258	0.195000	-0.446000	1.528000
1259	0.195000	-0.444000	1.532000
1260	0.192000	-0.446000	1.529000
1261	0.193000	-0.445000	1.528000
1262	0.196000	-0.446000	1.526000
1263	0.195000	-0.448000	1.526000
1264	0.197000	-0.447000	1.528000
1265	0.195000	-0.444000	1.530000
1266	0.194000	-0.446000	1.526000
1267	0.196000	-0.445000	1.534000
1268	0.195000	-0.443000	1.528000
1269	0.196000	-0.446000	1.544000
1270	0.194000	-0.447000	1.527000
1271	0.198000	-0.443000	1.538000
1272	0.194000	-0.445000	1.526000
1273	0.195000	-0.446000	1.530000
1274	0.196000	-0.445000	1.525000
1275	0.196000	-0.445000	1.530000
1276	0.196000	-0.445000	1.523000
1277	0.195000	-0.446000	1.528000
1278	0.196000	-0.446000	1.529000
1279	0.195000	-0.445000	1.529000
1280	0.194000	-0.445000	1.530000
1281	0.198000	-0.446000	1.528000
1282	0.199000	-0.443000	1.529000
1283	0.195000	-0.445000	1.528000
1284	0.194000	-0.443000	1.526000
1285	0.196000	-0.442000	1.528000
1286	0.195000	-0.442000	1.527000
1287	0.194000	-0.444000	1.534000
1288	0.194000	-0.443000	1.528000
1289	0.195000	-0.442000	1.529000
1290	0.194000	-0.443000	1.530000
1291	0.194000	-0.444000	1.528000
1292	0.194000	-0.444000	1.524000
1293	0.194000	-0.439000	1.529000
1294	0.194000	-0.442000	1.529000
1295	0.196000	-0.441000	1.530000
1296	0.194000	-0.444000	1.531000
1297	0.196000	-0.442000	1.524000
1298	0.195000	-0.441000	1.526000
1299	0.194000	-0.442000	1.527000
1300	0.196000	-0.443000	1.528000
1301	0.194000	-0.443000	1.527000
1302	0.193000	-0.439000	1.529000
1303	0.195000	-0.441000	1.528000
1304	0.195000	-0.445000	1.522000
1305	0.195000	-0.443000	1.528000
1306	0.198000	-0.443000	1.524000
1307	0.193000	-0.442000	1.529000
1308	0.195000	-0.440000	1.525000
1309	0.195000	-0.442000	1.527000
1310	0.194000	-0.445000	1.525000
1311	0.194000	-0.443000	1.526000
1312	0.194000	-0.443000	1.526000
1313	0.195000	-0.440000	1.527000
1314	0.194000	-0.442000	1.530000
1315	0.196000	-0.441000	1.522000
1316	0.194000	-0.443000	1.525000
1317	0.195000	-0.442000	1.526000
1318	0.194000	-0.438000	1.525000
1319	0.195000	-0.443000	1.525000
1320	0.195000	-0.443000	1.521000
1321	0.194000	-0.443000	1.524000
1322	0.195000	-0.442000	1.527000
1323	0.195000	-0.442000	1.526000
1324	0.194000	-0.444000	1.526000
1325	0.194000	-0.443000	1.526000
1326	0.196000	-0.439000	1.525000
1327	0.195000	-0.441000	1.526000
1328	0.195000	-0.441000	1.528000
1329	0.193000	-0.443000	1.524000
1330	0.195000	-0.444000	1.527000
1331	0.196000	-0.442000	1.526000
1332	0.195000	-0.440000	1.531000
1333	0.194000	-0.440000	1.529000
1334	0.195000	-0.441000	1.526000
1335	0.193000	-0.441000	1.528000
1336	0.193000	-0.442000	1.527000
1337	0.193000	-0.443000	1.525000
1338	0.192000	-0.442000	1.529000
1339	0.194000	-0.444000	1.530000
1340	0.194000	-0.442000	1.526000
1341	0.192000	-0.443000	1.523000
1342	0.192000	-0.441000	1.528000
1343	0.193000	-0.442000	1.528000
1344	0.193000	-0.443000	1.526000
1345	0.192000	-0.442000	1.530000
1346	0.195000	-0.440000	1.529000
1347	0.195000	-0.440000	1.525000
1348	0.193000	-0.438000	1.528000
1349	0.193000	-0.440000	1.527000
1350	0.194000	-0.439000	1.524000
1351	0.195000	-0.441000	1.527000
1352	0.194000	-0.442000	1.526000
1353	0.191000	-0.443000	1.528000
1354	0.195000	-0.442000	1.526000
1355	0.195000	-0.439000	1.527000
1356	0.196000	-0.438000	1.530000
1357	0.195000	-0.440000	1.529000
1358	0.195000	-0.441000	1.529000
1359	0.193000	-0.442000	1.529000
1360	0.195000	-0.440000	1.528000
1361	0.195000	-0.442000	1.526000
1362	0.195000	-0.439000	1.526000
1363	0.196000	-0.441000	1.525000
1364	0.197000	-0.437000	1.524000
1365	0.196000	-0.436000	1.525000
1366	0.193000	-0.439000	1.527000
1367	0.195000	-0.439000	1.524000
1368	0.193000	-0.440000	1.528000
1369	0.198000	-0.439000	1.521000
1370	0.193000	-0.437000	1.527000
1371	0.200000	-0.437000	1.523000
1372	0.194000	-0.438000	1.523000
1373	0.198000	-0.440000	1.525000
1374	0.194000	-0.439000	1.523000
1375	0.196000	-0.441000	1.525000
1376	0.192000	-0.443000	1.526000
1377	0.194000	-0.442000	1.528000
1378	0.198000	-0.442000	1.522000
1379	0.192000	-0.441000	1.522000
1380	0.194000	-0.441000	1.521000
1381	0.190000	-0.441000	1.528000
1382	0.192000	-0.443000	1.523000
1383	0.191000	-0.439000	1.527000
1384	0.191000	-0.441000	1.524000
1385	0.194000	-0.442000	1.523000
1386	0.194000	-0.441000	1.524000
1387	0.194000	-0.443000	1.526000
1388	0.193000	-0.442000	1.526000
1389	0.192000	-0.441000	1.524000
1390	0.189000	-0.442000	1.524000
1391	0.192000	-0.443000	1.524000
1392	0.195000	-0.443000	1.519000
1393	0.193000	-0.443000	1.522000
1394	0.190000	-0.441000	1.524000
1395	0.191000	-0.441000	1.521000
1396	0.190000	-0.442000	1.523000
1397	0.189000	-0.444000	1.520000
1398	0.193000	-0.444000	1.513000
1399	0.192000	-0.443000	1.519000
1400	0.189000	-0.443000	1.516000
1401	0.193000	-0.441000	1.523000
1402	0.189000	-0.443000	1.516000
1403	0.190000	-0.444000	1.520000
1404	0.193000	-0.443000	1.517000
1405	0.190000	-0.445000	1.520000
1406	0.192000	-0.449000	1.539000
1407	0.189000	-0.447000	1.550000
1408	0.190000	-0.445000	1.535000
1409	0.192000	-0.445000	1.510000
1410	0.190000	-0.444000	1.509000
1411	0.193000	-0.445000	1.520000
1412	0.180000	-0.360000	1.342000
1413	0.194000	-0.427000	1.423000
1414	0.195000	-0.435000	1.477000
1415	0.210000	-0.435000	1.475000
1416	0.250000	-0.512000	1.856000
1417	0.394000	-0.653000	1.946000
1418	0.481000	-0.764000	2.185000
1419	0.483000	-0.805000	2.241000
1420	0.470000	-0.860000	2.311000
1421	0.474000	-0.852000	2.286000
1422	0.534000	-0.909000	2.372000
1423	0.501000	-0.843000	2.145000
1424	0.503000	-0.804000	2.246000
1425	0.541000	-0.897000	2.353000
1426	0.622000	-0.987000	2.510000
1427	0.527000	-0.889000	2.428000
1428	0.512000	-0.999000	2.387000
1429	0.518000	-0.921000	2.336000
1430	0.482000	-1.017000	2.496000
1431	0.406000	-0.920000	2.366000
1432	0.246000	-0.410000	1.564000
1433	0.279000	-0.615000	1.701000
1434	0.275000	-0.621000	1.763000
1435	0.272000	-0.624000	1.790000
1436	0.272000	-0.629000	1.810000
1437	0.273000	-0.623000	1.820000
1438	0.274000	-0.624000	1.831000
1439	0.277000	-0.623000	1.826000
1440	0.278000	-0.622000	1.829000
1441	0.273000	-0.624000	1.830000
1442	0.272000	-0.623000	1.827000
1443	0.273000	-0.623000	1.823000
1444	0.274000	-0.624000	1.825000
1445	0.274000	-0.623000	1.827000
1446	0.272000	-0.622000	1.823000
1447	0.279000	-0.621000	1.821000
1448	0.276000	-0.623000	1.827000
1449	0.277000	-0.624000	1.825000
1450	0.277000	-0.624000	1.830000
1451	0.278000	-0.620000	1.825000
1452	0.275000	-0.624000	1.832000
1453	0.274000	-0.619000	1.829000
1454	0.276000	-0.623000	1.830000
1455	0.275000	-0.619000	1.829000
1456	0.275000	-0.623000	1.829000
1457	0.274000	-0.621000	1.826000
1458	0.277000	-0.621000	1.827000
1459	0.278000	-0.623000	1.828000
1460	0.279000	-0.620000	1.820000
1461	0.274000	-0.621000	1.827000
1462	0.282000	-0.620000	1.821000
1463	0.278000	-0.622000	1.824000
1464	0.274000	-0.623000	1.826000
1465	0.279000	-0.621000	1.825000
1466	0.275000	-0.619000	1.830000
1467	0.273000	-0.617000	1.834000
1468	0.273000	-0.620000	1.832000
1469	0.275000	-0.618000	1.830000
1470	0.277000	-0.617000	1.826000
1471	0.273000	-0.618000	1.828000
1472	0.271000	-0.616000	1.832000
1473	0.276000	-0.617000	1.831000
1474	0.275000	-0.618000	1.828000
1475	0.274000	-0.619000	1.826000
1476	0.274000	-0.617000	1.829000
1477	0.275000	-0.621000	1.825000
1478	0.273000	-0.617000	1.826000
1479	0.277000	-0.619000	1.826000
1480	0.275000	-0.619000	1.829000
1481	0.277000	-0.617000	1.828000
1482	0.275000	-0.620000	1.827000
1483	0.275000	-0.615000	1.827000
1484	0.280000	-0.620000	1.825000
1485	0.278000	-0.617000	1.824000
1486	0.278000	-0.620000	1.828000
1487	0.277000	-0.618000	1.829000
1488	0.277000	-0.618000	1.829000
1489	0.279000	-0.618000	1.828000
1490	0.281000	-0.619000	1.825000
1491	0.278000	-0.620000	1.823000
1492	0.277000	-0.617000	1.829000
1493	0.278000	-0.617000	1.829000
1494	0.277000	-0.617000	1.828000
1495	0.279000	-0.619000	1.824000
1496	0.277000	-0.617000	1.828000
1497	0.277000	-0.619000	1.825000
1498	0.278000	-0.617000	1.824000
1499	0.277000	-0.619000	1.824000
1500	0.276000	-0.618000	1.823000
1501	0.277000	-0.620000	1.826000
1502	0.275000	-0.618000	1.826000
1503	0.277000	-0.620000	1.827000
1504	0.277000	-0.615000	1.821000
1505	0.277000	-0.618000	1.822000
1506	0.275000	-0.617000	1.820000
1507	0.277000	-0.619000	1.821000
1508	0.277000	-0.618000	1.821000
1509	0.275000	-0.617000	1.821000
1510	0.275000	-0.617000	1.821000
1511	0.274000	-0.618000	1.823000
1512	0.271000	-0.618000	1.819000
1513	0.273000	-0.620000	1.818000
1514	0.275000	-0.619000	1.815000
1515	0.273000	-0.621000	1.819000
1516	0.274000	-0.617000	1.819000
1517	0.273000	-0.620000	1.813000
1518	0.273000	-0.622000	1.819000
1519	0.273000	-0.620000	1.817000
1520	0.274000	-0.624000	1.817000
1521	0.274000	-0.622000	1.819000
1522	0.273000	-0.624000	1.815000
1523	0.273000	-0.622000	1.816000
1524	0.275000	-0.626000	1.812000
1525	0.273000	-0.621000	1.820000
1526	0.271000	-0.624000	1.820000
1527	0.273000	-0.623000	1.817000
1528	0.272000	-0.623000	1.816000
1529	0.274000	-0.624000	1.815000
1530	0.271000	-0.622000	1.817000
1531	0.273000	-0.624000	1.816000
1532	0.273000	-0.621000	1.817000
1533	0.270000	-0.623000	1.819000
1534	0.272000	-0.622000	1.818000
1535	0.270000	-0.620000	1.817000
1536	0.271000	-0.619000	1.813000
1537	0.270000	-0.623000	1.816000
1538	0.271000	-0.621000	1.818000
1539	0.271000	-0.620000	1.819000
1540	0.271000	-0.623000	1.819000
1541	0.269000	-0.620000	1.816000
1542	0.268000	-0.626000	1.817000
1543	0.268000	-0.620000	1.816000
1544	0.269000	-0.622000	1.820000
1545	0.270000	-0.620000	1.819000
1546	0.271000	-0.619000	1.818000
1547	0.272000	-0.620000	1.817000
1548	0.272000	-0.616000	1.817000
1549	0.272000	-0.618000	1.817000
1550	0.272000	-0.621000	1.818000
1551	0.273000	-0.619000	1.816000
1552	0.270000	-0.620000	1.816000
1553	0.271000	-0.618000	1.814000
1554	0.271000	-0.619000	1.816000
1555	0.267000	-0.619000	1.816000
1556	0.273000	-0.619000	1.812000
1557	0.270000	-0.619000	1.816000
1558	0.273000	-0.620000	1.810000
1559	0.269000	-0.620000	1.815000
1560	0.269000	-0.621000	1.815000
1561	0.272000	-0.620000	1.812000
1562	0.270000	-0.618000	1.815000
1563	0.273000	-0.618000	1.813000
1564	0.272000	-0.618000	1.817000
1565	0.272000	-0.618000	1.815000
1566	0.274000	-0.617000	1.816000
1567	0.272000	-0.618000	1.816000
1568	0.271000	-0.616000	1.816000
1569	0.274000	-0.618000	1.816000
1570	0.273000	-0.617000	1.816000
1571	0.271000	-0.615000	1.815000
1572	0.274000	-0.617000	1.814000
1573	0.269000	-0.615000	1.813000
1574	0.273000	-0.617000	1.812000
1575	0.273000	-0.618000	1.815000
1576	0.272000	-0.618000	1.818000
1577	0.276000	-0.617000	1.811000
1578	0.275000	-0.617000	1.816000
1579	0.269000	-0.618000	1.816000
1580	0.272000	-0.617000	1.815000
1581	0.272000	-0.615000	1.814000
1582	0.269000	-0.618000	1.817000
1583	0.269000	-0.616000	1.817000
1584	0.271000	-0.617000	1.813000
1585	0.274000	-0.617000	1.812000
1586	0.273000	-0.617000	1.813000
1587	0.273000	-0.620000	1.812000
1588	0.268000	-0.619000	1.814000
1589	0.269000	-0.618000	1.810000
1590	0.268000	-0.620000	1.818000
1591	0.273000	-0.619000	1.813000
1592	0.270000	-0.616000	1.812000
1593	0.272000	-0.619000	1.814000
1594	0.272000	-0.618000	1.815000
1595	0.269000	-0.616000	1.812000
1596	0.273000	-0.619000	1.812000
1597	0.270000	-0.617000	1.813000
1598	0.268000	-0.619000	1.815000
1599	0.269000	-0.619000	1.815000
1600	0.269000	-0.615000	1.813000
1601	0.270000	-0.616000	1.816000
1602	0.270000	-0.615000	1.813000
1603	0.269000	-0.617000	1.818000
1604	0.272000	-0.618000	1.812000
1605	0.270000	-0.618000	1.813000
1606	0.271000	-0.617000	1.815000
1607	0.267000	-0.615000	1.813000
1608	0.268000	-0.620000	1.813000
1609	0.265000	-0.616000	1.815000
1610	0.266000	-0.616000	1.819000
1611	0.265000	-0.618000	1.814000
1612	0.265000	-0.617000	1.814000
1613	0.265000	-0.616000	1.810000
1614	0.265000	-0.620000	1.814000
1615	0.271000	-0.615000	1.810000
1616	0.267000	-0.618000	1.810000
1617	0.267000	-0.618000	1.812000
1618	0.268000	-0.616000	1.815000
1619	0.272000	-0.620000	1.812000
1620	0.271000	-0.619000	1.808000
1621	0.270000	-0.618000	1.814000
1622	0.270000	-0.619000	1.810000
1623	0.267000	-0.618000	1.813000
1624	0.269000	-0.618000	1.812000
1625	0.272000	-0.616000	1.812000
1626	0.269000	-0.616000	1.812000
1627	0.270000	-0.617000	1.808000
1628	0.268000	-0.618000	1.811000
1629	0.267000	-0.612000	1.812000
1630	0.268000	-0.616000	1.810000
1631	0.259000	-0.618000	1.818000
1632	0.264000	-0.615000	1.818000
1633	0.263000	-0.613000	1.812000
1634	0.268000	-0.612000	1.808000
1635	0.270000	-0.616000	1.809000
1636	0.261000	-0.615000	1.820000
1637	0.260000	-0.615000	1.815000
1638	0.273000	-0.617000	1.809000
1639	0.271000	-0.616000	1.810000
1640	0.265000	-0.616000	1.814000
1641	0.272000	-0.616000	1.809000
1642	0.267000	-0.616000	1.812000
1643	0.269000	-0.618000	1.813000
1644	0.267000	-0.613000	1.814000
1645	0.269000	-0.616000	1.815000
1646	0.268000	-0.614000	1.810000
1647	0.269000	-0.612000	1.812000
1648	0.269000	-0.613000	1.812000
1649	0.266000	-0.617000	1.812000
1650	0.266000	-0.611000	1.815000
1651	0.269000	-0.613000	1.813000
1652	0.268000	-0.613000	1.810000
1653	0.271000	-0.613000	1.808000
1654	0.270000	-0.610000	1.810000
1655	0.270000	-0.612000	1.807000
1656	0.272000	-0.615000	1.807000
1657	0.271000	-0.613000	1.807000
1658	0.270000	-0.613000	1.808000
1659	0.271000	-0.615000	1.809000
1660	0.269000	-0.615000	1.809000
1661	0.271000	-0.616000	1.801000
1662	0.269000	-0.616000	1.807000
1663	0.269000	-0.617000	1.805000
1664	0.267000	-0.617000	1.810000
1665	0.267000	-0.618000	1.807000
1666	0.269000	-0.615000	1.811000
1667	0.269000	-0.618000	1.805000
1668	0.266000	-0.619000	1.805000
1669	0.268000	-0.614000	1.806000
1670	0.269000	-0.614000	1.805000
1671	0.268000	-0.616000	1.808000
1672	0.269000	-0.615000	1.809000
1673	0.268000	-0.617000	1.809000
1674	0.270000	-0.616000	1.809000
1675	0.270000	-0.615000	1.809000
1676	0.270000	-0.618000	1.808000
1677	0.269000	-0.616000	1.808000
1678	0.269000	-0.616000	1.806000
1679	0.267000	-0.617000	1.808000
1680	0.267000	-0.615000	1.803000
1681	0.268000	-0.617000	1.806000
1682	0.268000	-0.618000	1.808000
1683	0.267000	-0.620000	1.808000
1684	0.268000	-0.619000	1.808000
1685	0.268000	-0.618000	1.808000
1686	0.269000	-0.618000	1.808000
1687	0.269000	-0.621000	1.809000
1688	0.269000	-0.619000	1.805000
1689	0.267000	-0.620000	1.808000
1690	0.269000	-0.617000	1.807000
1691	0.265000	-0.619000	1.807000
1692	0.268000	-0.618000	1.809000
1693	0.265000	-0.621000	1.806000
1694	0.267000	-0.620000	1.806000
1695	0.265000	-0.620000	1.805000
1696	0.262000	-0.620000	1.808000
1697	0.262000	-0.619000	1.808000
1698	0.268000	-0.619000	1.801000
1699	0.268000	-0.619000	1.808000
1700	0.266000	-0.621000	1.802000
1701	0.263000	-0.622000	1.807000
1702	0.263000	-0.621000	1.809000
1703	0.266000	-0.619000	1.807000
1704	0.262000	-0.621000	1.807000
1705	0.265000	-0.621000	1.804000
1706	0.266000	-0.618000	1.805000
1707	0.264000	-0.618000	1.806000
1708	0.264000	-0.619000	1.808000
1709	0.262000	-0.618000	1.810000
1710	0.264000	-0.620000	1.809000
1711	0.263000	-0.618000	1.809000
1712	0.262000	-0.615000	1.812000
1713	0.264000	-0.613000	1.806000
1714	0.264000	-0.612000	1.808000
1715	0.264000	-0.614000	1.810000
1716	0.264000	-0.612000	1.805000
1717	0.267000	-0.612000	1.805000
1718	0.268000	-0.613000	1.802000
1719	0.266000	-0.616000	1.801000
1720	0.267000	-0.615000	1.800000
1721	0.267000	-0.612000	1.804000
1722	0.267000	-0.611000	1.807000
1723	0.267000	-0.613000	1.810000
1724	0.266000	-0.611000	1.808000
1725	0.268000	-0.609000	1.808000
1726	0.266000	-0.611000	1.809000
1727	0.264000	-0.613000	1.806000
1728	0.264000	-0.613000	1.809000
1729	0.266000	-0.611000	1.808000
1730	0.265000	-0.613000	1.808000
1731	0.266000	-0.611000	1.807000
1732	0.266000	-0.612000	1.806000
1733	0.266000	-0.609000	1.805000
1734	0.267000	-0.610000	1.806000
1735	0.271000	-0.606000	1.806000
1736	0.267000	-0.605000	1.805000
1737	0.268000	-0.607000	1.806000
1738	0.266000	-0.608000	1.808000
1739	0.268000	-0.608000	1.804000
1740	0.268000	-0.608000	1.808000
1741	0.266000	-0.608000	1.809000
1742	0.266000	-0.608000	1.806000
1743	0.265000	-0.610000	1.804000
1744	0.264000	-0.611000	1.808000
1745	0.264000	-0.610000	1.808000
1746	0.263000	-0.611000	1.807000
1747	0.264000	-0.610000	1.805000
1748	0.263000	-0.608000	1.801000
1749	0.261000	-0.610000	1.807000
1750	0.262000	-0.609000	1.803000
1751	0.264000	-0.610000	1.829000
1752	0.262000	-0.609000	1.794000
1753	0.265000	-0.609000	1.810000
1754	0.267000	-0.607000	1.809000
1755	0.265000	-0.610000	1.807000
1756	0.262000	-0.611000	1.804000
1757	0.259000	-0.612000	1.799000
1758	0.271000	-0.603000	2.197000
1759	0.202000	-0.999000	1.899000
1760	0.007000	-0.074000	0.799000
1761	-0.016000	-0.041000	0.795000
1762	-0.013000	-0.032000	0.793000
1763	-0.020000	-0.023000	0.819000
1764	-0.016000	-0.015000	0.810000
1765	-0.015000	-0.013000	0.800000
1766	-0.019000	-0.014000	0.800000
1767	-0.020000	-0.019000	0.796000
1768	-0.018000	-0.022000	0.796000
1769	-0.013000	-0.021000	0.795000
1770	-0.020000	-0.018000	0.790000
1771	-0.021000	-0.015000	0.801000
1772	-0.018000	-0.015000	0.795000
1773	-0.020000	-0.015000	0.805000
1774	-0.018000	-0.013000	0.796000
1775	-0.018000	-0.018000	0.794000
1776	-0.016000	-0.018000	0.794000
1777	-0.015000	-0.015000	0.799000
1778	-0.019000	-0.015000	0.797000
1779	-0.015000	-0.015000	0.793000
1780	-0.019000	-0.010000	0.797000
1781	-0.019000	-0.015000	0.795000
1782	-0.015000	-0.016000	0.796000
1783	-0.018000	-0.016000	0.794000
1784	-0.018000	-0.016000	0.799000
1785	-0.015000	-0.013000	0.795000
1786	-0.022000	-0.013000	0.797000
1787	-0.020000	-0.014000	0.798000
1788	-0.020000	-0.015000	0.798000
1789	-0.020000	-0.014000	0.797000
1790	-0.018000	-0.017000	0.794000
1791	-0.017000	-0.018000	0.794000
1792	-0.016000	-0.015000	0.792000
1793	-0.018000	-0.018000	0.797000
1794	-0.017000	-0.014000	0.797000
1795	-0.017000	-0.018000	0.793000
1796	-0.015000	-0.016000	0.797000
1797	-0.012000	-0.017000	0.794000
1798	-0.017000	-0.015000	0.796000
1799	-0.015000	-0.016000	0.796000
1800	-0.016000	-0.015000	0.798000
1801	-0.016000	-0.017000	0.795000
1802	-0.013000	-0.015000	0.795000
1803	-0.016000	-0.017000	0.796000
1804	-0.017000	-0.018000	0.795000
1805	-0.012000	-0.013000	0.796000
1806	-0.017000	-0.017000	0.798000
1807	-0.015000	-0.017000	0.797000
1808	-0.009000	-0.015000	0.796000
1809	-0.018000	-0.018000	0.796000
1810	-0.013000	-0.015000	0.797000
1811	-0.013000	-0.013000	0.796000
1812	-0.018000	-0.015000	0.798000
1813	-0.015000	-0.011000	0.796000
1814	-0.013000	-0.013000	0.795000
1815	-0.017000	-0.013000	0.799000
1816	-0.012000	-0.013000	0.797000
1817	-0.016000	-0.013000	0.795000
1818	-0.015000	-0.013000	0.795000
1819	-0.014000	-0.011000	0.799000
1820	-0.016000	-0.014000	0.796000
1821	-0.015000	-0.011000	0.795000
1822	-0.019000	-0.013000	0.797000
1823	-0.013000	-0.014000	0.794000
1824	-0.014000	-0.015000	0.796000
1825	-0.021000	-0.015000	0.798000
1826	-0.017000	-0.011000	0.796000
1827	-0.018000	-0.015000	0.795000
1828	-0.022000	-0.015000	0.796000
1829	-0.016000	-0.013000	0.795000
1830	-0.022000	-0.016000	0.799000
1831	-0.022000	-0.013000	0.799000
1832	-0.019000	-0.014000	0.799000
1833	-0.016000	-0.015000	0.797000
1834	-0.018000	-0.013000	0.795000
1835	-0.017000	-0.013000	0.794000
1836	-0.018000	-0.013000	0.795000
1837	-0.019000	-0.014000	0.796000
1838	-0.016000	-0.011000	0.795000
1839	-0.018000	-0.011000	0.795000
1840	-0.019000	-0.013000	0.797000
1841	-0.017000	-0.013000	0.796000
1842	-0.018000	-0.012000	0.796000
1843	-0.014000	-0.014000	0.795000
1844	-0.017000	-0.015000	0.798000
1845	-0.019000	-0.013000	0.796000
1846	-0.018000	-0.014000	0.796000
1847	-0.026000	-0.011000	0.802000
1848	-0.020000	-0.013000	0.797000
1849	-0.021000	-0.013000	0.798000
1850	-0.012000	-0.014000	0.792000
1851	-0.021000	-0.018000	0.800000
1852	-0.021000	-0.013000	0.799000
1853	-0.011000	-0.015000	0.791000
1854	-0.025000	-0.015000	0.798000
1855	-0.018000	-0.015000	0.800000
1856	-0.021000	-0.013000	0.797000
1857	-0.019000	-0.015000	0.797000
1858	-0.020000	-0.015000	0.796000
1859	-0.022000	-0.013000	0.796000
1860	-0.017000	-0.015000	0.794000
1861	-0.017000	-0.012000	0.798000
1862	-0.018000	-0.015000	0.798000
1863	-0.019000	-0.012000	0.795000
1864	-0.018000	-0.013000	0.794000
1865	-0.017000	-0.013000	0.795000
1866	-0.018000	-0.013000	0.796000
1867	-0.015000	-0.011000	0.796000
1868	-0.016000	-0.011000	0.793000
1869	-0.015000	-0.009000	0.795000
1870	-0.016000	-0.011000	0.795000
1871	-0.020000	-0.013000	0.796000
1872	-0.013000	-0.011000	0.794000
1873	-0.015000	-0.013000	0.795000
1874	-0.018000	-0.012000	0.797000
1875	-0.014000	-0.012000	0.793000
1876	-0.015000	-0.012000	0.796000
1877	-0.016000	-0.010000	0.794000
1878	-0.017000	-0.013000	0.796000
1879	-0.018000	-0.011000	0.797000
1880	-0.018000	-0.012000	0.796000
1881	-0.016000	-0.013000	0.796000
1882	-0.017000	-0.015000	0.794000
1883	-0.018000	-0.011000	0.795000
1884	-0.016000	-0.014000	0.794000
1885	-0.018000	-0.011000	0.794000
1886	-0.016000	-0.013000	0.796000
1887	-0.018000	-0.013000	0.797000
1888	-0.019000	-0.010000	0.792000
1889	-0.016000	-0.012000	0.794000
1890	-0.016000	-0.011000	0.793000
1891	-0.019000	-0.013000	0.798000
1892	-0.018000	-0.013000	0.797000
1893	-0.015000	-0.011000	0.796000
1894	-0.019000	-0.013000	0.797000
1895	-0.017000	-0.011000	0.794000
1896	-0.019000	-0.014000	0.796000
1897	-0.018000	-0.013000	0.796000
1898	-0.018000	-0.009000	0.799000
1899	-0.016000	-0.013000	0.796000
1900	-0.022000	-0.009000	0.797000
1901	-0.017000	-0.012000	0.793000
1902	-0.018000	-0.013000	0.797000
1903	-0.018000	-0.010000	0.793000
1904	-0.018000	-0.010000	0.798000
1905	-0.021000	-0.011000	0.797000
1906	-0.017000	-0.009000	0.791000
1907	-0.018000	-0.011000	0.797000
1908	-0.017000	-0.013000	0.795000
1909	-0.018000	-0.008000	0.794000
1910	-0.016000	-0.011000	0.794000
1911	-0.017000	-0.011000	0.796000
1912	-0.017000	-0.009000	0.797000
1913	-0.018000	-0.012000	0.793000
1914	-0.016000	-0.010000	0.793000
1915	-0.020000	-0.009000	0.795000
1916	-0.018000	-0.010000	0.794000
1917	-0.017000	-0.009000	0.798000
1918	-0.018000	-0.009000	0.796000
1919	-0.015000	-0.009000	0.795000
1920	-0.014000	-0.010000	0.793000
1921	-0.017000	-0.012000	0.796000
1922	-0.013000	-0.010000	0.793000
1923	-0.015000	-0.011000	0.795000
1924	-0.018000	-0.011000	0.795000
1925	-0.015000	-0.008000	0.795000
1926	-0.015000	-0.011000	0.795000
1927	-0.018000	-0.011000	0.795000
1928	-0.017000	-0.012000	0.792000
1929	-0.013000	-0.010000	0.796000
1930	-0.017000	-0.011000	0.796000
1931	-0.018000	-0.011000	0.796000
1932	-0.011000	-0.010000	0.795000
1933	-0.016000	-0.010000	0.794000
1934	-0.018000	-0.009000	0.792000
1935	-0.011000	-0.008000	0.795000
1936	-0.016000	-0.013000	0.798000
1937	-0.013000	-0.012000	0.795000
1938	-0.014000	-0.009000	0.794000
1939	-0.016000	-0.010000	0.794000
1940	-0.017000	-0.009000	0.793000
1941	-0.013000	-0.009000	0.797000
1942	-0.013000	-0.011000	0.796000
1943	-0.014000	-0.009000	0.794000
1944	-0.012000	-0.010000	0.795000
1945	-0.014000	-0.011000	0.795000
1946	-0.013000	-0.012000	0.796000
1947	-0.012000	-0.010000	0.795000
1948	-0.013000	-0.011000	0.796000
1949	-0.012000	-0.007000	0.797000
1950	-0.011000	-0.006000	0.796000
1951	-0.014000	-0.010000	0.794000
1952	-0.012000	-0.012000	0.794000
1953	-0.010000	-0.011000	0.794000
1954	-0.014000	-0.012000	0.795000
1955	-0.012000	-0.011000	0.792000
1956	-0.013000	-0.009000	0.796000
1957	-0.013000	-0.010000	0.796000
1958	-0.012000	-0.009000	0.798000
1959	-0.011000	-0.008000	0.794000
1960	-0.016000	-0.010000	0.797000
1961	-0.011000	-0.007000	0.799000
1962	-0.008000	-0.008000	0.799000
1963	-0.015000	-0.013000	0.797000
1964	-0.010000	-0.011000	0.796000
1965	-0.013000	-0.013000	0.795000
1966	-0.012000	-0.012000	0.797000
1967	-0.007000	-0.009000	0.796000
1968	-0.015000	-0.011000	0.796000
1969	-0.011000	-0.010000	0.800000
1970	-0.012000	-0.010000	0.797000
1971	-0.012000	-0.012000	0.795000
1972	-0.010000	-0.010000	0.796000
1973	-0.013000	-0.011000	0.795000
1974	-0.012000	-0.009000	0.797000
1975	-0.009000	-0.009000	0.794000
1976	-0.008000	-0.011000	0.793000
1977	-0.007000	-0.008000	0.794000
1978	-0.018000	-0.007000	0.797000
1979	-0.014000	-0.010000	0.792000
1980	-0.012000	-0.009000	0.796000
1981	-0.009000	-0.011000	0.798000
1982	-0.012000	-0.011000	0.796000
1983	-0.009000	-0.009000	0.796000
1984	-0.007000	-0.010000	0.794000
1985	-0.010000	-0.009000	0.795000
1986	-0.013000	-0.010000	0.797000
1987	-0.012000	-0.011000	0.793000
1988	-0.013000	-0.010000	0.796000
1989	-0.009000	-0.007000	0.795000
1990	-0.009000	-0.008000	0.797000
1991	-0.014000	-0.010000	0.796000
1992	-0.010000	-0.006000	0.794000
1993	-0.013000	-0.010000	0.794000
1994	-0.012000	-0.009000	0.796000
1995	-0.008000	-0.010000	0.798000
1996	-0.013000	-0.012000	0.796000
1997	-0.009000	-0.010000	0.797000
1998	-0.013000	-0.011000	0.797000
1999	-0.009000	-0.009000	0.794000
2000	-0.011000	-0.010000	0.798000
2001	-0.015000	-0.009000	0.798000
2002	-0.013000	-0.010000	0.796000
2003	-0.012000	-0.009000	0.795000
2004	-0.015000	-0.013000	0.795000
2005	-0.010000	-0.011000	0.793000
2006	-0.014000	-0.012000	0.796000
2007	-0.010000	-0.011000	0.792000
2008	-0.012000	-0.011000	0.798000
2009	-0.010000	-0.013000	0.793000
2010	-0.009000	-0.009000	0.794000
2011	-0.012000	-0.013000	0.795000
2012	-0.013000	-0.008000	0.796000
2013	-0.011000	-0.009000	0.794000
2014	-0.012000	-0.009000	0.795000
2015	-0.010000	-0.008000	0.794000
2016	-0.013000	-0.010000	0.792000
2017	-0.011000	-0.010000	0.796000
2018	-0.008000	-0.008000	0.792000
2019	-0.018000	-0.011000	0.796000
2020	-0.009000	-0.010000	0.796000
2021	-0.012000	-0.007000	0.797000
2022	-0.013000	-0.008000	0.793000
2023	-0.010000	-0.007000	0.796000
2024	-0.015000	-0.010000	0.796000
2025	-0.012000	-0.007000	0.796000
2026	-0.011000	-0.007000	0.797000
2027	-0.011000	-0.008000	0.795000
2028	-0.011000	-0.007000	0.795000
2029	-0.011000	-0.007000	0.794000
2030	-0.013000	-0.006000	0.796000
2031	-0.011000	-0.008000	0.795000
2032	-0.011000	-0.007000	0.794000
2033	-0.011000	-0.011000	0.796000
2034	-0.012000	-0.009000	0.795000
2035	-0.013000	-0.009000	0.795000
2036	-0.012000	-0.008000	0.793000
2037	-0.013000	-0.009000	0.792000
2038	-0.014000	-0.009000	0.795000
2039	-0.013000	-0.009000	0.796000
2040	-0.013000	-0.011000	0.794000
2041	-0.013000	-0.011000	0.793000
2042	-0.011000	-0.010000	0.795000
2043	-0.015000	-0.011000	0.793000
2044	-0.013000	-0.011000	0.797000
2045	-0.012000	-0.009000	0.794000
2046	-0.012000	-0.010000	0.795000
2047	-0.013000	-0.010000	0.794000
2048	-0.010000	-0.011000	0.797000
2049	-0.013000	-0.009000	0.793000
2050	-0.012000	-0.007000	0.795000
2051	-0.013000	-0.008000	0.795000
2052	-0.013000	-0.009000	0.795000
2053	-0.009000	-0.009000	0.796000
2054	-0.013000	-0.011000	0.797000
2055	-0.009000	-0.011000	0.796000
2056	-0.010000	-0.011000	0.798000
2057	-0.015000	-0.011000	0.797000
2058	-0.011000	-0.011000	0.799000
2059	-0.012000	-0.011000	0.796000
2060	-0.015000	-0.011000	0.797000
2061	-0.014000	-0.010000	0.800000
2062	-0.008000	-0.008000	0.794000
2063	-0.008000	-0.009000	0.793000
2064	-0.017000	-0.013000	0.801000
2065	-0.011000	-0.012000	0.801000
2066	-0.009000	-0.011000	0.795000
2067	-0.014000	-0.011000	0.797000
2068	-0.011000	-0.011000	0.798000
2069	-0.010000	-0.011000	0.796000
2070	-0.011000	-0.009000	0.798000
2071	-0.013000	-0.009000	0.799000
2072	-0.011000	-0.010000	0.800000
2073	-0.011000	-0.010000	0.795000
2074	-0.011000	-0.011000	0.797000
2075	-0.007000	-0.011000	0.796000
2076	-0.012000	-0.009000	0.795000
2077	-0.009000	-0.006000	0.795000
2078	-0.013000	-0.009000	0.795000
2079	-0.010000	-0.009000	0.793000
2080	-0.011000	-0.008000	0.796000
2081	-0.012000	-0.012000	0.794000
2082	-0.013000	-0.012000	0.797000
2083	-0.012000	-0.009000	0.795000
2084	-0.013000	-0.011000	0.795000
2085	-0.012000	-0.009000	0.796000
2086	-0.013000	-0.008000	0.797000
2087	-0.011000	-0.009000	0.799000
2088	-0.018000	-0.010000	0.799000
2089	-0.012000	-0.010000	0.797000
2090	-0.010000	-0.011000	0.794000
2091	-0.014000	-0.009000	0.796000
2092	-0.011000	-0.008000	0.797000
2093	-0.013000	-0.010000	0.796000
2094	-0.017000	-0.009000	0.796000
2095	-0.009000	-0.009000	0.793000
2096	-0.010000	-0.009000	0.797000
2097	-0.011000	-0.010000	0.793000
2098	-0.007000	-0.008000	0.794000
2099	-0.012000	-0.009000	0.795000
2100	-0.011000	-0.010000	0.795000
2101	-0.007000	-0.008000	0.794000
2102	-0.012000	-0.009000	0.796000
2103	-0.012000	-0.011000	0.798000
2104	-0.012000	-0.011000	0.795000
2105	-0.010000	-0.010000	0.795000
2106	-0.010000	-0.009000	0.796000
2107	-0.015000	-0.010000	0.794000
2108	-0.010000	-0.007000	0.794000
2109	-0.011000	-0.012000	0.797000
2110	-0.015000	-0.013000	0.796000
2111	-0.011000	-0.011000	0.795000
2112	-0.012000	-0.009000	0.795000
2113	-0.011000	-0.012000	0.796000
2114	-0.011000	-0.012000	0.791000
2115	-0.014000	-0.009000	0.794000
2116	-0.009000	-0.008000	0.793000
2117	-0.011000	-0.008000	0.795000
2118	-0.011000	-0.009000	0.796000
2119	-0.009000	-0.009000	0.795000
2120	-0.012000	-0.009000	0.796000
2121	-0.011000	-0.009000	0.795000
2122	-0.012000	-0.007000	0.797000
2123	-0.013000	-0.013000	0.795000
2124	-0.012000	-0.011000	0.795000
2125	-0.011000	-0.009000	0.796000
2126	-0.012000	-0.009000	0.799000
2127	-0.010000	-0.012000	0.796000
2128	-0.011000	-0.011000	0.797000
2129	-0.013000	-0.009000	0.794000
2130	-0.009000	-0.007000	0.797000
2131	-0.010000	-0.008000	0.794000
2132	-0.014000	-0.009000	0.796000
2133	-0.009000	-0.008000	0.794000
2134	-0.018000	-0.007000	0.799000
2135	-0.020000	-0.009000	0.800000
2136	-0.010000	-0.010000	0.796000
2137	-0.009000	-0.008000	0.795000
2138	-0.008000	-0.007000	0.792000
2139	-0.014000	-0.011000	0.794000
2140	-0.013000	-0.009000	0.795000
2141	-0.012000	-0.007000	0.794000
2142	-0.015000	-0.010000	0.796000
2143	-0.009000	-0.009000	0.795000
2144	-0.011000	-0.009000	0.795000
2145	-0.015000	-0.010000	0.798000
2146	-0.010000	-0.011000	0.796000
2147	-0.013000	-0.012000	0.797000
2148	-0.011000	-0.010000	0.796000
2149	-0.012000	-0.007000	0.797000
2150	-0.013000	-0.010000	0.796000
2151	-0.012000	-0.011000	0.796000
2152	-0.013000	-0.010000	0.798000
2153	-0.011000	-0.007000	0.797000
2154	-0.013000	-0.010000	0.798000
2155	-0.013000	-0.009000	0.794000
2156	-0.010000	-0.009000	0.797000
2157	-0.013000	-0.010000	0.796000
2158	-0.010000	-0.009000	0.793000
2159	-0.014000	-0.010000	0.794000
2160	-0.007000	-0.010000	0.792000
2161	-0.009000	-0.010000	0.795000
2162	-0.013000	-0.009000	0.796000
2163	-0.011000	-0.011000	0.799000
2164	-0.012000	-0.009000	0.797000
2165	-0.013000	-0.009000	0.800000
2166	-0.013000	-0.010000	0.801000
2167	-0.013000	-0.009000	0.796000
2168	-0.012000	-0.008000	0.797000
2169	-0.010000	-0.011000	0.794000
2170	-0.010000	-0.010000	0.795000
2171	-0.010000	-0.011000	0.797000
2172	-0.010000	-0.009000	0.793000
2173	-0.011000	-0.007000	0.794000
2174	-0.011000	-0.012000	0.794000
2175	-0.011000	-0.012000	0.795000
2176	-0.010000	-0.012000	0.797000
2177	-0.011000	-0.014000	0.795000
2178	-0.011000	-0.011000	0.795000
2179	-0.009000	-0.011000	0.793000
2180	-0.009000	-0.011000	0.796000
2181	-0.007000	-0.009000	0.797000
2182	-0.012000	-0.011000	0.796000
2183	-0.011000	-0.012000	0.796000
2184	-0.009000	-0.012000	0.796000
2185	-0.013000	-0.013000	0.799000
2186	-0.007000	-0.011000	0.795000
2187	-0.010000	-0.012000	0.795000
2188	-0.010000	-0.011000	0.795000
2189	-0.010000	-0.010000	0.794000
2190	-0.009000	-0.011000	0.796000
2191	-0.013000	-0.010000	0.797000
2192	-0.006000	-0.011000	0.792000
2193	-0.011000	-0.012000	0.796000
2194	-0.010000	-0.010000	0.795000
2195	-0.011000	-0.009000	0.797000
2196	-0.011000	-0.011000	0.794000
2197	-0.009000	-0.010000	0.793000
2198	-0.011000	-0.011000	0.796000
2199	-0.011000	-0.010000	0.796000
2200	-0.010000	-0.008000	0.794000
2201	-0.015000	-0.011000	0.794000
2202	-0.011000	-0.010000	0.795000
2203	-0.011000	-0.009000	0.793000
2204	-0.013000	-0.010000	0.800000
2205	-0.011000	-0.011000	0.797000
2206	-0.012000	-0.013000	0.796000
2207	-0.010000	-0.013000	0.796000
2208	-0.014000	-0.010000	0.796000
2209	-0.014000	-0.012000	0.796000
2210	-0.015000	-0.011000	0.797000
2211	-0.014000	-0.010000	0.795000
2212	-0.015000	-0.012000	0.797000
2213	-0.018000	-0.013000	0.798000
2214	-0.014000	-0.011000	0.794000
2215	-0.012000	-0.009000	0.794000
2216	-0.013000	-0.011000	0.796000
2217	-0.018000	-0.009000	0.801000
2218	-0.012000	-0.010000	0.796000
2219	-0.014000	-0.009000	0.796000
2220	-0.013000	-0.009000	0.798000
2221	-0.013000	-0.010000	0.795000
2222	-0.014000	-0.010000	0.794000
2223	-0.013000	-0.009000	0.794000
2224	-0.013000	-0.010000	0.794000
2225	-0.012000	-0.009000	0.794000
2226	-0.011000	-0.009000	0.793000
2227	-0.014000	-0.010000	0.796000
2228	-0.010000	-0.010000	0.795000
2229	-0.012000	-0.008000	0.796000
2230	-0.015000	-0.010000	0.794000
2231	-0.011000	-0.007000	0.795000
2232	-0.013000	-0.008000	0.798000
2233	-0.015000	-0.012000	0.796000
2234	-0.012000	-0.007000	0.798000
2235	-0.018000	-0.009000	0.796000
2236	-0.011000	-0.011000	0.795000
2237	-0.012000	-0.007000	0.794000
2238	-0.016000	-0.007000	0.794000
2239	-0.013000	-0.007000	0.796000
2240	-0.016000	-0.009000	0.794000
2241	-0.013000	-0.008000	0.796000
2242	-0.013000	-0.007000	0.797000
2243	-0.018000	-0.009000	0.799000
2244	-0.012000	-0.008000	0.796000
2245	-0.014000	-0.010000	0.796000
2246	-0.016000	-0.009000	0.796000
2247	-0.010000	-0.010000	0.798000
2248	-0.015000	-0.011000	0.796000
2249	-0.015000	-0.009000	0.793000
2250	-0.011000	-0.006000	0.796000
2251	-0.015000	-0.009000	0.798000
2252	-0.015000	-0.010000	0.796000
2253	-0.015000	-0.009000	0.796000
2254	-0.020000	-0.009000	0.797000
2255	-0.009000	-0.006000	0.793000
2256	-0.017000	-0.007000	0.796000
2257	-0.015000	-0.006000	0.796000
