0	-0.007000	-0.006000	0.793000
1	-0.008000	-0.007000	0.798000
2	-0.004000	-0.007000	0.794000
3	-0.005000	-0.006000	0.797000
4	-0.006000	-0.005000	0.798000
5	-0.005000	-0.004000	0.797000
6	-0.005000	-0.004000	0.797000
7	-0.005000	-0.005000	0.796000
8	-0.005000	-0.006000	0.797000
9	-0.004000	-0.005000	0.795000
10	-0.010000	-0.006000	0.800000
11	-0.006000	-0.003000	0.797000
12	-0.005000	-0.002000	0.799000
13	-0.007000	-0.004000	0.797000
14	-0.005000	-0.005000	0.798000
15	-0.005000	-0.005000	0.800000
16	-0.008000	-0.006000	0.796000
17	-0.009000	-0.003000	0.800000
18	-0.007000	0.000000	0.797000
19	-0.010000	-0.002000	0.797000
20	-0.007000	-0.001000	0.797000
21	-0.010000	-0.002000	0.799000
22	-0.009000	-0.001000	0.797000
23	-0.008000	-0.003000	0.796000
24	-0.007000	-0.003000	0.799000
25	-0.007000	-0.003000	0.797000
26	-0.009000	-0.005000	0.798000
27	-0.009000	-0.006000	0.797000
28	-0.009000	-0.003000	0.798000
29	-0.010000	-0.003000	0.799000
30	-0.009000	-0.005000	0.796000
31	-0.006000	-0.001000	0.800000
32	-0.007000	-0.007000	0.796000
33	-0.008000	-0.003000	0.799000
34	-0.007000	-0.003000	0.799000
35	-0.009000	-0.005000	0.799000
36	-0.007000	-0.004000	0.797000
37	-0.007000	-0.005000	0.797000
38	-0.006000	-0.003000	0.799000
39	-0.005000	-0.005000	0.796000
40	-0.009000	-0.005000	0.800000
41	-0.010000	-0.002000	0.799000
42	-0.009000	-0.005000	0.797000
43	-0.006000	-0.004000	0.798000
44	-0.006000	-0.005000	0.797000
45	-0.008000	-0.005000	0.797000
46	-0.007000	-0.007000	0.797000
47	-0.007000	-0.004000	0.797000
48	-0.007000	-0.005000	0.794000
49	-0.006000	-0.005000	0.798000
50	-0.008000	-0.003000	0.795000
51	-0.005000	-0.006000	0.797000
52	-0.012000	-0.004000	0.797000
53	-0.004000	-0.005000	0.794000
54	-0.002000	-0.006000	0.795000
55	-0.006000	-0.005000	0.795000
56	-0.010000	-0.005000	0.798000
57	-0.011000	-0.007000	0.799000
58	-0.011000	-0.004000	0.800000
59	-0.007000	-0.007000	0.799000
60	-0.014000	-0.006000	0.803000
61	-0.009000	-0.005000	0.801000
62	-0.006000	-0.006000	0.797000
63	-0.002000	-0.007000	0.795000
64	-0.006000	-0.008000	0.797000
65	-0.006000	-0.007000	0.796000
66	-0.005000	-0.005000	0.798000
67	-0.005000	-0.005000	0.796000
68	-0.004000	-0.006000	0.797000
69	-0.003000	-0.004000	0.795000
70	-0.010000	-0.005000	0.797000
71	-0.007000	-0.007000	0.799000
72	-0.007000	-0.006000	0.798000
73	-0.007000	-0.006000	0.798000
74	-0.004000	-0.007000	0.797000
75	-0.007000	-0.006000	0.799000
76	-0.002000	-0.007000	0.799000
77	-0.005000	-0.005000	0.801000
78	-0.009000	-0.005000	0.795000
79	-0.004000	-0.005000	0.799000
80	-0.006000	-0.006000	0.797000
81	-0.002000	-0.004000	0.796000
82	-0.006000	-0.007000	0.797000
83	-0.009000	-0.007000	0.796000
84	-0.003000	-0.005000	0.795000
85	-0.006000	-0.006000	0.799000
86	-0.006000	-0.005000	0.795000
87	-0.004000	-0.007000	0.794000
88	-0.008000	-0.005000	0.796000
89	-0.007000	-0.005000	0.794000
90	-0.009000	-0.006000	0.796000
91	-0.004000	-0.003000	0.796000
92	-0.008000	-0.007000	0.794000
93	-0.006000	-0.003000	0.796000
94	-0.007000	-0.004000	0.795000
95	-0.006000	-0.007000	0.793000
96	-0.006000	-0.005000	0.795000
97	-0.005000	-0.004000	0.794000
98	-0.007000	-0.005000	0.794000
99	-0.007000	-0.005000	0.796000
100	-0.006000	-0.007000	0.798000
101	-0.006000	-0.005000	0.798000
102	-0.007000	-0.005000	0.796000
103	-0.006000	-0.006000	0.796000
104	-0.009000	-0.007000	0.797000
105	-0.006000	-0.007000	0.797000
106	-0.007000	-0.009000	0.797000
107	-0.008000	-0.009000	0.794000
108	-0.007000	-0.008000	0.796000
109	-0.007000	-0.006000	0.795000
110	-0.007000	-0.007000	0.796000
111	-0.007000	-0.007000	0.797000
112	-0.007000	-0.007000	0.796000
113	-0.007000	-0.006000	0.797000
114	-0.007000	-0.005000	0.799000
115	-0.009000	-0.007000	0.795000
116	-0.005000	-0.009000	0.796000
117	-0.008000	-0.007000	0.796000
118	-0.012000	-0.006000	0.799000
119	-0.007000	-0.009000	0.797000
120	-0.009000	-0.007000	0.796000
121	-0.006000	-0.009000	0.795000
122	-0.006000	-0.005000	0.796000
123	-0.009000	-0.005000	0.794000
124	-0.007000	-0.007000	0.797000
125	-0.007000	-0.007000	0.795000
126	-0.009000	-0.007000	0.799000
127	-0.009000	-0.009000	0.797000
128	-0.007000	-0.006000	0.798000
129	-0.008000	-0.006000	0.797000
130	-0.008000	-0.005000	0.800000
131	-0.010000	-0.006000	0.796000
132	-0.009000	-0.007000	0.798000
133	-0.010000	-0.006000	0.796000
134	-0.009000	-0.006000	0.797000
135	-0.009000	-0.005000	0.798000
136	-0.010000	-0.006000	0.800000
137	-0.009000	-0.006000	0.795000
138	-0.009000	-0.007000	0.797000
139	-0.007000	-0.007000	0.797000
140	-0.009000	-0.006000	0.796000
141	-0.008000	-0.006000	0.794000
142	-0.006000	-0.006000	0.799000
143	-0.009000	-0.005000	0.800000
144	-0.009000	-0.005000	0.798000
145	-0.007000	-0.004000	0.796000
146	-0.009000	-0.004000	0.799000
147	-0.010000	-0.005000	0.798000
148	-0.010000	-0.005000	0.801000
149	-0.007000	-0.005000	0.797000
150	-0.009000	-0.005000	0.796000
151	-0.009000	-0.006000	0.798000
152	-0.009000	-0.005000	0.797000
153	-0.011000	-0.005000	0.796000
154	-0.010000	-0.005000	0.796000
155	-0.007000	-0.002000	0.797000
156	-0.013000	-0.003000	0.801000
157	-0.011000	-0.005000	0.798000
158	-0.009000	-0.004000	0.796000
159	-0.009000	-0.003000	0.797000
160	-0.010000	-0.002000	0.796000
161	-0.006000	-0.002000	0.795000
162	-0.008000	-0.005000	0.796000
163	-0.011000	-0.003000	0.799000
164	-0.007000	-0.003000	0.795000
165	-0.007000	-0.001000	0.794000
166	-0.008000	0.002000	0.794000
167	-0.009000	-0.002000	0.795000
168	-0.012000	-0.003000	0.800000
169	-0.005000	-0.002000	0.797000
170	-0.013000	-0.003000	0.801000
171	-0.008000	-0.001000	0.798000
172	-0.011000	-0.002000	0.797000
173	-0.011000	-0.004000	0.798000
174	-0.007000	-0.003000	0.797000
175	-0.009000	-0.005000	0.798000
176	-0.013000	-0.001000	0.797000
177	-0.010000	-0.004000	0.799000
178	-0.011000	-0.003000	0.796000
179	-0.011000	-0.003000	0.797000
180	-0.009000	-0.003000	0.797000
181	-0.009000	-0.003000	0.796000
182	-0.009000	-0.004000	0.797000
183	-0.013000	-0.006000	0.794000
184	-0.006000	-0.005000	0.795000
185	-0.010000	-0.005000	0.796000
186	-0.009000	-0.007000	0.795000
187	-0.004000	-0.005000	0.796000
188	-0.012000	-0.007000	0.794000
189	-0.006000	-0.005000	0.794000
190	-0.012000	-0.005000	0.797000
191	-0.010000	-0.006000	0.797000
192	-0.006000	-0.006000	0.795000
193	-0.010000	-0.005000	0.797000
194	-0.009000	-0.006000	0.798000
195	-0.011000	-0.007000	0.798000
196	-0.008000	-0.007000	0.799000
197	-0.011000	-0.006000	0.796000
198	-0.010000	-0.006000	0.799000
199	-0.007000	-0.003000	0.796000
200	-0.009000	-0.002000	0.794000
201	-0.012000	-0.002000	0.798000
202	-0.007000	-0.005000	0.799000
203	-0.013000	-0.006000	0.795000
204	-0.007000	-0.003000	0.796000
205	-0.010000	-0.005000	0.799000
206	-0.013000	-0.003000	0.796000
207	-0.005000	-0.004000	0.795000
208	-0.008000	-0.003000	0.797000
209	-0.014000	-0.007000	0.796000
210	-0.010000	-0.005000	0.797000
211	-0.013000	-0.006000	0.794000
212	-0.008000	-0.005000	0.794000
213	-0.018000	-0.005000	0.798000
214	-0.013000	-0.003000	0.798000
215	-0.013000	-0.002000	0.795000
216	-0.015000	-0.003000	0.798000
217	-0.012000	-0.003000	0.797000
218	-0.017000	-0.005000	0.798000
219	-0.013000	-0.001000	0.797000
220	-0.013000	0.001000	0.798000
221	-0.018000	-0.002000	0.796000
222	-0.014000	-0.001000	0.796000
223	-0.016000	0.001000	0.796000
224	-0.016000	-0.003000	0.799000
225	-0.017000	-0.002000	0.798000
226	-0.016000	-0.002000	0.797000
227	-0.019000	0.001000	0.796000
228	-0.020000	0.002000	0.798000
229	-0.017000	0.001000	0.798000
230	-0.022000	0.003000	0.798000
231	-0.019000	0.002000	0.795000
232	-0.020000	0.000000	0.797000
233	-0.021000	0.001000	0.795000
234	-0.019000	0.002000	0.796000
235	-0.020000	0.002000	0.797000
236	-0.024000	0.002000	0.798000
237	-0.029000	0.001000	0.800000
238	-0.016000	-0.002000	0.792000
239	-0.022000	-0.001000	0.797000
240	-0.022000	-0.002000	0.798000
241	-0.020000	0.001000	0.799000
242	-0.023000	0.000000	0.799000
243	-0.022000	0.001000	0.797000
244	-0.019000	0.002000	0.798000
245	-0.023000	0.000000	0.799000
246	-0.020000	-0.001000	0.795000
247	-0.020000	0.002000	0.797000
248	-0.023000	-0.002000	0.798000
249	-0.020000	-0.002000	0.797000
250	-0.020000	-0.001000	0.797000
251	-0.019000	-0.001000	0.795000
252	-0.019000	-0.003000	0.798000
253	-0.020000	0.003000	0.797000
254	-0.019000	-0.002000	0.795000
255	-0.022000	-0.001000	0.797000
256	-0.020000	0.002000	0.796000
257	-0.023000	0.003000	0.795000
258	-0.021000	0.004000	0.796000
259	-0.022000	0.002000	0.795000
260	-0.022000	0.003000	0.795000
261	-0.019000	0.001000	0.797000
262	-0.022000	-0.002000	0.797000
263	-0.021000	0.004000	0.795000
264	-0.020000	0.001000	0.796000
265	-0.018000	0.003000	0.798000
266	-0.022000	0.000000	0.795000
267	-0.024000	-0.002000	0.799000
268	-0.020000	0.001000	0.797000
269	-0.025000	-0.001000	0.801000
270	-0.015000	-0.002000	0.795000
271	-0.018000	0.001000	0.793000
272	-0.023000	-0.007000	0.799000
273	-0.013000	-0.002000	0.795000
274	-0.018000	-0.004000	0.798000
275	-0.019000	-0.004000	0.796000
276	-0.015000	-0.003000	0.798000
277	-0.020000	-0.003000	0.796000
278	-0.014000	-0.005000	0.796000
279	-0.014000	-0.006000	0.799000
280	-0.020000	-0.007000	0.796000
281	-0.013000	-0.007000	0.798000
282	-0.015000	-0.004000	0.796000
283	-0.015000	-0.005000	0.796000
284	-0.015000	-0.007000	0.798000
285	-0.015000	-0.005000	0.800000
286	-0.013000	-0.006000	0.799000
287	-0.020000	-0.005000	0.800000
288	-0.015000	-0.005000	0.797000
289	-0.012000	-0.006000	0.797000
290	-0.018000	-0.005000	0.798000
291	-0.011000	-0.007000	0.797000
292	-0.010000	-0.005000	0.797000
293	-0.016000	-0.005000	0.798000
294	-0.014000	0.000000	0.798000
295	-0.014000	-0.005000	0.796000
296	-0.017000	-0.003000	0.796000
297	-0.015000	0.000000	0.797000
298	-0.015000	-0.002000	0.796000
299	-0.016000	-0.002000	0.797000
300	-0.018000	0.000000	0.796000
301	-0.015000	0.000000	0.797000
302	-0.016000	0.002000	0.797000
303	-0.016000	-0.001000	0.797000
304	-0.016000	0.001000	0.795000
305	-0.019000	0.001000	0.796000
306	-0.017000	0.001000	0.798000
307	-0.017000	0.003000	0.795000
308	-0.018000	0.004000	0.796000
309	-0.020000	0.003000	0.795000
310	-0.019000	0.002000	0.796000
311	-0.022000	0.000000	0.796000
312	-0.018000	0.001000	0.797000
313	-0.021000	0.002000	0.795000
314	-0.020000	-0.001000	0.798000
315	-0.017000	-0.001000	0.796000
316	-0.021000	-0.002000	0.798000
317	-0.020000	-0.002000	0.800000
318	-0.018000	-0.003000	0.794000
319	-0.019000	-0.004000	0.799000
320	-0.016000	0.000000	0.796000
321	-0.017000	-0.006000	0.795000
322	-0.017000	-0.003000	0.796000
323	-0.018000	-0.002000	0.800000
324	-0.018000	-0.002000	0.798000
325	-0.018000	-0.004000	0.793000
326	-0.019000	-0.002000	0.795000
327	-0.017000	-0.004000	0.797000
328	-0.016000	-0.005000	0.794000
329	-0.018000	-0.002000	0.796000
330	-0.013000	-0.003000	0.798000
331	-0.018000	-0.004000	0.794000
332	-0.019000	-0.006000	0.795000
333	-0.016000	-0.002000	0.797000
334	-0.021000	-0.004000	0.794000
335	-0.018000	-0.001000	0.798000
336	-0.017000	-0.002000	0.796000
337	-0.019000	-0.005000	0.797000
338	-0.016000	-0.004000	0.796000
339	-0.015000	-0.007000	0.797000
340	-0.014000	-0.005000	0.795000
341	-0.018000	-0.007000	0.794000
342	-0.015000	-0.005000	0.795000
343	-0.013000	-0.004000	0.795000
344	-0.018000	-0.007000	0.797000
345	-0.015000	-0.006000	0.798000
346	-0.018000	-0.007000	0.797000
347	-0.021000	-0.006000	0.798000
348	-0.015000	-0.009000	0.801000
349	-0.015000	-0.006000	0.805000
350	-0.018000	-0.005000	0.798000
351	-0.009000	-0.003000	0.793000
352	-0.017000	-0.005000	0.802000
353	-0.013000	-0.007000	0.796000
354	-0.012000	-0.005000	0.791000
355	-0.018000	-0.008000	0.794000
356	-0.013000	-0.005000	0.796000
357	-0.012000	-0.005000	0.801000
358	-0.015000	-0.004000	0.794000
359	-0.015000	-0.004000	0.795000
360	-0.012000	-0.006000	0.823000
361	0.023000	-0.054000	0.955000
362	0.110000	-0.269000	1.111000
363	0.067000	-0.138000	1.136000
364	0.237000	-0.354000	1.496000
365	0.260000	-0.467000	1.655000
366	0.205000	-0.342000	1.431000
367	0.291000	-0.499000	1.605000
368	0.293000	-0.399000	1.674000
369	0.265000	-0.329000	1.544000
370	0.291000	-0.527000	1.722000
371	0.267000	-0.397000	1.456000
372	0.045000	-0.082000	0.845000
373	0.078000	-0.123000	0.885000
374	0.079000	-0.126000	0.957000
375	0.077000	-0.126000	1.011000
376	0.073000	-0.126000	1.028000
377	0.069000	-0.123000	1.026000
378	0.072000	-0.122000	1.031000
379	0.071000	-0.121000	1.030000
380	0.069000	-0.126000	1.024000
381	0.069000	-0.122000	1.019000
382	0.070000	-0.123000	1.019000
383	0.071000	-0.119000	1.018000
384	0.072000	-0.121000	1.019000
385	0.071000	-0.120000	1.018000
386	0.068000	-0.119000	1.016000
387	0.071000	-0.120000	1.019000
388	0.070000	-0.118000	1.020000
389	0.066000	-0.120000	1.022000
390	0.071000	-0.119000	1.015000
391	0.069000	-0.119000	1.018000
392	0.069000	-0.118000	1.022000
393	0.066000	-0.120000	1.023000
394	0.071000	-0.121000	1.014000
395	0.072000	-0.118000	1.016000
396	0.062000	-0.122000	1.031000
397	0.068000	-0.119000	1.020000
398	0.068000	-0.120000	1.020000
399	0.065000	-0.122000	1.023000
400	0.069000	-0.120000	1.019000
401	0.068000	-0.123000	1.022000
402	0.065000	-0.122000	1.024000
403	0.064000	-0.123000	1.021000
404	0.066000	-0.123000	1.024000
405	0.068000	-0.124000	1.019000
406	0.069000	-0.123000	1.016000
407	0.066000	-0.123000	1.021000
408	0.067000	-0.125000	1.019000
409	0.066000	-0.122000	1.022000
410	0.067000	-0.123000	1.019000
411	0.067000	-0.122000	1.020000
412	0.069000	-0.122000	1.020000
413	0.067000	-0.123000	1.022000
414	0.067000	-0.122000	1.020000
415	0.068000	-0.126000	1.024000
416	0.068000	-0.121000	1.020000
417	0.067000	-0.124000	1.021000
418	0.069000	-0.123000	1.021000
419	0.069000	-0.123000	1.018000
420	0.068000	-0.126000	1.022000
421	0.068000	-0.123000	1.018000
422	0.069000	-0.124000	1.018000
423	0.068000	-0.119000	1.021000
424	0.069000	-0.122000	1.018000
425	0.070000	-0.124000	1.019000
426	0.069000	-0.120000	1.016000
427	0.068000	-0.123000	1.015000
428	0.070000	-0.122000	1.018000
429	0.069000	-0.121000	1.013000
430	0.069000	-0.122000	1.015000
431	0.070000	-0.120000	1.019000
432	0.069000	-0.123000	1.018000
433	0.069000	-0.121000	1.016000
434	0.069000	-0.121000	1.018000
435	0.070000	-0.123000	1.016000
436	0.071000	-0.120000	1.017000
437	0.068000	-0.121000	1.014000
438	0.071000	-0.121000	1.014000
439	0.068000	-0.120000	1.013000
440	0.071000	-0.123000	1.016000
441	0.069000	-0.121000	1.011000
442	0.068000	-0.122000	1.010000
443	0.070000	-0.120000	1.013000
444	0.069000	-0.120000	1.016000
445	0.068000	-0.119000	1.018000
446	0.066000	-0.120000	1.014000
447	0.070000	-0.120000	1.013000
448	0.068000	-0.122000	1.017000
449	0.067000	-0.118000	1.012000
450	0.067000	-0.119000	1.017000
451	0.068000	-0.122000	1.012000
452	0.069000	-0.119000	1.013000
453	0.068000	-0.117000	1.022000
454	0.066000	-0.120000	1.014000
455	0.067000	-0.118000	1.010000
456	0.066000	-0.116000	1.012000
457	0.064000	-0.119000	1.014000
458	0.065000	-0.115000	1.018000
459	0.064000	-0.116000	1.015000
460	0.065000	-0.115000	1.016000
461	0.063000	-0.115000	1.014000
462	0.061000	-0.111000	1.013000
463	0.062000	-0.115000	1.012000
464	0.062000	-0.114000	1.012000
465	0.061000	-0.110000	1.014000
466	0.061000	-0.112000	1.015000
467	0.059000	-0.112000	1.012000
468	0.060000	-0.110000	1.014000
469	0.058000	-0.111000	1.016000
470	0.057000	-0.114000	1.015000
471	0.064000	-0.110000	1.010000
472	0.061000	-0.113000	1.010000
473	0.056000	-0.111000	1.014000
474	0.061000	-0.114000	1.009000
475	0.057000	-0.112000	1.014000
476	0.058000	-0.113000	1.012000
477	0.060000	-0.115000	1.010000
478	0.059000	-0.116000	1.013000
479	0.060000	-0.116000	1.012000
480	0.059000	-0.114000	1.013000
481	0.060000	-0.116000	1.012000
482	0.061000	-0.116000	1.015000
483	0.062000	-0.115000	1.012000
484	0.059000	-0.116000	1.012000
485	0.060000	-0.116000	1.014000
486	0.063000	-0.116000	1.012000
487	0.062000	-0.115000	1.010000
488	0.060000	-0.117000	1.012000
489	0.062000	-0.117000	1.012000
490	0.061000	-0.116000	1.012000
491	0.064000	-0.116000	1.012000
492	0.060000	-0.117000	1.014000
493	0.063000	-0.118000	1.012000
494	0.062000	-0.115000	1.011000
495	0.058000	-0.116000	1.016000
496	0.059000	-0.117000	1.013000
497	0.061000	-0.118000	1.014000
498	0.062000	-0.116000	1.012000
499	0.063000	-0.117000	1.011000
500	0.064000	-0.118000	1.007000
501	0.061000	-0.117000	1.011000
502	0.063000	-0.116000	1.010000
503	0.063000	-0.118000	1.008000
504	0.063000	-0.120000	1.010000
505	0.064000	-0.117000	1.010000
506	0.064000	-0.117000	1.014000
507	0.065000	-0.117000	1.008000
508	0.061000	-0.118000	1.013000
509	0.065000	-0.116000	1.010000
510	0.066000	-0.117000	1.010000
511	0.064000	-0.116000	1.015000
512	0.065000	-0.114000	1.012000
513	0.061000	-0.114000	1.007000
514	0.065000	-0.116000	1.009000
515	0.066000	-0.113000	1.013000
516	0.061000	-0.111000	1.012000
517	0.066000	-0.115000	1.006000
518	0.065000	-0.113000	1.007000
519	0.064000	-0.113000	1.012000
520	0.062000	-0.112000	1.011000
521	0.066000	-0.115000	1.008000
522	0.066000	-0.113000	1.010000
523	0.064000	-0.111000	1.005000
524	0.061000	-0.109000	1.007000
525	0.063000	-0.110000	1.011000
526	0.064000	-0.111000	1.012000
527	0.063000	-0.113000	1.008000
528	0.064000	-0.110000	1.009000
529	0.063000	-0.111000	1.006000
530	0.062000	-0.113000	1.006000
531	0.063000	-0.113000	1.006000
532	0.063000	-0.111000	1.011000
533	0.064000	-0.112000	1.009000
534	0.063000	-0.113000	1.006000
535	0.063000	-0.114000	1.007000
536	0.065000	-0.113000	1.008000
537	0.065000	-0.114000	1.004000
538	0.063000	-0.116000	1.004000
539	0.062000	-0.115000	1.008000
540	0.063000	-0.115000	1.007000
541	0.063000	-0.114000	1.008000
542	0.063000	-0.118000	1.003000
543	0.065000	-0.118000	1.005000
544	0.063000	-0.119000	1.006000
545	0.064000	-0.117000	1.006000
546	0.064000	-0.118000	1.006000
547	0.063000	-0.120000	1.002000
548	0.065000	-0.120000	1.002000
549	0.065000	-0.120000	1.004000
550	0.062000	-0.119000	1.007000
551	0.061000	-0.120000	1.006000
552	0.061000	-0.126000	1.006000
553	0.063000	-0.121000	1.006000
554	0.063000	-0.123000	1.004000
555	0.062000	-0.122000	1.005000
556	0.064000	-0.123000	1.008000
557	0.062000	-0.122000	1.002000
558	0.060000	-0.120000	1.006000
559	0.064000	-0.123000	1.004000
560	0.063000	-0.126000	1.006000
561	0.062000	-0.125000	1.004000
562	0.062000	-0.121000	1.002000
563	0.062000	-0.122000	1.005000
564	0.066000	-0.123000	1.003000
565	0.065000	-0.124000	1.004000
566	0.067000	-0.123000	0.999000
567	0.064000	-0.122000	1.002000
568	0.071000	-0.124000	0.997000
569	0.069000	-0.124000	0.999000
570	0.059000	-0.123000	1.009000
571	0.061000	-0.124000	1.006000
572	0.066000	-0.125000	1.006000
573	0.061000	-0.126000	1.004000
574	0.067000	-0.123000	1.000000
575	0.065000	-0.124000	1.004000
576	0.062000	-0.124000	1.002000
577	0.060000	-0.126000	1.006000
578	0.064000	-0.123000	1.004000
579	0.064000	-0.123000	1.003000
580	0.062000	-0.120000	1.006000
581	0.065000	-0.122000	1.003000
582	0.068000	-0.123000	1.004000
583	0.066000	-0.123000	1.002000
584	0.067000	-0.121000	1.000000
585	0.069000	-0.121000	1.003000
586	0.065000	-0.122000	1.002000
587	0.067000	-0.125000	1.001000
588	0.067000	-0.125000	1.000000
589	0.066000	-0.122000	1.002000
590	0.064000	-0.125000	1.007000
591	0.064000	-0.125000	1.005000
592	0.067000	-0.127000	1.000000
593	0.067000	-0.123000	1.000000
594	0.067000	-0.125000	0.999000
595	0.066000	-0.124000	1.002000
596	0.065000	-0.126000	0.999000
597	0.065000	-0.129000	1.002000
598	0.067000	-0.124000	1.002000
599	0.064000	-0.127000	1.004000
600	0.065000	-0.126000	1.002000
601	0.065000	-0.129000	1.006000
602	0.066000	-0.127000	0.999000
603	0.066000	-0.125000	1.003000
604	0.065000	-0.126000	0.999000
605	0.066000	-0.126000	1.003000
606	0.065000	-0.127000	1.004000
607	0.065000	-0.126000	1.001000
608	0.065000	-0.125000	1.002000
609	0.064000	-0.122000	1.001000
610	0.066000	-0.122000	1.002000
611	0.065000	-0.122000	1.002000
612	0.064000	-0.123000	1.003000
613	0.065000	-0.122000	1.002000
614	0.064000	-0.120000	1.002000
615	0.064000	-0.119000	1.002000
616	0.066000	-0.120000	1.008000
617	0.062000	-0.122000	1.003000
618	0.064000	-0.120000	1.004000
619	0.064000	-0.118000	1.006000
620	0.063000	-0.120000	1.003000
621	0.065000	-0.116000	1.004000
622	0.061000	-0.120000	1.002000
623	0.061000	-0.120000	1.003000
624	0.063000	-0.119000	1.004000
625	0.065000	-0.118000	1.005000
626	0.062000	-0.118000	1.005000
627	0.061000	-0.118000	1.002000
628	0.060000	-0.118000	0.999000
629	0.060000	-0.118000	1.000000
630	0.061000	-0.119000	1.002000
631	0.061000	-0.119000	1.004000
632	0.059000	-0.119000	1.000000
633	0.063000	-0.118000	1.003000
634	0.062000	-0.116000	1.003000
635	0.060000	-0.117000	1.004000
636	0.061000	-0.117000	0.999000
637	0.060000	-0.118000	1.004000
638	0.060000	-0.119000	1.002000
639	0.060000	-0.119000	1.003000
640	0.057000	-0.123000	1.000000
641	0.060000	-0.120000	1.000000
642	0.059000	-0.120000	1.004000
643	0.059000	-0.118000	0.999000
644	0.059000	-0.118000	1.000000
645	0.060000	-0.117000	1.002000
646	0.061000	-0.117000	1.002000
647	0.060000	-0.119000	1.001000
648	0.059000	-0.118000	1.000000
649	0.059000	-0.118000	0.999000
650	0.059000	-0.118000	1.004000
651	0.060000	-0.119000	1.000000
652	0.060000	-0.117000	0.998000
653	0.061000	-0.120000	1.002000
654	0.061000	-0.120000	1.003000
655	0.060000	-0.121000	1.000000
656	0.059000	-0.121000	0.999000
657	0.063000	-0.120000	1.003000
658	0.062000	-0.119000	1.005000
659	0.064000	-0.119000	1.007000
660	0.062000	-0.118000	0.999000
661	0.062000	-0.122000	1.004000
662	0.060000	-0.120000	1.000000
663	0.059000	-0.120000	1.001000
664	0.060000	-0.119000	1.003000
665	0.060000	-0.120000	1.006000
666	0.061000	-0.120000	1.002000
667	0.059000	-0.121000	1.000000
668	0.059000	-0.120000	1.000000
669	0.058000	-0.121000	0.998000
670	0.056000	-0.120000	1.007000
671	0.055000	-0.119000	1.004000
672	0.054000	-0.117000	1.003000
673	0.051000	-0.122000	1.000000
674	0.053000	-0.121000	1.002000
675	0.050000	-0.123000	1.002000
676	0.049000	-0.123000	1.000000
677	0.053000	-0.121000	1.002000
678	0.049000	-0.121000	1.002000
679	0.051000	-0.121000	1.002000
680	0.050000	-0.124000	1.000000
681	0.049000	-0.124000	1.000000
682	0.050000	-0.122000	1.004000
683	0.051000	-0.122000	1.004000
684	0.051000	-0.122000	1.001000
685	0.051000	-0.121000	1.001000
686	0.050000	-0.120000	1.003000
687	0.048000	-0.122000	1.004000
688	0.050000	-0.123000	0.998000
689	0.052000	-0.123000	1.002000
690	0.053000	-0.121000	1.004000
691	0.051000	-0.121000	1.002000
692	0.052000	-0.120000	1.002000
693	0.050000	-0.120000	1.001000
694	0.055000	-0.119000	1.004000
695	0.053000	-0.122000	1.004000
696	0.054000	-0.122000	1.000000
697	0.051000	-0.123000	1.000000
698	0.050000	-0.124000	1.002000
699	0.057000	-0.125000	0.985000
700	0.052000	-0.122000	0.996000
701	0.063000	-0.122000	1.000000
702	0.048000	-0.122000	1.015000
703	0.046000	-0.124000	1.005000
704	0.055000	-0.121000	0.998000
705	0.058000	-0.122000	1.004000
706	0.056000	-0.123000	1.003000
707	0.046000	-0.125000	0.989000
708	0.053000	-0.125000	1.008000
709	0.052000	-0.122000	1.016000
710	0.054000	-0.123000	1.016000
711	0.059000	-0.124000	1.003000
712	0.052000	-0.123000	0.996000
713	0.057000	-0.122000	0.995000
714	0.059000	-0.119000	1.000000
715	0.052000	-0.122000	0.958000
716	0.074000	-0.170000	1.043000
717	0.028000	-0.027000	0.955000
718	-0.009000	-0.040000	0.869000
719	-0.033000	-0.006000	0.832000
720	0.017000	-0.064000	0.914000
721	0.045000	-0.102000	1.027000
722	0.085000	-0.182000	1.097000
723	0.132000	-0.220000	1.266000
724	0.168000	-0.331000	1.297000
725	0.178000	-0.311000	1.322000
726	0.192000	-0.322000	1.206000
727	0.171000	-0.279000	1.322000
728	0.318000	-0.385000	1.621000
729	0.191000	-0.301000	1.371000
730	0.178000	-0.303000	1.376000
731	0.179000	-0.294000	1.377000
732	0.179000	-0.291000	1.367000
733	0.176000	-0.294000	1.351000
734	0.175000	-0.294000	1.329000
735	0.180000	-0.293000	1.318000
736	0.181000	-0.292000	1.331000
737	0.178000	-0.296000	1.326000
738	0.177000	-0.297000	1.322000
739	0.180000	-0.295000	1.323000
740	0.179000	-0.295000	1.328000
741	0.179000	-0.293000	1.330000
742	0.177000	-0.297000	1.327000
743	0.176000	-0.291000	1.329000
744	0.181000	-0.289000	1.324000
745	0.178000	-0.288000	1.333000
746	0.177000	-0.291000	1.331000
747	0.177000	-0.293000	1.328000
748	0.179000	-0.293000	1.328000
749	0.178000	-0.293000	1.325000
750	0.179000	-0.293000	1.326000
751	0.177000	-0.294000	1.330000
752	0.177000	-0.294000	1.323000
753	0.175000	-0.297000	1.328000
754	0.176000	-0.295000	1.327000
755	0.174000	-0.295000	1.329000
756	0.173000	-0.293000	1.325000
757	0.173000	-0.294000	1.322000
758	0.176000	-0.295000	1.327000
759	0.179000	-0.294000	1.327000
760	0.177000	-0.293000	1.324000
761	0.178000	-0.293000	1.322000
762	0.180000	-0.291000	1.325000
763	0.178000	-0.293000	1.325000
764	0.176000	-0.294000	1.323000
765	0.179000	-0.293000	1.324000
766	0.179000	-0.292000	1.326000
767	0.178000	-0.291000	1.324000
768	0.178000	-0.294000	1.320000
769	0.176000	-0.294000	1.319000
770	0.179000	-0.292000	1.321000
771	0.179000	-0.292000	1.322000
772	0.177000	-0.291000	1.321000
773	0.183000	-0.292000	1.317000
774	0.176000	-0.291000	1.325000
775	0.178000	-0.291000	1.318000
776	0.182000	-0.289000	1.315000
777	0.175000	-0.288000	1.322000
778	0.181000	-0.290000	1.320000
779	0.180000	-0.291000	1.317000
780	0.179000	-0.290000	1.313000
781	0.181000	-0.286000	1.314000
782	0.180000	-0.288000	1.322000
783	0.180000	-0.291000	1.313000
784	0.179000	-0.289000	1.315000
785	0.179000	-0.288000	1.316000
786	0.179000	-0.286000	1.322000
787	0.177000	-0.286000	1.317000
788	0.181000	-0.287000	1.312000
789	0.183000	-0.288000	1.313000
790	0.179000	-0.288000	1.316000
791	0.181000	-0.288000	1.311000
792	0.181000	-0.288000	1.315000
793	0.178000	-0.286000	1.317000
794	0.182000	-0.286000	1.312000
795	0.182000	-0.287000	1.310000
796	0.181000	-0.287000	1.313000
797	0.181000	-0.288000	1.312000
798	0.183000	-0.286000	1.310000
799	0.178000	-0.287000	1.313000
800	0.175000	-0.287000	1.315000
801	0.182000	-0.289000	1.315000
802	0.179000	-0.288000	1.316000
803	0.181000	-0.288000	1.310000
804	0.184000	-0.288000	1.310000
805	0.177000	-0.287000	1.315000
806	0.178000	-0.285000	1.317000
807	0.178000	-0.288000	1.310000
808	0.174000	-0.289000	1.311000
809	0.179000	-0.286000	1.313000
810	0.181000	-0.286000	1.310000
811	0.179000	-0.286000	1.310000
812	0.179000	-0.284000	1.309000
813	0.181000	-0.284000	1.314000
814	0.177000	-0.286000	1.316000
815	0.177000	-0.288000	1.310000
816	0.178000	-0.285000	1.306000
817	0.178000	-0.285000	1.315000
818	0.179000	-0.286000	1.312000
819	0.175000	-0.288000	1.310000
820	0.176000	-0.286000	1.311000
821	0.179000	-0.287000	1.311000
822	0.176000	-0.288000	1.314000
823	0.176000	-0.287000	1.313000
824	0.176000	-0.286000	1.309000
825	0.176000	-0.284000	1.312000
826	0.175000	-0.286000	1.316000
827	0.174000	-0.284000	1.310000
828	0.173000	-0.283000	1.313000
829	0.176000	-0.284000	1.316000
830	0.174000	-0.283000	1.310000
831	0.175000	-0.280000	1.310000
832	0.176000	-0.276000	1.311000
833	0.176000	-0.276000	1.318000
834	0.174000	-0.278000	1.315000
835	0.174000	-0.276000	1.308000
836	0.176000	-0.273000	1.311000
837	0.174000	-0.274000	1.313000
838	0.175000	-0.274000	1.315000
839	0.172000	-0.276000	1.310000
840	0.174000	-0.276000	1.307000
841	0.174000	-0.275000	1.310000
842	0.176000	-0.275000	1.311000
843	0.172000	-0.276000	1.313000
844	0.174000	-0.279000	1.310000
845	0.174000	-0.278000	1.310000
846	0.174000	-0.275000	1.312000
847	0.173000	-0.275000	1.312000
848	0.173000	-0.277000	1.311000
849	0.176000	-0.281000	1.310000
850	0.174000	-0.281000	1.310000
851	0.171000	-0.279000	1.311000
852	0.171000	-0.279000	1.310000
853	0.167000	-0.281000	1.304000
854	0.170000	-0.280000	1.310000
855	0.169000	-0.283000	1.312000
856	0.168000	-0.284000	1.310000
857	0.167000	-0.284000	1.310000
858	0.168000	-0.284000	1.312000
859	0.167000	-0.285000	1.311000
860	0.168000	-0.286000	1.308000
861	0.167000	-0.287000	1.308000
862	0.166000	-0.287000	1.313000
863	0.166000	-0.287000	1.310000
864	0.164000	-0.286000	1.313000
865	0.165000	-0.284000	1.310000
866	0.164000	-0.285000	1.313000
867	0.166000	-0.288000	1.312000
868	0.166000	-0.287000	1.313000
869	0.165000	-0.288000	1.310000
870	0.164000	-0.287000	1.312000
871	0.162000	-0.286000	1.312000
872	0.164000	-0.287000	1.308000
873	0.165000	-0.288000	1.307000
874	0.164000	-0.291000	1.308000
875	0.164000	-0.289000	1.309000
876	0.164000	-0.286000	1.306000
877	0.163000	-0.287000	1.303000
878	0.160000	-0.287000	1.309000
879	0.159000	-0.290000	1.305000
880	0.158000	-0.292000	1.296000
881	0.156000	-0.295000	1.301000
882	0.156000	-0.298000	1.302000
883	0.157000	-0.295000	1.296000
884	0.161000	-0.294000	1.296000
885	0.159000	-0.294000	1.296000
886	0.159000	-0.294000	1.296000
887	0.158000	-0.297000	1.298000
888	0.161000	-0.300000	1.297000
889	0.163000	-0.300000	1.298000
890	0.164000	-0.299000	1.303000
891	0.166000	-0.298000	1.298000
892	0.167000	-0.296000	1.297000
893	0.169000	-0.297000	1.302000
894	0.167000	-0.297000	1.301000
895	0.165000	-0.297000	1.302000
896	0.166000	-0.295000	1.298000
897	0.169000	-0.296000	1.304000
898	0.166000	-0.293000	1.305000
899	0.165000	-0.293000	1.304000
900	0.166000	-0.290000	1.303000
901	0.166000	-0.288000	1.305000
902	0.164000	-0.287000	1.306000
903	0.166000	-0.288000	1.301000
904	0.166000	-0.287000	1.303000
905	0.166000	-0.289000	1.310000
906	0.164000	-0.290000	1.304000
907	0.164000	-0.289000	1.299000
908	0.164000	-0.289000	1.302000
909	0.166000	-0.289000	1.304000
910	0.165000	-0.288000	1.305000
911	0.163000	-0.289000	1.302000
912	0.165000	-0.288000	1.302000
913	0.165000	-0.287000	1.304000
914	0.164000	-0.288000	1.306000
915	0.162000	-0.288000	1.299000
916	0.164000	-0.290000	1.302000
917	0.164000	-0.288000	1.308000
918	0.163000	-0.284000	1.308000
919	0.162000	-0.285000	1.303000
920	0.164000	-0.286000	1.302000
921	0.161000	-0.283000	1.305000
922	0.160000	-0.283000	1.306000
923	0.161000	-0.286000	1.306000
924	0.162000	-0.287000	1.304000
925	0.163000	-0.285000	1.306000
926	0.162000	-0.287000	1.304000
927	0.159000	-0.288000	1.304000
928	0.160000	-0.286000	1.303000
929	0.161000	-0.286000	1.303000
930	0.162000	-0.283000	1.303000
931	0.159000	-0.286000	1.307000
932	0.159000	-0.285000	1.301000
933	0.160000	-0.286000	1.300000
934	0.163000	-0.285000	1.305000
935	0.160000	-0.284000	1.306000
936	0.159000	-0.286000	1.303000
937	0.159000	-0.286000	1.301000
938	0.160000	-0.282000	1.302000
939	0.160000	-0.284000	1.306000
940	0.160000	-0.286000	1.301000
941	0.161000	-0.285000	1.298000
942	0.162000	-0.286000	1.299000
943	0.162000	-0.286000	1.302000
944	0.161000	-0.287000	1.302000
945	0.163000	-0.287000	1.302000
946	0.165000	-0.285000	1.303000
947	0.162000	-0.285000	1.302000
948	0.162000	-0.287000	1.298000
949	0.165000	-0.286000	1.301000
950	0.164000	-0.286000	1.304000
951	0.165000	-0.286000	1.302000
952	0.163000	-0.287000	1.301000
953	0.164000	-0.288000	1.297000
954	0.164000	-0.286000	1.301000
955	0.163000	-0.285000	1.300000
956	0.165000	-0.286000	1.297000
957	0.164000	-0.285000	1.300000
958	0.165000	-0.288000	1.297000
959	0.165000	-0.289000	1.299000
960	0.164000	-0.288000	1.302000
961	0.165000	-0.288000	1.300000
962	0.165000	-0.288000	1.301000
963	0.165000	-0.288000	1.298000
964	0.164000	-0.288000	1.296000
965	0.167000	-0.288000	1.299000
966	0.167000	-0.287000	1.296000
967	0.166000	-0.287000	1.301000
968	0.164000	-0.284000	1.296000
969	0.167000	-0.281000	1.298000
970	0.169000	-0.276000	1.298000
971	0.168000	-0.278000	1.302000
972	0.169000	-0.278000	1.297000
973	0.169000	-0.276000	1.297000
974	0.170000	-0.275000	1.297000
975	0.169000	-0.276000	1.301000
976	0.167000	-0.277000	1.296000
977	0.168000	-0.276000	1.298000
978	0.169000	-0.273000	1.299000
979	0.169000	-0.275000	1.298000
980	0.169000	-0.273000	1.298000
981	0.169000	-0.275000	1.296000
982	0.168000	-0.278000	1.295000
983	0.168000	-0.276000	1.297000
984	0.168000	-0.275000	1.297000
985	0.168000	-0.276000	1.297000
986	0.169000	-0.278000	1.294000
987	0.169000	-0.279000	1.302000
988	0.168000	-0.280000	1.300000
989	0.169000	-0.279000	1.296000
990	0.169000	-0.278000	1.298000
991	0.169000	-0.277000	1.301000
992	0.169000	-0.276000	1.301000
993	0.170000	-0.276000	1.295000
994	0.170000	-0.276000	1.302000
995	0.169000	-0.277000	1.300000
996	0.167000	-0.278000	1.298000
997	0.167000	-0.279000	1.296000
998	0.169000	-0.280000	1.297000
999	0.168000	-0.279000	1.298000
1000	0.169000	-0.277000	1.300000
1001	0.165000	-0.279000	1.298000
1002	0.169000	-0.277000	1.300000
1003	0.169000	-0.278000	1.301000
1004	0.170000	-0.278000	1.295000
1005	0.172000	-0.280000	1.300000
1006	0.171000	-0.279000	1.300000
1007	0.170000	-0.280000	1.299000
1008	0.168000	-0.280000	1.294000
1009	0.169000	-0.280000	1.302000
1010	0.168000	-0.283000	1.302000
1011	0.168000	-0.283000	1.300000
1012	0.167000	-0.283000	1.299000
1013	0.166000	-0.282000	1.298000
1014	0.166000	-0.280000	1.298000
1015	0.163000	-0.283000	1.298000
1016	0.164000	-0.283000	1.300000
1017	0.164000	-0.282000	1.301000
1018	0.166000	-0.281000	1.304000
1019	0.163000	-0.282000	1.301000
1020	0.163000	-0.284000	1.296000
1021	0.162000	-0.284000	1.296000
1022	0.163000	-0.284000	1.306000
1023	0.160000	-0.281000	1.305000
1024	0.160000	-0.282000	1.295000
1025	0.162000	-0.280000	1.299000
1026	0.161000	-0.281000	1.300000
1027	0.159000	-0.280000	1.304000
1028	0.160000	-0.280000	1.304000
1029	0.159000	-0.281000	1.298000
1030	0.160000	-0.280000	1.302000
1031	0.159000	-0.280000	1.302000
1032	0.157000	-0.280000	1.302000
1033	0.158000	-0.280000	1.299000
1034	0.158000	-0.280000	1.302000
1035	0.159000	-0.280000	1.307000
1036	0.155000	-0.281000	1.304000
1037	0.158000	-0.282000	1.297000
1038	0.159000	-0.282000	1.300000
1039	0.160000	-0.282000	1.304000
1040	0.158000	-0.283000	1.308000
1041	0.158000	-0.282000	1.298000
1042	0.160000	-0.281000	1.300000
1043	0.159000	-0.282000	1.304000
1044	0.160000	-0.282000	1.298000
1045	0.158000	-0.282000	1.298000
1046	0.157000	-0.282000	1.302000
1047	0.159000	-0.280000	1.304000
1048	0.158000	-0.283000	1.302000
1049	0.158000	-0.283000	1.300000
1050	0.159000	-0.283000	1.296000
1051	0.158000	-0.284000	1.309000
1052	0.158000	-0.287000	1.295000
1053	0.159000	-0.287000	1.296000
1054	0.156000	-0.288000	1.257000
1055	0.156000	-0.288000	1.303000
1056	0.158000	-0.288000	1.298000
1057	0.159000	-0.287000	1.300000
1058	0.158000	-0.287000	1.308000
1059	0.157000	-0.288000	1.296000
1060	0.156000	-0.290000	1.284000
1061	0.161000	-0.288000	1.298000
1062	0.159000	-0.287000	1.325000
1063	0.240000	-0.432000	1.551000
1064	0.116000	-0.289000	1.182000
1065	0.133000	-0.244000	1.260000
1066	0.220000	-0.387000	1.450000
1067	0.244000	-0.452000	1.327000
1068	0.272000	-0.294000	1.414000
1069	0.252000	-0.274000	1.383000
1070	0.214000	-0.293000	1.557000
1071	0.310000	-0.386000	1.439000
1072	0.127000	-0.194000	1.153000
1073	0.050000	-0.160000	1.019000
1074	0.055000	-0.145000	1.020000
1075	0.179000	-0.242000	1.231000
1076	0.160000	-0.290000	1.270000
1077	0.205000	-0.321000	1.278000
1078	0.050000	-0.113000	1.163000
1079	0.022000	-0.082000	1.068000
1080	0.101000	-0.237000	1.181000
1081	0.202000	-0.342000	1.431000
1082	0.276000	-0.414000	1.703000
1083	0.297000	-0.423000	1.553000
1084	0.301000	-0.435000	1.533000
1085	0.308000	-0.441000	1.561000
1086	0.305000	-0.439000	1.602000
1087	0.298000	-0.441000	1.610000
1088	0.300000	-0.441000	1.607000
1089	0.304000	-0.436000	1.612000
1090	0.302000	-0.436000	1.618000
1091	0.301000	-0.435000	1.610000
1092	0.299000	-0.437000	1.601000
1093	0.302000	-0.436000	1.601000
1094	0.301000	-0.430000	1.612000
1095	0.300000	-0.430000	1.608000
1096	0.298000	-0.432000	1.600000
1097	0.300000	-0.431000	1.598000
1098	0.302000	-0.428000	1.610000
1099	0.300000	-0.431000	1.605000
1100	0.297000	-0.432000	1.599000
1101	0.301000	-0.430000	1.605000
1102	0.299000	-0.430000	1.612000
1103	0.297000	-0.431000	1.605000
1104	0.296000	-0.435000	1.603000
1105	0.297000	-0.433000	1.600000
1106	0.296000	-0.430000	1.606000
1107	0.295000	-0.432000	1.605000
1108	0.294000	-0.434000	1.598000
1109	0.296000	-0.434000	1.598000
1110	0.298000	-0.431000	1.603000
1111	0.298000	-0.428000	1.603000
1112	0.296000	-0.430000	1.601000
1113	0.297000	-0.428000	1.602000
1114	0.299000	-0.429000	1.602000
1115	0.297000	-0.428000	1.597000
1116	0.297000	-0.428000	1.599000
1117	0.300000	-0.426000	1.606000
1118	0.299000	-0.427000	1.606000
1119	0.299000	-0.426000	1.601000
1120	0.298000	-0.426000	1.595000
1121	0.302000	-0.425000	1.598000
1122	0.299000	-0.426000	1.602000
1123	0.298000	-0.427000	1.596000
1124	0.299000	-0.425000	1.596000
1125	0.301000	-0.422000	1.599000
1126	0.299000	-0.425000	1.599000
1127	0.297000	-0.427000	1.597000
1128	0.299000	-0.425000	1.593000
1129	0.301000	-0.426000	1.600000
1130	0.296000	-0.425000	1.597000
1131	0.298000	-0.427000	1.592000
1132	0.300000	-0.428000	1.592000
1133	0.298000	-0.425000	1.598000
1134	0.299000	-0.425000	1.599000
1135	0.295000	-0.426000	1.598000
1136	0.298000	-0.428000	1.595000
1137	0.298000	-0.429000	1.599000
1138	0.298000	-0.427000	1.601000
1139	0.295000	-0.423000	1.599000
1140	0.297000	-0.428000	1.596000
1141	0.296000	-0.430000	1.591000
1142	0.295000	-0.429000	1.599000
1143	0.296000	-0.426000	1.599000
1144	0.297000	-0.427000	1.600000
1145	0.296000	-0.430000	1.598000
1146	0.293000	-0.432000	1.594000
1147	0.296000	-0.428000	1.595000
1148	0.294000	-0.429000	1.599000
1149	0.291000	-0.432000	1.595000
1150	0.294000	-0.428000	1.596000
1151	0.293000	-0.426000	1.599000
1152	0.292000	-0.427000	1.599000
1153	0.291000	-0.428000	1.596000
1154	0.289000	-0.427000	1.590000
1155	0.291000	-0.424000	1.595000
1156	0.292000	-0.427000	1.599000
1157	0.293000	-0.427000	1.596000
1158	0.290000	-0.428000	1.591000
1159	0.291000	-0.425000	1.600000
1160	0.289000	-0.426000	1.600000
1161	0.289000	-0.429000	1.592000
1162	0.290000	-0.425000	1.595000
1163	0.289000	-0.424000	1.595000
1164	0.290000	-0.426000	1.598000
1165	0.288000	-0.429000	1.592000
1166	0.288000	-0.429000	1.589000
1167	0.289000	-0.424000	1.594000
1168	0.289000	-0.426000	1.595000
1169	0.287000	-0.428000	1.597000
1170	0.288000	-0.427000	1.591000
1171	0.289000	-0.426000	1.597000
1172	0.290000	-0.427000	1.593000
1173	0.286000	-0.428000	1.595000
1174	0.288000	-0.428000	1.593000
1175	0.288000	-0.422000	1.593000
1176	0.291000	-0.426000	1.594000
1177	0.289000	-0.427000	1.593000
1178	0.289000	-0.427000	1.586000
1179	0.288000	-0.425000	1.597000
1180	0.289000	-0.424000	1.591000
1181	0.287000	-0.426000	1.589000
1182	0.288000	-0.427000	1.587000
1183	0.292000	-0.424000	1.591000
1184	0.288000	-0.425000	1.594000
1185	0.288000	-0.426000	1.586000
1186	0.285000	-0.427000	1.590000
1187	0.288000	-0.425000	1.592000
1188	0.286000	-0.424000	1.595000
1189	0.286000	-0.425000	1.594000
1190	0.287000	-0.428000	1.589000
1191	0.287000	-0.428000	1.591000
1192	0.289000	-0.425000	1.590000
1193	0.286000	-0.426000	1.591000
1194	0.288000	-0.427000	1.588000
1195	0.289000	-0.429000	1.591000
1196	0.286000	-0.427000	1.595000
1197	0.287000	-0.425000	1.591000
1198	0.286000	-0.427000	1.592000
1199	0.286000	-0.424000	1.592000
1200	0.283000	-0.423000	1.595000
1201	0.286000	-0.421000	1.589000
1202	0.288000	-0.420000	1.592000
1203	0.288000	-0.419000	1.594000
1204	0.289000	-0.420000	1.597000
1205	0.285000	-0.419000	1.595000
1206	0.284000	-0.420000	1.591000
1207	0.285000	-0.421000	1.595000
1208	0.288000	-0.421000	1.595000
1209	0.286000	-0.419000	1.595000
1210	0.285000	-0.418000	1.594000
1211	0.286000	-0.420000	1.597000
1212	0.287000	-0.422000	1.599000
1213	0.282000	-0.419000	1.591000
1214	0.283000	-0.419000	1.587000
1215	0.283000	-0.419000	1.596000
1216	0.283000	-0.422000	1.597000
1217	0.283000	-0.420000	1.596000
1218	0.284000	-0.420000	1.593000
1219	0.283000	-0.421000	1.593000
1220	0.283000	-0.420000	1.596000
1221	0.281000	-0.424000	1.593000
1222	0.281000	-0.425000	1.593000
1223	0.280000	-0.423000	1.591000
1224	0.279000	-0.424000	1.596000
1225	0.276000	-0.426000	1.594000
1226	0.278000	-0.422000	1.593000
1227	0.281000	-0.423000	1.595000
1228	0.276000	-0.426000	1.593000
1229	0.280000	-0.426000	1.590000
1230	0.280000	-0.425000	1.595000
1231	0.278000	-0.425000	1.596000
1232	0.276000	-0.426000	1.593000
1233	0.277000	-0.425000	1.594000
1234	0.279000	-0.423000	1.595000
1235	0.277000	-0.422000	1.594000
1236	0.277000	-0.426000	1.590000
1237	0.275000	-0.426000	1.592000
1238	0.275000	-0.425000	1.595000
1239	0.277000	-0.425000	1.590000
1240	0.273000	-0.426000	1.592000
1241	0.272000	-0.427000	1.592000
1242	0.275000	-0.424000	1.595000
1243	0.276000	-0.426000	1.589000
1244	0.276000	-0.425000	1.589000
1245	0.275000	-0.426000	1.596000
1246	0.275000	-0.425000	1.595000
1247	0.274000	-0.425000	1.592000
1248	0.277000	-0.427000	1.591000
1249	0.277000	-0.428000	1.592000
1250	0.275000	-0.426000	1.593000
1251	0.274000	-0.427000	1.592000
1252	0.275000	-0.425000	1.584000
1253	0.277000	-0.426000	1.593000
1254	0.276000	-0.427000	1.592000
1255	0.275000	-0.425000	1.591000
1256	0.276000	-0.425000	1.588000
1257	0.275000	-0.424000	1.590000
1258	0.277000	-0.425000	1.589000
1259	0.275000	-0.423000	1.585000
1260	0.276000	-0.426000	1.589000
1261	0.278000	-0.425000	1.588000
1262	0.277000	-0.427000	1.591000
1263	0.276000	-0.428000	1.589000
1264	0.277000	-0.427000	1.587000
1265	0.277000	-0.426000	1.584000
1266	0.279000	-0.424000	1.588000
1267	0.274000	-0.427000	1.591000
1268	0.273000	-0.429000	1.589000
1269	0.278000	-0.426000	1.584000
1270	0.276000	-0.426000	1.586000
1271	0.278000	-0.425000	1.592000
1272	0.277000	-0.427000	1.585000
1273	0.272000	-0.426000	1.585000
1274	0.278000	-0.427000	1.589000
1275	0.274000	-0.424000	1.594000
1276	0.273000	-0.428000	1.588000
1277	0.275000	-0.425000	1.585000
1278	0.276000	-0.424000	1.590000
1279	0.276000	-0.423000	1.591000
1280	0.271000	-0.424000	1.588000
1281	0.275000	-0.425000	1.584000
1282	0.276000	-0.423000	1.588000
1283	0.275000	-0.423000	1.588000
1284	0.273000	-0.427000	1.584000
1285	0.275000	-0.425000	1.587000
1286	0.274000	-0.425000	1.587000
1287	0.274000	-0.423000	1.592000
1288	0.274000	-0.424000	1.584000
1289	0.272000	-0.423000	1.587000
1290	0.275000	-0.425000	1.592000
1291	0.275000	-0.423000	1.586000
1292	0.275000	-0.422000	1.587000
1293	0.275000	-0.424000	1.589000
1294	0.275000	-0.424000	1.590000
1295	0.276000	-0.424000	1.586000
1296	0.277000	-0.423000	1.584000
1297	0.276000	-0.422000	1.585000
1298	0.276000	-0.422000	1.592000
1299	0.275000	-0.424000	1.586000
1300	0.278000	-0.422000	1.591000
1301	0.275000	-0.426000	1.593000
1302	0.277000	-0.423000	1.590000
1303	0.276000	-0.422000	1.589000
1304	0.277000	-0.423000	1.584000
1305	0.276000	-0.422000	1.584000
1306	0.278000	-0.420000	1.588000
1307	0.275000	-0.421000	1.589000
1308	0.278000	-0.421000	1.582000
1309	0.275000	-0.423000	1.586000
1310	0.277000	-0.424000	1.586000
1311	0.276000	-0.422000	1.590000
1312	0.274000	-0.424000	1.587000
1313	0.277000	-0.423000	1.583000
1314	0.276000	-0.423000	1.584000
1315	0.275000	-0.421000	1.588000
1316	0.274000	-0.423000	1.585000
1317	0.273000	-0.425000	1.581000
1318	0.274000	-0.424000	1.587000
1319	0.276000	-0.422000	1.584000
1320	0.273000	-0.425000	1.585000
1321	0.272000	-0.425000	1.581000
1322	0.275000	-0.423000	1.579000
1323	0.277000	-0.421000	1.581000
1324	0.275000	-0.428000	1.583000
1325	0.275000	-0.427000	1.583000
1326	0.275000	-0.422000	1.582000
1327	0.273000	-0.425000	1.585000
1328	0.275000	-0.427000	1.584000
1329	0.277000	-0.426000	1.582000
1330	0.275000	-0.424000	1.580000
1331	0.275000	-0.423000	1.582000
1332	0.276000	-0.426000	1.578000
1333	0.276000	-0.424000	1.580000
1334	0.278000	-0.423000	1.581000
1335	0.278000	-0.424000	1.581000
1336	0.281000	-0.423000	1.581000
1337	0.278000	-0.422000	1.583000
1338	0.275000	-0.424000	1.585000
1339	0.279000	-0.423000	1.581000
1340	0.279000	-0.423000	1.579000
1341	0.276000	-0.426000	1.579000
1342	0.280000	-0.423000	1.573000
1343	0.279000	-0.422000	1.582000
1344	0.279000	-0.420000	1.583000
1345	0.276000	-0.424000	1.578000
1346	0.275000	-0.423000	1.584000
1347	0.280000	-0.419000	1.582000
1348	0.275000	-0.422000	1.583000
1349	0.277000	-0.424000	1.580000
1350	0.279000	-0.420000	1.579000
1351	0.280000	-0.417000	1.581000
1352	0.278000	-0.420000	1.579000
1353	0.276000	-0.421000	1.576000
1354	0.276000	-0.419000	1.576000
1355	0.279000	-0.420000	1.581000
1356	0.275000	-0.419000	1.583000
1357	0.278000	-0.420000	1.579000
1358	0.277000	-0.419000	1.580000
1359	0.276000	-0.419000	1.578000
1360	0.273000	-0.420000	1.580000
1361	0.276000	-0.418000	1.580000
1362	0.271000	-0.419000	1.582000
1363	0.272000	-0.422000	1.585000
1364	0.268000	-0.419000	1.584000
1365	0.270000	-0.416000	1.581000
1366	0.269000	-0.416000	1.589000
1367	0.264000	-0.420000	1.587000
1368	0.268000	-0.417000	1.580000
1369	0.269000	-0.417000	1.580000
1370	0.268000	-0.421000	1.587000
1371	0.263000	-0.419000	1.582000
1372	0.266000	-0.418000	1.579000
1373	0.263000	-0.419000	1.582000
1374	0.263000	-0.419000	1.584000
1375	0.264000	-0.417000	1.580000
1376	0.261000	-0.418000	1.583000
1377	0.265000	-0.418000	1.581000
1378	0.265000	-0.420000	1.582000
1379	0.265000	-0.423000	1.581000
1380	0.259000	-0.421000	1.581000
1381	0.263000	-0.423000	1.582000
1382	0.264000	-0.426000	1.582000
1383	0.262000	-0.423000	1.583000
1384	0.262000	-0.422000	1.585000
1385	0.262000	-0.423000	1.579000
1386	0.268000	-0.421000	1.579000
1387	0.265000	-0.423000	1.583000
1388	0.265000	-0.423000	1.583000
1389	0.263000	-0.423000	1.577000
1390	0.267000	-0.423000	1.585000
1391	0.262000	-0.422000	1.589000
1392	0.260000	-0.423000	1.577000
1393	0.265000	-0.427000	1.576000
1394	0.264000	-0.422000	1.583000
1395	0.260000	-0.423000	1.581000
1396	0.263000	-0.421000	1.577000
1397	0.262000	-0.424000	1.578000
1398	0.265000	-0.423000	1.570000
1399	0.263000	-0.422000	1.575000
1400	0.265000	-0.423000	1.578000
1401	0.266000	-0.423000	1.558000
1402	0.264000	-0.423000	1.571000
1403	0.265000	-0.422000	1.570000
1404	0.265000	-0.419000	1.604000
1405	0.264000	-0.420000	1.584000
1406	0.264000	-0.422000	1.587000
1407	0.265000	-0.421000	1.578000
1408	0.264000	-0.423000	1.562000
1409	0.263000	-0.422000	1.561000
1410	0.266000	-0.420000	1.571000
1411	0.263000	-0.420000	1.596000
1412	0.265000	-0.419000	1.582000
1413	0.265000	-0.421000	1.627000
1414	0.267000	-0.418000	1.599000
1415	0.238000	-0.395000	1.399000
1416	0.225000	-0.436000	1.405000
1417	0.148000	-0.291000	1.250000
1418	0.035000	-0.068000	1.049000
1419	-0.016000	-0.057000	0.976000
1420	0.201000	-0.302000	1.476000
1421	0.271000	-0.336000	1.520000
1422	0.239000	-0.328000	1.355000
1423	0.305000	-0.395000	1.432000
1424	0.113000	-0.167000	1.248000
1425	0.245000	-0.510000	1.647000
1426	0.338000	-0.536000	1.979000
1427	0.398000	-0.575000	1.876000
1428	0.398000	-0.587000	1.863000
1429	0.387000	-0.597000	1.868000
1430	0.392000	-0.592000	1.867000
1431	0.391000	-0.590000	1.893000
1432	0.391000	-0.592000	1.904000
1433	0.391000	-0.591000	1.887000
1434	0.391000	-0.588000	1.881000
1435	0.395000	-0.587000	1.887000
1436	0.389000	-0.586000	1.893000
1437	0.391000	-0.587000	1.884000
1438	0.394000	-0.588000	1.883000
1439	0.394000	-0.586000	1.883000
1440	0.396000	-0.587000	1.886000
1441	0.392000	-0.587000	1.893000
1442	0.392000	-0.588000	1.891000
1443	0.394000	-0.588000	1.890000
1444	0.391000	-0.587000	1.889000
1445	0.393000	-0.585000	1.889000
1446	0.392000	-0.586000	1.887000
1447	0.391000	-0.585000	1.888000
1448	0.392000	-0.584000	1.886000
1449	0.394000	-0.585000	1.887000
1450	0.393000	-0.584000	1.888000
1451	0.391000	-0.581000	1.885000
1452	0.392000	-0.585000	1.885000
1453	0.393000	-0.585000	1.888000
1454	0.390000	-0.582000	1.889000
1455	0.392000	-0.584000	1.882000
1456	0.393000	-0.582000	1.883000
1457	0.391000	-0.582000	1.889000
1458	0.393000	-0.583000	1.886000
1459	0.391000	-0.582000	1.884000
1460	0.392000	-0.580000	1.885000
1461	0.391000	-0.581000	1.884000
1462	0.391000	-0.583000	1.884000
1463	0.391000	-0.583000	1.881000
1464	0.392000	-0.583000	1.884000
1465	0.390000	-0.582000	1.880000
1466	0.394000	-0.581000	1.881000
1467	0.388000	-0.583000	1.884000
1468	0.389000	-0.584000	1.881000
1469	0.389000	-0.583000	1.879000
1470	0.389000	-0.580000	1.879000
1471	0.389000	-0.583000	1.883000
1472	0.389000	-0.581000	1.874000
1473	0.391000	-0.581000	1.877000
1474	0.390000	-0.584000	1.880000
1475	0.389000	-0.582000	1.877000
1476	0.391000	-0.583000	1.873000
1477	0.387000	-0.585000	1.875000
1478	0.386000	-0.583000	1.882000
1479	0.386000	-0.584000	1.878000
1480	0.388000	-0.583000	1.877000
1481	0.387000	-0.583000	1.876000
1482	0.385000	-0.583000	1.875000
1483	0.390000	-0.583000	1.878000
1484	0.388000	-0.585000	1.874000
1485	0.386000	-0.583000	1.873000
1486	0.390000	-0.581000	1.871000
1487	0.387000	-0.582000	1.883000
1488	0.386000	-0.584000	1.875000
1489	0.386000	-0.584000	1.872000
1490	0.395000	-0.582000	1.873000
1491	0.388000	-0.586000	1.875000
1492	0.390000	-0.582000	1.880000
1493	0.389000	-0.582000	1.874000
1494	0.387000	-0.585000	1.871000
1495	0.393000	-0.582000	1.873000
1496	0.386000	-0.581000	1.876000
1497	0.388000	-0.584000	1.870000
1498	0.391000	-0.582000	1.871000
1499	0.390000	-0.580000	1.876000
1500	0.388000	-0.581000	1.879000
1501	0.388000	-0.582000	1.873000
1502	0.391000	-0.581000	1.873000
1503	0.390000	-0.584000	1.874000
1504	0.390000	-0.582000	1.877000
1505	0.388000	-0.580000	1.876000
1506	0.390000	-0.581000	1.868000
1507	0.391000	-0.581000	1.874000
1508	0.391000	-0.581000	1.875000
1509	0.390000	-0.582000	1.873000
1510	0.388000	-0.581000	1.872000
1511	0.390000	-0.579000	1.872000
1512	0.390000	-0.579000	1.872000
1513	0.389000	-0.580000	1.872000
1514	0.389000	-0.578000	1.868000
1515	0.391000	-0.580000	1.875000
1516	0.391000	-0.581000	1.873000
1517	0.392000	-0.578000	1.873000
1518	0.389000	-0.578000	1.873000
1519	0.390000	-0.578000	1.873000
1520	0.389000	-0.577000	1.869000
1521	0.390000	-0.577000	1.869000
1522	0.390000	-0.580000	1.868000
1523	0.390000	-0.577000	1.872000
1524	0.387000	-0.578000	1.872000
1525	0.391000	-0.578000	1.869000
1526	0.388000	-0.576000	1.865000
1527	0.390000	-0.579000	1.867000
1528	0.388000	-0.579000	1.866000
1529	0.388000	-0.578000	1.867000
1530	0.390000	-0.578000	1.867000
1531	0.388000	-0.578000	1.865000
1532	0.389000	-0.577000	1.865000
1533	0.388000	-0.576000	1.863000
1534	0.390000	-0.578000	1.865000
1535	0.389000	-0.576000	1.865000
1536	0.387000	-0.578000	1.865000
1537	0.388000	-0.578000	1.866000
1538	0.389000	-0.576000	1.869000
1539	0.389000	-0.578000	1.863000
1540	0.386000	-0.578000	1.865000
1541	0.387000	-0.575000	1.865000
1542	0.388000	-0.577000	1.865000
1543	0.387000	-0.577000	1.869000
1544	0.387000	-0.574000	1.863000
1545	0.386000	-0.578000	1.865000
1546	0.389000	-0.575000	1.865000
1547	0.386000	-0.572000	1.866000
1548	0.387000	-0.574000	1.868000
1549	0.385000	-0.576000	1.862000
1550	0.389000	-0.572000	1.860000
1551	0.389000	-0.572000	1.865000
1552	0.386000	-0.574000	1.867000
1553	0.386000	-0.573000	1.861000
1554	0.388000	-0.573000	1.864000
1555	0.390000	-0.573000	1.861000
1556	0.380000	-0.574000	1.868000
1557	0.392000	-0.572000	1.861000
1558	0.384000	-0.573000	1.861000
1559	0.387000	-0.573000	1.861000
1560	0.390000	-0.570000	1.863000
1561	0.388000	-0.572000	1.862000
1562	0.384000	-0.572000	1.859000
1563	0.387000	-0.568000	1.863000
1564	0.385000	-0.570000	1.869000
1565	0.385000	-0.571000	1.862000
1566	0.385000	-0.569000	1.859000
1567	0.386000	-0.571000	1.865000
1568	0.387000	-0.571000	1.863000
1569	0.387000	-0.570000	1.862000
1570	0.384000	-0.569000	1.864000
1571	0.385000	-0.572000	1.861000
1572	0.387000	-0.570000	1.864000
1573	0.385000	-0.568000	1.861000
1574	0.384000	-0.568000	1.863000
1575	0.386000	-0.569000	1.868000
1576	0.384000	-0.571000	1.861000
1577	0.387000	-0.568000	1.861000
1578	0.386000	-0.568000	1.863000
1579	0.382000	-0.571000	1.863000
1580	0.383000	-0.569000	1.860000
1581	0.385000	-0.568000	1.865000
1582	0.386000	-0.571000	1.865000
1583	0.382000	-0.566000	1.865000
1584	0.384000	-0.567000	1.863000
1585	0.384000	-0.569000	1.861000
1586	0.386000	-0.565000	1.862000
1587	0.385000	-0.567000	1.864000
1588	0.382000	-0.568000	1.864000
1589	0.385000	-0.568000	1.859000
1590	0.384000	-0.566000	1.864000
1591	0.387000	-0.566000	1.863000
1592	0.383000	-0.566000	1.863000
1593	0.383000	-0.564000	1.860000
1594	0.385000	-0.565000	1.860000
1595	0.385000	-0.568000	1.863000
1596	0.387000	-0.566000	1.865000
1597	0.384000	-0.566000	1.862000
1598	0.384000	-0.565000	1.861000
1599	0.386000	-0.565000	1.863000
1600	0.383000	-0.567000	1.863000
1601	0.386000	-0.567000	1.857000
1602	0.382000	-0.565000	1.863000
1603	0.385000	-0.565000	1.863000
1604	0.386000	-0.568000	1.860000
1605	0.388000	-0.566000	1.860000
1606	0.385000	-0.566000	1.857000
1607	0.386000	-0.566000	1.858000
1608	0.385000	-0.565000	1.865000
1609	0.384000	-0.564000	1.861000
1610	0.384000	-0.566000	1.859000
1611	0.386000	-0.565000	1.862000
1612	0.384000	-0.567000	1.862000
1613	0.385000	-0.566000	1.862000
1614	0.386000	-0.567000	1.860000
1615	0.386000	-0.564000	1.862000
1616	0.385000	-0.565000	1.859000
1617	0.383000	-0.566000	1.863000
1618	0.384000	-0.564000	1.855000
1619	0.385000	-0.567000	1.858000
1620	0.386000	-0.564000	1.861000
1621	0.382000	-0.565000	1.861000
1622	0.385000	-0.568000	1.856000
1623	0.383000	-0.569000	1.860000
1624	0.385000	-0.568000	1.859000
1625	0.384000	-0.567000	1.859000
1626	0.383000	-0.568000	1.855000
1627	0.384000	-0.567000	1.862000
1628	0.383000	-0.565000	1.858000
1629	0.384000	-0.568000	1.862000
1630	0.384000	-0.569000	1.855000
1631	0.384000	-0.566000	1.859000
1632	0.384000	-0.568000	1.860000
1633	0.382000	-0.569000	1.857000
1634	0.383000	-0.570000	1.857000
1635	0.384000	-0.569000	1.856000
1636	0.385000	-0.566000	1.859000
1637	0.382000	-0.569000	1.860000
1638	0.385000	-0.572000	1.860000
1639	0.383000	-0.566000	1.862000
1640	0.383000	-0.567000	1.858000
1641	0.383000	-0.570000	1.857000
1642	0.381000	-0.569000	1.856000
1643	0.382000	-0.568000	1.860000
1644	0.381000	-0.567000	1.862000
1645	0.381000	-0.568000	1.859000
1646	0.382000	-0.570000	1.863000
1647	0.380000	-0.564000	1.861000
1648	0.380000	-0.568000	1.859000
1649	0.378000	-0.568000	1.859000
1650	0.385000	-0.566000	1.859000
1651	0.381000	-0.568000	1.859000
1652	0.377000	-0.568000	1.861000
1653	0.382000	-0.569000	1.856000
1654	0.381000	-0.566000	1.860000
1655	0.381000	-0.566000	1.860000
1656	0.384000	-0.565000	1.853000
1657	0.382000	-0.565000	1.857000
1658	0.383000	-0.565000	1.855000
1659	0.382000	-0.568000	1.861000
1660	0.383000	-0.564000	1.859000
1661	0.377000	-0.565000	1.860000
1662	0.381000	-0.567000	1.853000
1663	0.383000	-0.566000	1.859000
1664	0.382000	-0.564000	1.858000
1665	0.381000	-0.565000	1.859000
1666	0.379000	-0.565000	1.857000
1667	0.383000	-0.567000	1.858000
1668	0.383000	-0.565000	1.861000
1669	0.380000	-0.566000	1.859000
1670	0.383000	-0.566000	1.852000
1671	0.385000	-0.565000	1.854000
1672	0.383000	-0.566000	1.859000
1673	0.381000	-0.566000	1.858000
1674	0.382000	-0.566000	1.855000
1675	0.383000	-0.568000	1.859000
1676	0.383000	-0.563000	1.861000
1677	0.383000	-0.566000	1.857000
1678	0.383000	-0.565000	1.857000
1679	0.384000	-0.564000	1.855000
1680	0.382000	-0.564000	1.859000
1681	0.384000	-0.566000	1.854000
1682	0.380000	-0.566000	1.857000
1683	0.384000	-0.563000	1.853000
1684	0.381000	-0.566000	1.853000
1685	0.383000	-0.567000	1.854000
1686	0.382000	-0.564000	1.857000
1687	0.385000	-0.564000	1.857000
1688	0.381000	-0.567000	1.852000
1689	0.380000	-0.565000	1.856000
1690	0.381000	-0.564000	1.857000
1691	0.383000	-0.566000	1.854000
1692	0.384000	-0.565000	1.853000
1693	0.380000	-0.564000	1.849000
1694	0.382000	-0.567000	1.856000
1695	0.382000	-0.565000	1.857000
1696	0.383000	-0.564000	1.857000
1697	0.381000	-0.567000	1.852000
1698	0.384000	-0.565000	1.855000
1699	0.382000	-0.564000	1.856000
1700	0.382000	-0.566000	1.853000
1701	0.382000	-0.565000	1.855000
1702	0.380000	-0.565000	1.857000
1703	0.378000	-0.564000	1.855000
1704	0.380000	-0.564000	1.855000
1705	0.380000	-0.566000	1.857000
1706	0.382000	-0.563000	1.856000
1707	0.381000	-0.564000	1.854000
1708	0.382000	-0.566000	1.852000
1709	0.381000	-0.564000	1.851000
1710	0.382000	-0.561000	1.857000
1711	0.381000	-0.565000	1.855000
1712	0.378000	-0.565000	1.852000
1713	0.383000	-0.562000	1.855000
1714	0.381000	-0.565000	1.855000
1715	0.381000	-0.565000	1.851000
1716	0.382000	-0.562000	1.853000
1717	0.382000	-0.562000	1.849000
1718	0.381000	-0.565000	1.854000
1719	0.381000	-0.564000	1.851000
1720	0.379000	-0.564000	1.852000
1721	0.380000	-0.563000	1.849000
1722	0.380000	-0.563000	1.856000
1723	0.380000	-0.565000	1.851000
1724	0.379000	-0.562000	1.846000
1725	0.379000	-0.563000	1.851000
1726	0.379000	-0.567000	1.851000
1727	0.379000	-0.564000	1.853000
1728	0.378000	-0.563000	1.848000
1729	0.378000	-0.565000	1.854000
1730	0.379000	-0.566000	1.852000
1731	0.378000	-0.564000	1.853000
1732	0.378000	-0.563000	1.851000
1733	0.378000	-0.564000	1.849000
1734	0.379000	-0.564000	1.852000
1735	0.382000	-0.564000	1.853000
1736	0.377000	-0.565000	1.853000
1737	0.374000	-0.564000	1.850000
1738	0.379000	-0.564000	1.855000
1739	0.378000	-0.566000	1.847000
1740	0.376000	-0.563000	1.848000
1741	0.377000	-0.565000	1.848000
1742	0.379000	-0.567000	1.852000
1743	0.376000	-0.565000	1.858000
1744	0.377000	-0.562000	1.851000
1745	0.379000	-0.563000	1.849000
1746	0.378000	-0.565000	1.847000
1747	0.380000	-0.566000	1.849000
1748	0.377000	-0.564000	1.850000
1749	0.379000	-0.564000	1.847000
1750	0.379000	-0.565000	1.843000
1751	0.381000	-0.566000	1.845000
1752	0.378000	-0.567000	1.849000
1753	0.377000	-0.567000	1.839000
1754	0.379000	-0.566000	1.838000
1755	0.380000	-0.566000	1.849000
1756	0.377000	-0.568000	1.852000
1757	0.377000	-0.569000	1.923000
1758	0.690000	-1.012000	1.932000
1759	0.248000	-0.389000	1.018000
1760	-0.046000	-0.020000	0.799000
1761	-0.030000	0.021000	0.798000
1762	-0.050000	0.004000	0.798000
1763	-0.038000	-0.010000	0.801000
1764	-0.033000	-0.036000	0.796000
1765	-0.047000	-0.049000	0.797000
1766	-0.024000	-0.037000	0.798000
1767	-0.042000	-0.033000	0.790000
1768	-0.043000	-0.021000	0.802000
1769	-0.034000	-0.017000	0.795000
1770	-0.044000	-0.024000	0.793000
1771	-0.037000	-0.026000	0.797000
1772	-0.038000	-0.030000	0.796000
1773	-0.039000	-0.028000	0.795000
1774	-0.039000	-0.024000	0.795000
1775	-0.040000	-0.021000	0.795000
1776	-0.041000	-0.018000	0.797000
1777	-0.045000	-0.021000	0.798000
1778	-0.040000	-0.021000	0.798000
1779	-0.040000	-0.021000	0.797000
1780	-0.046000	-0.021000	0.797000
1781	-0.040000	-0.018000	0.798000
1782	-0.044000	-0.020000	0.797000
1783	-0.042000	-0.018000	0.797000
1784	-0.042000	-0.017000	0.797000
1785	-0.041000	-0.014000	0.796000
1786	-0.042000	-0.014000	0.797000
1787	-0.046000	-0.016000	0.800000
1788	-0.045000	-0.015000	0.799000
1789	-0.038000	-0.013000	0.798000
1790	-0.043000	-0.017000	0.801000
1791	-0.039000	-0.015000	0.797000
1792	-0.042000	-0.012000	0.796000
1793	-0.038000	-0.013000	0.796000
1794	-0.040000	-0.015000	0.796000
1795	-0.044000	-0.012000	0.796000
1796	-0.038000	-0.012000	0.796000
1797	-0.039000	-0.015000	0.797000
1798	-0.043000	-0.014000	0.797000
1799	-0.038000	-0.015000	0.797000
1800	-0.042000	-0.015000	0.794000
1801	-0.037000	-0.013000	0.797000
1802	-0.040000	-0.013000	0.796000
1803	-0.043000	-0.016000	0.799000
1804	-0.040000	-0.014000	0.797000
1805	-0.041000	-0.014000	0.796000
1806	-0.043000	-0.015000	0.797000
1807	-0.039000	-0.018000	0.795000
1808	-0.044000	-0.015000	0.797000
1809	-0.040000	-0.013000	0.796000
1810	-0.041000	-0.015000	0.797000
1811	-0.042000	-0.018000	0.798000
1812	-0.038000	-0.016000	0.796000
1813	-0.044000	-0.017000	0.796000
1814	-0.040000	-0.018000	0.795000
1815	-0.042000	-0.015000	0.797000
1816	-0.044000	-0.019000	0.799000
1817	-0.039000	-0.018000	0.795000
1818	-0.044000	-0.019000	0.795000
1819	-0.044000	-0.018000	0.798000
1820	-0.042000	-0.018000	0.797000
1821	-0.040000	-0.019000	0.794000
1822	-0.042000	-0.018000	0.798000
1823	-0.047000	-0.017000	0.800000
1824	-0.044000	-0.018000	0.799000
1825	-0.037000	-0.019000	0.796000
1826	-0.042000	-0.019000	0.797000
1827	-0.040000	-0.018000	0.798000
1828	-0.047000	-0.018000	0.800000
1829	-0.040000	-0.018000	0.796000
1830	-0.040000	-0.017000	0.794000
1831	-0.046000	-0.020000	0.799000
1832	-0.044000	-0.021000	0.797000
1833	-0.042000	-0.018000	0.797000
1834	-0.041000	-0.017000	0.796000
1835	-0.038000	-0.020000	0.793000
1836	-0.048000	-0.021000	0.800000
1837	-0.042000	-0.018000	0.799000
1838	-0.043000	-0.018000	0.799000
1839	-0.039000	-0.019000	0.796000
1840	-0.041000	-0.018000	0.798000
1841	-0.044000	-0.018000	0.797000
1842	-0.040000	-0.020000	0.798000
1843	-0.041000	-0.021000	0.792000
1844	-0.045000	-0.020000	0.798000
1845	-0.039000	-0.020000	0.798000
1846	-0.047000	-0.021000	0.801000
1847	-0.045000	-0.018000	0.795000
1848	-0.040000	-0.021000	0.795000
1849	-0.045000	-0.018000	0.797000
1850	-0.044000	-0.019000	0.798000
1851	-0.038000	-0.018000	0.794000
1852	-0.044000	-0.021000	0.797000
1853	-0.040000	-0.019000	0.796000
1854	-0.039000	-0.019000	0.795000
1855	-0.043000	-0.021000	0.795000
1856	-0.044000	-0.021000	0.795000
1857	-0.044000	-0.020000	0.798000
1858	-0.045000	-0.019000	0.796000
1859	-0.041000	-0.020000	0.797000
1860	-0.045000	-0.022000	0.797000
1861	-0.039000	-0.019000	0.796000
1862	-0.044000	-0.018000	0.797000
1863	-0.045000	-0.023000	0.797000
1864	-0.042000	-0.019000	0.795000
1865	-0.043000	-0.020000	0.797000
1866	-0.044000	-0.020000	0.797000
1867	-0.044000	-0.020000	0.798000
1868	-0.042000	-0.022000	0.796000
1869	-0.041000	-0.021000	0.797000
1870	-0.044000	-0.019000	0.796000
1871	-0.044000	-0.018000	0.798000
1872	-0.043000	-0.020000	0.797000
1873	-0.046000	-0.019000	0.799000
1874	-0.041000	-0.019000	0.795000
1875	-0.041000	-0.021000	0.797000
1876	-0.043000	-0.021000	0.797000
1877	-0.041000	-0.021000	0.797000
1878	-0.044000	-0.018000	0.795000
1879	-0.044000	-0.021000	0.799000
1880	-0.042000	-0.019000	0.796000
1881	-0.043000	-0.021000	0.797000
1882	-0.046000	-0.019000	0.798000
1883	-0.041000	-0.018000	0.795000
1884	-0.043000	-0.017000	0.797000
1885	-0.042000	-0.021000	0.799000
1886	-0.040000	-0.022000	0.797000
1887	-0.043000	-0.019000	0.797000
1888	-0.044000	-0.019000	0.796000
1889	-0.040000	-0.019000	0.797000
1890	-0.046000	-0.021000	0.796000
1891	-0.042000	-0.021000	0.797000
1892	-0.044000	-0.019000	0.796000
1893	-0.045000	-0.021000	0.797000
1894	-0.042000	-0.021000	0.797000
1895	-0.043000	-0.021000	0.796000
1896	-0.042000	-0.019000	0.799000
1897	-0.043000	-0.019000	0.797000
1898	-0.043000	-0.021000	0.795000
1899	-0.044000	-0.018000	0.796000
1900	-0.045000	-0.017000	0.795000
1901	-0.041000	-0.019000	0.794000
1902	-0.043000	-0.019000	0.797000
1903	-0.041000	-0.017000	0.797000
1904	-0.041000	-0.017000	0.797000
1905	-0.046000	-0.017000	0.796000
1906	-0.045000	-0.019000	0.800000
1907	-0.046000	-0.018000	0.796000
1908	-0.044000	-0.018000	0.797000
1909	-0.044000	-0.017000	0.797000
1910	-0.041000	-0.018000	0.797000
1911	-0.041000	-0.016000	0.795000
1912	-0.040000	-0.018000	0.797000
1913	-0.044000	-0.014000	0.797000
1914	-0.043000	-0.018000	0.796000
1915	-0.042000	-0.017000	0.796000
1916	-0.044000	-0.015000	0.798000
1917	-0.041000	-0.016000	0.796000
1918	-0.041000	-0.019000	0.797000
1919	-0.044000	-0.018000	0.798000
1920	-0.046000	-0.016000	0.797000
1921	-0.046000	-0.016000	0.794000
1922	-0.045000	-0.017000	0.799000
1923	-0.046000	-0.018000	0.797000
1924	-0.046000	-0.015000	0.799000
1925	-0.044000	-0.016000	0.795000
1926	-0.044000	-0.018000	0.794000
1927	-0.047000	-0.017000	0.797000
1928	-0.045000	-0.016000	0.799000
1929	-0.047000	-0.017000	0.796000
1930	-0.045000	-0.015000	0.794000
1931	-0.044000	-0.016000	0.798000
1932	-0.046000	-0.018000	0.797000
1933	-0.045000	-0.016000	0.798000
1934	-0.046000	-0.015000	0.799000
1935	-0.049000	-0.015000	0.798000
1936	-0.044000	-0.018000	0.796000
1937	-0.045000	-0.016000	0.799000
1938	-0.047000	-0.016000	0.796000
1939	-0.044000	-0.017000	0.800000
1940	-0.045000	-0.015000	0.797000
1941	-0.047000	-0.015000	0.796000
1942	-0.044000	-0.015000	0.798000
1943	-0.046000	-0.019000	0.799000
1944	-0.047000	-0.019000	0.800000
1945	-0.044000	-0.015000	0.799000
1946	-0.045000	-0.014000	0.796000
1947	-0.048000	-0.018000	0.796000
1948	-0.044000	-0.018000	0.799000
1949	-0.045000	-0.017000	0.798000
1950	-0.045000	-0.016000	0.801000
1951	-0.043000	-0.013000	0.797000
1952	-0.045000	-0.013000	0.795000
1953	-0.047000	-0.016000	0.799000
1954	-0.043000	-0.015000	0.797000
1955	-0.042000	-0.014000	0.798000
1956	-0.044000	-0.017000	0.798000
1957	-0.044000	-0.017000	0.798000
1958	-0.045000	-0.014000	0.797000
1959	-0.048000	-0.013000	0.797000
1960	-0.043000	-0.016000	0.798000
1961	-0.044000	-0.015000	0.796000
1962	-0.046000	-0.015000	0.800000
1963	-0.042000	-0.015000	0.797000
1964	-0.045000	-0.016000	0.796000
1965	-0.043000	-0.015000	0.796000
1966	-0.044000	-0.015000	0.798000
1967	-0.047000	-0.016000	0.799000
1968	-0.042000	-0.014000	0.797000
1969	-0.049000	-0.016000	0.800000
1970	-0.051000	-0.015000	0.801000
1971	-0.046000	-0.015000	0.799000
1972	-0.037000	-0.018000	0.795000
1973	-0.046000	-0.018000	0.795000
1974	-0.043000	-0.017000	0.797000
1975	-0.040000	-0.015000	0.797000
1976	-0.046000	-0.017000	0.799000
1977	-0.044000	-0.016000	0.797000
1978	-0.038000	-0.015000	0.796000
1979	-0.043000	-0.016000	0.799000
1980	-0.041000	-0.018000	0.795000
1981	-0.044000	-0.017000	0.799000
1982	-0.044000	-0.015000	0.797000
1983	-0.046000	-0.019000	0.800000
1984	-0.043000	-0.017000	0.796000
1985	-0.044000	-0.014000	0.797000
1986	-0.045000	-0.015000	0.797000
1987	-0.045000	-0.015000	0.800000
1988	-0.045000	-0.018000	0.797000
1989	-0.043000	-0.015000	0.797000
1990	-0.045000	-0.015000	0.797000
1991	-0.046000	-0.016000	0.796000
1992	-0.044000	-0.015000	0.796000
1993	-0.046000	-0.015000	0.797000
1994	-0.044000	-0.018000	0.798000
1995	-0.042000	-0.018000	0.799000
1996	-0.045000	-0.018000	0.797000
1997	-0.044000	-0.015000	0.798000
1998	-0.044000	-0.017000	0.796000
1999	-0.044000	-0.015000	0.796000
2000	-0.046000	-0.017000	0.798000
2001	-0.045000	-0.015000	0.794000
2002	-0.046000	-0.019000	0.796000
2003	-0.044000	-0.020000	0.798000
2004	-0.045000	-0.015000	0.797000
2005	-0.046000	-0.020000	0.796000
2006	-0.042000	-0.014000	0.795000
2007	-0.046000	-0.015000	0.796000
2008	-0.047000	-0.018000	0.799000
2009	-0.042000	-0.017000	0.796000
2010	-0.044000	-0.017000	0.797000
2011	-0.048000	-0.020000	0.797000
2012	-0.042000	-0.017000	0.798000
2013	-0.045000	-0.016000	0.797000
2014	-0.047000	-0.020000	0.796000
2015	-0.041000	-0.015000	0.797000
2016	-0.045000	-0.017000	0.799000
2017	-0.046000	-0.015000	0.796000
2018	-0.043000	-0.017000	0.798000
2019	-0.046000	-0.015000	0.797000
2020	-0.046000	-0.017000	0.798000
2021	-0.044000	-0.016000	0.797000
2022	-0.046000	-0.018000	0.797000
2023	-0.042000	-0.017000	0.795000
2024	-0.046000	-0.018000	0.798000
2025	-0.046000	-0.018000	0.795000
2026	-0.044000	-0.015000	0.797000
2027	-0.042000	-0.017000	0.799000
2028	-0.045000	-0.017000	0.799000
2029	-0.042000	-0.015000	0.792000
2030	-0.044000	-0.016000	0.794000
2031	-0.044000	-0.018000	0.797000
2032	-0.045000	-0.017000	0.802000
2033	-0.044000	-0.020000	0.798000
2034	-0.048000	-0.017000	0.797000
2035	-0.045000	-0.014000	0.797000
2036	-0.044000	-0.018000	0.797000
2037	-0.045000	-0.018000	0.794000
2038	-0.045000	-0.018000	0.798000
2039	-0.047000	-0.017000	0.797000
2040	-0.045000	-0.019000	0.798000
2041	-0.046000	-0.017000	0.797000
2042	-0.046000	-0.016000	0.797000
2043	-0.043000	-0.016000	0.798000
2044	-0.046000	-0.019000	0.798000
2045	-0.045000	-0.018000	0.797000
2046	-0.044000	-0.018000	0.796000
2047	-0.047000	-0.020000	0.798000
2048	-0.046000	-0.018000	0.795000
2049	-0.044000	-0.018000	0.796000
2050	-0.046000	-0.017000	0.797000
2051	-0.049000	-0.017000	0.799000
2052	-0.043000	-0.017000	0.800000
2053	-0.051000	-0.018000	0.799000
2054	-0.047000	-0.016000	0.798000
2055	-0.044000	-0.018000	0.800000
2056	-0.047000	-0.018000	0.796000
2057	-0.044000	-0.017000	0.798000
2058	-0.045000	-0.015000	0.797000
2059	-0.048000	-0.019000	0.801000
2060	-0.046000	-0.015000	0.799000
2061	-0.045000	-0.017000	0.797000
2062	-0.049000	-0.018000	0.797000
2063	-0.045000	-0.016000	0.800000
2064	-0.046000	-0.017000	0.797000
2065	-0.046000	-0.014000	0.797000
2066	-0.044000	-0.015000	0.797000
2067	-0.046000	-0.018000	0.799000
2068	-0.049000	-0.015000	0.796000
2069	-0.048000	-0.018000	0.797000
2070	-0.045000	-0.017000	0.797000
2071	-0.048000	-0.018000	0.795000
2072	-0.044000	-0.019000	0.799000
2073	-0.046000	-0.018000	0.797000
2074	-0.045000	-0.018000	0.797000
2075	-0.043000	-0.018000	0.796000
2076	-0.048000	-0.018000	0.797000
2077	-0.049000	-0.018000	0.797000
2078	-0.044000	-0.017000	0.800000
2079	-0.046000	-0.017000	0.797000
2080	-0.044000	-0.021000	0.798000
2081	-0.045000	-0.018000	0.800000
2082	-0.048000	-0.017000	0.797000
2083	-0.044000	-0.015000	0.799000
2084	-0.044000	-0.018000	0.797000
2085	-0.046000	-0.017000	0.797000
2086	-0.044000	-0.019000	0.797000
2087	-0.044000	-0.015000	0.799000
2088	-0.047000	-0.018000	0.798000
2089	-0.043000	-0.018000	0.800000
2090	-0.044000	-0.017000	0.798000
2091	-0.048000	-0.018000	0.800000
2092	-0.044000	-0.018000	0.797000
2093	-0.046000	-0.018000	0.799000
2094	-0.046000	-0.018000	0.798000
2095	-0.042000	-0.017000	0.796000
2096	-0.051000	-0.018000	0.799000
2097	-0.048000	-0.021000	0.802000
2098	-0.046000	-0.018000	0.801000
2099	-0.047000	-0.018000	0.796000
2100	-0.044000	-0.019000	0.798000
2101	-0.042000	-0.017000	0.796000
2102	-0.042000	-0.019000	0.797000
2103	-0.046000	-0.019000	0.798000
2104	-0.043000	-0.017000	0.795000
2105	-0.046000	-0.021000	0.797000
2106	-0.044000	-0.019000	0.798000
2107	-0.044000	-0.017000	0.795000
2108	-0.045000	-0.019000	0.798000
2109	-0.044000	-0.018000	0.797000
2110	-0.044000	-0.018000	0.799000
2111	-0.045000	-0.019000	0.795000
2112	-0.046000	-0.018000	0.798000
2113	-0.044000	-0.016000	0.798000
2114	-0.045000	-0.018000	0.796000
2115	-0.043000	-0.018000	0.799000
2116	-0.044000	-0.019000	0.795000
2117	-0.045000	-0.019000	0.796000
2118	-0.046000	-0.017000	0.799000
2119	-0.043000	-0.018000	0.796000
2120	-0.044000	-0.016000	0.797000
2121	-0.046000	-0.017000	0.797000
2122	-0.041000	-0.019000	0.795000
2123	-0.044000	-0.017000	0.796000
2124	-0.043000	-0.019000	0.798000
2125	-0.044000	-0.019000	0.796000
2126	-0.044000	-0.017000	0.796000
2127	-0.041000	-0.019000	0.796000
2128	-0.044000	-0.019000	0.799000
2129	-0.041000	-0.015000	0.794000
2130	-0.044000	-0.019000	0.797000
2131	-0.042000	-0.015000	0.796000
2132	-0.046000	-0.019000	0.797000
2133	-0.042000	-0.017000	0.797000
2134	-0.044000	-0.017000	0.799000
2135	-0.044000	-0.019000	0.795000
2136	-0.043000	-0.021000	0.796000
2137	-0.043000	-0.018000	0.797000
2138	-0.044000	-0.021000	0.797000
2139	-0.044000	-0.021000	0.795000
2140	-0.043000	-0.015000	0.797000
2141	-0.042000	-0.018000	0.795000
2142	-0.045000	-0.019000	0.797000
2143	-0.042000	-0.019000	0.793000
2144	-0.045000	-0.021000	0.798000
2145	-0.043000	-0.019000	0.798000
2146	-0.043000	-0.020000	0.797000
2147	-0.045000	-0.018000	0.799000
2148	-0.043000	-0.019000	0.795000
2149	-0.043000	-0.018000	0.797000
2150	-0.044000	-0.019000	0.798000
2151	-0.044000	-0.022000	0.796000
2152	-0.046000	-0.020000	0.799000
2153	-0.046000	-0.023000	0.797000
2154	-0.043000	-0.019000	0.797000
2155	-0.044000	-0.020000	0.798000
2156	-0.044000	-0.021000	0.796000
2157	-0.041000	-0.018000	0.795000
2158	-0.044000	-0.021000	0.795000
2159	-0.046000	-0.021000	0.800000
2160	-0.041000	-0.021000	0.797000
2161	-0.044000	-0.020000	0.798000
2162	-0.053000	-0.022000	0.800000
2163	-0.042000	-0.017000	0.799000
2164	-0.043000	-0.019000	0.796000
2165	-0.047000	-0.021000	0.799000
2166	-0.045000	-0.021000	0.801000
2167	-0.047000	-0.019000	0.800000
2168	-0.048000	-0.023000	0.799000
2169	-0.044000	-0.018000	0.797000
2170	-0.046000	-0.021000	0.798000
2171	-0.044000	-0.021000	0.797000
2172	-0.047000	-0.021000	0.797000
2173	-0.045000	-0.022000	0.795000
2174	-0.046000	-0.022000	0.799000
2175	-0.045000	-0.022000	0.798000
2176	-0.045000	-0.018000	0.797000
2177	-0.042000	-0.024000	0.796000
2178	-0.045000	-0.021000	0.796000
2179	-0.044000	-0.022000	0.796000
2180	-0.043000	-0.022000	0.795000
2181	-0.049000	-0.019000	0.797000
2182	-0.045000	-0.019000	0.797000
2183	-0.047000	-0.019000	0.795000
2184	-0.044000	-0.022000	0.799000
2185	-0.045000	-0.019000	0.797000
2186	-0.049000	-0.022000	0.795000
2187	-0.042000	-0.021000	0.797000
2188	-0.050000	-0.020000	0.799000
2189	-0.048000	-0.020000	0.798000
2190	-0.041000	-0.019000	0.795000
2191	-0.046000	-0.022000	0.796000
2192	-0.049000	-0.021000	0.797000
2193	-0.045000	-0.019000	0.797000
2194	-0.048000	-0.022000	0.797000
2195	-0.044000	-0.019000	0.796000
2196	-0.047000	-0.019000	0.800000
2197	-0.049000	-0.023000	0.796000
2198	-0.047000	-0.021000	0.796000
2199	-0.046000	-0.020000	0.798000
2200	-0.047000	-0.021000	0.796000
2201	-0.048000	-0.019000	0.796000
2202	-0.046000	-0.018000	0.801000
2203	-0.046000	-0.019000	0.799000
2204	-0.048000	-0.018000	0.801000
2205	-0.045000	-0.017000	0.799000
2206	-0.049000	-0.018000	0.799000
2207	-0.045000	-0.019000	0.799000
2208	-0.045000	-0.022000	0.800000
2209	-0.050000	-0.020000	0.800000
2210	-0.042000	-0.021000	0.798000
2211	-0.045000	-0.018000	0.800000
2212	-0.048000	-0.021000	0.799000
2213	-0.047000	-0.019000	0.799000
2214	-0.043000	-0.017000	0.799000
2215	-0.048000	-0.021000	0.799000
2216	-0.044000	-0.020000	0.798000
2217	-0.044000	-0.017000	0.797000
2218	-0.049000	-0.022000	0.797000
2219	-0.044000	-0.018000	0.797000
2220	-0.046000	-0.022000	0.797000
2221	-0.045000	-0.018000	0.798000
2222	-0.046000	-0.022000	0.799000
2223	-0.047000	-0.020000	0.794000
2224	-0.045000	-0.021000	0.797000
2225	-0.044000	-0.020000	0.798000
2226	-0.047000	-0.021000	0.799000
2227	-0.043000	-0.019000	0.796000
2228	-0.047000	-0.021000	0.799000
2229	-0.047000	-0.019000	0.798000
2230	-0.045000	-0.019000	0.797000
2231	-0.046000	-0.021000	0.800000
2232	-0.046000	-0.018000	0.797000
2233	-0.046000	-0.019000	0.798000
2234	-0.044000	-0.018000	0.799000
2235	-0.047000	-0.018000	0.798000
2236	-0.044000	-0.018000	0.799000
2237	-0.046000	-0.018000	0.797000
2238	-0.046000	-0.018000	0.798000
2239	-0.044000	-0.019000	0.797000
2240	-0.045000	-0.018000	0.797000
2241	-0.048000	-0.019000	0.797000
2242	-0.046000	-0.018000	0.799000
2243	-0.047000	-0.019000	0.801000
2244	-0.046000	-0.018000	0.797000
2245	-0.044000	-0.018000	0.798000
2246	-0.046000	-0.017000	0.795000
2247	-0.045000	-0.019000	0.794000
2248	-0.045000	-0.018000	0.800000
2249	-0.044000	-0.019000	0.797000
2250	-0.047000	-0.017000	0.797000
2251	-0.045000	-0.019000	0.796000
2252	-0.046000	-0.018000	0.797000
2253	-0.047000	-0.018000	0.800000
2254	-0.042000	-0.018000	0.795000
2255	-0.045000	-0.018000	0.796000
2256	-0.047000	-0.018000	0.798000
2257	-0.043000	-0.018000	0.798000
2258	-0.044000	-0.017000	0.796000
2259	-0.049000	-0.019000	0.797000
2260	-0.044000	-0.017000	0.799000
2261	-0.048000	-0.020000	0.798000
2262	-0.045000	-0.017000	0.797000
2263	-0.043000	-0.018000	0.799000
2264	-0.048000	-0.017000	0.799000
2265	-0.047000	-0.019000	0.797000
2266	-0.044000	-0.019000	0.799000
2267	-0.049000	-0.016000	0.800000
